# time x y z qx qy qz qw
0 4.009022915142204 3.178838459717941 -8.996194714202867 0.0 0.0 -0.7071067811865475 0.7071067811865476
1 4.039828786653234 2.232795768514544 -8.940962662651124 -0.08062433623300393 0.0718576376060546 -0.581844535096911 0.8060974713411052
2 3.9819250521203564 2.24947282869175 -8.889930158096844 0.6363530757070363 -0.48002248614413934 0.4475671790478093 -0.40536008199301116
3 4.135957680553874 1.3381535293276294 -8.636185184915856 0.5558205943016451 -0.5360446285729424 0.42739491461676915 -0.470162961203865
4 4.215901662451226 0.3527377998587802 -8.673914512787693 -0.5186731144687783 0.4405309163136841 -0.519073612515025 0.517178206124045
5 4.330477930073858 -0.5741397414851269 -8.629974983787235 -0.6133305427302954 0.34927359495378846 -0.47756932186691947 0.5232218879536568
6 4.642663794274401 -1.5275998922162959 -8.401617876047732 0.4679386041341851 -0.398056430900344 0.6347458203794671 -0.4687027673170144
7 4.635287517791316 -1.4343836723750074 -8.386030803419713 -0.0687140389131914 0.7136101181545644 -0.6950851051275057 0.05381149276455368
8 4.741622449076223 -1.457127494405058 -8.407996476576448 0.32943369380740295 0.5041702528916138 -0.5862451402079153 0.541850932513933
9 4.53548548886172 -1.7992991040125705 -9.314544881521432 0.35893111792427024 0.5495440586597677 -0.5302920457976998 0.5366191632257219
10 4.377955657816622 -2.1322522682527634 -10.353328214785547 0.40747256726317427 0.6029892625929945 -0.4249110701204688 0.5383499220902641
11 4.278393542166378 -2.201019420845298 -10.348253160292892 -0.6800758017871437 0.019683595422412502 0.7242889454909972 -0.11187038631541367
12 4.207210718479428 -2.3681897129420646 -11.282172022451721 -0.6581503143796557 -0.044947594949318076 0.7485926450394869 0.06653517252564614
13 4.1645954845486175 -2.4250885793759394 -11.318738171709228 0.9870519606950895 0.024858854732574417 -0.12643285644828328 -0.0955258972200329
14 5.140092279311182 -2.386572208502118 -11.694900015508425 0.9934692590175234 0.02273280314737596 0.021707125387304488 -0.10968523946117638
15 6.164036945650847 -2.3607029132776605 -11.63934249387666 0.9973554950226983 0.056411741088438855 -0.01122918004896314 0.044425640466147436
16 6.218248991645263 -2.2838572529050922 -11.736426564430493 0.6858736467911133 0.721836601150479 0.08246132284900944 0.041585960503217244
17 6.186032844988707 -1.33876531338985 -11.692067203151778 0.815523600639924 0.5641825907692589 0.12533905700328937 -0.03015595897508629
18 6.2188414870649 -1.3344344258296608 -11.603593106125022 0.17467195305793182 0.9725319739316634 0.14796966946397216 0.042145526621851406
19 5.265060589284394 -0.9153442379693226 -11.713425979525843 0.1910613423805494 0.9456167762213664 0.26172100850092256 0.028400522630979856
20 5.330143483791129 -0.9456566001143549 -11.716037056268028 0.11604227179542952 0.4065566975432116 0.8859342044447523 0.19069983805487853
21 4.369021073941732 -0.5241626855676524 -11.693941618509157 -0.02961009843935231 0.491918160425349 0.8650527749583603 0.09393328510700051
22 3.3733090104105194 -0.3946507849056867 -11.83246450013003 -0.05018154498649377 0.5293820043191707 0.8468004123908275 0.012867308207648913
23 2.3512167865084463 -0.3781816634779103 -12.009788624233027 -0.07575782303095194 0.40443035051546056 0.8987494164670443 -0.15148046155098716
24 1.3185328134350733 -0.7674925417798202 -11.930545461276921 -0.10441787787766388 0.4806958810494693 0.8364397520832146 -0.2416545423876204
25 1.2143485043371227 -0.7668018670178336 -11.945302196411543 -0.3015981281930702 -0.39017627125806253 -0.3932500989202436 0.7759867306319161
26 1.619783627207758 -1.2052897758669918 -11.134686265828798 -0.20842823674948407 -0.4353969040424049 -0.507226432275936 0.713938759612066
27 1.5866112138763568 -1.7698300914364211 -10.451500031641727 -0.18875768329903106 -0.526990720518055 -0.4221221153621543 0.7130667831315832
28 1.665607702013671 -2.132209820132786 -9.52372440639526 -0.13536708377871348 -0.5916366451921999 -0.348747756314095 0.7141546297272394
29 1.5595726225344957 -2.4763342429085795 -8.643695797599378 -0.12049010361429416 -0.6824979433122312 -0.24683335550900018 0.6773123259721165
30 1.548733412452604 -2.683070491311649 -7.748418192131652 -0.2088977835992072 -0.5835547138676559 -0.17163910236222718 0.7657451472066057
31 1.8935422739517678 -2.691665661137975 -6.704043260113014 -0.1482136676326471 -0.5814906865722992 -0.20623885260671346 0.7728950936783218
32 2.117158798995221 -2.8179292622023846 -5.6570801355273765 -0.1745099501156161 -0.582793050667606 -0.2836033141458284 0.7412608836365866
33 2.2716316659750375 -3.100888300449081 -4.70608732033428 -0.142510754500898 -0.6791818926499897 -0.24677843035220973 0.6763897159632623
34 2.2795675607792787 -3.2064507506217392 -4.734614142370025 0.669524854785419 0.196666937005663 0.6406695542710099 -0.3203140754689984
35 2.34445564737906 -3.44548910479244 -3.649237273233923 0.6524966762929979 0.29139073579691943 0.6518210457531313 -0.2539071697128987
36 2.325329143110341 -3.3819982864350844 -3.556651873980152 -0.7001591126495886 0.1462509757598951 -0.41466479699607023 0.562530865993348
37 2.982802304170858 -4.065565230119889 -3.1209964970179698 0.6194651814857332 0.10055660192501858 0.611471955060906 -0.4819266613398082
38 3.0620961519859358 -4.02272836025544 -3.1487730904787408 -0.010580543690838037 -0.1935286177386593 0.9252397139252955 -0.3261383111301211
39 3.0662996181771756 -3.999830760318825 -3.1144506527112146 -0.22008349939394867 0.8275903497540519 -0.512931599078196 0.059654345655322676
40 3.0673024035041645 -4.0205624610271435 -3.0546939128003476 0.8327267753948311 -0.3386582891132274 0.3753907060898598 0.22573989132801692
41 3.6063271823047782 -4.461000707787848 -2.1822031170494585 0.7727978426322989 -0.3312305474039104 0.4585467688148401 0.28775802282271856
42 4.018332715881328 -4.704258889932606 -1.2860052288581114 0.702599167070058 -0.35131453007716273 0.448794590362131 0.4260468601583756
43 3.9659324410217764 -4.703060715711304 -1.3175811518098859 0.2211772758444032 0.029636758548069794 0.882433537393329 0.41414167536763136
44 3.297636806898894 -3.9105640048306443 -0.9416962558409108 0.33271464388441674 0.031614828311247345 0.8599260535104897 0.38578316561196724
45 3.3359926300882656 -3.897585035433976 -0.9357736050615989 -0.5584684084676204 0.3314025614195385 0.722965317474929 0.23581036609230646
46 3.1478414806503334 -3.9805185185859653 -1.9148889097460127 -0.49005804463146524 0.23293537448480822 0.7855314348154189 0.2975308204580436
47 2.775089082481184 -3.7814335459204864 -2.8477050219218922 -0.4703967591658169 0.17650766920316743 0.7908509536750581 0.3494663084619362
48 2.727840785979603 -3.7304483181183055 -2.8636287442434605 -0.17310337906111964 0.7320714140138481 0.43278714147064745 0.49679166168430505
49 2.1882520329479354 -3.540850942250436 -3.6978373793514336 -0.062124154680299554 0.7048068952337424 0.5455900336023617 0.44913176804809113
50 1.5509211516461332 -3.2164319391378218 -4.425640478449897 -0.13745115439695438 0.6967756327910969 0.6176706962886888 0.3377777503770158
51 0.7548054888349978 -2.9592765492241515 -4.991238043292546 -0.16146223058571665 0.6697752407726177 0.6053732609402848 0.39856528935770674
52 0.15465076487070795 -2.6359967453894098 -5.721561175029755 -0.13424092930633053 0.6228084812087471 0.6669909860637793 0.3862796825398586
53 0.16316463940245363 -2.5786315271460265 -5.776254231660663 0.3100931847215023 0.5405732437549078 0.7180492959696154 -0.30988383869300606
54 0.23436908653796254 -2.6409560345902428 -5.757637117509628 0.6754905054372258 0.6517487555631307 0.2845650438184239 0.19483036858428968
55 0.2704689937482596 -1.5836071642788574 -5.653711837103122 0.7231438051142712 0.6019831318467643 0.229480419598485 0.24903430108665245
56 0.2981302965216819 -1.5863674600483104 -5.615968867212376 0.42720748993200475 0.2487938435743677 0.4187665980631209 0.7617282456966722
57 0.817904154952173 -0.7242575484587076 -5.646327839184147 0.4080142782521072 0.24569642459713797 0.35875061880299614 0.8027799257524209
58 0.8486699272948753 -0.7783367125675933 -5.722766603716015 0.106507563495285 0.45892076426504413 -0.3327499756461187 0.8168998254083502
59 0.8308201413903827 -0.7696901266820008 -5.7540028238136145 0.3053780118134994 -0.3055760590007061 0.8520104519564846 -0.29571224496685666
60 0.14579473926626652 -1.4134877118064297 -5.375852810309303 0.343347668671399 -0.3217674046759693 0.7658368065961597 -0.43826031233571977
61 0.08432569166878885 -1.397917397139505 -5.3832404384178725 -0.29143759080144666 -0.628792443290591 0.7049485615137534 -0.15077042000401492
62 0.01135402473485865 -1.4563323316196295 -5.346187401922194 0.691270049614137 0.6180869664761709 -0.185925953497816 -0.32487806973491057
63 0.1670076716864693 -0.4822788638302816 -5.186814054233672 0.670461045347979 0.6474017983253956 -0.14183527604593937 -0.3335200933450807
64 0.19336799376725336 -0.4975895195648297 -5.095719829853419 0.4364463384178245 0.6233019183311584 -0.5939118947551248 0.2613005425841086
65 -0.2292785586544834 -0.2715697093420223 -5.959905451870109 -0.4975753095508161 -0.4792928647438774 0.7181040132309695 -0.083808038472404
66 -0.717888860971065 0.015055456728645777 -6.75907783006317 -0.3590124459871628 -0.5256569182992542 0.7465169271270082 -0.19366813207984018
67 -0.8052417311783453 -0.026398134535939553 -6.728694983557017 0.738655811051013 0.5813687481375209 -0.306149280632957 -0.15056755778555073
68 -0.6447860512688066 0.9542290613651576 -6.890917852055476 0.7340991625756893 0.5691888972097524 -0.3352608079633777 -0.15723425022100343
69 -0.5133139983969875 1.9237156267367908 -7.131861572354437 0.6824374303228641 0.6099112067331883 -0.3103575210849168 -0.25683785293764205
70 -0.5259259158971956 1.9305236934635193 -7.1713942681160985 0.5757864428019738 0.7067202326791127 0.2988063558568492 0.2823672196041538
71 -0.5024531098253708 1.9069658627810835 -7.076900554171577 0.4257983276877043 0.7108745888445743 0.5089144056927956 -0.23315066105795276
72 -0.9176766407279267 2.2958028676298796 -6.258269029683563 0.31785835082513364 0.7598105141475795 0.5562024518706389 -0.1108732787221821
73 -1.7665737589871606 2.631393710868308 -5.785886744934105 0.39117577663914394 0.7890481009875053 0.45762272744190174 -0.12233578964231609
74 -1.735869251431259 2.591930223718261 -5.841865310817873 0.37886647773274656 0.07953299702613058 0.9002725268498074 0.19910819127772345
75 -2.4021395431098584 3.046996139256947 -5.258754062338576 0.34872257377932203 0.13492493078396636 0.8985853819089745 0.2296347992120743
76 -2.3949474600498095 3.024437646858721 -5.277170108499241 0.926716112402985 -0.08061228646673406 0.2559261029640253 0.2630603278811736
77 -1.5385616299461997 2.9500136936905945 -4.67960764364505 0.883966455354708 -0.18870943896355727 0.21476041571202886 0.3699594806149575
78 -0.749216041045868 2.739129449071583 -4.200103357619428 0.8959685636233107 -0.24624707247869176 0.04832105807163877 0.3664256918411874
79 0.07784491306094499 2.3491421251593834 -3.9624373034309457 0.8389632695672705 -0.4251249704015578 0.07313273206734176 0.331754420254556
80 0.6705860951886503 1.6971332604136196 -3.560154677660244 0.8320292704846064 -0.41823685086416085 0.0456432192017501 0.36155487298193695
81 1.3005308110215605 1.0639222533779238 -3.1695660699749886 0.7926831967805777 -0.4202523490643345 -0.058168477386241445 0.43778732380711854
82 1.9186948499135141 0.37649366682226026 -2.8817476602459235 0.7542651304378089 -0.3482401697890095 0.05904874137941092 0.5534673823202806
83 2.0153018526916906 0.32691993003787667 -2.898269168835783 -0.27834594487783604 0.7064771434782554 -0.4612422453228829 -0.4589871151158549
84 1.9491105688665873 0.3964304247294972 -2.8855711340127335 0.033145741943785945 0.8828348742016668 -0.004170113272775359 -0.46849392188118666
85 1.3548690915116866 0.4954798363933517 -2.0099435767604192 0.04707743081088769 0.8756854991307818 -0.020384128761453322 -0.48014904916594014
86 0.8467032109535081 0.5319357190734617 -1.1208266070555348 -0.05713826099937719 0.8936806016203741 -0.00492276196858053 -0.4450235587382024
87 0.22993205868939137 0.38093242486013545 -0.38536354087364333 -0.06860275219111843 0.8904211565982886 -0.13069681513875833 -0.4305370701653407
88 -0.4324184739435606 0.4374649849669819 0.46919069514528255 0.10426582892815556 -0.8474905646165339 0.0847048729932094 0.5135303927666586
89 -0.8901155663221394 0.39584122518079834 1.2919642100869289 0.06476712178246545 0.8852645878484151 0.05885567245448969 -0.4567798586381859
90 -1.4803994698872354 0.4544979237022809 2.100592971438819 -0.08614036355117387 -0.7860795132377942 -0.10456286007352499 0.6030965469378431
91 -1.6956488254315074 0.4361706146361277 3.1545927761447006 -0.020587310673355428 -0.7691596033205549 0.02188660381319739 0.638349938382178
92 -1.6464366709626372 0.4420636834594394 3.188647384259244 -0.5494256345160868 0.600184003127437 0.3736181279290957 -0.445331482167249
93 -1.5673562294113108 -0.637238400090882 3.2868865899421293 -0.38715677251375624 0.6946989072992554 0.3448429573761923 -0.49858439249739295
94 -1.580248097330922 -0.5886834310928514 3.3311264064740063 0.5472983140968105 -0.026021318743336446 -0.10855432261345145 0.8294597069174496
95 -1.5849067453479881 -0.6505116873485101 3.3424282443404647 0.46782358134960544 -0.3835022743420087 0.5783269403646094 0.5473619025436866
96 -1.558827997442349 -0.6300067252268984 3.3070904341814136 0.5265505396760348 0.011239481732390979 0.033341125023229334 0.8494154299278117
97 -0.5307483398469264 -0.5934004246928354 3.317916844467443 0.5406980266118306 0.07242434004763308 0.048982538982526774 0.8366606658984048
98 -0.46918684362358465 -0.5011719008344754 3.345068901389594 0.9331590957135195 0.2641240741517543 -0.014085554020438857 0.2434217999862431
99 0.3839442613321442 -0.0697280326913321 3.3088788768520483 0.9397909507254621 0.2084789754287858 0.056119556021183556 0.2649152339347079
100 1.2744664370217142 0.39038143721769647 3.2390052525691586 0.927165464310984 0.23864043926027578 0.1823984040136217 0.223932500436948
101 1.3330083485367432 0.36758538730082846 3.1496807503145097 0.8175463939545228 -0.012239304415624276 -0.3754221597143408 0.43649317881817795
102 2.068928227023716 0.07061506866055745 2.522151033831552 0.8244092203059135 0.08668043996965501 -0.4179423523057913 0.3716989762568157
103 2.570513136352508 -0.19004597496682685 1.6863229643270192 0.8089096529366667 0.023280219538454522 -0.4864194397318654 0.32942272753266594
104 2.5417167939358905 -0.23067893240579349 1.72561697592173 0.26819419836460195 0.4541357534103181 -0.3789918250214568 0.7603931785628516
105 2.5226232706179643 -0.21279516363096326 1.8201125264825424 -0.40177038543157456 0.4568618346275644 0.18196333171342519 0.7724941212479549
106 2.9754644300262347 -0.2506992908011031 0.9625641061282022 -0.4441034249144413 0.39814803401837046 0.1646894046800463 0.7855747519954429
107 3.572193725690289 -0.33503636340469173 0.22236047702290573 -0.4993750383313424 0.49565531225796033 0.3164497151794185 0.6362467762471566
108 3.8154523748793157 -0.48478707135318616 -0.7044050777843966 -0.5881498600722417 0.29271574162104447 0.4424659597309927 0.6104269908707969
109 4.235931683488721 -0.2749409437902015 -1.581845556738059 -0.5957895809026983 0.2795822915874284 0.37300305929271793 0.6540162347195843
110 4.246110787728868 -0.2710401397620608 -1.4872674877798415 -0.6139651257368139 0.743661355395847 -0.16463947679459415 0.20714356265786316
111 4.116644691152786 -1.1895608891224183 -1.6684951827962626 -0.600395512297762 0.7303271219197945 -0.25026796674212176 0.20859882220142478
112 4.068421141847061 -1.2217914116916366 -1.6927461707628022 -0.46442511434011174 0.7765070750083958 0.3432338625397169 -0.25206465686039103
113 4.068876519798428 -1.2235004192121477 -1.6306536209580578 0.8392393195456346 -0.2843698678243568 -0.4618390125763722 0.038934165775311225
114 4.5813014496274445 -1.6906517633554543 -2.405710998217037 0.892297095720648 -0.2848448984618491 -0.35020603570989295 0.005000934024421095
115 5.139809717257208 -2.1974006773687744 -2.9169302692202326 0.8655320123911795 -0.31257644215880614 -0.39122227801485004 -0.009768956868002426
116 5.6179593269390224 -2.7590117580190756 -3.58347685096456 0.8889965137092714 -0.27859039267859437 -0.3598258637933959 -0.0509699859258777
117 6.205530779135558 -3.273651309598743 -4.252439309291702 0.8352475875977388 -0.28997829594070934 -0.46719610647419857 -0.0013613929738399576
118 6.586179351965344 -3.788765798620581 -5.134936789078417 0.8614927729678952 -0.2955361170458946 -0.4128519852311111 0.006468688912915373
119 7.000184404066095 -4.264440601369708 -5.892814490567325 0.8950938703032632 -0.3300809778379368 -0.297621454161961 -0.03570688221612276
120 7.591344800225413 -4.793775855518429 -6.493921824381815 0.8581338383730424 -0.35074651368188603 -0.3706447279331543 -0.056618762212799
121 7.643124479367109 -4.702986347195249 -6.4285340357169645 0.9245420224746621 -0.2303587230504205 0.22100509327894158 0.20811933148510614
122 7.668138171793841 -4.732040837945577 -6.417609797413623 0.6391195291052739 -0.36626303763206425 -0.09161225741143439 0.6700632873637881
123 8.491118895162511 -5.262548841619477 -6.148139186401506 0.6726686100701447 -0.2985762785837119 -0.11422518027089874 0.667324325261324
124 9.328382226473646 -5.8202418331341 -5.909378770055462 0.6789706103447088 -0.2934370578611537 0.00683742108274462 0.6729389667977772
125 10.162070058224595 -6.252070216447193 -5.617844663764752 0.7254282208106214 -0.3207218100803917 -0.06029323201373993 0.6060166195440762
126 10.945326753751106 -6.824784794119174 -5.279269298108677 0.6511439029168734 -0.22962844036382432 -0.020191341942352007 0.7231007583876714
127 11.804094151012869 -7.225331383620799 -5.040641306634081 0.6764850666993705 -0.28854431899020316 -0.03343682673434379 0.6767511426877422
128 12.632075343432708 -7.75628321898848 -4.756517638244098 0.6895234224716569 -0.25148397679088624 -0.0364652607644078 0.6782208667077392
129 12.566481907872028 -7.834434771423089 -4.912897502787742 0.5937494644421112 0.39649691902031703 -0.40249457765047736 0.5729309571353827
130 12.954207615344858 -7.7726761719335835 -5.825115174363474 0.6128532996219942 0.35237391693084064 -0.3684807606972817 0.6037096858633325
131 12.969864266600457 -7.815482254027342 -5.832540281929611 0.5549584134825396 0.8195715397395335 0.10645307377990686 0.09482295943874962
132 12.971466391999368 -7.785193725519642 -5.76518473656307 0.9447046348983602 0.3175524897410902 0.0673984067032024 -0.04637913145651081
133 13.795625711070548 -7.160208769366004 -5.5896058689504144 0.9334413333141529 0.3182927338890322 0.11869791421364746 -0.11527279807253543
134 13.796796755992837 -7.087488845509916 -5.619422558338039 0.6825264660063559 0.24577931910024042 0.3520950340475899 0.5914213696701554
135 14.490082133812576 -6.268273726686639 -5.448729228654778 0.7142329319715299 0.09768487572334618 0.4204643381239458 0.550943485584734
136 14.47171148117497 -6.168355447483215 -5.426459810288952 0.44450848975675106 0.5631358855400184 -0.11734221126954611 0.6866738544648435
137 14.778290369134805 -5.8433771775678265 -6.280127731795696 0.40444275168198424 0.5268852608018377 -0.013990822889000604 0.7474103554517914
138 14.803365517346885 -5.791201290063031 -6.286268693491362 -0.018539161126473233 0.5647028153694283 -0.46592733030877276 0.6809396101637114
139 14.725855607709105 -6.381713637006226 -7.021572313898341 -0.1517343424594419 0.658252893482032 -0.3443907565089933 0.651977625668317
140 14.717561343775325 -6.985061045344473 -7.727847579339456 -0.03582958838553715 0.5273174467290724 -0.41191122595196655 0.7422814108584441
141 14.759462320819237 -6.9452838112031445 -7.700849738900004 0.3977914891207518 -0.28637122810610793 0.8171502683083072 -0.30334615524142716
142 14.227074733024123 -7.5633764735144515 -7.206232906226931 0.36584578423832204 -0.2741549888982592 0.8708451914901122 -0.18062269147533055
143 14.18479791508956 -7.546502748745651 -7.186280625267797 0.42052970684021534 0.033659233781410336 0.722100019868788 0.5482639719620687
144 14.195927174030329 -6.678546255257382 -6.654218375427457 0.4069137336522059 -0.0008799066534366233 0.7290895870208405 0.5503170115735841
145 14.114447304375382 -5.847203938614742 -6.07346077468828 0.4497820857392434 -0.11842818062425803 0.6508492122878751 0.6000551176736468
146 14.192222377716039 -5.205125164903487 -5.191699725566169 0.5920115677472363 -0.02478020219265903 0.46481296197502014 0.6579188062464529
147 14.754023668152056 -4.580255037790545 -4.569747662593731 0.5757905645675512 -0.0010748755758385586 0.5063144172258729 0.6419577722145753
148 15.257782801234242 -3.950767308395302 -3.8608187443459103 0.5529678572209428 0.056027583249277424 0.5266191515206803 0.6432415782949371
149 15.243854892919455 -3.9665806745102152 -3.8668120975433156 -0.04819255290744958 0.4988583265319627 0.7192672404293089 0.4811158745449982
150 14.737054059452378 -3.407782032743087 -4.382439972778002 -0.10741277773792927 0.600611588534845 0.5869086459069387 0.532227823639426
151 14.740540261400678 -3.31315080576162 -4.4081713797625435 0.3343178353463295 -0.055325588784987896 0.5367649364442109 0.7726927378971417
152 14.6875446431521 -3.340173824342173 -4.36928826344168 0.7241935704978714 0.301315541976463 0.47276604584956405 0.4015530880279006
153 15.056151910365193 -2.563386726856619 -3.8833715767676944 0.7052706197535576 0.3607461934163028 0.4915555318407664 0.3617024964868525
154 15.387017235993175 -1.7711365100939518 -3.469408569368142 0.5032202951691215 0.4193883790766999 0.6341302195732256 0.41080602070725797
155 15.310199615410678 -1.775935383621605 -3.463664817385538 0.07832104956702016 0.7700246531731678 0.16921655489802911 0.610158671370576
156 14.9937464819115 -1.4893492495606058 -4.413343524286282 0.04011379782008247 0.756793828319839 0.2697664371922246 0.5940370813392604
157 15.041724233239416 -1.5446412986129014 -4.418380608305486 -0.1601402182528477 0.9543251585473583 0.21201145355555773 -0.13663727830555203
158 14.083153881711478 -1.9618583924123567 -4.187969304149393 -0.1563477152560398 0.971852368686102 0.04279593825706673 -0.17095868823235177
159 13.155395026842406 -2.2654723843181683 -3.850961729796724 -0.22755673419381578 0.9453045182458539 0.17797280918273292 -0.15146940185603722
160 12.232297110728313 -2.753738679635913 -3.6375827050769085 -0.29967606445395273 0.8889431738918099 0.17899422150100083 -0.29653896650153155
161 11.62022490520166 -3.3690118401720466 -3.1349529800402762 -0.23601458076982496 0.8827103641583673 0.11762008199927614 -0.38895378514925133
162 10.999606525039667 -3.8546330651654475 -2.448109702759551 -0.12954045530377556 0.9178987754852939 0.2051912641461167 -0.31397078450137206
163 10.238070221563149 -4.200740522431088 -1.8745672457517675 -0.12347165043702261 0.9394038844109154 0.22746599556776476 -0.2247983860093459
164 9.345352042739266 -4.491614717511397 -1.525507317134104 0.03721333618933777 0.9184276685103284 0.2984700207774567 -0.25694636020275946
165 8.54458363281588 -4.619714325338803 -0.9448144907959906 -0.0093432988018589 0.941837403163746 0.2476049569554217 -0.22703919058253874
166 7.59605749550347 -4.732418667863064 -0.5464633891098944 -0.09234460781626755 0.9244580639276329 0.18603318152147083 -0.3197521177716134
167 7.616338337299518 -4.7555750014866 -0.4348174022898124 0.3438664642766085 -0.44324603534926127 -0.11390452911072636 0.8199479039189801
168 8.15965008837111 -5.28602135636816 0.2208838876980636 0.3088040989990736 -0.5403525199791278 -0.1298508480600631 0.771879485315978
169 8.489239053469216 -5.799890252099743 0.9517312478871673 0.38151476206222457 -0.542458251261479 -0.15549444344123697 0.7321249961760917
170 8.531890637834382 -5.775574782452465 0.9041127017400706 0.23221125718546848 0.18985355476124546 0.18720978415419184 0.9354068935483658
171 9.408146782453144 -5.334600838712939 0.6567160525995103 0.358261791967105 0.1782719970882061 0.17345257017375862 0.8998787637069888
172 10.307329525384395 -4.890439897409561 0.5299844448326133 0.42284582886487615 -0.05405187880550784 0.25685624773071875 0.8673549835049466
173 11.136410410721886 -4.442911465556822 0.8418310923730468 0.35753848887117373 0.028509423183978932 0.17087175905800214 0.9176907342464881
174 11.064534568630304 -4.470348195315855 0.8751089453067613 0.23499425887452607 0.10403290943446425 -0.48068551455190667 0.8383891030724228
175 11.58574179448634 -5.299715280509634 0.4134186354673565 0.2833714795232355 0.12512670129858394 -0.3935373827978616 0.8655473652871672
176 12.240928237748378 -5.868076666369549 -0.027449468992802095 0.3671430318084623 0.00513963066154386 -0.3495524714282391 0.8619702130059735
177 13.024104147486632 -6.552726475615184 -0.267367929312998 0.3285001761543231 -0.0909162299942936 -0.37725090373725295 0.8611060498101434
178 13.657072249073344 -7.260938574232247 -0.39635911313019967 0.24604969206969302 0.004056155321931626 -0.4515431285051792 0.8576432240367604
179 13.743992726777586 -7.234350079570671 -0.4081107409588001 0.06245166429780781 -0.14109273219969432 0.24248529321441642 0.9578066157223899
180 14.587840336606227 -6.76372134943879 -0.10568518932935317 0.15516131894113022 -0.010876878645432578 0.3306509273417419 0.9308472607594801
181 15.348982796410485 -6.17229921796915 0.13309960871477625 0.13039931922386705 0.1310499579240508 0.32732013282666034 0.9266517451126901
182 15.374976974589233 -6.161055703276007 0.015154131574134089 -0.5763966437454587 -0.3100698797231622 0.3834636030864625 0.6515974553935755
183 15.78993644626453 -5.325980099977983 -0.07641507165541635 -0.5498064202643066 -0.2888732158006657 0.4644985656022159 0.6312735128156532
184 16.19249380163687 -4.436852046185913 -0.2750130913035377 -0.548629642478642 -0.1838569101074863 0.3638172465851118 0.7299583296919853
185 16.867943561571344 -3.7198106246658402 -0.3414421160541365 -0.5661015469061086 -0.12485987720892971 0.477475905124295 0.6602694977655843
186 17.382252492590485 -3.073195641259863 -0.6747025170245061 -0.5871563130947861 -0.11652076004642765 0.4130462651911114 0.6863404106438831
187 17.952559755908847 -2.3851818056992764 -1.0307939660592618 -0.5902480691516407 -0.05601979365355268 0.40006041227548783 0.6988709938978294
188 18.53620348994629 -1.839064172955263 -1.3358495017777863 -0.6318748703502103 -0.020248165276336626 0.43522345245342464 0.6410184915096977
189 19.130628989744423 -1.22846233903114 -1.7879698523898622 -0.5703909844642455 0.061584565223943406 0.6258662146915308 0.5283492665612223
190 19.176619465424245 -1.269791796635746 -1.747734025139958 -0.3584805828674608 0.43312076152580004 0.8151155718529328 -0.13958754301578183
191 18.597499174538825 -1.8206355250639992 -2.2629637994187957 -0.33078905479221843 0.4277263512161724 0.8408412005985226 0.02479606987014335
192 17.785874072889502 -2.0126752544776525 -2.824685441301419 -0.2617119527310587 0.4526936448824142 0.850448933024832 0.05754937008947353
193 16.868848683426684 -2.1491744392367718 -3.39432130241103 -0.1824332444848678 0.503278200695381 0.8441247904864583 0.02970693686223697
194 15.847823255427862 -2.298274579294609 -3.7159681244719875 -0.3492763573356432 0.39234281698897794 0.8508894210109712 -0.007767456154468048
195 15.098911890959462 -2.5378923991392304 -4.283946744498542 -0.15869519714446156 0.3658515197704381 0.8949054072408555 0.20028183136774882
196 14.273188179575836 -2.3086494981964005 -4.7429911553860356 -0.158960760088135 0.3414433387864182 0.9162960404215151 0.13619651044883033
197 13.2647190727754 -2.1516050759585164 -5.213555838680301 -0.10995309292022225 0.33041871212702656 0.9352476077651878 0.06360585038412134
198 12.277942300391745 -2.1366789009182123 -5.479017792442354 -0.07039402947380786 0.19892477953672438 0.9605242224070277 0.18129211474876905
199 11.43213452290065 -1.7628750264795963 -5.671499858137759 -0.16122102897161944 0.24203348422419096 0.9493561270270698 0.11895594313775257
200 11.450728084612512 -1.8153753701438275 -5.5645757799986395 -0.0020224001475642062 -0.4064829667671411 -0.7135942960606709 0.5705704936776014
201 11.438366420516402 -1.8483177738795165 -5.556201093776584 0.37859549407568155 0.1741754387574717 -0.5439446267511517 0.7283217773949799
202 11.754462384107592 -2.511896760789644 -6.2252251480248395 0.45557389169146456 0.1880844397994264 -0.5687290295437943 0.6585013011897572
203 11.964254958349182 -3.0715990077281607 -6.922370002732371 0.3430741220781939 0.23189151877871256 -0.45107006955291323 0.7906087924076662
204 12.476139723310917 -3.665101463737492 -7.592995713120255 0.4319831344916271 0.22215979084995585 -0.43661928063649 0.7572312741961774
205 13.080055320783504 -4.109932552014302 -8.175274827354176 0.4258357011784901 0.2291809776805677 -0.33320626392835123 0.8093908949019087
206 13.122254428867324 -4.116484152322155 -8.151688633758797 0.9056653955050823 0.06690108233176781 -0.29923815195586095 0.292832656958717
207 13.041501766269873 -4.159305279708628 -8.041972100054632 0.3787039093577507 0.09072761019194955 -0.25306516292132375 0.8856127105578476
208 13.819985016499 -4.591270208791935 -8.413897238746966 0.4721178325467851 0.15844521236504633 -0.13311631885737268 0.8569013435184842
209 14.714708803950092 -4.673399039106481 -8.745503784392817 0.43180734835173007 0.205285879170161 -0.1384301029738248 0.8673161063380743
210 15.664833189997372 -4.7021015153331005 -9.200376444797476 0.37755588598385736 0.14218680707350434 -0.14507776939968023 0.9034306313598182
211 15.62512639040977 -4.764295572920205 -9.244853878198024 0.3320544662823673 0.7788798348651783 0.1724715695767632 0.5033285129515859
212 15.581666283088285 -4.750126664509627 -9.240197261207529 -0.37942987839056325 0.7807890494297204 -0.15292216277654264 0.47224595266333447
213 15.397877595698738 -5.421850778614079 -9.95414439206313 -0.44967707153650865 0.6627781797873615 -0.05484285028476224 0.5962448133986098
214 15.534222665223236 -6.032315352197119 -10.633388912643138 -0.39201757147880434 0.7125030590208707 0.08579774838268771 0.5755869707613454
215 15.46316641858569 -6.43726574741351 -11.452203473697562 -0.37695335526235535 0.7063438578177239 0.12130333624984119 0.5867452795671085
216 15.496758930233264 -6.817210541665595 -12.509260991360641 -0.37548169513747076 0.6784645074189858 0.11380396915186171 0.6210861980391176
217 15.523651628373855 -7.219120464601429 -13.428318934692317 -0.34552242609166994 0.6677544770299998 0.022360450576375795 0.6589523668097251
218 15.537278043932528 -7.242654151788734 -13.478217314301961 -0.6397866411488449 0.3424379847447526 0.6402496299934257 0.2519716089259127
219 15.507342680998265 -7.269509499731059 -13.509788001299246 0.8711699852838083 -0.48955565103057286 0.003508498770094862 0.03722649219334174
220 15.46064582456937 -7.240829389630603 -13.501422073042246 -0.5912663732232349 0.42490736029145965 -0.318704686287951 0.6068650047610933
221 15.860764479503445 -8.08571796279508 -13.660602756689727 -0.5256402052410378 0.4953218684710258 -0.27059779254432437 0.6365025183914577
222 16.199200848094346 -9.023690402562714 -14.082822916190343 -0.5451713689524721 0.4615392383944483 -0.30109633574688344 0.631752092593731
223 16.427744666570625 -9.95045289472095 -14.402322682926334 -0.6298956460222096 0.2766870905153934 -0.33976759446649746 0.6412750664222312
224 16.462420487833636 -9.92389855082019 -14.3684165886901 -0.03633364632854618 -0.06619998544410426 -0.4113460041314506 0.9083456902285391
225 16.52873521207284 -9.935868015040612 -14.336532525035214 0.6895524577175933 -0.37275084538545766 -0.19950377838456174 0.588024198252364
226 16.54432867678376 -9.916397774883059 -14.3440247116991 0.7832697779591812 0.23909924937293253 -0.4397371016486012 0.36871572426296484
227 16.972347768847534 -9.856549555494045 -15.221550257186227 0.8470524021952497 0.22702467887491237 -0.40862104875615207 0.2529641508799659
228 16.964820808200095 -9.906742799336726 -15.17712986086245 0.7763188825517547 -0.0471113026606639 -0.4908098578670748 -0.39270243337126376
229 16.923931406882037 -9.90175808012293 -15.138081262874213 0.8219077854148132 0.36941070036136314 -0.34124394579895373 0.26749933866947245
230 17.42125272920648 -9.475632792374958 -15.902774958734144 0.9018145224615475 0.2740375981726483 -0.25519155387535314 0.21566463014574186
231 18.132414132272693 -9.142376603835414 -16.39136233106975 0.8989147586517902 0.14639426457133714 -0.3599055664852216 0.20245730214433544
232 18.86383767586932 -8.961733563394231 -17.141006280917406 0.8778152763685257 0.11669564651890106 -0.37347549538799235 0.27629426523595824
233 19.537102489643946 -8.933164979113936 -17.886638125167174 0.8796629914791684 0.31430597850900643 -0.3161425511062811 0.1657065498869276
234 19.575769901358072 -8.913694153835408 -17.78040989053667 -0.6851629068494326 -0.1672336371586413 0.46893337236369 0.5316824183325464
235 20.063020114268326 -8.153088258162722 -18.15874427853955 0.7549347029289711 0.028038538484570795 -0.4714757421960477 -0.4549703937553314
236 20.577884074145285 -7.637172552729948 -18.822559356463767 -0.7056379243765329 -0.07473833252208445 0.4902018517257359 0.5061535793591282
237 20.558530533148442 -7.695819445890066 -18.84917245793588 -0.09610047746926997 0.3567494846982846 0.5166164356965397 0.7724001306097052
238 20.497749465966972 -7.657227810982 -18.876226474537752 0.3015819988472847 0.2930819292075858 0.8999796594778668 0.1148385530618462
239 20.505249120386413 -7.673710433069514 -18.92278697762182 -0.19855918711082732 0.1593356010220579 0.9670466018674625 0.0026991253065133994
240 19.606332118266117 -7.681581999610072 -19.230570082901103 -0.2530184258359855 0.09876369804468453 0.9589697478179214 -0.0812676498125183
241 18.761736758191457 -7.8540247795289275 -19.6748598771667 -0.16255891975710898 0.03137742749752131 0.9843492550587324 -0.060387074083432524
242 17.827376983333952 -7.9901657225623985 -20.023120029843145 -0.20656090291814616 -0.011829702913039213 0.9781058311735721 0.0223971993535985
243 16.886160528801998 -7.8334461299615255 -20.397382514262013 -0.1829611839336609 0.25672839515216667 0.9486835222967583 0.024805459455566194
244 15.907625610958565 -7.810905203259366 -20.703030616182467 -0.2414492531242859 0.1649478390553766 0.9562671006405966 0.006906575787809884
245 14.94739211756184 -7.902610540540376 -21.191851069959853 -0.1629770388472357 0.01193575515440761 0.9820645064379121 0.09404960261660023
246 14.812858851583066 -7.897011259017673 -21.171237916134075 -0.12552303689223412 -0.2283196967784172 0.769929884421851 0.5825135675214065
247 14.510728635091379 -6.9275800182314065 -21.143561795927855 -0.0738543188110165 -0.3399174206658535 0.7781263833747795 0.5229923691765656
248 14.08019821139499 -6.11425971206428 -20.87230369290499 -0.15175206365874233 -0.3412033695309337 0.7318859975116339 0.5699951389638769
249 14.176252880496683 -6.051095351607159 -20.958696256729294 0.23067771383595873 -0.35514682117547186 0.027029650588273994 0.9054987165852024
250 14.156076173928648 -6.058617387572998 -20.91695791694809 0.41130467490694433 -0.06346942071203547 -0.5906999177758794 0.6912840980188539
251 14.135361443128177 -6.096084290352107 -20.930087687184265 -0.17623977526536655 -0.3844018012927028 -0.6358523018135457 0.6456521099289879
252 14.100673894954152 -6.092769225628202 -21.05285751506187 0.6323878787186148 0.6215249256964633 0.4605623839898124 -0.040922219409457464
253 13.853593519786644 -5.344460856197113 -20.305503166223563 0.6512108935727292 0.6259298347139497 0.42547535134393966 -0.05573992739433032
254 13.799941740201781 -4.531128071938484 -19.64717727037538 0.7492436371454873 0.5060711457698506 0.42556792315921915 0.03765515096424801
255 13.903789073458077 -3.74604699529936 -19.165535087872392 0.7685336525073185 0.5661779824649297 0.2973431745794479 0.01963552053594066
256 14.141659459960412 -2.8217385513891937 -18.659828891641308 0.7983614443809406 0.49911997204436326 0.3203134049373787 -0.10439147594432438
257 13.917636066556282 -3.398769248011574 -19.170146097799705 -0.2795815334281675 -0.22492334663744037 -0.787434380419762 0.5011893363154389
258 13.827256905196078 -3.394030477260128 -19.148312156268428 0.0821379235346471 -0.7302647689703319 -0.43139214146887667 0.5233235605216164
259 13.847735929436757 -3.3779859426093917 -19.086937066457505 -0.46793757608630626 -0.5760556783813169 0.07063810165489962 0.6664867132101774
260 14.152737788832377 -2.7023875526775436 -18.35810150147757 -0.4118100536174903 -0.5490327533148693 -0.05299878521278616 0.7253734516047733
261 13.813081502679728 -3.100567373168242 -19.149571363717918 -0.24659904926655785 -0.23939446145340215 -0.7650358233284618 0.5446093919043308
262 13.509879601045176 -3.790238271797842 -18.504521688682956 0.34158799065239404 0.07007411312224582 0.8121287089804824 -0.4678185795389976
263 13.237135622886502 -4.601091529798137 -17.88973536920535 -0.391934606593779 -0.0995087506411736 -0.7594401152727083 0.5096429966305651
264 13.199946920205026 -4.536624893636187 -17.98676665612255 0.34282565082908606 0.2531815566656488 0.8888435521773481 0.1683057106895832
265 13.250955218042035 -4.54844312082858 -17.958399558327304 0.2716262470893459 0.8435734727271758 0.3986482936783862 -0.23597143036918952
266 12.578269832203166 -4.258769560944197 -17.32888627308143 0.33795342909462456 0.8092997325694297 0.4255975335794101 -0.22290841625509955
267 11.935907059699478 -3.863099913866211 -16.668282709957523 0.34115361698094676 0.7951371315197185 0.4431807440013126 -0.23443971473676117
268 11.87785457166309 -3.9025167599437647 -16.608768945858657 0.3813214717885982 0.3469123890749447 0.824528219631578 0.2332358130529505
269 11.350313144733716 -3.3399057954174474 -16.07610161735 0.40175926218730035 0.2624437253006081 0.8317069923476503 0.2792423054930604
270 10.778192537368785 -2.701584446146371 -15.613379487969919 0.42683537734688887 0.23759462501269304 0.8189656601761361 0.3010906877711124
271 10.75072257707396 -2.6951079174354393 -15.55214844359436 0.8810417364262202 -0.10014395782921927 0.2613325308823702 0.38136852870679433
272 11.581154721897638 -2.596627044039467 -15.005698865350983 0.8273095548055805 -0.12998629464353295 0.28457600603924066 0.4665607790191866
273 10.794835678462562 -2.588445138220469 -15.559362372081072 0.4665588096033253 -0.15383650881986008 0.8372089810344152 -0.24028801012734896
274 10.807122930149548 -2.60567618870604 -15.599954078622197 0.48683599297591973 0.30724377892046817 0.7478639216871832 0.33059269637499017
275 10.786561367487051 -2.5822953214595565 -15.651727445163147 0.9378710367950851 -0.18032568623565526 -0.024506898569365193 0.2954318485658961
276 11.773510442199145 -2.9904247405542494 -15.55582717506048 0.9402337696240672 -0.0607739072977391 -0.04736475849762072 0.3316980107006129
277 10.755668158520166 -2.8537282406816953 -15.537274996692073 0.7004638202677713 -0.25718364866893045 0.6179712866092286 -0.2476257181307099
278 10.868116736294255 -3.444038698355534 -14.826989754873798 0.6207901362677358 -0.3186254816871387 0.6544703331054363 -0.29114599811294656
279 10.856885911300207 -4.230801055648256 -14.162813915088835 0.5848743400578743 -0.31791068306119813 0.6360323510140363 -0.3902789417852134
280 10.854080252960376 -4.269784157786024 -14.156952295233085 -0.3073059856888158 0.6148263702604595 -0.17758462194235902 0.7042835136802239
281 11.056307829581057 -4.8155747042820405 -14.863961574094796 -0.37232912685941005 0.7213448547471994 -0.09931291017917461 0.575473342296228
282 11.025272061832993 -4.883591849535217 -14.823851947856344 -0.1871915961176926 0.8872182815022559 -0.42087102823826505 -0.025896040252503937
283 10.156630031659464 -5.164923493538978 -14.587196882639358 -0.23307920153931924 0.8858015800450061 -0.3941980268074456 -0.0750837016980387
284 9.27683540706868 -5.488751790587112 -14.268681752363628 -0.26452449555917396 0.8321037170201908 -0.46961699517070216 -0.1307290067933927
285 8.538849861404552 -5.821173745545507 -13.937010463633298 -0.11650055418819996 0.8978742037177058 -0.42353555360716866 -0.029447750386181037
286 7.628482112589455 -6.057133269737521 -13.756636516357004 -0.11286480583742796 0.8863379695741892 -0.4052424767462916 -0.19350729788541332
287 7.607597366101817 -6.090588481796721 -13.749925121116616 0.7651292928316071 -0.4729412214029856 0.023029052545161362 0.4363180366289345
288 8.066062802432736 -6.748442658340737 -13.32160896997945 0.7920637292800129 -0.4657175404764339 0.011564841651053918 0.3944724016825573
289 8.71757651584909 -7.43387961731334 -13.017359409827096 0.7950325308154977 -0.46077160318514204 0.1430744701167755 0.36761732908569733
290 9.276497066887874 -8.086510310746467 -12.458883329550684 0.7621260142401299 -0.5394640270628152 0.22798992826402154 0.27597661954192626
291 9.61305681032997 -8.769893766042077 -11.865799515711801 0.7095690436439691 -0.5357885975388477 0.20152061170910265 0.4108914626831836
292 9.989527308068872 -9.360740507778207 -11.116443696472896 0.6925904936979038 -0.4958103305234502 0.1511491121556353 0.5016417746560561
293 10.474643404380727 -9.922540606001222 -10.455293288130749 0.7316217677100795 -0.4430858757152228 0.18934947542700895 0.48223570161277823
294 10.531492588839798 -9.967127082483659 -10.434552026128337 0.17455249714344181 -0.4052203947967532 -0.15243359639914295 0.8843595739689684
295 10.479385426214561 -10.03795692614124 -10.478335338289911 -0.4911221503773482 -0.14411643901108073 -0.35728986521134204 0.7812639999595242
296 10.44889127325472 -9.99685449317714 -10.518238785224012 0.17125033698084194 -0.3129032646646066 -0.23311321506099786 0.9046673963452558
297 11.123544803165116 -10.518323049985726 -10.058563840072472 0.08814700210135845 -0.3212918562748019 -0.23047095769045386 0.9142673497250573
298 11.745593837817996 -11.02137538861279 -9.466296915754828 0.15271146443149455 -0.37643731785890766 -0.2582093978882575 0.8765284143691884
299 12.303316465521638 -11.604156086937905 -8.887151316482424 0.207460076236819 -0.3263089254922879 -0.3829440287201974 0.8389497438937723
300 12.295430082826517 -11.642072664638313 -8.849453375537813 0.28146503698416897 0.752434797318662 0.4301314778625862 -0.41183275791426777
301 12.341231528440613 -11.74231002386451 -8.893536313590642 0.5189830212740512 0.8283341662594012 0.0881947017263984 0.19167896917500332
302 12.420833402292986 -11.701945975606183 -8.918776095926098 0.1693769358072694 0.5923579868456563 0.6295519364329163 0.47337915920566814
303 11.826993850924977 -10.899268290365688 -9.229154276184802 0.190743468160144 0.5182302225246919 0.6792582576645408 0.48338657946904107
304 11.3645819418449 -9.96503835899853 -9.426848386317364 0.23598757337158677 0.45351436118836813 0.6807602198308412 0.5245951891753865
305 11.309645597003305 -9.85257959983429 -9.401918891849188 0.3224410058162815 0.13484163517498285 0.9174445782823415 -0.1901183236088981
306 10.49531059855089 -10.136638225948884 -8.70324095429796 0.32003887242807894 -0.01888912307042574 0.9210411058881117 -0.2211370670624846
307 9.792135156465358 -10.572713183273052 -8.129908345776686 0.31972597949030473 -0.015449058368968744 0.9255485794405808 -0.20222871143831178
308 9.803754798354753 -10.588136686612762 -8.029019001076266 -0.5174662142163321 0.6171502751182056 -0.5761682626939354 -0.13922782814650286
309 9.782306778964852 -10.624005450523246 -8.020103180840781 -0.04297713451620566 0.8552117099145861 -0.47009796512284824 0.21394812530401605
310 8.836961534937368 -10.977047015149557 -8.33267801109495 -0.01248548626248587 0.8566151018135777 -0.4905836213626326 0.1593185187868253
311 8.773324281842203 -10.953950918229067 -8.325465116616234 -0.5042809601786898 0.4826689239663427 -0.21329869303151458 0.6835459681612336
312 9.204676592906383 -11.85363079592839 -8.747143427334601 -0.4982339513811943 0.5319965022340493 -0.20467978668087447 0.6533366943820692
313 9.538619589507306 -12.617438591385696 -9.182589128698574 -0.5997971044555329 0.48828347528935334 -0.1280553347578688 0.6208256699639264
314 10.051159143180437 -13.415246134515932 -9.653012513715288 -0.6755322513644751 0.3890540999271103 -0.08962379507753654 0.6198876188893011
315 10.050332149418782 -13.416064870431937 -9.612181995223825 0.8728788416222765 0.18457356181986953 0.4005155818075174 -0.20881186952533395
316 10.642046285049066 -13.307625843056035 -8.873185510179502 0.8941762709000164 0.04759809868767274 0.4051154957132941 -0.1845661201131747
317 10.651155857886291 -13.369611844393448 -8.903758917728613 0.9552023112187156 0.16793871127970406 -0.2084074207804029 -0.12629917204715185
318 10.670595420989711 -13.36285029902485 -8.945295924037353 -0.5880793359939401 0.18797686161014765 0.20090174909732436 0.7605694454063754
319 10.658915106971774 -13.357914005136264 -9.015548581301964 -0.5078838882954059 -0.253480282512136 -0.4668938137017682 0.6780942922002259
320 10.61995188343672 -13.302694955767302 -9.134279647062703 0.8133917525270974 -0.2230769876913646 0.526020098078976 -0.10923996933553252
321 10.93604265717141 -13.68821109777318 -8.331322154953082 0.8318217548450925 -0.22141904022257897 0.5085102557163689 -0.0215289717500835
322 10.993396990110986 -13.672065097071746 -8.333365894268738 0.49883809945807117 -0.47482454143624075 0.34652998246781336 0.636882388380915
323 10.90093613618343 -13.688994349042868 -8.294861463663088 0.8254127210703299 -0.11605856448480231 0.5347655606367027 0.13874453020538743
324 11.233157711087223 -13.68576199843492 -7.340145402868308 0.7449579699545955 -0.12624529021426603 0.6412007226293647 0.13402008431359955
325 11.427790816280343 -13.67374442830742 -6.249243651190124 0.8409864952388365 -0.16437636906500744 0.5121900792835692 0.058167403263287024
326 11.489337604749528 -13.670998882196873 -6.268082722994958 0.40838143038882624 0.02524353367813678 0.9103195772854145 0.06249510806391975
327 10.81542140612617 -13.65088873165793 -5.494663431849737 0.42952780083108666 0.10451092683945247 0.8900186853601976 0.11157990049320812
328 10.215283519900867 -13.400353108009234 -4.8324680015786114 0.3918551024114629 0.21805731294436567 0.8916589610796967 0.06200712952444027
329 9.5944543931624 -13.196481450934119 -4.132541832440705 0.2819451706770128 0.30846172108731285 0.908372517635647 -0.014753188131344089
330 8.758079495820645 -13.019185205773619 -3.587869668318384 0.3326174645781318 0.1615730566367542 0.9286288541699506 -0.03013670236896903
331 7.9179791386803755 -12.970342007993416 -2.892138485458246 0.3456418987825178 0.12547346055207118 0.9299392307312762 -0.001056243355309917
332 7.202660640634983 -12.89803053889506 -2.331701502422663 0.29706875252472054 0.13771974403663034 0.9448639315099545 -0.003947063141495597
333 6.345172102472695 -12.91000303262212 -1.7392324827345846 0.31404875145738337 0.1459415197036905 0.9379634113685194 -0.017294318967952225
334 6.236827722739998 -12.936258833237975 -1.731339779996082 0.2826013184864504 0.6109930336540061 0.5877013330928048 -0.448810818382238
335 5.771316183303164 -13.217647954362942 -0.8414036188022863 0.2569457705773834 0.692044827579997 0.5743577979731513 -0.3537879979727963
336 5.264545573694138 -13.216536463895926 -0.05191369659918488 0.26913899460912644 0.6659924233222958 0.63398944253423 -0.2864885345231473
337 4.501926337588262 -13.204708560046763 0.6561084206973689 0.20444989142481415 0.7363440296698365 0.5127530684219125 -0.3912569522575697
338 4.4851607945123275 -13.244136718695593 0.6803796128839199 -0.38437256999556746 0.6227892732753713 0.672006616679341 0.11312981776402897
339 3.79701549705565 -13.619635865125167 -0.01832369169314252 -0.315134498032057 0.6744014726378383 0.6517976913488587 0.14502645071260348
340 3.0527052854728676 -13.947080687313369 -0.6559264704728833 -0.3035920378178532 0.6941218313560825 0.6265600529781997 0.18289138257565832
341 2.273866587040822 -14.191213793649677 -1.2909343246903846 -0.2283524753647788 0.6825397989440741 0.6904618460855053 0.07250523396525826
342 1.323041392122935 -14.41378118679235 -1.7254139203825243 -0.09964987177071166 0.5456999899205015 0.828692693356164 0.0744972753525365
343 0.3370885938727697 -14.3836818387694 -1.9843893591237145 -0.08349876933511302 0.6077087265037149 0.7886483559706925 0.04185486680755628
344 -0.5584434123652493 -14.37052725503783 -2.2565078898792867 -0.03510740442481838 0.5653079567213184 0.8240514766971955 0.01155629591570592
345 -1.566526012238562 -14.394104175728058 -2.4060819626947807 0.010343381432106507 0.6132431065564283 0.7881798712911907 0.05097447609316641
346 -1.5770726843437777 -14.390777135510579 -2.4473083599711645 -0.43493589905381197 -0.31485053034869115 -0.5709991586762826 0.6210151914763254
347 -1.3929373959926594 -14.838321825267641 -1.516558826080591 -0.46222038351485456 -0.16824958622916433 -0.6607937506622596 0.5669179948482825
348 -1.3319808506305109 -14.840414557395812 -1.5587331547588588 0.11774636185565815 0.21293851335519046 -0.7926415635403103 0.5590280275158019
349 -1.71624397924265 -15.684038096047368 -1.9632749105528216 0.3449344776103886 -0.05277415528568806 -0.7083421187934663 0.6135849879460159
350 -1.7473971811452622 -15.700134288611947 -1.8426428474463972 -0.27589468999712563 0.36954960604614673 -0.5208128335737094 0.7183795661678096
351 -1.6049561776077352 -16.629371285672775 -2.1264416799449117 -0.47727360306969874 0.4171670437291814 -0.5478570737734245 0.5459250792513002
352 -1.5386222851846294 -16.66590754544362 -2.065050101764005 -0.6765237643132752 -0.1278155962145389 -0.1250433698045323 0.7143828982776985
353 -0.5368327723243405 -16.67054806884434 -1.6656793910931889 -0.6037760257152974 -0.03307762149914274 -0.06367006730060394 0.7939184493745791
354 -0.5663852968845488 -16.659835350442936 -1.6705535687757336 0.9863368176599451 -0.09380992375444648 0.08035160469564857 -0.10900917372620986
355 0.344872652786008 -16.9470422507248 -1.5741520419728678 0.9550831332664623 -0.1956316878460706 0.10234740933538256 -0.1976599581674289
356 1.2949737394215686 -17.4697381274244 -1.5190087347345296 0.9352994076579647 -0.22400328024346125 0.07630720377688459 -0.2630869801540593
357 2.185333437426685 -17.946934542730165 -1.497548959252624 0.9401475097839856 -0.2309619604269339 0.17738785757695222 -0.17695417674351901
358 3.012867066044394 -18.476929442814768 -1.271079477346206 0.9137990361731915 -0.336606143043766 -0.05846248047947031 -0.2196582899194409
359 3.7572986337306045 -19.06579285107173 -1.527978344998981 0.9216634885414803 -0.2309579944572954 -0.19650013495035523 -0.2420382524525914
360 3.7897705446788708 -19.018591318368166 -1.5835161818972665 -0.45067304327402957 0.8523448740570512 0.26308072110933567 -0.034504462253247666
361 3.7743178822698833 -19.01316482735157 -1.659221534481562 -0.3180745569636566 0.2814813476577058 0.7680523225738876 -0.47926240925200037
362 3.439294124825317 -19.947107320850577 -1.864902669208812 -0.38419750483713105 0.32530599543594724 0.7775064582730776 -0.37689785612816207
363 2.9619841503350006 -20.740498679174564 -2.1438902011969656 -0.46495768398489007 0.31535573120204935 0.7089972290976115 -0.4262488053160227
364 2.98750131337079 -20.69887822239817 -2.090282418645141 -0.6338420987958225 0.7146544309073855 0.29582621687149374 0.00029595615670459477
365 2.9460415164151037 -20.73238758234199 -2.0793578772080923 -0.1707594663120305 0.5995731628389858 0.6343133411627561 0.45716497272978573
366 2.4144593553952185 -20.386710551645177 -2.920516691048742 -0.041717553247729126 0.551777579091624 0.6609374351824444 0.5069150379869033
367 1.8115248036236435 -19.794555943653364 -3.462164713613152 -0.23171915349346525 0.47554151073031575 0.6870966150356029 0.49806098731301635
368 1.4134792489450478 -19.307227189696604 -4.221056825746598 -0.15881188929118292 0.4460491153807549 0.7461778833654474 0.4680144622381569
369 0.8804819723411699 -18.723295661692543 -4.9934884372466986 -0.12786569293501215 0.36799388271674643 0.7783529451204206 0.4923388667124195
370 0.41371294974998113 -18.07102550214271 -5.538030835874797 -0.018276096403208767 0.5280422846646265 0.6995602150697806 0.4810954535203419
371 -0.07700906833928006 -17.459142265705122 -6.014013712019512 -0.0817144007333028 0.5510575758226213 0.6776424673287362 0.4800614453524828
372 -0.04131354786344609 -17.50304190769877 -6.075971703568027 -0.4399351109982945 0.7731290567591188 0.4515295586573181 -0.06963919416822961
373 -0.5957633576107555 -18.240575258428514 -6.313150086898251 -0.44075395445123017 0.7424716158327728 0.47564758804220775 -0.16802149656488535
374 -0.10714463634432575 -17.33455312604416 -6.122886628194278 -0.4102397128704153 0.6253826718140235 0.663652187577797 -0.012871118908513163
375 -0.7472013616111302 -17.898989200982395 -6.573060257042216 -0.17564151200808156 0.75857683887672 0.6166918247372812 -0.1157688735434506
376 0.1902409239860895 -17.445518605094744 -6.57442118431061 -0.11174844123634844 0.8426550168966577 0.5158255635572107 -0.10662455796403353
377 -0.8044789920376099 -17.731334058666917 -6.467753948514099 -0.19188945806079766 0.890307748113734 0.382670626065307 -0.1552215883199587
378 0.022351028235163994 -17.253970721509326 -6.458181818911855 -0.12036606528866986 0.9363576885588119 0.3132790607555885 -0.10296853643622725
379 -0.9473439269050885 -17.524109590948687 -6.288822973025466 -0.21710869432646496 0.9373728457068764 0.26189472285744536 -0.07488068588542554
380 -0.10798493208462034 -17.060898446851034 -6.322976213980015 -0.1668886837393194 0.8799724906928832 0.4380158408549233 -0.07706300035474353
381 -1.0907984258174541 -17.379484516696486 -6.371471036205846 -0.27699567962445615 0.9399735597246445 0.19869102584281634 0.01565173273137972
382 -0.26136259159223574 -16.77682389145702 -6.240286416499462 -0.2246215081832839 0.9619081759498394 0.15536515971178466 0.011811276393817526
383 -1.2363242602811457 -17.220994755590034 -6.303242902100291 -0.06936512707412251 0.9698608980834975 0.22078418659552326 0.07624080576709034
384 -0.2527386079166364 -17.154640086616464 -6.07803231843628 -0.11597402577928123 0.9736087381587449 0.15196641801008604 0.12466859316871425
385 -0.255188557386751 -17.103677817022646 -6.092688157619195 0.8482767389929128 -0.5114602749146681 -0.0641375234502437 -0.12133152662614448
386 -0.1908201870083367 -17.203394573957212 -6.1248932787567965 0.9946659860811065 0.07701018089766301 0.060983441359999564 -0.03146471120637339
387 -0.24522904807212825 -17.15359208295045 -6.167858021949244 0.7805112952275646 0.6086934137400116 0.11168883344229977 -0.08843104984120703
388 -0.23518037126741057 -17.116977396682067 -6.11710306493198 -0.02840056001930359 0.9687628587055783 0.24100551690921118 0.05107125025402422
389 -1.236628227624487 -17.233775494216257 -6.203762325414874 -0.0011283720554199593 0.9757997103124939 0.20762689151735908 0.0685910056012879
390 -0.2516202230047706 -17.176861126738228 -6.096471696599716 0.0816775762478238 0.9745949425418083 0.1754953264292294 0.1126714778091944
391 -1.2416531319393775 -17.015120000912724 -6.333642314383467 0.07419557904506809 0.9796215765418748 0.16014005781053448 0.09587358712501207
392 -0.3036276572933235 -17.206247065441595 -6.181014267417412 0.05282142592970359 0.9810831248812081 0.17323208919352182 0.0683845180558013
393 -0.2166016697839298 -17.196349043035283 -6.2430375674910685 0.7384128487933492 0.6480722123510175 0.17802569783594835 0.055278596448996666
394 -0.16198061029311558 -16.27077500156191 -6.043416980533951 0.7785907310230163 0.5985174604186947 0.15503750188186594 0.10740901335191166
395 0.12059555079613068 -15.273313850776798 -5.979555834386431 0.7861969054178529 0.6178996119662502 -0.0014327827956866412 -0.009614706277823494
396 0.12494968347449649 -15.250519394447354 -5.910446937867326 -0.5955059442469203 -0.3421217949393769 0.3557899730871066 0.6338287172767723
397 0.11008287453966942 -15.301024402650437 -5.931758552817485 0.1291486131015297 0.6807567823943489 -0.6566066882753373 -0.2979236410057741
398 -0.6625287522993966 -14.72648415755625 -5.650222653108059 0.10162496051934368 0.6834728670158126 -0.6823583074429755 -0.23858823884714786
399 0.21848004278551003 -15.13966293808562 -5.860402646483441 0.28657087991874575 0.9298902498929689 -0.11403375013824162 -0.20044340289966217
400 -0.5210812349509458 -14.558729202488848 -5.565217674243509 0.29816276417732385 0.9048941075380518 -0.19557899098112905 -0.23241015143029622
401 0.22177132382363451 -15.232860914081698 -5.928851588966745 0.3727071105490618 0.8644841237147255 -0.231513674279153 -0.24527133589785435
402 -0.3637440732948837 -14.545682052672445 -5.717910502762038 0.46375447443219364 0.7903782621388423 -0.15223668888584338 -0.37021342593101275
403 -0.08842149875735938 -15.37461579655987 -6.211713211838463 0.3350476317315992 0.853085908100658 -0.17173029630154157 -0.3612426098943847
404 -0.12824909185944883 -15.483208377297467 -6.223710186619766 0.8081064481889924 0.376518542633265 -0.45260740212680284 -0.01855518764982043
405 0.11986127519556505 -14.838622167708348 -7.034822422791437 0.8469911754972747 0.38366111598544783 -0.36136538789788547 0.06946332226402768
406 0.5652268075129638 -14.279369089079193 -7.8098629274899825 0.7903993089371648 0.4578282873610719 -0.40495968354317907 0.04086375445658491
407 0.5174355237607794 -14.32082312508422 -7.826800015515966 0.8939175441302254 0.2702186540311645 0.10322221905423887 -0.34240104673217714
408 1.3830932149096953 -13.926325499683799 -7.4048014819011 0.9169192891570317 0.13219537765487446 0.083428393613785 -0.36718265541481093
409 1.4698574451753363 -13.980381228519583 -7.432144532356155 0.5379380387299632 0.6830707750038941 0.3050893298060372 -0.3885324743974985
410 1.4010234803641297 -13.5553148675614 -6.546768414901666 0.5075340378969988 0.681813381437496 0.32237458049376566 -0.41667054505952733
411 1.462398859889354 -14.073483922470498 -7.394727658602771 -0.2009596263799002 -0.7437042612708301 0.29865316309791684 0.563316508283282
412 1.4781345228541423 -14.03328927638082 -7.323813310547895 0.5219032888901615 0.7629814655308739 0.19950724441855494 -0.32507399115663954
413 1.6212127835281878 -14.069384926097268 -7.368867563990595 0.5218272818112838 0.5809002998727043 0.5906065949771941 0.2035558388617043
414 1.3444559779209544 -13.262938311474546 -6.975178678016003 0.6129397922917927 0.4944830149278517 0.5679398687023605 0.2392397636504042
415 1.4572037083650273 -14.150901747121898 -7.483986886033372 -0.21283698840596985 -0.6206788548515199 0.41344303310423824 0.6312868079439409
416 1.3876626846960278 -14.18674682195583 -7.5416892645565 0.3278247941637831 -0.15104861184225266 0.772119880935682 0.5230163579237893
417 1.1260446877345553 -13.498564041913433 -6.873604785832047 0.288668398772439 -0.22820507188690417 0.7697417728781304 0.5216230476135783
418 1.3663343985814214 -14.132791137794825 -7.519879414440767 0.2208119161511056 0.7911773511248947 -0.27887001783295207 -0.49750578881709534
419 1.3599679935378675 -14.113023873229695 -7.592580645723519 0.4813162740572312 0.7720130131839434 0.4059711706439556 -0.08670617283843504
420 1.2713743564903988 -14.166656427808146 -7.6372107903400455 0.3481160742773353 0.8303647707203274 -0.27665010074686774 -0.33581880253056423
421 0.6660846136630877 -13.480999382052838 -7.204987177607698 0.5593215017889513 0.6534267420863545 -0.36296219490355 -0.35840116550279316
422 0.8700645538786742 -14.462673933970436 -7.242214793327509 0.6218202188681247 0.6375415604614989 -0.280644252223253 -0.35793739366705496
423 0.8670725902651403 -13.49724345886811 -7.118996740404446 0.6612521090353808 0.6025577176007851 -0.2769207357849591 -0.35069181819413686
424 0.7107180300704317 -14.443854707592017 -7.2139282533005815 0.6921154901813055 0.5931100382835214 -0.17676511692686325 -0.3714171834692664
425 0.829877164915011 -14.501798218884957 -7.156290075536197 0.7426645061467099 0.5375641145552498 0.38338604274353133 0.11175596754423686
426 0.9940311625372791 -13.597950350133585 -6.701084347109134 0.7533258221182415 0.5127221105768254 0.4068064719033037 0.06422411909171732
427 0.9155427902998846 -14.348739248334196 -7.366617926717966 0.5833852303172699 0.741169819626486 -0.04657463298799019 -0.3288765347125598
428 0.8208167850774114 -13.535571880351377 -6.936385026829962 0.6167105777775165 0.6908227912007846 -0.016912418304296184 -0.3770224191238215
429 0.7820834684889679 -14.445491130177214 -7.4713433067241 0.5195078700301388 0.7953890571971696 0.038814214953708286 -0.30977617304317123
430 0.49059980436629996 -13.645241767273909 -6.9046931001824765 0.4963765931240673 0.736345208121489 0.0066561852510918056 -0.4597409134207742
431 0.5997288864538458 -14.374173131315283 -7.527831853031985 0.5891875469664146 0.688360234082238 0.023378884877179713 -0.42245905171489007
432 0.5903172077710963 -14.350021399543472 -7.6018667223220895 0.6850735325250573 0.5394279316664431 0.4861528142519735 0.05785501505131527
433 0.555831199267332 -14.384398842812292 -7.589200291042872 0.8262617736479424 -0.0867980394914149 0.4222123122758986 -0.36262149013984496
434 1.1228845356230415 -14.878156666483177 -6.979618480251944 0.7535056588302005 -0.17311384939477856 0.5004079002535671 -0.3896828846926727
435 1.6209829542714222 -15.478850554201319 -6.298665634196572 -0.768483726140706 0.23061981216957742 -0.2749485721543047 0.5297646152415889
436 2.3261244383108832 -16.116877429087328 -6.189237524617694 -0.8023273148871543 0.17051029306880175 -0.14924309157413498 0.5521988947480349
437 3.341299418666895 -16.536169693609235 -6.121046598483562 -0.8045085741442011 0.15987642870597674 -0.06180758353829014 0.5686697673429114
438 3.3938692222788966 -16.59398345376909 -6.177746078094073 0.956717501969083 -0.22932113082061362 -0.011708601875829122 0.17879135613140087
439 4.278940466345209 -17.027606181000937 -6.225618012759462 0.9651216493642566 -0.17714201159392953 -0.06325372155261387 0.18209853477339413
440 4.207141485151035 -16.97321164538894 -6.254146900508412 -0.7466713209132833 0.35826782953465225 -0.1056649871251287 0.5504189416635151
441 4.87852887569967 -17.63717221742197 -6.483300253441462 -0.7282603252458909 0.3139656422758067 -0.11555385778944573 0.5980884383542816
442 5.597829832203886 -18.18904429484133 -6.697646960786442 0.7832834911601525 -0.36825205317688237 0.150275325655281 -0.47778104222140566
443 6.345068284691858 -18.978608314702 -6.816108133939136 -0.8108197460837145 0.16122801262142836 -0.1078001860793002 0.5522282020941615
444 6.291100011198453 -18.912145847888034 -6.899792605613297 -0.4332812499124091 0.7495929260784964 0.14834577924679543 0.477882133404335
445 6.1678973946749815 -19.438204020206975 -7.788980883712627 -0.2752858996391825 0.7907750252152922 0.12663133067172125 0.5318430586628988
446 5.835071111929732 -19.672108363463177 -8.646276412071165 -0.32701282955258426 0.7474409826760399 0.19554153711720612 0.5442040922173653
447 5.740034506388049 -19.615876526110732 -8.724571661113318 0.3540863055151807 0.7356963944758189 0.5111377519466553 0.26853659329188106
448 5.1204347863355055 -18.78357860950482 -8.764459819628556 0.3679552447315275 0.7058317349177027 0.5710644017225384 0.2007385088688919
449 4.401036062470635 -18.084147923873623 -8.5787927356248 0.4479225551441809 0.7154050259071622 0.5032224143625399 0.1852788039226739
450 4.3894168153582935 -18.048625524663887 -8.55770683119129 0.1334703307656344 0.07968914476268872 0.8729308173564067 0.4624144235658946
451 3.708126098087977 -17.268750205114276 -8.341395145509143 0.09602378270221398 0.18705694238346993 0.8717088447719756 0.4426204055486061
452 3.2273278591241836 -16.54063573107489 -8.309994505208817 0.1362321759525691 0.11997880407156741 0.8535930365557675 0.4882876291206735
453 2.751035066612015 -15.61161746152404 -8.246342861580326 0.09019149948031499 0.1513253988977018 0.8715617826744549 0.45754363294801664
454 2.2113710197557856 -14.793442331121064 -8.293576549719559 -0.07571480890738688 0.053706473589382436 0.8789873103703307 0.46772234350589054
455 1.6800910121233512 -13.886377949291832 -8.479288863337235 -0.024254598334735932 0.005250554375184665 0.8559910767074619 0.5163946385619926
456 1.179222850423404 -12.949953432835 -8.613615590939444 -0.022021692610750557 0.14640849691321564 0.8349193481482446 0.5300842189443848
457 0.7104034147922236 -12.055087829677806 -8.73563669377178 0.1487657840829326 0.12205168051151676 0.8651499910886674 0.4631280834604862
458 0.17262881485051296 -11.137675303712278 -8.454967281419528 0.03333461665989788 0.06489408868404165 0.9168904910273862 0.3924148162971979
459 -0.554423447387581 -10.376645621774037 -8.508024345359605 0.04052479255562693 0.015195613465082983 0.9351441790717352 0.35161370688298427
460 -1.2859161975186781 -9.70658445949517 -8.436231384113578 -0.0039371685895630655 -0.05608541294081068 0.9392959352501262 0.3384701924562138
461 -1.30126879358934 -9.62800136145383 -8.522580397808532 0.06655875330459592 0.09119030726273741 0.41768701137497205 0.9015496773603268
462 -1.194277091150193 -9.50883163306811 -8.563732947830795 -0.23765448670852388 0.6723132297303599 0.33296273298939166 0.6169692735599356
463 -1.205846210987165 -9.588034424387423 -8.64611945299347 0.7385643839120872 -0.2772798112788543 -0.5603426962396705 -0.25229867190411104
464 -0.9163641908432081 -9.66808199347396 -9.669615359314761 0.6791186689689174 -0.14089515048027948 -0.6682466568021056 -0.26905909332679034
465 -0.8728613053337607 -9.471611647702293 -10.677838667549963 -0.6183674936900996 0.12915544209995583 0.6893637734371229 0.35456748637730506
466 -0.8084937135857674 -9.144926058233985 -11.626045257542165 -0.5867416375860723 0.15498712086869237 0.7538236783760842 0.25191884607388415
467 -0.7778721670305643 -9.135218208320675 -11.599426590664356 -0.3966692101256091 -0.36659918420984516 0.35698131930228877 0.7621173882967103
468 -0.2815109565244244 -8.41631953827767 -11.413397181713405 -0.28030815036412665 -0.41350141681928354 0.38535871650142545 0.775849585128626
469 -0.004171373529713418 -7.608567889838686 -10.890829726668162 -0.18511902234837604 -0.39740025904171433 0.4003319572258841 0.8046976486246573
470 0.3792714997323098 -6.746794072212987 -10.442600797793393 -0.33474256091957466 -0.3750578904163736 0.4162069259030811 0.7576613963874174
471 0.7750571261836809 -5.871073450617402 -10.183657792748248 -0.3868908911230068 -0.4569222588443719 0.3043501994317638 0.7408835561979008
472 1.1986761052966977 -5.051677550138404 -9.828209850474904 -0.3669759807513001 -0.48747836012965706 0.3513826335536443 0.7100871233826361
473 1.5224820315572969 -4.246741102456079 -9.347562151647317 -0.3459599661880996 -0.5282641375965463 0.26703276290054057 0.727971294943839
474 1.3058158385713075 -4.946338196370919 -9.90707505723076 0.371468082137048 0.1932697472924343 0.7818082926765005 -0.46198924472026026
475 1.056418294559351 -5.479070588159843 -9.139878584286569 0.4012276919434678 0.2160844791343621 0.7731632004151453 -0.4410697253482247
476 1.0359384647992373 -5.488358498900076 -9.173913419426269 0.15566912598528124 -0.740118598662511 -0.3785966085890586 0.5335318088864829
477 0.7087713886268836 -6.088268346056621 -8.433476771975455 0.2205708755521989 -0.6510067201865168 -0.5044884450345098 0.522522868357732
478 0.3517995137189473 -6.951014009682477 -7.9674066592410675 0.21249244771091014 -0.5872479431990956 -0.5070092153889046 0.5940778302419512
479 0.13455478019797656 -7.7644162114748 -7.434999714169975 0.15477130596185043 -0.5907641053714537 -0.5643578038644383 0.5554672662478293
480 -0.18325099696186686 -8.556814698422539 -6.9407047574974765 -0.0765979136779806 0.660189046538386 0.5676132020244026 -0.4858996144663241
481 -0.7076201998968794 -9.226665390907383 -6.4502005001399905 -0.08858128921909415 0.7176095559585661 0.49849582915842566 -0.47821730281210706
482 -0.1655604650264083 -8.634277811388488 -7.0922109321859805 -0.11480428296668518 0.720651711596182 0.563938830399987 -0.38659291606687923
483 -0.897500413620345 -9.152137850238207 -6.644514169167972 -0.17957303300723138 0.6392290549876897 0.58444585896171 -0.4664362539711491
484 -0.3222559252990099 -8.398203577665225 -7.055105968676508 0.11873584763411822 -0.6548143344131092 -0.5180966733396872 0.5373042183047455
485 -0.6637840378594766 -9.105842993759719 -6.446654877153996 0.1021709141052436 -0.5717261435741666 -0.586508367333434 0.5645336625149819
486 -0.4066561903213756 -8.315689153383692 -6.911011148493768 -0.11473252677739867 0.607333460986082 0.6101935332594868 -0.49562724545190634
487 -0.41581298312659926 -8.367972913098153 -6.8626378009951114 -0.5175242215414041 -0.34366979076884885 -0.06590103716685057 0.7808436516558181
488 0.253711777578505 -8.069821555543509 -6.2087877924971755 -0.48953036145517853 -0.3632514384310088 0.1152719135422053 0.7842963748734808
489 -0.48945030058014155 -8.504584020212793 -6.592122360695803 0.3939962405090954 0.20404044982425013 0.853487296602779 -0.27330183284767123
490 -1.0582542431125492 -8.747837605303433 -5.828959405244578 0.3325711652377592 0.23214651477112866 0.8381734684670364 -0.3646500411215593
491 -0.5246038681444374 -8.32455759488005 -6.539462962071449 0.11071950314301926 -0.7219125033624397 -0.3961809198519069 0.5564388626417421
492 -0.8905013415472729 -8.842085389820037 -5.854701630298902 -0.017902856818976597 -0.7716152879139431 -0.3883937424747352 0.5034278855821096
493 -0.4427320007585389 -8.423484895483877 -6.687532141614635 0.11692590691169186 0.7596097033694775 0.4467381190887986 -0.45798087710385393
494 -0.9733517761965467 -8.604973282505664 -5.892914566566323 0.10378359937907931 0.8074196743280184 0.3177599012955504 -0.48613895044174543
495 -0.5625437924407758 -8.466932658818866 -6.733908159861294 0.06872883234253709 0.9170101215267913 0.1697355783409246 -0.35434251518484583
496 -1.3495030891461326 -8.49351186289364 -5.974533482883045 0.045053546788951904 0.9360972896549488 0.05607889811957318 -0.3443068390376368
497 -0.6398132161565775 -8.514289562992317 -6.592491916481269 0.01275579052882091 0.9669607014542986 0.11130001419742193 -0.22899038951591227
498 -0.6582632422555182 -8.481538395968093 -6.569403392961053 -0.25858545907286945 0.658583663653424 -0.6264931491563023 -0.3269670509166417
499 -0.6553605435289784 -8.47121530916385 -6.596527396038187 0.2928003365235396 0.07148259596762535 0.953492331032979 -0.0032520865190030133
