# time x y z qx qy qz qw
0 11.910294337505363 12.394963266894138 11.894981124138436 0.0 0.0 -0.7071067811865475 0.7071067811865476
1 11.955971848051565 11.395306318993908 11.900603089742669 0.08000050924995974 0.09929256921510779 -0.6513562513973586 0.7479812417326995
2 11.993219243599418 11.465503752326969 11.878365814117059 -0.3800003449474085 -0.2875672440472496 -0.5274568239638608 0.7033449486879655
3 11.971760871655924 11.472121432313095 11.893512546223963 0.2851673961282282 -0.5613164010614662 -0.1152818766559683 0.7683186467862976
4 12.06596081918228 11.350727902432755 11.916353811674641 0.4971683409604031 -0.118758921184166 -0.6244152831627849 0.5906145219503095
5 12.226443876223964 10.54241460806159 11.433805508495896 0.47873334884437 -0.050506792003277456 -0.5933557258168077 0.6451297755538817
6 12.458661831834776 9.772827454015626 10.87082961847787 0.41483777274110983 -0.06125695678985963 -0.6370554717003606 0.6467747162101125
7 12.781357162746874 8.85296052013775 10.392703969973411 0.5020074914686755 0.050047185331013336 -0.691400459776557 0.5171548723260155
8 12.80833304426121 8.205965076774177 9.670268930922628 -0.49107871495513833 0.05446620515061735 0.7829134908804266 -0.37804972425849653
9 12.511390763590386 7.554403317552208 8.894281913923866 -0.5029318590374198 0.1166532228514507 0.8144140787142483 -0.26491749499713474
10 12.16740410983561 7.004461210594947 8.110282219902277 -0.4900894316381731 0.09517124304927368 0.7600628020593322 -0.4160039908687716
11 12.067204639122764 6.276470186712097 7.328777271811627 -0.4174045926705094 -0.010590498986594286 0.8015186849923156 -0.42805261937870487
12 11.793313107489222 5.5487770580406135 6.613507953787402 -0.4274368048459651 0.09591187137808897 0.8151301558846746 -0.37902706995576363
13 11.517216814558168 4.906764267955468 5.944735329967937 -0.4385676205445046 0.07525771240442425 0.7964002787552031 -0.4095623455985905
14 11.54476988342563 4.8617722511346955 5.9343623376695485 0.25330370753970893 0.42796987601313324 0.8002317717533775 -0.33512404934351037
15 10.992138875310523 4.565619478045843 6.60545573829296 0.3232164155148917 0.470420920847244 0.7355423492000994 -0.3649832304423522
16 10.342306963231625 4.29309201563397 7.4501907526469395 0.3924146595017956 0.42441673693422527 0.7078529303908023 -0.40598694234586963
17 9.898219254800205 4.0471098112541215 8.465039895451895 0.4997291174514389 0.4751660696865832 0.5824552843197724 -0.4303880309183616
18 9.75235975763916 4.09536052492122 9.374815397506962 0.5580985087343958 0.4110970027630707 0.5471064783553434 -0.469254526040269
19 9.835699160529625 4.031534700352763 10.391941353216101 -0.6680406673808524 -0.3171860904071038 -0.3941764721897674 0.5456551654200961
20 9.863006748518007 4.0599337118221515 10.380385379585052 -0.05720238763046637 -0.076998203284949 -0.722225736031868 0.6849738314370049
21 9.79681799314799 4.124604285266216 10.445515917733259 0.5662964160649557 -0.44999170629027496 0.5425022360368456 -0.4272085641896432
22 9.844622137454873 4.19104541967403 10.515332759708347 -0.7056841471075884 -0.060015788225886116 0.023576110249233072 0.7055863920953815
23 10.866102777896332 4.261959313850001 10.58256914870665 -0.7125896194979889 0.06496833387708335 -0.08996109170993846 0.692749703540394
24 11.818952950580103 4.0686340490403685 10.548704188190252 -0.6392195833620741 0.19537574138673783 0.04082479327879617 0.7426708424179199
25 12.717978115667384 3.8408835218894324 10.126716409295591 -0.6715988277659498 0.17994308841371193 -0.018759454216150488 0.71848700917487
26 12.710126687771336 3.7908115018285593 10.167459985066804 0.9671007770127442 -0.2143210398215294 -0.13425410140081298 -0.027539340010704867
27 12.721780153823552 3.832066216924125 10.128748291595896 0.7812515127125063 -0.0023995703612218044 -0.08567209094161651 0.6183046245825712
28 13.694493657926367 3.752140320076819 9.936974568965084 0.7010775824929812 0.026596634302867114 -0.04204889098241028 0.7113471256262349
29 13.606415946024175 3.8288735087250543 9.900499441140271 0.37575387241926694 -0.5032433855624416 0.39919220722282517 0.6679825626033559
30 13.605445150416438 3.83646918322807 9.83583079812745 0.7247432505582713 0.002046936557368147 -0.2896680813737363 0.6251683240969749
31 14.46098631142675 3.494141123841704 9.338708441129441 0.7971999978388086 -0.09363506028784768 -0.38737179621636536 0.4534839913677237
32 14.438252354605476 3.4904434917095184 9.288266815158842 0.5114406029600446 -0.6348421606510004 -0.049357468898350236 0.5770336047127445
33 14.442806333445118 3.4452632523993123 9.320815995632342 0.7709496766798727 -0.36369849712957525 0.4747909503048581 0.21893732601248797
34 14.752282390763165 3.141131950538922 10.240119871765835 0.8294002116528795 -0.3667575741226306 0.29138169396756886 0.30443534478511564
35 15.292859598839756 2.6699478432484893 10.9332679400414 0.8107383357731824 -0.30363363739119553 0.3921173196077842 0.3110530064409116
36 15.868940485578783 2.391758798257786 11.737935551263426 0.7153103009603798 -0.22676097868094358 0.45408790414665695 0.48032781222341103
37 16.380798338206787 2.4685812675731142 12.544648633416326 0.5853288558429223 -0.20197030513348116 0.5809801571423563 0.5282614725386928
38 16.368132683930547 2.466325323107827 12.594124203119028 0.530003257486521 0.21596662156302596 0.08275559715064855 0.8158470914114783
39 17.246399278517572 2.9091363078729473 12.43035443739437 0.5822002076919138 -0.034937243960647776 0.06736275992567799 0.8094964890122267
40 18.35700083773087 3.021178876194224 12.551608126059353 0.5904709345695173 -0.01677245490908193 0.08882236819887979 0.801980889480832
41 19.351062444555346 3.080585996968681 12.74995913519047 0.3823646523339331 0.07987419308415467 0.14891744170041946 0.9084277524834365
42 20.31043052745512 3.418966792046623 12.711610884005903 0.3636890939500322 -0.03667321653305834 -0.10476115810961059 0.9248840023929797
43 21.36954960415605 3.1657290027855236 12.679041623873061 0.32006738452608413 0.05327806716506639 -0.05875119769040293 0.9440691784460129
44 21.36417842450566 3.1893173641327563 12.648503186550798 0.2634130049695527 0.6946970134474125 0.12262755157624157 0.6580061792373781
45 21.41288243556406 3.6707735368500565 11.803719506490985 0.2585175903630392 0.7755916925778523 0.17402174107575616 0.5489468239365943
46 21.121790016300906 4.319229863150661 10.984352343825666 0.2812146761704407 0.7338688566056107 0.27302697483675625 0.5548072442048839
47 20.838284662918337 5.0199808103636325 10.293305292290137 0.2586221512623837 0.8209836571742699 0.24064954222304397 0.4485400933662644
48 20.901872280632936 5.043083820758786 10.308766005876981 -0.005834824546322834 0.48087543422449147 0.7556856308309222 0.4445941957983616
49 20.208935649021942 5.720605073354861 9.872334019100476 -0.09252212707067818 0.4970794481393001 0.7935857260139942 0.338486888529952
50 19.42439660924909 6.261463984750221 9.375587573374464 -0.13046471366627102 0.5326318898461648 0.7925071259676661 0.2668607946052604
51 18.6402354610144 6.53955238385112 8.829816176786528 -0.023169220814142643 0.6114425138883702 0.74974816227111 0.25195025816186284
52 17.759162266324676 6.932754143049734 8.480025098418208 0.13502657293675283 0.5776777916972753 0.769529562574634 0.23639045222768135
53 16.872679862361768 7.427208741833951 8.525186091743825 0.27182459613887683 0.5082293612334312 0.7546413474985408 0.31357733011138056
54 16.20819012384408 8.253746997784534 8.705348223872416 0.19638171962837708 0.6850939896557777 0.6320017729562438 0.30439153160608046
55 15.448211396500373 8.881706398503628 8.51917506329845 0.2723719666674958 0.7167237398285718 0.5726941831974284 0.2900723445481432
56 14.74189631627124 9.651237505547005 8.472314972809983 0.27223560412025194 0.5950855275386141 0.7382895613868571 0.16336925754429166
57 14.022637490352963 10.259025226037398 8.761088014846097 0.3442162939751665 0.6281719678885364 0.6619540455625391 0.2207531727618724
58 13.354830508335944 10.974751143581855 8.970821451661557 0.32280701257230904 0.7251716066563582 0.5333070072091408 0.29241308041058417
59 12.722196801306673 11.779790612511366 8.907110780216513 0.3169259735999232 0.6495841169344726 0.6458645914440391 0.24588072678237077
60 12.063064402352609 12.456551526718513 8.959948320975926 0.3446944979993413 0.6762485091024464 0.6341744251045082 0.14729716741698512
61 11.399075435274643 13.085745548891955 9.21678903071305 0.15748204007067595 0.6760624739441496 0.6775176934778185 0.24312283604011972
62 10.557057373028266 13.634022340054978 9.13820809744258 -0.008712747563420154 0.5998638205623148 0.7412995417341524 0.30093599690800543
63 9.63761349944543 14.114099849422004 8.755310523229097 -0.04504446651129553 0.6068374419345329 0.776204029541714 0.16500490788540534
64 9.62645623829233 14.11162471237118 8.681506799954057 0.12634427622934846 0.9252667727040291 0.31153511800612416 0.17568264980601492
65 8.675951136910628 14.40364245204666 8.534976605238617 0.08187162045769006 0.9116085609627518 0.2773629277536258 0.2921244181012426
66 7.8463445709731285 14.712213618172786 8.04595529126826 0.07958143868440636 0.8156097028946592 0.45495384526643456 0.3485177267203077
67 7.097569602306178 15.127786520219184 7.564057533432808 0.07650420741986161 0.7130308148777327 0.6360307030236194 0.28495457198145774
68 6.213114732290283 15.65849075619677 7.263560720580877 0.0141618028701376 0.6066859777202575 0.7583841804702492 0.23787602357015966
69 5.282295344426859 15.992024527880828 6.895252941825313 0.08138572594735993 0.5832428969877128 0.7564533546228589 0.2845740835094173
70 5.278935796543228 15.96446116209983 6.794742443318587 -0.4021709438641082 0.34359284686184816 0.2897442249478026 0.7976532903500243
71 5.919031751420736 16.165904078622077 6.038676826285978 -0.27696124366380587 0.29890625359318274 0.35980207973119577 0.8393390164243482
72 6.540635803471989 16.539895981439713 5.344487274644072 -0.32033967930179613 0.25658102924597354 0.3160223375653741 0.8553821061114243
73 7.119000365071971 16.956798417121437 4.642942157217509 -0.28382848926406073 0.37825277293081966 0.25439560164149294 0.8435929743174072
74 7.711796199430055 17.24980535175183 3.8498828419088134 -0.299901968645888 0.5143374259848875 0.31002574346703116 0.741215123848182
75 8.037070699239095 17.289711430862006 2.9282770643909153 -0.361439897311023 0.5627361184107131 0.25510318209344446 0.6982919361940533
76 8.268199707746728 17.209674017045394 1.9070974050986218 -0.35894626183444756 0.7569155884175123 0.3584891423154883 0.41197318840860625
77 7.867406828268458 16.954060153976425 0.9703136970519011 -0.44697819065070554 0.713151589846901 0.3460197115230208 0.4146030224431373
78 7.89909369724617 16.842258875373986 1.0092969820454907 0.6767306588280221 -0.3302164881059084 -0.657520559765786 -0.025678782496043124
79 8.013901131832238 16.85826491083112 1.008333619985277 0.1287674995171649 -0.6603951676838198 -0.44496602768405824 0.5910180942873291
80 7.766999492600399 16.196948690309533 1.6091990351037193 0.16455284335130102 -0.5955238610312202 -0.5749079168853769 0.5364276090862463
81 7.314625303693208 15.360632195736631 2.032587802950692 0.35403394072567035 -0.5736470171592987 -0.47753463012275954 0.5635155237897275
82 7.332533642648671 15.470055901332476 1.9184249526832582 0.739818066981685 -0.11622629394018638 -0.6361018800891012 0.1858361496359715
83 7.468406398549999 15.040080540048582 0.9309156086787032 0.8420804596904893 -0.0712301794539827 -0.5254598865601582 0.0985833077077122
84 7.890347198491266 14.798450027187952 0.07484492334807413 0.8785662467387162 0.02778831081517977 -0.4641278487118607 0.10924513684180401
85 7.8971708982195565 14.830568153692573 0.15962527326547038 -0.45073899092927333 -0.5420011226902772 0.3942550784899455 0.589603322703856
86 7.979049300830128 15.826023827494582 0.48280295402875584 -0.39593880119426444 -0.6262011100458569 0.4273647422469727 0.5181351296431904
87 7.822642448067566 16.807629179585508 0.7958761330964699 -0.3601151263444379 -0.5789831440741273 0.49594913892233533 0.5377081608625293
88 7.62564999357374 17.710120605387495 0.9667873403704419 0.4035335752933346 0.6135736857956506 -0.564502260746951 -0.37686228694537777
89 7.678324827967386 17.702868413333153 0.9416461272199838 -0.6767603725895291 -0.215398348286736 0.21291340234579512 0.671019249164557
90 8.503506283238242 18.330434606300095 0.9400343912232288 -0.5717980921406627 -0.14431429169756663 0.23549549240159132 0.772503851184355
91 8.410763411570166 18.37352549975433 0.9851797822778154 0.2241175361978554 0.6502614333230665 -0.6135426275224247 -0.3879392252842105
92 8.423577359616486 18.291839337550655 0.9829474824868427 0.22977329176142747 -0.6457070724468474 0.6656957263378512 -0.295153876682589
93 7.658696218654365 17.600144382310003 0.914971798887491 0.18635589590664423 -0.659313851873333 0.6944850212187615 -0.2196981567777885
94 6.815279052405183 16.977868541219532 0.9127779516608514 -0.18004509010830816 0.7065757846740747 -0.621572546066142 0.2863249832217948
95 6.823740606638762 16.971077512961852 0.9427330604883147 -0.12062651719161119 -0.09597288759231253 0.9097655435909128 -0.3854414402891137
96 6.216012076563002 16.304450830894243 0.7282969068226647 -0.08423729381529116 0.10480020731942132 0.8995256546713928 -0.41566163097462494
97 5.525675813444441 15.522187539302891 0.6500000143213317 -0.0808986916869479 0.19303357576406563 0.8470245685126677 -0.4886131605339835
98 4.897819366399434 14.67515685103284 0.6017114766627082 -0.09704346516884058 0.21432666910265222 0.8489606355904181 -0.4731939179631326
99 4.431328925387263 13.692944194582394 0.618096138299598 0.05717302552005946 -0.06004324068907565 -0.8479621289375042 0.5235325035642145
100 3.9830658019349476 12.788199615363895 0.585871344264357 -0.033918632089237566 -0.11138455913980447 -0.79317944999661 0.597753600144326
101 3.989528818919704 12.79287219946108 0.636649604784307 0.6163577828087828 0.5174540948529647 0.4280058469615065 -0.4112849842356322
102 4.051382628960361 13.061645626655203 1.6390315302296572 0.6617028376835784 0.4680839557902873 0.3816778125525006 -0.4442620986966531
103 4.308165988595308 13.36567962422678 2.595866572813295 0.7158740894638175 0.3379108693590664 0.5213176809157916 -0.3186979886474519
104 4.57230981824214 13.515911864323552 3.6325602466505567 0.5883591650399326 0.42482761883170267 0.5743161247072183 -0.3788350249021097
105 4.529804231268347 13.493681753002917 4.579738264085908 0.41342561796375843 0.48918871687433846 0.7027343185758602 -0.30973881769943584
106 4.075428982254113 13.383220191730706 5.540581442984514 0.4116460157823745 0.5253420050571744 0.6818932436867453 -0.29930743329789544
107 3.581708730709906 13.432482678616218 6.415002598934624 0.5996710287000724 0.45525940240589685 0.6356278104204909 -0.1706189335298844
108 3.2899915388579535 13.758738622297596 7.35638931828652 0.5447042737985636 0.5271510926303152 0.6510539150023698 -0.03921453052545117
109 2.9403739972867404 14.312413425783785 8.104816795863686 0.46221762780547226 0.6400389097656058 0.6118220938387575 0.048772779526040234
110 2.9531075390502806 14.371610809960165 8.114397210625366 0.40121973315667553 0.17358688636415812 0.8237237234372425 0.3610672320424111
111 2.54255261945341 15.07226623696902 8.70688496882752 0.4230785599551327 0.1984067714394719 0.8057117404477557 0.36396136671067847
112 2.0706106888737708 15.767723286031732 9.151585133616646 0.2868492700830203 0.12514833910359663 0.7828180529102932 0.5378208674923187
113 1.888238836445561 16.667287399783426 9.481888536222014 0.2325141504955367 0.07992160795769286 0.8542707464831175 0.4580078581246978
114 1.340425258172065 17.497444087977563 9.805719721673533 0.16929329763217613 0.14359940227670367 0.7778607485530291 0.5879214632101125
115 1.1495908108260644 18.411591166965728 9.863508682780868 0.10511388750216973 0.02848232598827487 0.8418015606671655 0.5286870153680783
116 1.1781601662297063 18.42953587823919 9.850997035532039 -0.225115298732368 -0.5355504671655816 0.5477193813258685 0.6020899257713692
117 1.0020076892991039 19.372584728001264 10.37690892259728 -0.14155309573150895 -0.5647110902127747 0.5468066921090776 0.6017196582664183
118 1.054732942736221 19.35959337364367 10.414249458096812 -0.4376522247170228 -0.016658637977894408 0.18024125990040027 0.880736117239709
119 1.8982829304836928 19.707196039842497 10.207876386005434 -0.5263854619748793 -0.02215696072886109 0.10121823971564017 0.8439089301942597
120 2.903133571808086 19.911037834344942 10.218109909671291 -0.5300324104687546 0.12296612931927627 0.06096751243165053 0.8367962340503292
121 2.8645388697606675 19.87497278850513 10.305685361257797 0.8944634231324755 -0.17071880265936884 -0.35348145292808575 -0.21410543555112121
122 3.5563094072233477 19.672267756770626 9.574813130100157 0.8875747570694579 -0.16603180766798065 -0.3758426087807652 -0.20829503806011443
123 4.251176338335212 19.53295189867918 8.841238886616072 0.9223661017023039 -0.14313734854105967 -0.3201044290205029 -0.1621284318205427
124 4.283533655017327 19.584052425978797 8.896299166039586 -0.4924742442438731 0.7812910344786046 0.3745152945550139 -0.08241196723868194
125 4.324190745950458 19.66898726732693 8.837329105212492 0.3107309138148686 0.9143322961361318 0.1464169259219709 -0.21448737782388527
126 4.285302139937655 19.656568810021067 8.843371257188728 0.20243285491665045 0.7378551880356252 -0.20646597700003164 0.6098872527612207
127 4.333014153347904 19.63384277779391 8.84626529765005 0.6504243394372525 0.48103792087229047 0.29673669735248936 0.5074426369500463
128 4.757712955928274 20.52787800281225 8.753182136508562 0.7877481552594203 0.4916210956773806 0.12925289434627413 0.3479299232222824
129 5.307987362641527 21.455662132008307 8.67913050958352 0.7835953609523896 0.49170218205759253 0.1208329413796745 0.36000927034068564
130 5.842705202816403 22.29527546060716 8.487554254683545 0.7621403354607406 0.49149554225357084 0.25633850280913023 0.3344619753966543
131 6.269317853670445 23.193780566953127 8.606776771338282 0.6747939184313911 0.4617940828468554 0.22081877349679885 0.5316375287421033
132 6.268449743518273 23.180058815720418 8.554380696323756 0.022494723091504402 0.16958812773976642 0.3668786479622881 0.9144035826877106
133 6.907181082656269 23.844696601388918 8.290450787047602 0.030100972340879932 0.18847470683670134 0.3779345478085054 0.905945193662251
134 7.562560722106024 24.527004696082574 7.993713423958748 -0.060201344078926744 0.20541088620818534 0.34815355961775035 0.9126725945944406
135 7.586249429714933 24.50098909720287 8.00784495024545 -0.28680300179931223 0.11638449994768041 -0.3170923222853214 0.8964659198645166
136 7.509387417952282 24.58887638075154 7.94295089412572 0.304576478441713 0.010935092214956792 0.8935077295163307 -0.3297840654623366
137 6.847481569846291 24.01602228816885 8.535847132235848 0.2870061811666435 0.012944412006658395 0.8751323038003934 -0.38936274220186723
138 6.345299746819482 23.32889906184775 9.020616590717166 0.17945311175274317 -0.013435078185512815 0.9027144933937796 -0.39079741909743754
139 6.344737263717032 23.300678228294164 8.935662988581184 0.11708395360992432 0.22036524944468114 0.8604496896595849 0.4442486198166256
140 5.74271163611569 24.128805589719065 9.048435603303234 0.12077944436585482 0.3449515366351699 0.757928023433231 0.5403386664734514
141 5.804564046475196 24.166837834907927 9.053152744390388 -0.16877124907605726 0.3713654410224249 0.1512091758452071 0.9004108838967577
142 6.448031889923967 24.26452005569472 8.377387913861467 -0.3293304151930355 0.3095141521066986 0.1736253530137753 0.8749838307450579
143 7.125584302493931 24.32704851971623 7.74735612913774 -0.2659431046654406 0.32394401858464816 0.21928163495905403 0.8810505674896417
144 7.170478847613126 24.24744197396492 7.744737514348069 0.7679705379554334 -0.13350597593908634 -0.5342506327475343 -0.3270682935257616
145 7.629422518919433 24.369881016728804 6.836142319633723 0.7965700947229 -0.16358512632497083 -0.43948437483309954 -0.38153567974168956
146 8.154531611057854 24.42607664021293 6.045789884765438 0.8767879951523982 -0.10520233714537172 -0.3352516227611507 -0.32830112587654137
147 8.830180313449707 24.538776608948442 5.384190751012802 0.8755041637425854 -0.06281659571004758 -0.39019794222743126 -0.2780145687806212
148 9.589944279684264 24.63650098514847 4.671026720590399 0.8124194302087087 -0.15973038798256997 -0.4561802973168425 -0.3261294358291077
149 10.074667506791616 24.64484226682371 3.8441244045620655 0.8492188604333549 -0.011358001005705795 -0.4731654645786365 -0.23412126350998444
150 10.666049913402942 24.76469842578231 3.0965330415317807 0.7910243774368863 -0.08211236043645492 -0.406287921987364 -0.44996457528491074
151 11.231739307025464 24.9868962790435 2.456801626002221 0.8328172090271501 0.11154330744992134 -0.44162255024248925 -0.31455223736079313
152 11.816169123899705 25.485780773860025 1.7367872630985195 0.7849242675786028 0.25338878835411904 -0.4391173835010815 -0.35617964513681816
153 12.342295589749995 26.22896399689673 1.3010817548574283 0.7401994399273631 0.39112167012704646 -0.3937821718074246 -0.3795579395229087
154 12.736089757927191 27.160090194822935 0.9175041904851934 0.7693136238272315 0.29569977621628024 -0.2736992562240173 -0.4957891766485779
155 13.350424505249629 27.909379327082195 0.8779651180765288 0.7717678518620211 0.3639588765438224 -0.19043562605256828 -0.48543031564500233
156 14.034871066908824 28.6944436648076 0.9610995924949665 -0.7317292717188826 -0.413315308933576 0.18777132865566637 0.508413863349323
157 14.655460312916322 29.458845279404226 1.1265796834346598 0.7782026710586873 0.3664392335228514 -0.24746723992190023 -0.44596284156614047
158 14.678214247362126 29.5408260447576 1.071325553406939 -0.37923566410287374 -0.5398425365079167 0.7390078761723382 0.13644671415758144
159 14.03558916385915 30.182980255738258 0.7325368281745808 -0.38480594845059224 -0.6290289884498871 0.6710869032436247 0.07674165766800436
160 13.98652431006843 30.114781516609398 0.7516156526142217 -0.22022454454874063 0.1124233334747529 0.908885758803323 0.33584047033261505
161 13.896894698241974 30.154608732220535 0.7981840786941773 -0.2701150502192359 -0.13485568378953436 0.37578639207706244 0.8761486128074513
162 14.543926386997276 30.83873141876433 0.8185559001384549 -0.2885421793787776 -0.21373407664313995 0.4659536527729439 0.8086707294495088
163 14.547499673713832 30.795478385055635 0.8141941060237938 -0.5301460870143626 0.4775816106739276 0.03253283365179972 0.6998589474344388
164 15.138989140047066 30.257012257839044 0.11146887505063097 -0.4811903703230046 0.5237239305170078 0.07583529491840453 0.6988691438008006
165 15.138880376924993 30.151998439144556 0.2317617405737461 -0.40079792929898095 -0.14319805933918733 0.47784686734802956 0.7684514994694294
166 15.596095952668993 31.074952474616858 0.10991744017554671 -0.4094059892513418 -0.17497440230963174 0.47590870105959265 0.7584732050358066
167 16.098782989874962 31.91109292519245 0.04329533693204084 -0.3470568872439135 -0.07366961714204981 0.37597324509752905 0.8560189387493379
168 16.769871103826237 32.56723870892467 -0.1597898850665515 -0.2675665964355237 -0.13472285747749285 0.47340964940830604 0.8283363881854482
169 17.378618504357686 33.365083023885205 -0.20122272061094199 -0.21510347066995994 -0.09866655282170522 0.5141213296626347 0.8244238392028362
170 17.86715932529545 34.24066483795748 -0.324095882601273 -0.22366074962858457 -0.14763992096874146 0.43615815949504394 0.8590368925243078
171 18.475454962512515 35.121805740432265 -0.24993916654250609 -0.25435830768300427 -0.160791950496689 0.23371611394654884 0.9245672382524877
172 19.291246959383667 35.69939622273248 -0.11507204253249703 -0.15346236929343962 -0.020506376121344677 0.2836751674110783 0.9463388342150556
173 20.064921351276702 36.23030805009471 -0.17955587159261832 -0.11619128585035242 -0.04042140063676613 0.4354355738190362 0.8917743865551928
174 20.031019823542838 36.16818812151821 -0.18191586605392707 0.4384050690894444 -0.5790931275244697 0.6338351753850383 -0.26590433523210205
175 19.639266090058246 35.2168278687027 0.030219612728392214 0.44027897567995355 -0.43568206288055633 0.7131430568795831 -0.32827205802930864
176 19.68509583951993 35.26647476553692 -0.0006714206587148629 -0.8415994170644633 0.13195897278624255 -0.11664331460450683 0.5105796586782799
177 20.678610628962687 34.912797108858 0.0697263347109753 -0.7775498932518596 0.2867608988145012 -0.0188699678450958 0.5593105351489852
178 21.417067942121424 34.3756275702359 -0.255538283891322 -0.6744891392256928 0.3770872669651198 -0.07361638900836938 0.6304365324350484
179 21.348675333355427 34.379082380892655 -0.19503489029479815 -0.5335254159941621 -0.1786134876405364 0.46152780999782095 0.6858862391969646
180 21.926626953963673 35.18810460477245 -0.36109920292249387 -0.5717388348363204 -0.23315914835826265 0.4590255679822979 0.6387856011334208
181 22.45753658460808 36.042695432693684 -0.633835712917244 -0.624993108951522 -0.23096601788569507 0.4244423122718249 0.6130962696824072
182 21.983720889493853 35.21126779342642 -0.454623122992021 -0.39745845436221006 0.6687188616315077 -0.6064760960939776 0.16440378955751708
183 21.31301270456192 34.42561943417143 -0.16301195954679942 -0.2429762884834778 0.7739809935726581 -0.543402819685637 0.21593823279070753
184 20.50872808307299 33.84474820744951 -0.24896358482518977 -0.4699307924033965 0.6959604189914087 -0.4925710564274714 0.22842482334094877
185 20.00148362611834 32.958714798474915 -0.04802472613630365 -0.5143476037072774 0.7686492587744109 -0.37267079703763933 0.07577160801686025
186 20.088134294727784 32.96615130025576 -0.06592131055940068 -0.29956936315198796 0.9067797706640811 0.17620782146586042 -0.23866178543990652
187 19.373814824004914 32.3741000977502 0.2624561968299083 -0.37173158559570685 0.8841503965875086 0.04502686112758591 -0.27940344711840914
188 18.78608065306398 31.708212576944195 0.7895397927821498 -0.26843312066349256 0.9191086021400579 0.03518772805011074 -0.2862601282010455
189 18.12357349581373 31.211402405529256 1.2822742484269325 -0.3172808794413848 0.8527433896613241 0.15958789191197598 -0.38300556090598475
190 17.620150525312773 30.49597246771688 1.9166887708562172 -0.42544044536754494 0.8280097657074225 0.13913617467349462 -0.3377001336035136
191 17.139223059772622 29.670068330445087 2.38693711771221 -0.38860562879216487 0.857005828526931 0.21094833359608192 -0.26462705019508254
192 16.62876121440745 28.912524911027816 2.6848946154391946 -0.40382217112295254 0.849976499931297 0.22919278442888733 -0.2488740067580785
193 16.086137740215747 28.197158243995126 2.86099686102377 -0.4434632846242112 0.779151699024277 0.41778707066327225 -0.1473665792657555
194 16.091130603396344 28.173892202928062 2.8122225643985748 -0.2889093974295 0.22356022328772066 0.8193302829487583 -0.44187110573511745
195 15.732395834157629 27.401524892917283 2.59852771659395 -0.29655392940133346 0.24300983850058233 0.79716730902253 -0.4663971127422724
196 15.285490758765773 26.507984661718215 2.328710861131462 -0.28686603157793245 0.12919319961963696 0.85534615168121 -0.4115822614045869
197 15.317849921351955 26.44077314927418 2.406632078350326 0.8009013399466329 0.2575339874884013 -0.41499342456726285 0.34643000234671795
198 15.802236960588044 26.59389039130868 1.5519132686737986 0.7099900087311612 0.22269906314900145 -0.5338026379187587 0.40171390133458995
199 16.189139363269142 26.56637417622867 0.6087960371067687 -0.6220248977120401 -0.1753378977665817 0.6808096485057713 -0.3447315923070725
200 16.163578077119407 26.537748293404675 0.6390096175833736 0.9839478722349082 0.1307024631944288 -0.09703882697120574 0.0731226155122894
201 17.096937137743975 26.72645418217536 0.44514254131080344 0.981837243357919 0.06498654668523847 -0.13873869458894864 0.11191045942629367
202 17.071722171617054 26.73267517671527 0.41569998910035705 -0.8094933990370614 0.19038501304811145 0.02102674358542286 0.5550061799442294
203 17.963347616236774 26.445207379289464 0.1563347421352816 -0.8225933564249934 -0.01477570539733568 0.003751115852755572 0.5684257010598075
204 18.95174765151302 26.422057684914414 0.27870915523643963 -0.7785310437188243 -0.06946174217008938 0.1427292768150897 0.6072008184123402
205 18.899528985818602 26.49737285148167 0.3211473996750653 0.4999945215160587 0.689111392847617 0.37500789760709197 -0.36674247563358925
206 18.830139040427937 26.492050762441856 0.3036234385360801 0.8915264052636619 0.10072634161481583 0.11730874657489405 -0.42576229377385627
207 19.766768434582794 26.510076801330946 0.6148643140925942 0.907986433823769 0.08396873234762847 -0.031103891859495764 -0.4093194790027946
208 19.8062054369635 26.403881063582848 0.566969369792335 -0.3463904852759001 0.07661974803346158 0.09977179984643024 0.9296174664220865
209 20.778282661416807 26.559016318597234 0.39135103221235457 -0.3020810821774066 0.06149859426969934 -0.07900736987080056 0.9480099040619124
210 21.78502124974135 26.44912503803971 0.2924473961317034 -0.31240421216395026 0.13659213018365132 -0.08542551346125418 0.9361883783961404
211 22.73252183639033 26.175216784565077 0.10214121682793645 -0.22019230171582987 0.07790814847939426 0.0016208740605080792 0.9723389550115111
212 22.758722226515 26.164649949018305 0.14773497941610397 -0.8239994419030271 -0.04141759330892994 -0.024555409932923697 0.5645409945708302
213 23.74775513115805 26.238543260059593 0.28888287420084624 -0.7740138727132667 -0.11733415864988278 0.10490706380598416 0.6132941610882519
214 24.69008793332036 26.580891991709116 0.15942833721239957 -0.7213526035889287 -0.13292306771855827 0.04984382022747656 0.6778624292206293
215 25.623278418176504 26.836815325139707 0.16558329857131499 -0.7855470805132246 -0.2408035737259288 -0.01890826944001185 0.5697121207458691
216 26.467185999707144 27.133521022102418 0.44902292956706735 -0.808304216986768 -0.15221508420284988 0.0357228483705993 0.5676255271275411
217 27.351508914198607 27.446807230093057 0.62956235942853 -0.8096377512933193 -0.13605895375017243 0.091172092599854 0.5636154028378481
218 27.506292512001938 27.451613197437215 0.5802732452795955 -0.18130101415530725 0.21817011722793506 0.014213565484319535 0.9588168317104311
219 27.527705833626086 27.41233104093143 0.6832007148356863 0.3113679596151039 -0.05377897623041796 0.8207852274370611 -0.47588803920862205
220 27.148027198316804 26.65604078704142 1.2424645495293833 0.4443142902283709 -0.025286651353041697 0.7458689051226576 -0.4956056629350968
221 27.16203317248483 26.652109335884163 1.1942260257439912 -0.6008532071623313 0.6129539942370748 -0.5021711294448711 0.10529473464337778
222 27.08813867802579 26.689682462458375 1.2702784734411756 0.16337053471720273 0.7510732243571918 -0.308821984061864 0.560203589956366
223 27.132536431502405 26.681094090459784 1.3088237314252962 0.3147145745803421 -0.6492583529759333 0.6602620426898554 -0.2085002700734759
224 27.135804583419148 26.704213986098672 1.3795935979880896 0.6664790740868439 -0.2865628483450841 0.6414306195242346 0.24950779164076622
225 27.14216219015708 26.664762872959397 1.371239271306864 0.7641758387353293 0.12952062825486071 0.5776201511965152 -0.2561535775298415
226 27.52540673112462 26.5968495638364 2.2928764189926967 0.8508907920870684 0.06445285981570013 0.5026414664479054 -0.13849998198598382
227 27.95519381305872 26.564200698264383 3.153944018087782 0.9242563230310396 0.004078163552872067 0.35284489515690465 -0.1457192433444919
228 28.774486573497107 26.48917385931717 3.7904101270359214 0.8993933155743868 -0.014997707007464216 0.4094191186710678 -0.15245562617114358
229 29.463512209304387 26.378407931331218 4.527378016302381 0.8853936837354405 0.038934153391759756 0.4409152280973876 -0.14197153986937672
230 29.45863513868363 26.380506774081198 4.526635634776734 -0.45565846696554424 -0.3514093319123 -0.2532636686407139 0.7776531084450236
231 30.071961815215367 26.383874527358234 5.253704569420226 -0.5689241468243071 -0.21727601097986293 -0.22321652384702761 0.7611115776905262
232 30.904095410361965 26.23171101356057 5.897437565531535 -0.7107184320641667 -0.09166199574012843 -0.28323525528126703 0.6373815019491419
233 31.003157411884207 26.27507203024447 5.903807376164775 -0.5685966798228073 0.3605616167505112 0.3013973601941642 0.6751686955781688
234 31.5721590316074 26.258284282395273 5.029115916252512 -0.6610436074012749 0.30922833239521286 0.2175676220600797 0.6481230727177564
235 31.592395317207647 26.25784348345825 5.076311071626039 0.018983787850980663 0.3475613039007897 -0.08771823500327092 0.9333521666967527
236 32.27750966719677 26.13913933460501 4.457829912536991 -0.019563813098186757 0.2275811940108546 0.024812269909608917 0.9732463247357196
237 32.3293243661993 26.189346410839146 4.438283326052183 -0.009261819520413125 -0.5282394859389793 -0.16083654571580255 0.833671919735997
238 32.68952246376192 25.862781558918073 5.31689533224764 -0.13417552769552082 -0.5231109570646271 -0.19527090443218648 0.8186703416203583
239 33.09641092029174 25.67996557511932 6.253272892133065 -0.19067095008282584 -0.42254790783686036 -0.3196306357298987 0.8263982763051393
240 33.11775375216639 25.673395043617592 6.292267060794482 0.35828506588909564 0.8764372564272119 -0.044706688324197115 -0.3185763003210855
241 32.98387555472818 25.69931886941803 6.267847722675211 0.08107442041831862 0.8168732245501176 -0.36076522691039253 0.4427115589401523
242 32.86473999625129 25.627139183413725 6.236989505625886 0.5891273415261213 0.5891524968707124 0.08857426352607393 0.5458781097810986
243 32.813356010418886 25.623647629969824 6.285313524215677 0.2748021646735238 0.8271881771393911 0.4872426056887807 0.05327413155710629
244 32.87983496111544 25.548972189263125 6.2588284770458085 -0.3815297379960217 0.8237431087570829 0.27487956061396596 0.3167389729044663
245 32.809296560449354 25.489542664537556 6.28577020069828 0.8418851218194098 -0.3782023532383077 6.193584579624547e-05 -0.3849576831654029
246 33.56311386592079 24.91915536869363 5.927480309835762 0.8429126839797515 -0.42745289828249344 0.04365686529873763 -0.3238461132208252
247 34.201317406246346 24.20700127295552 5.824483176853123 0.8890788171953967 -0.34715275988158123 0.168927199616651 -0.24594190238898142
248 34.91914383589483 23.54458136025418 5.963436961299122 0.8711644668885343 -0.3980038105092338 0.17434479734432876 -0.22862486761048145
249 35.64538870264347 22.822339172746442 6.048561572428706 0.9030397341032694 -0.38168729397031964 0.011793778367111244 -0.19671033283520836
250 35.66489790989792 22.924328881880896 6.017214625059165 0.7806411565435074 -0.1940034656499441 -0.017227221847261866 0.5938562644728522
251 36.68579095870063 22.561915286576046 6.1269220635719535 0.8173678330846319 -0.14682921047521366 0.03196286360795092 0.5561738790519886
252 37.592131990895425 22.337787225975866 6.378130784395465 0.8071826370098172 -0.06640921109310668 0.04937007336940797 0.5844729275572711
253 37.580018300789824 22.426471454682158 6.328979257852013 -0.5332128221710759 0.6101206796928973 -0.43589044394655074 -0.39170953953090326
254 37.48070160016191 22.13986284262769 7.24583660873923 -0.43597857790294564 0.7430448425407643 -0.43055189389456366 -0.2691321390081463
255 37.92041049764095 22.49754309743697 6.494653796334192 0.8309777657968751 0.4273648690091658 -0.22271643429708454 0.27790755905877124
256 38.48919958214287 23.072224628098436 5.829569730201303 0.8391668035279148 0.3956818181552182 -0.2776546522672918 0.2492847141572299
257 38.954660562295395 23.70755885688575 5.115050369166692 0.8411261705485705 0.2503151373112563 -0.38037081872990114 0.29183409243933167
258 38.96918555354084 23.6556676228494 5.011688381810428 0.7321835931486382 -0.5158819152379526 -0.0954823056277694 0.43434567428072307
259 39.503500008689656 22.779358914427682 5.289834260907013 0.7973426835346014 -0.48440083621293245 -0.024378778359640804 0.35917426140488296
260 40.030110228671724 21.874955568253398 5.570288375363459 0.7173385193660325 -0.6347896014183481 0.11935320496541069 0.2611942247243746
261 40.156780703279644 20.962676780928984 6.096214956058916 0.7080346213564198 -0.6585066022849665 0.0498915702379046 0.25013368610999975
262 40.35564174092645 20.08007609814791 6.464687350324794 0.6905409210967457 -0.6524534711244068 0.10308446690733697 0.29467150692084304
263 40.49721789767768 19.25341900481718 7.008289121981075 0.7959985509329022 -0.451266437692618 0.14249116685563534 0.3774138000829507
264 40.92813616286874 18.61880578954767 7.564673474942596 0.788155558703566 -0.42030503188914475 0.19438279943926642 0.40542548357927405
265 41.541751570146225 18.172827880279204 8.218675424130748 0.8329579760073179 -0.33707066345739206 0.245247339879786 0.3638930066984997
266 42.19505333277978 17.78073541825634 8.796965292777987 0.8269618315177515 -0.4215794477121142 0.24617715896407932 0.2789295697553933
267 42.70875900829612 17.21573812263498 9.361806565634243 0.8539661862310275 -0.37480070283015726 0.25801322272391336 0.25237940255035507
268 43.25889532811185 16.71098340763246 9.974636769202405 0.8169710957080677 -0.4147475065370187 0.2985959651615386 0.26717631666772707
269 43.71062467128211 16.203532558258402 10.742862873267562 0.8287617153129594 -0.3528716563385176 0.31399247095163507 0.30007389351644453
270 44.317797641423084 15.80428760878198 11.45683743597948 0.7887139230595008 -0.2784030363398979 0.36471194994414813 0.4091543602318738
271 44.86886812078636 15.601693050944192 12.238443773918467 0.7745751390174389 -0.2729908883709502 0.33203000364647495 0.4639670306832976
272 45.425993686640474 15.508707208328884 13.065480797958221 0.8063001703562174 -0.4088571317054535 0.2292956613235594 0.3607483622073914
273 45.258849864202816 15.720434625851526 12.866149066288052 0.32381189954801815 0.290853139416369 0.012730258866773165 0.9002156661111443
274 46.005221223297305 15.930862330764661 12.357029608566107 0.31404986461993417 0.4502967287246132 -0.002019643106415875 0.8358238209538155
275 45.990986726176814 15.957380784699785 12.397280135739287 0.1683923188347227 -0.13476995260368912 -0.3332381749611351 0.9178417105259689
276 45.98221171587481 15.928099404798393 12.42982870940096 0.111272980964443 0.7951947082321388 0.3344987757737394 -0.49335004683567196
277 45.54079855313544 15.783405266737388 13.271526619340763 -0.03739280955767536 -0.7055708012110886 -0.30288755025166386 0.6395551220764878
278 45.34487468776228 15.425817571306938 14.251242119485745 0.08460039980775039 -0.7259406311696442 -0.21837853471304747 0.6466558496959326
279 45.23110021023565 14.999633489993286 15.253856887405853 -0.10174833361494665 -0.725952585301949 -0.3109403542880516 0.604943151523528
280 45.009036803929824 14.773499170440783 16.190945534983967 0.18265869560921633 0.8203352335668574 0.26169650085171553 -0.4745533130525134
281 45.493974869129744 14.734743413884905 15.385991462630727 0.7957608636438761 0.13813125837438292 -0.4532346069193965 0.37717740447073655
282 45.40836979430931 14.855229041119586 15.396691071725176 0.912690347269568 0.3551686749241572 0.2019178229547552 -0.008985272771895408
283 46.027036167602766 15.517756211974326 15.821136984273489 0.9340354391354605 0.20973349981932027 0.22950284111180896 -0.17583544413506003
284 45.926800769598856 15.44747966671252 15.825035143688872 0.7109839662152283 0.09320252424387311 0.5492536700487052 0.4291101201293918
285 46.293759786538104 16.062976361660855 16.67106141454875 0.782979019076779 0.08682890643685955 0.44648156766839087 0.42433336708880154
286 46.948092813705145 16.592417192405794 17.3149507822473 0.8327575579251493 0.07787353407529334 0.3705147971613673 0.4039422576230867
287 47.672549766593185 17.02882706070126 17.870769370009423 0.8293548645961694 0.014189008180850218 0.3365422852863918 0.4457672832675429
288 47.677730473197 17.0205181828993 17.944269589015637 0.5911810147585982 0.6216082440451872 -0.07138931971015305 0.5089319834274258
289 47.91407790156877 17.720268708261457 17.184236889388664 0.570105770281692 0.6584711777124592 0.0018563158802003287 0.49131626566279885
290 48.04112031017427 18.457247447490865 16.59151138510389 0.5830187266646909 0.6874765566777801 0.07320650511506208 0.42673874441581094
291 48.06788572257828 19.26112935661813 16.196454639686035 0.5270136727013746 0.6826346662136512 0.08408296426186615 0.49919590982911966
292 48.11437057388101 20.02926165718375 15.62201847950583 0.48181963777192716 0.7552154248157188 0.1794193373900566 0.40658111140122405
293 47.909758394027044 20.931215594392008 15.188446025105582 0.4808524890396883 0.7686987379397371 0.2895007707238203 0.3067123046512893
294 47.58427158292224 21.829112342745162 15.022316819563388 0.5396209832661643 0.7431516174410729 0.2850345911438785 0.27439050596734693
295 47.257950736131676 22.72048007474196 14.867208742347074 0.5329571758013366 0.6818553128745382 0.2538663668867787 0.43195121116896484
296 47.23585926455786 23.702812674845223 14.626657351313252 0.5624258761918898 0.6632779847807614 0.0899175518427491 0.4854423576137161
297 47.213431453550854 23.744584008361954 14.610490567816552 0.49585913085075123 0.1862962380195329 -0.21744132857786969 0.8198394371326606
298 48.03054102177258 23.611884739815256 14.126477389050727 0.43555980949470013 0.16609812742051558 -0.1830884240662116 0.8655505146398387
299 47.19538444085508 23.855908412434477 14.6251280380744 0.5262534222677612 0.534015752375707 0.12298588911355285 0.6501991870534949
300 47.6262228506133 24.566740970139104 14.04958398603673 0.47998386832523987 0.5190620156814383 0.10422528812723275 0.699519263022153
301 48.06937559192781 25.173045186667302 13.453188365765309 0.5023555392532716 0.5250262404264886 0.06137188199506467 0.6842659213679759
302 48.55499897185635 25.806981951065527 12.745142019393262 0.4658997846641216 0.5627017679038517 0.015669080553437655 0.682684840143982
303 48.902922603196416 26.30977794179616 11.92821256958134 0.5395865226268812 0.5634514812321043 0.08770589828186055 0.6194162480136837
304 49.25870923504815 27.050484943487067 11.32540064141685 0.5449883808434981 0.5939736523878408 0.11830452943099481 0.5798163531073792
305 49.5558398548339 27.785076444231755 10.75681347370183 0.4645130557805982 0.7026822450237697 0.014465819495136934 0.538754140219877
306 49.580029335260136 28.465035840537976 10.008428718824472 0.387955052048964 0.7499532280708218 0.023838956271239237 0.5352501634373754
307 49.389272961946304 29.197004617426998 9.18984449307714 0.4711514870436914 0.6587738225373165 0.1215643891582483 0.573807830449073
308 49.43790923981042 29.982997134851583 8.609389072515862 0.39628975879858747 0.7405882725258672 0.14679798222780024 0.5224306557643369
309 49.279055996404054 30.69215296119275 7.9070634277788185 0.5021528414158584 0.6523279375267335 0.23573394398777667 0.5164690633833409
310 49.298052127224686 31.660457831610376 7.497547757204459 0.5322478278693064 0.5249344337418307 0.28704385729638987 0.5989673730587983
311 49.30171932705561 31.597770154587582 7.5208968499453634 0.7970519634757641 0.4986814637254617 -0.3363407082302639 0.053850656850441714
312 49.5691214611346 32.404160761326416 6.895302792552969 0.7417187620228912 0.587678634679049 -0.2701643106067624 0.1774777329114009
313 49.64452760201699 32.41663384900765 6.971761932331841 -0.550358687237468 -0.2789702624859222 0.7397435515433153 0.2684406563486022
314 49.42288737363069 33.12897001662937 6.282914944821899 -0.4907223039067544 -0.29923178575054804 0.7295841399121862 0.37061967248593264
315 49.14553112255532 33.91190940400435 5.786945047145315 -0.4442748224580386 -0.3241528704089885 0.7525043734088402 0.3623285342559427
316 48.722484576983604 34.77600546536416 5.2829279401245515 -0.3715369567257066 -0.33573665820307974 0.7756250825034589 0.38424851010398303
317 48.79730999790657 34.740095457421276 5.219697611676953 -0.008157462246692214 -0.4668742108282472 0.2862813316348709 0.8366629705147467
318 49.21607830313268 35.249427120083034 5.98562959594817 0.09562511280607772 -0.4528926085397115 0.27479051088880124 0.8427539961675601
319 49.16524748517576 35.19110942128729 5.950301125875095 -0.50872583348788 -0.5409377840741357 -0.08299747587935723 0.664601955384334
320 49.12016511400296 35.233823917987046 5.937525531776282 -0.2498104793563972 0.18403956309817057 -0.44917476112692656 0.8378342303731268
321 49.18856007194265 35.228334683371024 5.97280799279623 -0.0605110262688229 0.6786226301699709 -0.5418852746688575 0.49210780385820013
322 49.2683074155455 35.28964604169585 5.914120889146847 0.45765524720242906 0.735960222781115 -0.4457351572465647 -0.22413030760348837
323 48.742183437159234 36.11060373055679 5.784462620913839 0.4096517446886102 0.7257057709370186 -0.38822502794887664 -0.39346907092728145
324 48.33394935168414 36.9856444761365 5.975136836315069 0.5258313516206239 0.6860319988524088 -0.38609923315535494 -0.3221627979147221
325 48.373713240631886 36.99081842645996 5.8890691234454415 -0.6274983947650733 -0.33259538771511843 -0.18904981728260115 0.6781491275695195
326 48.482766730648606 36.9251762135278 5.855869716736868 0.4887936588924137 0.7779477285415379 -0.20357995696431339 -0.338279901569744
327 48.150338556150814 37.832566514027114 6.236709131691232 0.4776164954382338 0.7310584527564298 -0.19421395723024756 -0.4468970359664976
328 48.080307241880064 37.782135125801624 6.282355640491469 -0.09442679151176851 -0.39848798697523863 0.5861890473695212 0.6990517191347343
329 48.09981898051771 38.70541247570349 6.699654412610035 -0.074516334452105 -0.21392227737108765 0.503109265834623 0.8340057804209368
330 48.47083760581486 39.56749563464875 6.966259078501828 -0.10002261453140067 -0.17911646827590033 0.4997804307322482 0.8415059645847791
331 48.86297097415132 40.487614589623874 7.16538749130515 -0.08046144923391661 -0.17681615784148907 0.4633041371162167 0.8646451746493177
332 48.86679611853183 40.55558632957477 7.176620099259903 -0.2870962451571847 0.4672590399998399 0.24626786818535723 0.7991225642256091
333 49.346877035020775 40.73240611114416 6.332423591876536 -0.13874606143351229 0.5610278962212089 0.28868554899283333 0.7633203022984509
334 49.18822917811431 40.4356142939013 7.162609026178588 0.9186259573083007 0.3400910416792949 0.08505426371661483 -0.18229154163735686
335 49.979604181658786 41.06465308854751 7.475217790501751 0.8268223968942184 0.48366950061735636 0.06408076004270767 -0.2798610268669161
336 50.49173235247836 41.837538563101795 7.821930332468897 0.7500626785437099 0.5801636962466402 -0.005382249005835064 -0.3174698335415667
337 50.36081581536855 41.770457823386266 7.772855982000908 -0.3271522186777548 -0.37532689255513285 0.2847612035866514 0.8191533473477427
338 50.37595481435362 41.812981439029464 7.783248025564005 -0.6497526184638779 -0.12737479917170175 0.7019989580673716 0.262287358078171
339 50.306105627156576 42.36259217902905 6.855216739759706 0.7855370256195119 0.10782093736548312 -0.569100090423099 -0.217787313512286
340 49.95943502076408 41.90513461754333 7.790395285396429 0.7214095814910931 0.6275893899754511 0.24143710658049317 -0.1655533052799783
341 49.8552673911139 41.95628045372268 7.8656452679976105 0.13753359642465568 0.9126119638977864 0.3837103818516502 0.03146833431221654
342 48.88659100791504 42.24323069275792 7.958960038410042 0.02200265038047576 0.8849982898829367 0.4638501004240706 -0.03371935078098215
343 47.92671724810448 42.15487193785069 8.082153128735307 -0.03173349552184984 0.7915630322367073 0.6095790034338426 -0.028885806736124113
344 46.86135169141494 42.12747903303387 8.171075027924052 -0.04903528014388083 0.8343532302545899 0.5423569932233855 -0.08543488963315979
345 45.87994883378669 42.02533993095096 8.264045421083202 0.0902791061963819 0.9257494976496746 0.35963870908288936 -0.07414546186348571
346 44.83079745212966 42.147201333153475 8.514455142046994 -0.032375311983348976 0.918818403390205 0.37361334676310065 -0.12303514898568478
347 43.89961914037269 42.08863576760837 8.641765496070219 -0.11801722774444552 0.9439881138060218 0.2736929278403943 -0.1415999865770364
348 43.95957513448071 42.16036504938093 8.712619095373718 0.03727792273153014 0.5561678406411432 0.8230073078845264 -0.10930078079343085
349 43.01276841068695 41.93599966705636 8.881476623574482 0.10931561653709043 0.6182454963825245 0.769749253891435 -0.11536328843015888
350 42.021014621624985 41.957460208929284 9.148603086918156 0.2531418262717577 0.5771362730705516 0.7502898932353759 -0.19974487279247033
351 41.94512371964679 41.93904663589711 9.11224927210903 0.013343276404007912 0.9738894149506883 -0.11814457532074427 -0.19339913067046777
352 40.965551056510705 42.070031555854385 9.483435208748999 -0.11412481700962596 0.9564712893080374 -0.096710049120915 -0.2505700805582533
353 40.85772967393429 42.053367493620996 9.352712916539025 0.727186483797205 -0.6583308202463909 -0.03973425177118403 0.19031956844359163
354 40.97044518663909 41.102224596142165 9.489724043685005 0.714771945132551 -0.6268759869195395 -0.22821889523263553 0.2098659079838294
355 41.13563378146136 40.08629664470325 9.349303266700593 0.7682875861178563 -0.4911997521025224 -0.23246830578020933 0.3382535666616039
356 41.58557860245459 39.20090549824717 9.317344182809466 0.7696028835968696 -0.3969447672739463 -0.40368276271683334 0.29527356870962845
357 41.88746225901308 38.25486124142263 8.94146070880312 0.7481597596662672 -0.36662567029170895 -0.4898732260743608 0.2566453083046047
358 41.90660158150227 38.28036287640427 8.937603348431349 0.18074282714250897 0.08894107874722351 -0.6714606483275433 0.7131354097893106
359 41.95553525064453 37.37636027938397 8.597137554900469 0.1910326177617159 0.1346410895015848 -0.7406444794859873 0.6299397359873902
360 41.915387360622184 37.401426605248446 8.578115750562452 -0.08347053815810093 -0.14636247719164935 0.9808820863735953 0.09737056619586353
361 40.95386123797683 37.57504410009281 8.445241918464253 -0.007624633264884551 -0.20069517503948903 0.9490995357642906 0.2426383788592653
362 41.80472498763854 37.16365723759346 8.345012298642688 -0.48492792785877586 -0.37832485607639305 0.24871637558801438 0.7482348378495428
363 42.399500380726614 37.89628568258044 8.726379444739484 -0.367491026014098 -0.24507882710495424 0.2992125789007562 0.8457887129369391
364 43.098786030727354 38.49509253406902 8.969616277787548 -0.4586402273083692 -0.08804092608710606 0.2697628816747408 0.8420961494382881
365 43.93043801257725 39.00866738924567 8.829753505136797 -0.4284264054331397 -0.07832743606108908 0.2191360192188757 0.8730950881597258
366 43.87057765751725 38.96871335814289 8.788524977983691 -0.3484224949413309 0.2664823676432603 0.7589592118403949 0.48121702745923944
367 43.56598761244326 39.483879790100495 7.928816711104568 -0.36458533224613265 0.11740949105772615 0.690131379448191 0.6140123989151028
368 43.58063158800683 40.30716279028756 7.230011057503301 -0.34501099632023424 0.21876087237837455 0.7105812809347255 0.5728746253060404
369 43.42901073946635 40.998646815606854 6.582746149076003 -0.3322952610146831 0.24180879657520074 0.6884541427971493 0.5976112939624536
370 43.405257948424605 41.602480371170394 5.823137075937535 -0.10387618619846992 0.22492706143605692 0.7670788994710053 0.5917833361636269
371 43.40865147985795 41.614851342176266 5.923801799415373 0.3734577377612144 -0.2475354448576936 0.7484258476130964 0.48899312088208113
372 43.37343114856319 41.675172966425194 5.950132715461468 -0.30787112652028925 0.09022033797508246 0.8792746947415752 0.3520677083430106
373 42.820793943426686 42.2620487529204 5.427370403130616 -0.2805856650319997 0.22873158120138234 0.8915136048119279 0.2723179038824053
374 42.13397939008185 42.627151567603 4.828877796140184 -0.3630898307678393 0.17642527817874692 0.8897447570737962 0.21305906052600626
375 41.45750482480056 42.94471646391529 4.1035233003207905 -0.3987085542771682 0.22009837726567183 0.8818985491336314 0.12183243454525439
376 40.7874107053512 42.92149486428554 3.324650008537414 -0.37229507078585355 0.18651027798502254 0.8707611955961757 0.26150571068032885
377 40.78758911801487 42.96887848218384 3.319466126279762 -0.1375172806826838 0.62955404587203 0.5122780931990221 0.5677339659278536
378 40.44841432496892 43.355265301021326 2.5282835509352344 -0.10727411935408467 0.6591892276382426 0.5823161102967069 0.46354047630321876
379 39.98465980636401 43.68626574472626 1.8174649286061124 -0.10532492151350836 0.6347380840759609 0.6434216044515356 0.4147563917009145
380 39.31951601962495 44.14185047365766 1.1114602543988121 -0.09595366133477251 0.5484505046997122 0.6428164754359929 0.5261006725704956
381 38.77187895714593 44.7299736977165 0.4773330870579656 -0.17739041183173 0.4889515124191392 0.5935110604755441 0.6141690983649367
382 38.5842405796781 45.23323922842683 -0.27190753070844953 -0.186844836439492 0.4395521792224186 0.5977235955785503 0.643901694457602
383 38.504982771669624 45.863135985993736 -1.0315463700843444 -0.16852511090279007 0.541559739110179 0.5538527775093187 0.6095567543841414
384 38.394569255960775 46.36010388726507 -1.8536679495866826 -0.25549559497636476 0.6749122467870449 0.49238469466343787 0.48659302558270184
385 38.30635480014336 46.33631064690009 -1.9229392894191388 0.1721655515806446 0.1340726954745891 0.4384278295798962 0.8718741729326381
386 38.95872044567208 47.1365130428552 -2.045066831885957 0.15352270949663577 0.12071880064041504 0.5255369111381505 0.828051148101446
387 39.41783963572779 48.003585735312825 -2.1121443935087223 0.17260458298091919 0.10154073829593124 0.5084989917889695 0.8374520354921239
388 39.42807982227194 48.059254290247786 -2.117035748642493 0.18881053840297854 -0.10518459543774647 0.9665020753366234 0.13842152954137685
389 38.50719737209548 48.202282657755994 -1.7042908214588413 0.10178404038674159 -0.12701060826872576 0.9591933207417809 0.23120659150230297
390 39.363966835878614 47.89960731316533 -2.0816496866286425 -0.42923605831377987 -0.32292605393024276 0.26233233939389655 0.8016588511607767
391 39.43706102951181 47.86205986379161 -1.9957016818290614 0.11816666178914004 -0.5662762393987846 -0.3375865268043502 0.7425652817457576
392 39.602801790614265 47.21650782894986 -1.244206501123846 0.009470709924058619 -0.6391143364250832 -0.2374627548335017 0.7314742720672706
393 39.55583861596463 46.865824134162565 -0.38413087882731745 -0.046147575200435234 -0.621311137299668 -0.10820007612268592 0.774684203722754
394 39.687794891907544 46.79957615256811 0.643114640963717 -0.02048943351682839 -0.5732520609378355 -0.2260014864652527 0.7873281309976032
395 39.93937626658194 46.380461649394746 1.558983518130912 -0.013914603539610545 -0.586338854064929 -0.03437953782751229 0.8092163983761869
396 40.286224034580215 46.358688667645794 2.485289070899424 -0.03708408653046547 -0.6387339739529675 0.1153675673935776 0.7598249834258797
397 40.468630375575565 46.60474744485371 3.3814066431934116 -0.1512158163493381 -0.6832780509734182 0.20694631397408272 0.6836944530097558
398 40.453114132297756 47.06056978871159 4.254047653267757 -0.2647896972902163 -0.6974633272030963 0.1733745045164246 0.642940591811891
399 40.40683595982822 47.124471384575706 4.23840398214124 0.6311628134854362 0.27151790951336346 -0.6138369549681421 -0.3887360549294081
400 40.4153426629353 47.14695721883327 4.275346145178258 -0.25359653425114065 -0.42211138698857936 0.31465347591319026 0.8114825721394976
401 40.8310154155302 47.869629495354495 4.828172447650089 -0.24821436614947892 -0.4036895400842477 0.362980628548805 0.8022901264267778
402 40.94448157634713 47.901823589307796 4.822015481700126 0.055703827446932544 -0.34220044384455944 -0.16705314411842773 0.9229784325110184
403 40.95971126077624 47.94427357283089 4.856506871591642 0.5426890014782544 -0.5224510634991691 0.13014412549064017 0.6446673875134347
404 41.339894509338166 47.57489470470856 5.642283063769708 0.5140377684317405 -0.45432916662804546 0.056481818817588667 0.7253688614214413
405 41.93618802714256 47.26645033891959 6.399305114331427 0.5498779104903883 -0.5008753108833875 0.07889594792051877 0.6637270793812136
406 42.52261774514365 46.893230114214354 7.1153105527190466 0.47322423700423377 -0.6366541223743818 0.052200811047893717 0.6066345071799047
407 42.715719786950054 46.42867103878302 7.930581296718433 0.38604304179250704 -0.694749988575321 -0.08131090551762019 0.6013998336398854
408 42.658067167390755 45.84447666402052 8.793636835471935 0.37664172094911663 -0.7667728867857437 -0.02295304515729723 0.519300983870381
409 42.71406296584928 45.81178426597177 8.763915840130613 0.27477965856192127 -0.1460625527020092 0.335248195483998 0.8892527859745448
410 43.425872284372595 46.33093108813763 9.202205190536374 0.42986836971656284 -0.21254143447513704 0.3624576830264431 0.7991644082187204
411 44.11423829774609 46.74847203783412 9.824777999027738 0.47017432462143 -0.11886644673272848 0.4064316639968919 0.7743514543207333
412 44.7635348076982 47.239209255878 10.367424834173221 0.38757750355133047 -0.20222603041843223 0.40616784891654756 0.802443761187428
413 45.28081591667233 47.7603294133492 11.058593606697102 0.4400272723287765 -0.28671430221509986 0.3646675859706829 0.7688878073259577
414 45.26447249910072 47.71988479918982 11.017798916876533 0.393665717630308 0.17216500942510407 -0.4418125040366361 0.7875203004171674
415 45.941769292981654 47.22479344771925 10.470490079944716 0.39470448506134936 0.29831321501589986 -0.5440386314703112 0.6776721646100294
416 46.1909088044646 46.720638473270355 9.67539037602867 0.3524888484087627 0.36024844389578264 -0.5621311759685684 0.6557295261175335
417 46.27451020822926 46.26275668864953 8.831738400560221 0.42277897541103227 0.2518982645400227 -0.5824869081634759 0.6469267378075175
418 46.390861613095616 45.68218180830741 8.058038196096836 0.557820732117473 0.34097058500392696 -0.4643632457408884 0.597446120572385
419 46.36147045022884 45.694858001489386 8.144511972534312 0.5961111601382881 0.002932645829816453 0.11505645029629527 0.7946099027776062
420 47.33735857692272 45.825820068435355 8.274423890596626 0.5395288000663392 -0.23940041514484495 0.2055665133294547 0.7806013859358839
421 47.27812333083817 45.81666738545669 8.19310844086085 -0.5550949154029424 0.7036289886677903 0.08065266798127135 -0.43620067440072263
422 47.248801574409285 44.9843045765776 8.729013420652453 -0.47570055917683823 0.7498022575336689 0.09923657996944825 -0.4490630844238078
423 47.04852443250578 44.22640232646332 9.323637345772859 -0.4928045281059866 0.7264301033311089 0.03258386001901199 -0.4778925549941651
424 47.029461480875355 43.37048821229164 9.957815843276732 -0.540365286166048 0.7870445420756319 0.024564875034149794 -0.2965852545393996
425 46.760100113192074 42.46429547939524 10.347336712831515 -0.3634927168025482 0.8789565492080166 -0.13047141041994023 -0.2797957120809201
426 46.792062291408136 42.47844998135445 10.306530015764086 0.5056721385846847 -0.4852449644502439 0.6947481094377271 -0.16173458865553883
427 46.38841694097662 41.78313833789255 10.759809036951197 0.4122269944375781 -0.43428054948009565 0.781890760620524 -0.1735400468378557
428 46.327602478373215 41.723684026700525 10.728317401141226 0.041097155389378526 0.7474416015797755 -0.4090961589685309 0.5218068692188229
429 45.81314235378723 41.3684582866975 9.869754074139822 0.05716061812478124 0.6877474809006042 -0.39351395126137884 0.6073572559977531
430 45.54210295695802 40.82913364049541 8.964016820756637 0.11678421009816936 0.7838097610943956 -0.19674732626529695 0.57731637452297
431 45.183307492051895 40.82895124140293 7.928835091799847 -0.0669597496133822 0.7366513732493369 -0.19268989972907885 0.6447726333863547
432 44.977696858381826 40.52586284203863 7.017335504076411 0.007624652474007586 0.6713779427354126 -0.19326301009784289 0.7154319895076928
433 45.05814544150174 40.25492338282208 6.086163372622904 0.14079867000837992 0.6552465232677337 -0.03427049596044323 0.7413860407210557
434 45.22385342667002 40.33228832371441 5.185353645064459 0.14783963861880126 0.6439304278327336 -0.08361568910638568 0.7459929368965087
435 45.39793916387231 40.297492345833966 4.2432167682424105 -0.02243096097109002 0.6682112934563046 0.03985157776052464 0.7425647251501796
436 45.53511212022019 40.23144073892847 3.26635211070165 -0.056371084933831916 0.7632219422145681 0.11101162220138726 0.6340275920193219
437 45.37609805089903 40.29695249518382 2.191477922174241 -0.13544541105788313 0.7349938624782897 0.012233139700750241 0.6642958023619192
438 45.32706655152267 40.10920102783408 1.1879863216949482 -0.2540242880253791 0.7580794768869037 -0.02527471362145609 0.6001236178217182
439 45.14326018254636 39.651494930559835 0.22912913291359738 -0.2763647694843246 0.8371350377963066 -0.021751215716382714 0.4715446185638333
440 44.647760330568126 39.11240467801743 -0.5418485936305665 -0.16710254140474115 0.8476310562272599 -0.06834333593333573 0.4989263689249537
441 44.200801912751395 38.700753045530035 -1.4047334116845318 -0.3463143080811646 0.8320785609697585 -0.07041032913464847 0.4274974315056286
442 43.81143248023165 38.04257895504673 -1.9524915287928357 -0.45329181543118013 0.765006681628092 0.10743992408548347 0.4446886212171214
443 43.767995994339586 38.03730686426967 -1.9280671520202777 0.2685625399832224 0.8703384819113407 0.2781689433352343 0.3049707002086949
444 43.03940346381494 38.636437240686085 -2.3013539789443542 0.2425822286197102 0.885911866130279 0.27394462163697586 0.28507608121979433
445 42.29039924453486 39.184674390193955 -2.6311249875356766 0.38240692140997296 0.8302113399915191 0.33520417242427925 0.2283686497674028
446 42.32110603226239 39.10587058046413 -2.6420425569236516 0.46026372654167813 0.7820818657907191 -0.38745048315924163 -0.16244192910373972
447 42.310788744422794 39.11675882957203 -2.7019912805984436 -0.033337966853510065 -0.4273809378180941 0.767512938059403 -0.4766109565119364
448 42.35756121728132 39.15034827935367 -2.76636264590573 0.36436075092085307 0.11479627872195572 -0.27348810805627133 0.8827611864665235
449 42.35127644327848 39.31346598672072 -2.7108421713922053 0.36118063394568567 -0.14795663664782024 0.5001765934221004 0.772968795442041
450 42.82022047596219 40.03533026311913 -2.088821112960402 0.34884824766163147 -0.186175984749051 0.47073273076025285 0.7887040630028
451 42.73367596959244 39.99738911619849 -2.1000838884344213 0.7679947177095667 0.21941741611096144 0.3780103849396085 0.46813273753840406
452 43.3554533108593 40.66983316381109 -1.810327440108007 0.8257074202823085 0.2061684841312263 0.3829453958761146 0.3592417514975851
453 43.96320944997584 41.279037658475836 -1.319503394876084 0.868153866405194 0.22606482956862273 0.2914757836937019 0.3320322643930311
454 44.69506060505597 41.86096642960722 -0.9461141916750091 0.8255647738313324 0.2776773705967205 0.2871768971038542 0.398581875951622
455 45.40254814601578 42.589105199436275 -0.7067772582972782 0.8848697385946576 0.07675848207424354 0.3221527016287461 0.32761458756041356
456 46.12720792496132 42.894159012367346 -0.20040203866595097 0.9235159097550487 0.038893286210268024 0.32810285831667774 0.1948183540673115
457 46.94038184878798 43.065058148149824 0.4314495359289756 0.8359597420983872 0.07145080802521801 0.38966080063702274 0.37977697675116534
458 47.68258317308537 43.41262309000731 0.9954442449450366 0.8382053361815957 0.03568843049879132 0.40945921204444996 0.35844288805494307
459 48.39008108103873 43.735109707002024 1.6341029668075484 0.7580968614711181 -0.043043680555264016 0.435186705256768 0.4837860289008509
460 48.474868454291574 43.739689329899555 1.6149439918772825 0.6278177651222983 0.5274246303052169 -0.10866784920554078 0.5620137113036371
461 48.8711648198016 44.278846907578775 0.9196603314981311 0.48415834025582266 0.5864901634258504 -0.3564249121516112 0.5427534170902656
462 48.93994753486676 44.30979074442334 1.0085318326035986 0.8095467747000256 0.10825558459539719 0.27918419824210067 0.5049464639232629
463 49.78358276680007 44.83214100990328 1.3844269694140325 0.7497331945742242 0.014010944603150255 0.3264614346354508 0.5754361494385076
464 50.6346324794353 45.17042550672605 1.8962511849367147 0.7791789314946598 0.08699137086853928 0.35517238701540793 0.5090827728484107
465 51.33370058880663 45.60290742156604 2.3237168004632287 0.7797363759084686 -0.010066132356355194 0.1821711773037941 0.5989353214031206
466 51.312704586230524 45.57562215638667 2.310684196860402 0.7492273154578251 -0.34022151105070436 -0.2936406768117124 0.4865006743179236
467 51.870925637775386 44.73712636289645 2.2342515499726265 0.7030748371097403 -0.3208921640718189 -0.25947152368112825 0.5791273787855379
468 52.51006530644035 44.00536471219786 2.2540065355868664 0.6882544181176259 -0.27357875276197124 -0.3411922034530245 0.578833656832116
469 53.09280355640481 43.224790643225795 2.1260139161599123 0.7011374440191076 -0.24327126489474657 -0.46703491879628195 0.48073252531507754
470 53.58547497233753 42.43533428156833 1.7833274438837938 0.6071887864850911 -0.20140977100058205 -0.4871470350253227 0.5945112681676359
471 53.585886796504184 42.41442912686876 1.6777965688539027 0.8249372716592428 -0.5149736892037556 -0.2255830572690789 -0.05824844657510601
472 53.96862859073897 41.6003801739551 1.2490493357641401 0.7971571698997348 -0.4953420511288129 -0.3022911748637032 -0.16672355700520214
473 54.22829263910944 40.93336759687812 0.6180951758894533 0.7994028794679784 -0.47068941076437637 -0.2238774305657842 -0.2988066447986901
474 54.570574005238875 40.37602669374948 -0.06283552459741693 0.7985982650393302 -0.441596612539491 -0.21266370464767148 -0.3492955648091532
475 55.10123679757986 39.70931812074396 -0.7811136695875889 0.6738284317875973 -0.5463199183667472 -0.30788249602588913 -0.39076611924690363
476 55.29095915621069 39.18905780053486 -1.6665632125443202 0.6901515895746225 -0.6599170725510779 -0.09143412655215868 -0.2825598012189284
477 55.261746145143306 39.19272750511546 -1.7104748028626258 0.9489047056313001 0.12204827229823127 -0.055357598333707715 -0.28569146848744964
478 56.20338070116723 39.44934728338788 -1.7434711022373215 0.9356387191314374 0.26829126774907575 -0.08951174278989246 -0.21115783389302084
479 57.07254320767726 39.91993378004868 -1.7769459419531402 0.8902288854753787 0.40166725811642584 -0.1555278636113567 -0.14821278238729632
480 57.65396648760682 40.669073908553045 -1.908368490432509 0.8374361350768778 0.4737480943043991 -0.07085254266819559 -0.2631413688645371
481 58.19762752623765 41.490722637238854 -1.747954100045913 0.7804864046468709 0.45153137577253843 -0.25669808599153277 -0.3479460899372811
482 58.62100420206668 42.398102021232624 -1.8314624257531047 0.7293389369268947 0.6048754465506511 -0.22093959088883877 -0.23103269556573522
483 58.773316549708134 43.340434467713436 -1.8875324151791972 0.7035711920727714 0.6630093227206558 -0.14944789552245313 -0.2075368453906582
484 58.96050700048265 44.36240004654211 -1.7512210893857143 0.6773520341378335 0.7198863447157824 0.044908159465388856 -0.14471050326261534
485 58.95432094692382 44.35289586884961 -1.784309858778505 0.5611947820734062 0.5657760516029823 0.5101739622481538 0.32354351214348315
486 58.80627512264469 45.24943121164939 -1.645168332582192 0.6046623225711475 0.6277052469996615 0.37883243640993514 0.3112162972526847
487 58.71752368849714 45.28248959671443 -1.5658086829703028 0.08558285406447175 0.030081932376464508 0.7279504845127402 0.6796019015073039
488 58.8069195534149 45.26795670681361 -1.560325149179116 -0.06821887694570555 -0.019763418753263425 0.025827143360565206 0.9971401861189241
489 58.726479310649346 45.244394326519526 -1.5741250626442305 0.04002987383826223 0.11265699291994528 0.732012308463189 0.6707190107676392
490 58.694339853495705 46.236077650811694 -1.6535414744432735 -0.020293748226904412 0.036197327325215495 0.7178436775306615 0.694966453799512
491 58.68218900692399 46.30204730001396 -1.623547426406238 -0.1594329567798387 0.0059566046787793425 0.040137955262534504 0.9863744703207203
492 59.641142248824806 46.36098247508362 -1.6556165989404483 -0.11861321840335029 0.09815371704964976 -0.10585768452211675 0.9823904024759975
493 60.60804460135564 46.14187385097403 -1.8188639154472908 -0.26971538388058286 0.18796817861874873 -0.02514557272228925 0.9440811806711158
494 61.487524262895924 46.0302849646661 -2.1275093537926555 -0.1536598004497178 0.10687717994909307 0.055006870731723785 0.9807854904637331
495 61.46215507096813 46.09323641181349 -2.188280625545782 -0.19016827778108 0.764557753627749 -0.17100394486848575 0.5916461090321476
496 61.28448406997878 45.48140828773073 -3.0256370580457927 -0.12847782751153775 0.8543269650257999 -0.10315827246702514 0.4929272314341534
497 60.80960891361108 45.124052278935224 -3.886349798968073 -0.07362188850009808 0.8874093516542103 -0.05449492106634336 0.45179061932305037
498 60.21925628410667 45.02696310570454 -4.622145010492098 -0.055146228556717504 0.9233278330967883 -0.018616888149048248 0.3795761024885584
499 59.49288627770023 44.854554161384115 -5.243999840350903 -0.08995444915902699 0.8909309302274807 0.007624510162150445 0.4450754334776053
