# time x y z qx qy qz qw
0 9.186764034270574 13.114002899922305 -0.3972282443593951 0.0 0.0 0.0 1.0
1 10.183045035731665 13.054468232307348 -0.4730776223989906 -0.054813213877326586 -0.08276964789310966 -0.0857006457571592 0.9913627470754058
2 11.137385005655672 12.905556277464479 -0.21489634468804514 -0.10634236604034637 -0.19160894746758972 -0.03796348130984945 0.9749544022784553
3 12.0187916178491 12.892377279953635 0.09666974489320318 -0.04002489498898733 -0.11017586107550134 -0.003812537934966821 0.9930985610561959
4 12.058983158027594 12.890957462673462 0.1275880966689674 0.01269830212914276 -0.7737080300564931 0.028962598882136998 0.632752562393176
5 11.840717278345243 12.867852113561115 1.2134882071469886 -0.07036909190138126 -0.7000514953664831 0.04039063920975076 0.709467892863626
6 11.864574236642515 13.086898995411191 2.200063596477208 0.016671660514754987 -0.7858116801309535 0.10273078349764572 0.6096461639569369
7 11.562558921673178 13.178618735331085 3.208819060829496 0.13821512378922224 -0.7777213698181467 0.12851105475341495 0.5996090053445498
8 11.262279053385667 13.070314949526107 4.208571481624797 -0.019773890247927903 -0.7676934206748882 0.15560288099526887 0.621324028621881
9 11.042655207437498 13.23985436192644 5.192697634093239 -0.07214246488606105 -0.7190146962775926 0.12438510657062586 0.6799571137655805
10 10.939145792953267 13.478676751097693 6.227214198290357 0.02879827606715073 -0.778459431251531 0.21862717257401154 0.5876850624300368
11 10.947555956355838 13.468529988734621 6.3011780410127125 0.35040648270499747 -0.3071187065267362 0.7411812656709973 0.48326362205114853
12 10.67644569714844 13.975337759155545 7.227433403361564 0.2562911998989307 -0.4789743761147106 0.6966677143552772 0.46856425776502
13 10.257600292944781 14.47059399285788 8.159091931291998 0.41067315932767234 -0.39072359173703997 0.6819354335856573 0.4622193153561161
14 9.965681751185722 14.670855838746728 9.1414299694473 0.3857524766655207 -0.2574260578500133 0.5763778457046129 0.6728413115045241
15 10.142145707825485 15.176244874533326 9.8919896442363 0.28245325408269595 -0.33116166307765826 0.6038753760558817 0.6677474390509505
16 10.160701549239093 15.787607075132762 10.72356164327876 0.2168565158603848 -0.36256530000308923 0.5529169387373747 0.7181939248001578
17 10.332308988924948 16.373894715569623 11.558327424619042 0.11328021128803997 -0.31976241733913097 0.6695444385062993 0.6607797174953669
18 10.361038281755121 16.34771925998527 11.598204690705616 0.5437953688643685 0.2890340192617196 0.618300930950059 0.4883133126358238
19 10.336845898090393 17.295302920020095 11.957592483479766 0.6568080962771161 0.30289611409147765 0.5157771583316486 0.45916336055530665
20 10.516973899377875 18.288377199334345 12.3103327573669 0.6938458593627131 0.35186770393592237 0.5392783814959469 0.32240637342210227
21 10.787077219161361 19.2433410369612 12.731303538527134 0.6104355280828359 0.322943536519131 0.6525214221704413 0.3119162257456488
22 10.806750879292833 19.245721602422897 12.679608397548803 0.26998140408139265 0.6805154559941218 0.21202073961055748 0.6473453186502116
23 10.784775134271015 19.255444581666517 12.655079600709927 0.42937725787217346 0.061544800821766756 0.11229475468490885 0.8940007248231057
24 11.827829495454523 19.507293815977626 12.556803434280074 0.4116112142006726 -0.028509011070622516 0.0511762659499059 0.9094748124249773
25 11.829091623888393 19.499939460619416 12.56192990418019 0.4310549682354791 -0.3191724438636066 0.6173710932430324 0.5754767577109838
26 11.910706716769406 20.0988603307022 13.54305426430564 0.5265250024360064 -0.24618048735943127 0.48894115746873895 0.6504637837622985
27 12.30799866585924 20.50134234929904 14.446467716578972 0.5756762164875685 -0.24788053112700836 0.46354545801923774 0.6263207999168525
28 12.801715483988223 20.83126760661228 15.323868422082118 0.4647180407309085 -0.41847648530729126 0.4075344441687118 0.6654549200961561
29 13.131911562903833 21.00842714944784 16.214347223539345 0.4563313557125412 -0.47048257243052455 0.3541728610787611 0.6670602876112438
30 13.460656645394032 21.084939984487832 17.19857240757389 0.46993999636987904 -0.4927960003894832 0.2712717606994774 0.6802353516680917
31 13.432878376716353 21.070226070285685 17.26203089268474 -0.4690948966967521 0.863640644966703 0.06585609104446537 -0.17244648308070462
32 12.95230820582543 20.205612130439498 17.385840551097267 -0.4677223626260614 0.8807578677750234 -0.005178906955031444 -0.07399019377350416
33 12.397594425818848 19.358339193980346 17.472974503583494 -0.30100667614410775 0.9307787138149435 0.024199444772992237 -0.20605910243994233
34 11.685721861064842 18.842914556305743 17.780890041839385 -0.36387955440641534 0.9009634790715838 -0.13502285120833182 -0.1939724437021638
35 11.708816224538356 18.910883350548794 17.903880831248625 -0.06660313123797483 0.741960102427427 0.44872367057546364 -0.49366617949831415
36 11.26383241456614 18.433407472040894 18.576928015197982 -0.03767678141072701 0.7110205580077564 0.5025159575830153 -0.4904160872231783
37 11.242422489757729 18.46947484918455 18.52713093725196 -0.5356333139224279 0.45372295058533857 0.7053134038382247 0.09882023828522878
38 11.209711570513296 18.46177503176781 18.515020584819464 -0.26844893535604275 0.8447708377162311 0.0710876148065931 0.45743190954669294
39 10.856142627268476 18.072707645258372 17.56622980552785 -0.11480233094622792 0.8903402631352269 -0.005084292679094972 0.4405550937369365
40 10.392470141548303 17.79093082447321 16.79311878559887 -0.1973484744432395 0.8714037800854494 -0.2014730444258349 0.40139462385226493
41 10.330328229116077 17.863254590575924 16.736337105341732 -0.11835483729570308 -0.4228115404132855 0.8154787523304099 -0.377116610983513
42 9.59033866234364 17.34790152495763 16.195123439476237 -0.043475193751360434 -0.4508751212565296 0.7544918544204732 -0.47493533683370714
43 8.984921597621986 16.611391368411283 15.800025585754486 -0.03218080888125451 -0.46484526806299603 0.7897502616610576 -0.3989709218796285
44 8.269200256364211 16.04483343378765 15.385927880668838 0.16560484895823227 0.5553481918532208 -0.6388906988580956 0.5059467311086178
45 7.871374260120069 15.652335887145082 14.546080468506458 0.408655806404195 0.6037440059675306 -0.50549623829932 0.4614836510816523
46 7.901586279980197 15.714753743119758 14.547145485034353 -0.23109394450225862 0.7374635478420859 -0.6311618553255797 -0.06616507236089482
47 6.997565960263492 15.424390553357242 14.929430894206678 -0.17681296829727144 0.7721711638671893 -0.6030668264930743 -0.09380442802698861
48 6.092007276061321 15.201228726033207 15.305066061483966 0.29179210388765053 -0.6653304301256288 0.6831271780649892 0.07436427533855641
49 5.273095499257532 14.921365075417107 15.718465358264568 0.23580578321859783 -0.5889167554702203 0.7719762469797274 0.04031577639321062
50 4.287165862543668 14.629845483603033 16.08984674508986 0.14379825084733694 -0.5903761784270569 0.7852697012509324 0.11886768819313932
51 4.291574127977081 14.541419740517124 16.03636166553747 0.7866463755405756 -0.478666182537215 0.31742055839543926 -0.22651789035758907
52 4.664008251381728 13.571293529704672 16.324773488348256 0.7481509925118438 -0.556320379483418 0.35021045357203295 -0.09016854209667483
53 4.890813971548506 12.717090450039068 16.75001315910572 0.7883751738601611 -0.5006769022329443 0.3362747696064514 -0.1212703761745276
54 5.215496631195667 11.88747599057807 17.0998148376602 0.8233260776719941 -0.47469771916495035 0.25129398834765043 -0.18343275788466637
55 5.591253401587219 10.986950486097523 17.370084112408865 0.8036495943402082 -0.4099903053134116 0.3531596440644089 -0.24765610202483232
56 5.571624514447459 10.932342193454225 17.36567056973777 -0.6003996774118514 0.6619808636986235 0.20490342973652936 -0.39914426958529187
57 5.6324840207082705 9.990553379256827 17.588404268921792 -0.5796298728289055 0.7101862477660874 0.16416520793076775 -0.3642999979595386
58 5.559031431823251 9.044622086645525 17.87860041739601 -0.6098617088382349 0.6735221294014425 0.2419932079534657 -0.3404055296317097
59 5.511674288361863 8.092934338222637 18.01847429698857 -0.6495870451669525 0.6675588734854132 0.19552264539155656 -0.30687573433108256
60 5.485019781011044 8.169882443975945 18.04431826457882 -0.2834500901562726 0.5579702572957304 0.6564214700048664 0.42123163708390604
61 5.481708698825821 8.232614945385592 18.027220808873416 -0.4646460707298033 0.031061188680517944 0.8601124185442349 0.20819668340080372
62 4.9983445227142305 8.577586698929025 17.239613631908167 -0.5195015441481782 0.05950949628302515 0.8523358505289214 -0.010018152670989162
63 4.497851407330758 8.532785457003067 16.321684415591996 -0.5412401984016075 0.1955520001322172 0.8112376309559481 0.10349864250055962
64 4.572648134299881 8.453068363256268 16.334293162603384 -0.4625681533280522 -0.24024687365721462 0.4115227698128222 0.7476370464003191
65 5.174826199989933 9.280985495340126 16.364691204515303 -0.323101201091563 -0.27755098779061066 0.5296082990987163 0.7335435314658637
66 5.171546533209854 9.376692249432452 16.338245128612506 0.3058265515617173 0.135410348231278 0.479011075411723 0.8115925995132391
67 5.221536197795426 9.452717781244216 16.360317462018376 0.10628570916841185 0.019638792277365504 0.973014544424664 0.20386358724038456
68 4.334056076136058 9.870577815951858 16.490698002875376 0.014526618650856294 -0.03877615762144943 0.9497947906593722 0.31012133526574415
69 3.4965829824361494 10.388570525542956 16.46082467992289 0.10313042675904145 -0.12886096739453323 0.9473982854726124 0.27421789664826307
70 3.474269792839998 10.529715590660258 16.38428695747687 0.7139117656825761 -0.3944285090111862 0.5766435773562348 0.047310958487467525
71 3.500173828289181 10.106629719826039 17.348962844529385 0.7411461809314077 -0.3620788587013785 0.5626871152510144 -0.054630109855163124
72 3.659729506071952 9.530634822829924 18.16988053141452 0.6835268198290732 -0.4080137584811673 0.6028735878713706 -0.053472390179660406
73 3.6172717237128014 8.931456366888622 18.93641194309348 0.6071040603458561 -0.4985054457956617 0.6187491461083396 -0.008153196541476237
74 3.41924017381801 8.274580620627184 19.684052538141476 0.5777563196840976 -0.5292029637434766 0.620978957232895 -0.022956326016002115
75 3.149395409693949 7.613754634774192 20.26733371379906 0.5393248920345278 -0.47744219619432965 0.6830917193532324 -0.12067855267662175
76 3.0907986643885406 7.548471565173477 20.292035029640356 0.07420038904367811 0.7174924762369339 -0.4773985068691151 0.5017863234966646
77 2.6043927810324483 7.150103015039578 19.46235759350652 0.021447479676659487 0.7540698718002204 -0.4181333452141749 0.5060465785663628
78 2.0786710947551814 6.7472850932803965 18.65168291735379 -0.03387384432213264 0.7495762070831277 -0.46362929665544567 0.47120690543378946
79 1.5631877421254587 6.236425378951078 17.983884991537266 -0.04290714898700324 0.7797025016891495 -0.4337567342341281 0.44953095658923486
80 1.6732548674947831 6.279839569974816 17.982765635658765 0.3468964142699154 0.8566027831634626 -0.3150186060727133 -0.2160042302161914
81 1.627206649165744 6.236861168869368 17.958500421854083 0.4394856154296828 0.8152454044469252 0.3760947380148295 -0.027929776155900053
82 1.0907568204835916 6.8657019793031875 18.317395422808612 0.516190721115635 0.7819131814917649 0.3315469322648892 -0.11061441022438175
83 0.6250800125757844 7.570618115555144 18.87242645356383 0.3182386282135101 0.8526671354557103 0.41094650941910765 -0.052970727980533365
84 0.6690548920669112 7.646684422797683 18.95300670975664 0.8408598694413537 0.3796987004809746 0.2807757690724313 -0.26447787113086274
85 1.1586340574157643 8.05681164393471 19.566768160413012 0.8793248429736683 0.3972684121117367 0.19809342987470743 -0.1724083011575341
86 1.7969710965964452 8.635478915480983 20.035414050807585 0.8684051092516787 0.39917687610507957 0.22113502023183138 -0.19398373807006905
87 1.740354521250546 8.698778186878103 19.987837077232538 0.1861768337906721 0.9190803319392409 0.3452082984021908 -0.038219899481800615
88 0.8274453604946264 9.055892079150404 20.166846699531945 0.15095385679147005 0.8865262528924219 0.4284922272687161 -0.08762732006969394
89 -0.1447035071222732 9.228577460574956 20.460377256602822 0.09617742673270994 0.9071328324504646 0.3899694850492558 -0.12563330612496607
90 -1.0455288617306624 9.293632962547056 20.812345433021928 0.022868060265381792 0.9249166571348608 0.3004602818554345 -0.2317969978268174
91 -1.1403455507501643 9.343967992654768 20.868265459729113 0.17035325960115197 0.8334325786048981 0.0820577584291564 0.5192652772377823
92 -1.5569863788515017 9.600963091228122 20.032622586925108 0.002309826799874166 0.8680185131116067 0.18083549098862212 0.4624251839969072
93 -2.1022851307793626 9.780478139816275 19.288312090876197 -0.05019621124750446 0.8665954625945743 0.2290751348104989 0.44047386664641397
94 -2.112984497421284 9.790220684910153 19.347388441572946 0.6952221381145607 -0.6071534079795182 0.24106454738874045 -0.29986463920665396
95 -1.9304266939716384 8.817090111288788 19.356123037307263 -0.6210895610180011 0.6607281427944949 -0.2943666985892864 0.30171895080595856
96 -2.0155985635809 7.844675028101375 19.274599473180515 -0.6309126182168803 0.6452560818866692 -0.30873272310395233 0.30046291393082664
97 -1.9970216059620485 6.873490145498247 19.28860257078989 -0.57917489627346 0.6345039951737115 -0.4466000602414441 0.25001901093229645
98 -2.1522781579997066 5.752556722350306 19.486514495923778 0.6269455655146247 -0.6240579986929862 0.42020056262328714 -0.20229275646924316
99 -2.1980385778357547 4.809399153654291 19.65395226699701 -0.5710640038607943 0.6066271938678167 -0.45653005837899446 0.31220130837491533
100 -2.398703386311796 3.806734514215064 19.828004354807 0.5790304611489501 -0.577567987737071 0.4539024402641523 -0.353711067575262
101 -2.410527061158494 3.7582080634473214 19.8322036974475 -0.6950049162791927 0.1751816552915584 0.10087292649858837 0.6900030483241879
102 -1.5224202953027155 3.6346263467605024 19.433016871043037 -0.7686121274973093 0.14942090370421834 0.170550552507571 0.598181661403654
103 -0.6613960699466265 3.664624407144939 18.86255421834821 -0.7161326847849531 0.1782925534779849 0.30785136943661034 0.6004941943874207
104 0.16126034153816327 3.8472910429465847 18.1828019976127 -0.6370177201600399 0.19163035661505806 0.3797675331550439 0.6428552336156427
105 0.7976028107111244 4.129421585531405 17.42940316168238 -0.7533185665477609 -0.02166493160143456 0.26930660822888813 0.5995962965174008
106 1.6718324024807283 4.466354705805895 16.99839332306413 -0.5848293413598551 0.06868380330527006 0.30369721340281575 0.7490161408270753
107 2.4011712123017745 4.836998914472148 16.569086545583023 -0.559035442614757 0.0018208973030500292 0.3759545194905627 0.7390089698428254
108 3.135330714587463 5.408601633905284 16.185221601958787 -0.45367965802008525 0.03935814445552659 0.24005727713191918 0.8573203648927309
109 4.054028240845262 5.842298807453058 15.984192728929038 -0.47291110495761607 0.04421912048333603 0.18667656666046598 0.8599718691046279
110 3.9927803181976462 5.8244921395414035 15.93290025461741 0.9082224449467986 0.07874516792491222 -0.22898018629615394 -0.34131988413673586
111 4.869946290646808 6.154166684813682 15.527431420285128 0.867278212016965 0.1286548259294869 -0.29164652942990027 -0.3823855915135968
112 5.695213361783241 6.66412451076316 15.112059064315385 0.8503766999781289 0.006072302101423406 -0.38645290808026733 -0.3570388565937888
113 6.40710680518041 6.9192457037456 14.435637717796032 0.8351281259189771 0.06418616289915649 -0.4034852959687675 -0.36829440089191606
114 7.073528828965137 7.350202119055708 13.874811632005928 0.7767157069703178 -0.06671558230963891 -0.4789818161996798 -0.4035321069911796
115 7.607896786211819 7.556846869883809 13.04471293117083 0.729321238814106 -0.206428480864189 -0.54451812144187 -0.359134833069945
116 7.987368189309795 7.556882042124012 12.091620132421763 0.7590586731652474 -0.13974571614123574 -0.5470422770281687 -0.3241077176751937
117 8.339323278719304 7.759550996577726 11.110429948410113 0.8480972852770498 -0.01756595938007456 -0.4744055591780326 -0.2352908778464088
118 8.234613137227786 7.830305511190023 11.118782437358682 0.8274500040505908 0.2370154610671381 -0.2443066407592758 0.44661440560367816
119 9.067541011665513 8.04239457515788 10.542502851180034 0.8381541525311526 0.09372548435037127 -0.21209322215878787 0.4936897966257521
120 10.012049855307621 7.9798988768765815 10.017708605758623 0.8372822074652859 0.13030928058389324 -0.3359534018464504 0.41123388508677516
121 10.822318158477414 7.912034540136975 9.335118945348134 0.8490176480453532 0.20674936795380192 -0.3338558160346305 0.3535025123787532
122 11.564884919925587 8.024584479902986 8.561567345333007 0.8725998252379786 0.26779110867590833 -0.2894671978048478 0.2882120894476593
123 12.258468702489447 8.268106318055828 7.890889991887675 0.8649731313746535 0.30206034519218505 -0.32886291897411674 0.22897644067922654
124 12.891097902945873 8.62480346832451 7.10173616332423 0.8614320364249468 0.3193271458309578 -0.256206435383893 0.30053832205577685
125 12.945685790109598 8.636419565421788 7.10247893416712 0.22693091868953982 0.868958487037513 -0.43839131087880545 0.03502234278513736
126 12.02732651858637 8.958579243461108 6.840084821968723 0.42347238922201774 0.8366919306043342 -0.3432816771552279 -0.052682435001443935
127 11.370433879009095 9.749300880163938 6.64978320356096 0.41417184871043705 0.8121883769337946 -0.40485711319575535 -0.07001741215030637
128 10.785392527778635 10.510990516717417 6.383879622565355 0.3867732665641612 0.8492322197781136 -0.352561580630909 0.07008144565475535
129 10.048547511740054 11.140581448459402 5.973969744904872 0.3721897128127197 0.8265643858500469 -0.4179241214244906 0.060046335877280074
130 9.25100682537576 11.725718122439941 5.617128268402817 0.45054413888017325 0.8002355536376001 -0.39565967757929277 -0.009298233858981523
131 8.70246360749178 12.450517231484316 5.362139576908414 0.5361648084503592 0.8158067193865703 -0.21633474272874903 0.013637223749598191
132 8.326200079971706 13.357705229426784 5.1841205024209955 0.4646748384527311 0.7916140085883945 -0.38109525167333114 -0.11041270337955437
133 7.820344042923774 14.21505567164262 5.055974487365881 0.3976116563265141 0.847735109190175 -0.3502470367507184 -0.024024334474619224
134 7.1626082869329295 14.9736680728938 4.794646459616574 0.3294211727460009 0.8314743535658631 -0.4462075309936899 -0.03210809233501949
135 6.374470054023739 15.582935552454977 4.544989677801915 0.337542060748176 0.7847713409652336 -0.5138632817332204 -0.07838257020452993
136 6.447996976683549 15.596867113932259 4.4760183509240825 -0.24895005052597702 -0.2747473295025103 0.8868466866432103 0.2757548397840217
137 5.774586977720339 16.195361821014583 4.2413217576581745 -0.4261204094815553 -0.32348123837239795 0.8129843998836274 0.22986441784275596
138 5.288784662083343 16.79365685229909 3.619458635212946 -0.3924336630204342 -0.2736710667580296 0.8499101061791631 0.22080031422624716
139 5.312049656646964 16.90818172237786 3.666979462619925 -0.11046821647606139 0.34484677509705136 0.7810943140929221 0.5086935692000288
140 4.833304796401486 17.517439140437126 3.096826418090774 -0.26627442920956407 0.2652129411946807 0.7688098178027499 0.517389107173786
141 4.497857378408143 18.131721430908303 2.4003002083576597 -0.274395194230375 0.2808761528693427 0.697729050731423 0.5991577721251875
142 4.406352425672793 18.822636308325766 1.6835063655036828 -0.34398679833867685 0.1815869962486947 0.615607737723752 0.6853658574927166
143 4.692341131730258 19.508553126635345 1.0988744454228425 -0.40782848015728607 -0.003115275908199158 0.5710102105718932 0.712470045160676
144 4.93611580343559 20.357992771206124 0.5879342670810414 -0.4723477741551564 -0.036598558508349664 0.5906321645775072 0.6532241360607155
145 4.952722779187486 20.4495626464414 0.6022431836967209 -0.47169430206975277 0.1833021832680245 0.8259538227189571 -0.24840506786304825
146 4.952791258263084 20.472700376879462 0.5646229015452711 0.8951986467860176 0.16915009159850547 -0.0775446875183663 0.40496228311088256
147 4.941144953471564 20.43984258322817 0.5699511310209785 0.1728410064105921 0.0205497582731923 0.06659343629110612 0.9824810472374668
148 5.863354115864147 20.61337654799763 0.5418635349483046 0.2411738274532087 -0.18228679110071155 0.11110119364031605 0.9467118017187028
149 6.699964769177438 20.708932923603516 0.9513283040994811 0.3310272446535825 -0.27431452672086293 -0.0635266517794641 0.9006313720055819
150 6.7167346587476775 20.756472153165337 0.9790017016203767 0.08113360611596912 -0.3623604918520413 0.6763284173715584 0.6361541352212122
151 6.669786709599494 20.73241888464248 0.9679525630498537 0.42096531522556635 0.20053940155356717 0.7855662658661036 0.40676503504451134
152 6.274833633112537 21.596256227261268 1.4028512445457393 0.39263309570265065 0.3422949154806397 0.7093426062148287 0.4748752573080736
153 6.289224110392267 21.63634089566504 1.3732354251069157 0.6423305010215318 0.732996454736322 0.19072720773839194 0.11726404832567719
154 6.163052698855331 22.709839206079657 1.442486944249843 0.6811986390442041 0.7068483496523288 0.18586566744770538 -0.04228212887641623
155 6.00742025865463 23.57747969763523 1.739424070460076 0.7165189011013893 0.6701557984531777 0.1933791022067023 0.009817993367826627
156 6.060019369527502 24.619847167513747 2.0146617360192254 0.6690300694747899 0.6961808154638534 0.236665756588931 -0.1082606021451508
157 5.963159249984054 25.597353751601585 2.54801609135191 0.6009159103864251 0.7826024511036739 0.07250871489040665 -0.145519615296073
158 5.728572749012913 26.572299899205035 3.0028738181192867 0.6545030139234947 0.7546807257033459 -0.022694336442542252 -0.039595127356344004
159 5.647151508992766 27.53372300584677 3.1124862575874532 0.6576422417153721 0.751384723174142 -0.05409414035658053 0.0012262427085104146
160 5.4881730939370135 28.559597760139397 3.01913482556888 0.7370890613948626 0.6513068250542314 -0.14856459094958302 -0.10211609826956633
161 5.555091503296138 29.56436478101418 3.017197510882073 0.62352846537937 0.7527951912058999 -0.1990700335398826 -0.06987685385984543
162 5.554437985339407 29.553003630642745 3.0396689239776395 0.9420788578036815 0.11752978768069422 -0.2260551456275828 0.21811291988860645
163 6.392807833525991 29.676961230997126 2.5510071937261696 0.8753626228021005 0.18902959138667416 -0.2832615373365705 0.34317778722833536
164 7.161095979570762 29.79525414593061 1.9866272715129458 0.8373651577272665 0.26116570591518984 -0.36430443313899386 0.31288072275786893
165 6.987957532815695 29.717148386796527 2.1050865148470077 0.8384937905081444 0.06293994811754006 -0.2662264690067154 0.4712644622825501
166 7.811411330712768 29.54452038859584 1.5384047969872132 0.8265921875950174 0.024002998353524818 -0.2672701205689629 0.49470788767511664
167 6.968729329062619 29.75523967045279 2.0572586620664457 0.8213776129994562 -0.060997075343484156 -0.31693121580184364 0.47029009995238213
168 7.739208971015994 29.37886237307078 1.5831587733553258 0.732599281455726 0.06347070738480036 -0.40400050696524864 0.5441078500503814
169 7.149798569631443 29.7196761318067 2.3044919669074218 0.7889506512651336 0.10497934474191407 -0.28639175732933153 0.5334003828079762
170 7.20879279347586 29.7064070334557 2.3993701292137275 0.7155032321328514 0.48708081381692225 0.3828333952799075 0.32287148693767564
171 7.259311771691956 29.677838914667074 2.3877757680184604 0.6302781192055583 0.7082443424506698 -0.20408148082041974 -0.24390611518259808
172 7.118584171706096 30.689059136893675 2.450548053322527 0.7602862984679251 0.5661317598400212 -0.2330818419514017 -0.21710004563546925
173 7.285450115399381 31.614276397193983 2.3773307964231414 0.8800825655615545 0.3989510931202867 -0.21035313721915108 -0.1484730977476412
174 7.908066091087023 32.45881220841301 2.188199429305094 0.8551627885737597 0.31584289131635374 -0.40884506991853925 0.04225614567114684
175 8.022801965262897 32.43401920305762 2.1860725314152933 -0.13370368402576735 -0.2132525343294079 0.9275548148196194 -0.27620417626271215
176 7.2385062252869945 31.91785096153918 1.8400948048251629 -0.0762112252322227 -0.12837359437761825 0.981678355400721 -0.11840471254519111
177 6.311440900864764 31.817031285835043 1.732589506601656 -0.015365402950062867 -0.2049404271551926 0.969850845692532 -0.13096817483308482
178 6.387615685383788 31.791338387421174 1.757218284388205 0.6633582805891205 -0.5223652358633245 -0.467016416717528 0.26265189596044997
179 6.404742323016758 30.982067906379992 1.3965508939368556 0.6928116755007149 -0.48382334958943396 -0.5155638256546916 0.14184812426765125
180 6.485707343747659 31.726435571116262 1.960833500605176 -0.39154394030290324 0.06914550383188692 0.7921971901901312 -0.46296420376393216
181 6.498076321666671 31.69744588201368 1.9786461498182681 -0.28188749858281137 -0.2561590318181156 0.8987708972306381 0.21710104295457572
182 5.759061565224999 32.29443695729011 1.5212110590570076 -0.166779178766015 -0.2445358494588148 0.9379632929724314 0.18058733315463116
183 6.626982367201315 31.811765137981503 1.820215888311727 -0.5647641756959262 0.5997327079635189 0.5552154147845554 -0.11444626702019912
184 6.310541742803016 30.96938510378971 1.3133523242228768 -0.5539555997910306 0.6789774136402408 0.46568820531700666 -0.12352068917875038
185 6.688884355709088 31.775697690510146 1.655855808885501 -0.41959432022493676 0.1936078821300257 0.7745956940172221 -0.43180794946605267
186 6.621764148714607 31.70027505921148 1.622548961117549 0.9224943112881578 0.14948911078987034 -0.12381034254945286 0.333658883403436
187 6.611311523677175 31.710204711761207 1.647202037740762 0.40401786164879644 0.2856927319736367 0.013141145251481986 0.8688938604154439
188 6.724966024595315 31.742017345087557 1.5595797037178942 -0.2459646791930954 0.21316430565247557 0.1915522550736189 0.9259428108481359
189 7.5648369264775965 31.984833259308562 1.1038471826413763 -0.21797098552363803 0.26263615584855277 0.22409046133876548 0.9128495846786193
190 7.584980942983157 32.03523629341045 1.0748154646955197 0.45582089833491507 0.4681767885193809 -0.13346303376891666 0.7451344992348874
191 8.021944757280368 32.24193576063187 0.3116524548422134 0.5896239244681658 0.46598895031344817 0.06038126976459162 0.6569261968761357
192 8.028950923556634 32.16136296147145 0.24029484584055472 0.5019157225411834 -0.1521735201884855 -0.46002955688008595 0.7164472304476567
193 8.586301376181591 31.366425960000658 -0.055875948691705535 0.4508804380163967 -0.14486966409042223 -0.5397477283642232 0.6959827589575264
194 8.962027199979405 30.499065652837057 -0.36260895114191755 0.5101970638159955 -0.0011382917542153408 -0.5461447854503232 0.6643971204715138
195 9.019794078484288 30.472954311057553 -0.4245561191684117 -0.025432143612837105 0.4658658042518807 -0.34960187693912265 0.8124658676773115
196 9.348702641038528 29.904812311453327 -1.147338121748541 0.031608490147781505 0.6325347652476688 -0.3024388239911983 0.7123422154038567
197 9.344241059441567 29.487857309746897 -2.052391833903365 0.019788756732178465 0.5141320584813164 -0.432564436019893 0.7403814153796342
198 9.482322627152167 28.80619112889547 -2.8183048629695686 -0.0678305627705376 0.594551792586121 -0.3637983701956663 0.7138332624148577
199 9.57461783586988 28.18362792851995 -3.5352460277748268 -0.12922434102392225 0.4439817547781594 -0.48564850848372765 0.7418401426982568
200 9.703374060197335 27.31361464623139 -4.073955808176557 -0.11663544673071516 0.5451375605210164 -0.5549324094609234 0.617471645992766
201 9.481201904948074 26.481088462199967 -4.562111151357953 -0.08030438803606291 0.3948852788127328 -0.484590008481293 0.776395096274599
202 9.505508484560169 26.47420990339803 -4.474101819476641 -0.45998726764528974 -0.2692684760803485 -0.18726504563475746 0.8251290832815186
203 10.330519318131143 26.41973110957459 -3.8522676454114895 -0.45183067272216487 -0.26056428595147524 -0.20102268703878642 0.8291834389142969
204 11.208447464272945 26.332233130786395 -3.1935370570838995 -0.5482201603726509 -0.31431506401610887 -0.18883000571010905 0.7516674299429594
205 11.939386239359846 26.38187926234235 -2.5119206226289665 -0.5028057204044901 -0.2865669883737828 -0.17608023631599035 0.7962797994937497
206 11.98968861312929 26.415225064974727 -2.5077436676976377 0.16918833179075915 -0.20928184963078383 0.1161413131318836 0.956079291264579
207 12.8382424225992 26.529314532832082 -2.0181722616181994 0.1641814454764939 -0.3234441114441202 0.03212268323108983 0.9313412333593996
208 12.862200722581001 26.516648986011152 -2.0070066044896397 -0.5738898071242138 -0.24080340264427813 -0.16456745497644595 0.7652331431115913
209 13.694683515208517 26.4832238438141 -1.4736421725748996 -0.5660195250295539 -0.22727057392819444 -0.028963466216412662 0.7919160947577701
210 14.571596814468322 26.68643100665569 -1.105290731874049 -0.5934474774319686 -0.08904481236169073 -0.10050069423379535 0.7935935504901923
211 14.538825646597648 26.68734683071093 -1.142447511277477 -0.4645778888512473 0.32364802823866207 0.576008561638098 0.5896045080622707
212 14.689545215052865 27.037462816685085 -2.0912322718673293 -0.4194130635076206 0.3802007417052635 0.4861128537809872 0.6657584934154608
213 14.810846114850026 27.341055017094263 -3.0740766837237103 -0.44493736809286666 0.4875734938554854 0.43897845431543925 0.6095906357638498
214 14.880143329125472 27.451087049181275 -4.023095567727647 -0.5077726338132134 0.5703590049564605 0.33611178860267343 0.5512589440342701
215 15.049242567545122 27.3181917362343 -4.990245338867598 -0.552067086818116 0.5323330735521051 0.27515130638884044 0.5797716697521886
216 15.252880609063718 27.085979461236207 -5.881735679355497 -0.5601332412898214 0.4987564005038056 0.30254746547134787 0.5881818053081109
217 15.555113099645475 26.901551056290725 -6.8094818698491695 -0.2606681168413012 0.5811855652551522 0.4039019155769955 0.6566115397970795
218 15.507149851826664 27.120073225155437 -7.769906323894487 -0.27699344344012744 0.6501224639703629 0.3850238604970692 0.5936093336363711
219 15.35076099192656 27.260009044624667 -8.748729802689656 -0.26022833407923884 0.5831457392133962 0.35864709550754453 0.6808777583851652
220 15.374450971888345 27.404360351789922 -9.676904636688374 -0.31959038566679127 0.5056174854769521 0.2863207351383016 0.748487394950094
221 15.753489654623815 27.455234869356698 -10.57856167107422 -0.17685989903339305 0.5303644997004467 0.2668529345980758 0.7849990986413854
222 15.814888481546319 27.359745689639027 -10.572611786095692 0.17427061592826956 0.3827217681105808 0.7888169442427908 0.4482428238285112
223 15.37378920550958 28.157177541243133 -10.652785798879753 0.2163165470705442 0.4448607909759279 0.6869159279700979 0.5324026070716824
224 15.02856015407562 29.021879240867424 -10.749955640015008 0.3565014597372614 0.5154343246424717 0.6179950602971651 0.4746749115277359
225 14.772434235671847 29.962796134810812 -10.822966879864303 0.29875457292120655 0.34759960421174263 0.707456295760642 0.5379830944361869
226 14.569932870407888 30.94392122103905 -10.80680186905834 0.4346281902040001 0.27290494410183513 0.5631085187053605 0.6477113739361252
227 14.581562145348313 30.976839688069315 -10.843004900488758 -0.04101717136663036 0.7245703828555933 0.6707046021101002 0.15320146425511355
228 14.584118212732399 30.964417312085274 -10.860234594894637 -0.6717968077603392 0.43494482859961114 0.23424981641281103 0.5519411822540835
229 15.119331372941259 30.687332366688345 -11.69725217920186 -0.6502760015404028 0.3465581658368961 0.23998399838848497 0.6320175947154218
230 15.761762570290015 30.52216368386275 -12.447953403791267 -0.5952994876381404 0.3911847444825734 0.24356311880753526 0.6582324990902662
231 15.751578041210198 30.517802046245432 -12.564145883263096 0.04751469864928016 0.5176126124482846 -0.03986894833797866 0.8533639339725774
232 16.166873115770187 30.507081172711363 -13.541507436179398 0.06681758286115003 0.46612548976603274 -0.05825264026551856 0.8802664757407642
233 16.819373637679032 30.50373931510983 -14.317963079145569 0.042204424133306676 0.44645898227531444 -0.03720924324442934 0.8930333901632364
234 17.52904063890796 30.416698102840577 -15.127981735484738 -0.12515229534870215 0.38081831968498325 -0.17855841053367105 0.8985717580632868
235 18.243085943430422 30.0679064735117 -15.75807610137945 -0.13000842173783103 0.4411502886145665 -0.29886139024788716 0.8361615289832599
236 18.705090670763994 29.41985729200064 -16.455793769631246 -0.08972184227150089 0.5043716177604072 -0.3833444915463162 0.768509117069052
237 18.937008754605827 28.718593364411802 -17.167507671592883 0.07144126919750445 0.6077804063728336 -0.31680599478368604 0.7246606684192554
238 18.970497714204182 28.369065756667318 -18.125827137059304 -0.024663146989975158 0.5819336540293776 -0.22137919497664452 0.78213566823158
239 19.228306589143564 27.954919608375103 -19.021507963216493 -0.07539429566683273 0.5273312851849483 -0.20771263964614045 0.8204223760827867
240 19.577579919301282 27.494135687480895 -19.912181533486372 -0.09064472620618179 0.4291864942677277 -0.2104097603364795 0.8736762669915724
241 20.112643077366727 27.015827982902323 -20.76198026421134 0.10606606161494068 0.4329402424965121 -0.17628651474286616 0.8776307889541992
242 20.622797762588796 26.820288095218004 -21.52967908526172 0.14156663757028698 0.4244182568680434 -0.03803819889661546 0.8935217545134735
243 21.34696867953288 26.891316790334383 -22.326733588356877 0.11552662457734719 0.37834222057881695 0.09224253930398106 0.9137844806539493
244 22.01949496049921 27.100984955336028 -23.006317744804345 0.11484063571829838 0.5159676882829468 0.07711866611120266 0.8453648232408287
245 22.54302532821399 27.338430052105707 -23.851881134284305 0.21044977959650207 0.44645675828605086 0.1580894371104824 0.8552163370297513
246 23.038025872701617 27.792387328086214 -24.49877976184324 0.4534471255957438 0.4256968395797676 0.06417698478457114 0.7804160555016253
247 23.601541183098032 28.327120476469343 -25.189368376556562 0.46309150753811806 0.4438286969016485 0.07603806288237513 0.763400652636447
248 23.26116102199521 28.03778078770688 -24.851244180257137 -0.20949946056164834 -0.289761137840043 -0.7724279388261167 0.5248843094843448
249 22.8822846075575 27.312000652837742 -24.30764705334156 -0.13374389797060976 -0.33674728984318 -0.752110860039706 0.5504934938300664
250 22.5892070689401 26.585544295335563 -23.711801650968667 0.07321811483341725 0.35893455936983465 0.824371471412831 -0.4315284079534825
251 21.898335859884817 25.973738644371164 -23.30737169299166 0.009576290972006825 -0.26583786308795665 -0.8236074158281542 0.5009085243763767
252 21.35808144761568 25.116262004465014 -23.04769651018869 0.1007776232342542 0.33676220260780393 0.8519468111779206 -0.3881001423263946
253 20.631643647314462 24.549546050138144 -22.68530976439637 0.06922529265462932 0.43652566969587986 0.7993122229358394 -0.407127951409396
254 19.957287429114952 23.929114398361786 -22.193739650786895 0.060070984669478356 0.39424896701900036 0.865246615994486 -0.30382153036837384
255 19.04764306148814 23.467790577565008 -21.90675045355332 0.005486836867812698 0.29427336186689346 0.9018145036036513 -0.3163916626696132
256 19.04535130952016 23.375547141419613 -21.91785108871797 -0.1551895307133242 0.23164011057703673 0.7905576760592056 0.5452317209707315
257 18.646931280866596 24.22000701695716 -22.50280394721771 -0.013820910258616068 0.24307586247090118 0.8186734844724787 0.5200931006515489
258 18.608888826900774 24.246596371856743 -22.457741895565732 0.5255710764404797 0.6536351857705708 0.45555324363051364 0.29834096223881945
259 18.343088060264023 25.103147271696574 -22.33088452103907 0.5077043565128031 0.6033335313932157 0.48707802502157316 0.37547294684916493
260 18.1438628714994 26.090087039682345 -22.260845700949705 0.5390338916462016 0.5715388253855881 0.5251482017604654 0.32711649441959145
261 18.174070780448265 26.092941873442143 -22.213583719900864 -0.08254339170383247 0.8694493392525345 0.09985082185436588 0.4767328899230325
262 17.68253601863999 26.005883834777173 -23.109713705566914 -0.04617960239201162 0.8642714305189083 0.11318539882194067 0.48794610789023973
263 17.094196023105685 26.03621622984272 -23.938735036682278 0.05677129432225559 0.789401849698035 0.18291583755932975 0.5832354037644348
264 16.82624976390117 26.399242150373308 -24.811800283418712 -0.03618127044068415 0.7355695591736551 0.23202906228267664 0.6354453977664746
265 16.81763893979761 26.40366137591683 -24.805607278426315 0.5159595812385348 0.6496287738645794 0.46971712729042797 0.3018840622248661
266 16.520593283628916 27.30850335760553 -24.66779080408153 0.580031806648687 0.5925349000484184 0.41923752807829817 0.36973692073049624
267 16.461273921913786 28.3183608958006 -24.54360883379521 0.6351673361673402 0.47868428150812803 0.4612276483517545 0.3933101449226079
268 16.62916536933392 29.310730825263267 -24.32055375197582 0.6838964138741926 0.4916182251610599 0.47436559982267096 0.2560751715500477
269 16.71910868590488 30.141546204683284 -23.922500906720355 0.637369922194251 0.5486351421771277 0.5108342588004495 0.1783463570869151
270 16.56301920001205 31.052935406490604 -23.463740258103076 0.7127079853308519 0.4769549480126031 0.4119233478812921 0.30802672072760456
271 16.833474923970602 31.995290805526228 -23.18015257145138 0.6921600190138483 0.43310602925614916 0.44715209865517974 0.3652241451067955
272 16.99453104170672 32.934166794653564 -22.847781050222665 0.5839539866854071 0.4057629203251341 0.46771494043198586 0.5249732644812856
273 17.190601832402198 33.82635294738678 -22.692690855551998 0.6257079717377293 0.35734835267662485 0.517500616554486 0.4615027635983192
274 17.412737422388066 34.80034563142028 -22.3952326722739 0.6619756560437089 0.37875770164813644 0.3280553769338785 0.55741412245519
275 17.455316229919813 34.694664785785854 -22.403191971353863 0.6133058304907198 -0.08566660656647655 -0.1558792387649737 0.7695575701190425
276 18.363608446023555 34.40252854101767 -22.472241300305512 0.5969476412855056 -0.13049218330073495 -0.1946227443073016 0.7672986974180089
277 19.22225937368196 33.96267454068437 -22.422778799896122 0.543169556289058 -0.045103642773232755 -0.318996052233946 0.7753541211527092
278 19.252313525498646 33.887379031621364 -22.336821577704264 -0.4937706176070332 -0.3351073286257455 0.6994570070635617 -0.39326015658717617
279 19.06575763239588 33.716905397989656 -23.35599472310745 0.628348847982918 0.39172207763150796 -0.6271487263993062 0.24169405063079696
280 19.0826166508935 33.644024403957026 -23.35128211372981 -0.023714465450784535 -0.06624842268767718 0.899289901582798 -0.43165546855215403
281 18.502211023824547 32.87804248920193 -23.466539092486684 0.08585508066955795 -0.24281133220924728 0.8451861980705789 -0.46832878692751106
282 17.989655559491844 31.941689904594313 -23.497130024662706 0.049627162943422586 -0.17289423676049878 0.8691004526690006 -0.46077014960143586
283 17.40483121992061 31.220241940688496 -23.434228106663895 0.06872471662793049 -0.15583185052220871 0.8765942130629701 -0.4500843624385837
284 17.48654398657216 31.241047188342307 -23.419681904590274 -0.16463241100492795 0.7804155033896936 -0.5356249045983861 0.2774054305338758
285 16.73857775764736 30.58459797812399 -23.680696151240035 -0.10202128833530177 0.8212985330459748 -0.4731379959457213 0.3019947236880163
286 15.82195547513033 30.181861499358988 -24.114003857267775 -0.12629934484071134 0.8100713599208531 -0.48636108269784123 0.3021353414709541
287 14.999622458612496 29.808050635297402 -24.5029424602934 -0.16830567323638262 0.6605834205619734 -0.6096202450369612 0.40455642582483536
288 14.378990914115814 29.082643719769944 -24.81844980195158 -0.3094706450572901 0.6036651798560804 -0.5827800925586973 0.44741885766519346
289 13.976107398090106 28.20800650006638 -25.002680158258045 -0.1846710387972536 0.55977876409336 -0.6254347632589022 0.5112491560941078
290 13.521160243792973 27.319465775073805 -25.367624195033656 0.21044207637126378 -0.5065407737165648 0.689174474806122 -0.47346501489643356
291 13.08144792747961 26.402523170716233 -25.535382913186194 0.10838401344018131 -0.4839414419834201 0.7171488486487564 -0.48964386572627366
292 12.97535215087546 26.425137969042492 -25.513771378224163 0.48958018943470194 -0.3755699557443733 0.7586580205928364 0.20903696860940607
293 13.046451207563438 26.40577948848381 -25.539339592727366 0.8227466787469512 -0.47560370828673343 0.20405008597823962 -0.23505866860646
294 13.497607959759572 25.540799979487254 -25.444203214093015 0.8908914849533969 -0.4181166633566954 0.17311740158922667 -0.039002347724071615
295 14.088281056482076 24.841187290698517 -25.096178545255302 0.9003668725464148 -0.4174660556823305 0.10696146521234856 -0.06017335069324694
296 14.613674757079128 24.05691504047585 -24.902109761636535 0.9072412021794196 -0.40360470261338977 0.08946968027848981 -0.07753593623129325
297 15.310017839713934 23.270771197529854 -24.83157075449899 0.9251333611060526 -0.31414698887084896 0.11700849046484474 -0.1781823411877136
298 16.074049388133936 22.65406450539648 -24.73339401713979 0.9299533514445981 -0.3110090701805448 0.08435555590092449 -0.17704310941417148
299 16.83690192376616 22.05986885725473 -24.62543682967971 0.8779225275255841 -0.4350784004825699 0.09477562008041494 -0.17600114469795675
300 16.20270887446361 22.87283817656404 -24.621496150113664 -0.0621574669042849 -0.12057562763079928 0.8295065551519064 0.5417719467538906
301 15.810688295049292 23.81122394095562 -24.594801614886062 -0.0071461715630661065 0.0023295948263799314 0.858625765440335 0.5125478515630871
302 15.258608105080024 24.65400403049357 -24.5426994613357 0.021372977336869433 -0.05054982923379087 0.8838435373900738 0.4645519475989668
303 15.194312003018544 24.601756042198073 -24.507148025385053 0.7014272305969279 -0.3222386219756095 0.5646376027884193 0.29214121277514116
304 15.360709968888267 24.548005138882 -23.501083543166327 0.7614135042970581 -0.36164939050442785 0.500170733580252 0.19821309515680685
305 15.60982614706751 24.16582738293704 -22.607481408092635 0.709568534205821 -0.38596027910381314 0.5545491164141939 0.20005608139555475
306 15.736963663194809 23.86834669231687 -21.75019101650996 0.7517714601386576 -0.1989532061514757 0.6283928913362475 -0.019485060972684078
307 15.860886767734307 23.538946013163812 -20.831621078266103 0.5668409686650158 -0.28077934085264544 0.7704296326009836 -0.07932502255639735
308 15.514073349853659 23.074977574335982 -19.95604878574193 0.6519278219244109 -0.17914872645811492 0.7224789158048729 0.14463770264610687
309 15.500390386888075 23.21397354547683 -20.00029744199273 0.4892993440413754 0.3598348254276091 0.7109445540825412 -0.35448962093485614
310 15.213611242362788 23.053063654418683 -19.04834379378927 0.47154445985784843 0.24256762599792234 0.8039146777159198 -0.26931015604319514
311 14.806457585856359 22.922672657150567 -18.129425735263027 0.26912775698191843 0.3153371713815594 0.9025111505448463 -0.11664622543904084
312 15.677658536174565 22.958216194970753 -18.66572491821683 -0.021284348924394337 0.8361131741410345 0.4569213189807728 -0.30279472383041744
313 15.736020877359165 22.98657995777316 -18.677659027788305 -0.5847732302044629 0.6188864266101202 0.44982700386601554 0.2695839883726737
314 15.53961916060264 22.519461931595213 -19.465077920199025 0.6146300579132034 -0.5720605900789328 -0.5396378934307638 -0.061380103956925655
315 15.345494972120834 21.871498727350065 -20.14997613968838 -0.5679174059264246 0.5818301587089104 0.5821852694783092 -0.0019489651180591768
316 14.942746360709586 21.258928201475968 -20.832045116753974 -0.48993657202086527 0.6559123728805886 0.5711454533765685 -0.05944733455649569
317 14.512507269882486 20.528530845011954 -21.373343505715805 -0.42207925684138276 0.7140142377255538 0.5571913108104664 -0.03963095288705033
318 13.830864421279218 19.906395255937138 -21.76998438242156 -0.39228852946401116 0.7056935823371523 0.5867481572527964 -0.06191023711444906
319 13.808149645928312 19.85020083252796 -21.78040166721226 -0.15169836743411783 0.015702457913521997 0.9591021109755373 -0.23846211199174808
320 13.767564173701599 19.798759455619084 -21.69949514595787 0.21178934555911078 -0.101657456368267 -0.5522864586218831 0.7998691782380893
321 13.687019596642669 19.74006913876188 -21.72800661322052 0.5016140283239912 0.5955091362115773 -0.27084416082534 0.5660350482292901
322 13.672906170636029 19.701000876779727 -21.76978048687038 0.723345066370765 0.3186218954410659 -0.5896891712438211 0.16588756439344865
323 13.77363595876514 19.94594743297567 -22.735361867226718 0.8046486610641905 0.18137921485364536 -0.5653669464883619 0.0015259374513898788
324 14.031224970246406 20.214457058011572 -23.653898723320435 0.7280282205884808 0.1203189052246347 -0.6494666655623272 -0.18355195829973245
325 14.209576250567672 20.694153789134234 -24.517987820931918 0.7695311495020501 0.1280372370032555 -0.6040400283497539 -0.1629844165491075
326 14.435575734794302 21.129279419855806 -25.403310481081558 0.7630704604809078 0.1549051339054405 -0.6193863277376881 -0.10044127061528661
327 14.512701573479871 21.442794798191198 -26.403280838079745 0.6788635447119366 -0.0025742747296388867 -0.6759475690886655 -0.286762174308055
328 14.623600680383243 21.418066810081626 -26.38953062167867 -0.06582710642770626 -0.1309856580898607 0.9671211126684658 0.20781314411035165
329 13.746980159920984 21.87007381394399 -26.391182424345747 -0.1159084292310841 -0.11865569830516418 0.9826118686480525 0.08342647592268665
330 13.68050116919732 21.948482545574237 -26.325925669532054 0.04830531035557362 -0.01741412439921305 0.6588273094824256 0.750539753472798
331 13.837324860811794 22.92263771462484 -26.156726059411717 -0.13217599919945547 -0.08046934141280578 0.7157474441346802 0.6809991090617431
332 13.70147482545283 23.957192886468565 -26.18180072600901 -0.15947311614755919 0.007201801444437581 0.6495653568816965 0.7433581279715021
333 13.592642233988089 23.999746018409024 -26.127942102640407 -0.41455045128350554 0.05170079101360597 0.9059391673412841 -0.0689142701201254
334 12.925653468919377 23.89212763944829 -26.806288436486195 -0.5082872158262267 -0.02449341740992649 0.8601571657207081 -0.03426118781542004
335 12.477646056808766 23.76002205853652 -27.67962292538518 -0.5812341162067508 -0.008979934296215878 0.7629300175699024 -0.28288522624587636
336 12.416794810917517 23.338370416641368 -28.606195934673675 -0.45235700632287196 0.022765321927153578 0.8116731597653769 -0.3688381225750001
337 12.094574763654927 22.694932840530456 -29.29343551487753 -0.5216428201142009 -0.022159936594825128 0.7521508158750762 -0.40207817102134935
338 12.116108601975526 22.69359596770586 -29.310553948154766 0.9134983949027127 0.2232706943448746 -0.19881767854801846 0.27593914230080036
339 12.947117552644169 22.969730132899898 -29.757527686754003 0.9262445334519935 0.2869753511013685 -0.1433966142158661 0.19787274481840775
340 13.7923707400537 23.44486804268996 -30.175912208332075 0.8629776870691496 0.34622425653428174 -0.2824294426781904 0.2358641255395804
341 14.328472506708145 24.015645756397937 -30.82509861569247 0.8458325525502646 0.40216840903908774 -0.17101470234376817 0.3059114829481643
342 14.913341157181518 24.554929371114195 -31.353250741185725 0.7542661651517476 0.6046950448782634 -0.10907415305627151 0.23136396422521888
343 14.889020318940394 24.640788204743206 -31.40103003396701 0.65574488975873 0.6129840068526922 0.385224649408425 -0.21412897138473608
344 14.862236259292892 25.270740649844875 -30.65959519948911 0.7104146432838214 0.5317094768178022 0.37922163119547725 -0.2622727993969265
345 14.910900686530272 25.218372692933723 -30.65665310290893 -0.005624827350019221 0.8784480338263401 0.40558675666434085 0.2525802763527267
346 14.002062180080243 25.433730571303016 -31.17362759141258 -0.03808970840648235 0.8892096661796414 0.381901073437935 0.24901187480349649
347 13.965828365639073 25.496853406114877 -31.112064375997303 0.1914180774843122 0.8103985587528606 -0.5148561055655975 0.2038050199217907
348 13.083155490585467 25.544728345963797 -31.571771216829404 0.3092249000187004 0.789475441039029 -0.5175319587401765 0.1151918438397903
349 12.308301872322328 25.988757751474186 -32.12164010369475 0.2977182888061456 0.7723173877686168 -0.5486887569568636 0.11760238539133222
350 11.486749669467544 26.347981599824177 -32.58742346223589 0.24125252889006416 0.8024690328111693 -0.5024036096124692 0.21314615110673668
351 10.689452133049402 26.588851526911945 -33.13747493024422 0.25108351660420775 0.7772393167409136 -0.5032714128601572 0.2820886335879604
352 9.94973431976672 26.756774665926557 -33.856183377508955 0.2999115629908128 0.7643810223296252 -0.449814458396254 0.3513426534089024
353 9.459331942397787 26.930801643400233 -34.650833941212596 0.38188759846321574 0.7029706940380985 -0.48156271694390573 0.3578986101023504
354 9.127239577387575 27.066459734362088 -35.43646202593096 0.3130947352846584 0.7941068252447321 -0.41370368467790913 0.3165679992050403
355 9.067070205977153 26.99663481962407 -35.47395575968452 -0.18365876215393914 0.3040669543645238 -0.5013193334368187 0.78898141440089
356 9.353490347103003 26.02670603644224 -35.781180183112205 -0.2594504066132898 0.29830148179741006 -0.48351673710360765 0.7809694471657316
357 9.638433343611634 25.096960914996828 -35.97778587927133 -0.20737980770914885 0.2887423610094468 -0.5811161594681399 0.7320693092311723
358 9.477335182808401 26.023724440041633 -35.7322271995972 0.1813479204955084 -0.6720809093985531 0.6819997553267276 0.22426884912589104
359 8.620279794408011 26.043557846710087 -35.269374398555684 0.2639060600011083 -0.6347007971823019 0.6681945392964058 0.28464811119223155
360 7.889687613308449 26.128901038268044 -34.639524784057286 -0.30163092051346174 0.7263140685208569 -0.5668724099118467 -0.24523933725978042
361 7.234884606905622 25.940872262449226 -33.98356740936488 -0.31205181868705234 0.6919903831944845 -0.5790722939907046 -0.29740250562629084
362 6.637484295921415 25.840025978158312 -33.141600564753034 -0.4321247358324012 0.6492657037063937 -0.5808459636770147 -0.23310989930189277
363 6.1212459274921 25.541227469568977 -32.41486558868618 -0.4372904290441542 0.7846266357600744 -0.3674323373075656 -0.24110495769043402
364 5.6112152133883075 25.098190511828722 -31.750554587672116 -0.3807793847788305 0.8062821103595801 -0.3381549691223031 -0.30094423985092483
365 5.061369041860206 24.673910409580518 -30.968131974568735 -0.38975133898752856 0.7761756564978366 -0.3020340341837878 -0.3929639757181907
366 4.648246534949311 24.307227008428683 -30.077899288231425 -0.43067797289449256 0.7731704231138118 -0.24389306503612057 -0.39653518546629113
367 4.347246794835815 23.898120595866807 -29.302274817606047 -0.4526228776209569 0.7079825420391911 -0.37078208346110597 -0.3954919688262837
368 4.082611624258173 23.604332746988653 -28.381872776431965 -0.47003569727480055 0.675900428195699 -0.3680311665808474 -0.4321783368904585
369 4.309744522613865 23.88211695411839 -29.300047608702975 0.06344239809074394 -0.7221367500281923 -0.1890794539569557 0.6623764310983242
370 4.282455124317152 23.917520617738884 -29.32372513272753 -0.470283784508635 0.5712530285136777 0.5523367178774776 -0.3839626147511244
371 4.101720249294227 22.9851291094186 -29.347826576924298 0.4537622017971921 -0.5450850714858632 -0.4889334393413721 0.5078643726008258
372 4.169297808952079 23.989561610517622 -29.471302047054234 0.42280664854044486 -0.44733429992831636 0.4720003501310192 0.6311435902659821
373 4.357494126473435 24.240941906649066 -28.521471154595016 0.45754379695756353 -0.3906252506406775 0.44121133642657057 0.6658814789707266
374 4.079451400167212 23.990090970459725 -29.547012472564735 -0.12444769975400297 -0.5922558039292714 0.007511323598095883 0.796046112204459
375 4.0933712614573 23.996904090357486 -29.59442649975834 -0.021332774722939436 0.9906003225164273 -0.05028572876637554 -0.12540836987778925
376 4.160517367178555 24.03921298963573 -29.563320159398604 0.025398254502217475 0.7731263115481117 0.630421346380176 0.06480402061954078
377 4.140458188067745 24.11513688780159 -29.680626673926078 0.04348698733388032 0.0936774343651511 0.9908054277039425 0.08739579312411173
378 3.113584544006031 24.256068950462595 -29.56845006403357 -0.06613828575033684 0.08076818660844018 0.9917560153471154 0.07431172998122443
379 2.1317841725824644 24.323677928851787 -29.62957236230185 -0.07537097242426942 -0.06420439919728038 0.9947918209303537 0.024212489537569146
380 1.1221167993315704 24.346935851251963 -29.699232465906956 -0.08365363965168715 -0.06675567022498907 0.9934347236041138 0.04041285690786753
381 0.12155605168979777 24.468632833666543 -29.850336828390656 -0.1672459494323986 -0.020576267551122317 0.985608190873823 -0.013487167773438159
382 0.11067318231850043 24.476427780020007 -29.871971517679277 0.7870652241229928 -0.0873736013095803 -0.6093019338834482 -0.04056279251120109
383 0.2965818372312371 24.348896066001295 -30.81883515824244 0.8397684227880119 -0.03096102039723685 -0.5240919158306325 -0.13841269835196895
384 0.7001665180248422 24.45509555993997 -31.775236792017335 0.8374755809387292 -0.13309535730425584 -0.5245671853024766 -0.07582575617312938
385 1.155845509404535 24.324122400264194 -32.67012381931931 0.8228004694829462 -0.15942383173144833 -0.5439059121326397 -0.04183046786573933
386 1.612568571092584 24.15584508924853 -33.57929888324289 0.7972712517856448 -0.1798314693001941 -0.5625180307707531 0.1248705681226664
387 1.5437142972903928 24.116263729610157 -33.5445836497567 0.6817961253416807 -0.5532668394367464 -0.27143535308054506 -0.3941734351104657
388 1.7492019590398067 23.553417233299804 -34.35023302276665 0.7210501038941487 -0.5626858718563977 -0.20054968869514986 -0.3510714737083053
389 2.089393207070726 22.906298235916914 -35.05259907739891 0.7224416274647649 -0.5740579888983581 -0.15299598787456542 -0.3537340073873588
390 2.3561682545749423 22.106180350810646 -35.62910668020193 0.7689730681831201 -0.537051047741998 -0.12625819573315913 -0.3229790404011812
391 2.7532670487496964 21.410932928173086 -36.21559756935531 0.7658800284802418 -0.5265713211305605 -0.20361611717275857 -0.30771886936846965
392 3.1070871322781053 20.68533381447685 -36.72850633208651 0.7224068637212373 -0.5694316190291837 -0.3417746551187012 -0.19252542589679147
393 3.1930495283669535 19.88786481298612 -37.41801519291006 0.708814344373858 -0.4964183188829077 -0.4456308905444685 -0.2292688100895305
394 3.355407883546561 19.36665852345883 -38.27933235956727 0.647726095988347 -0.5433318554830994 -0.4474447894820834 -0.2916068582155111
395 3.300927752014566 19.385554110430423 -38.33070088086959 0.7012853690245117 0.004585047786243317 -0.6474395374369126 0.2983284329265788
396 3.4678704555985838 19.080869324551614 -39.15297680888673 0.7469654763702839 0.05793859683134441 -0.5374926008905098 0.3870237720038453
397 3.388606934475981 19.074289964641597 -39.21696027422581 0.4638546694202335 -0.5098600656759398 -0.2238616871273857 0.6890337467225044
398 3.4620083507465362 18.97451143545998 -39.28058838433517 -0.1269213935942677 -0.13839645072521928 -0.6119817000990881 0.7682550234255422
399 3.686750925674141 18.11004340881336 -38.95756081527448 -0.10550337580087854 -0.19913080836506922 -0.5523720458310418 0.8025590830829352
400 3.3555188994396503 18.972851018067267 -39.35377116716346 0.5008845719404232 -0.2543923323758364 0.6054574652649692 0.5637556603488411
401 3.475390727917144 19.445405587898033 -38.294393420098295 0.5706914990070463 -0.3327320788275379 0.5685354487976366 0.4902734136588104
402 3.6274577877087264 19.6356240268746 -37.2318924242183 0.5344309058461267 -0.27330242859128834 0.6559110255569613 0.4576790534374571
403 3.6805007392075018 19.907140185456942 -36.26984507180149 0.5339670044899858 -0.2638503246461335 0.7567913844642106 0.26931216961151994
404 3.7183473335762165 19.913757422863405 -36.25604695809843 -0.08916677544896981 -0.12144852820453607 0.9357215538308393 0.31894312165241007
405 3.0001393332408806 20.556867012868327 -36.36932789232297 -0.18135171840711398 -0.22289321775098286 0.8632283131239351 0.41505065610429376
406 2.400038227093866 21.406467561439207 -36.49140520287245 -0.22385642155917182 -0.22523137680802624 0.7866575846426012 0.5294610221273638
407 2.065879065112943 22.28923736292284 -36.63682165794417 -0.2535187545201288 -0.3285785566695563 0.7537927328357757 0.5094711857676425
408 2.1061617479860306 22.304212189653995 -36.60246468629937 0.3368057065355381 -0.5956739990293386 0.7113077298079666 0.16054817482901618
409 2.1640399581632015 22.27282141492285 -36.6093177246498 0.612880697993289 -0.3399063023858999 0.36722452746056017 0.6115448487698761
410 2.1254524443756067 22.26093511514995 -36.57798289877378 0.6656041324666194 0.21902890378765197 -0.2798519477408314 0.6562624212116674
411 2.078955565982022 22.2540890142322 -36.60687503321749 0.3101472978009324 -0.26336150065028 -0.6791438323235776 0.6109116373575281
412 2.0352895440477754 21.233180115226304 -36.61227128519311 0.36680032468741747 -0.19954259451023004 -0.6134379276430048 0.6703239393863135
413 2.2341754440195882 20.270973205035684 -36.82165452888627 0.4023051824383044 -0.19571872061277315 -0.6237172133501303 0.6409536335459292
414 2.4273263189535887 19.2757472298994 -36.98846903673677 0.5163891735421763 -0.07836533480241445 -0.6421190857457076 0.561145413837474
415 2.5570529220152682 18.463541882034153 -37.57562215071157 -0.5476332469578632 -0.009869080437865082 0.7281022306973604 -0.41214993598352767
416 2.6071007739130385 19.058777890309074 -36.75025442753154 -0.022834271869559362 0.9368093536784468 -0.23899795196584417 -0.25445394444749564
417 2.5513460690621406 19.10795388862183 -36.712365765987194 0.3542334359330264 -0.4818010441547612 0.795407130619211 0.09855923740866109
418 1.8428622339490488 18.945079832008968 -36.04417950028881 0.34810946406361915 -0.4277252448615419 0.8314286113697487 0.06780398316650929
419 1.8208585422629524 18.918051223485616 -36.03632840610675 -0.2998319577355651 -0.2510950234308849 0.8575734279997261 0.33409564785776463
420 1.1635943024623985 19.715801209607434 -36.401693747816466 -0.34896721475951775 -0.13005973283607572 0.8430774695695348 0.387977743204198
421 1.05930884291055 19.753794291283583 -36.26554306200312 -0.19435450272227792 -0.3449767283688535 0.2679176338249827 0.8783151630486181
422 1.7239903671938603 20.412892248778004 -35.6975706889229 -0.19345992509994725 -0.20368091676081687 0.29765311101478925 0.912408881495031
423 2.4645069454450383 21.106718866123884 -35.414484372733035 -0.161377848483717 -0.045473988417462564 0.29970955840662594 0.9391823502365662
424 2.4278329579701925 21.066711732223418 -35.45353363128961 -0.3284628294158852 0.7225220921686007 0.06315663740104493 0.6050497790864899
425 2.33800794947345 20.5874057446161 -36.32138407540851 -0.3588495295604931 0.7103280757705952 0.18477616977078742 0.5766444372324172
426 2.2202642909554364 20.332282104928872 -37.335907675257715 -0.30896867612013107 0.7124546869531467 0.17242290962964985 0.605984336802455
427 2.174011445795416 20.13548176129053 -38.259949342742736 -0.365281084944758 0.7379335933962635 0.16341925436395466 0.5434315854106984
428 2.2352672705553234 20.218113487945665 -38.15463329527573 -0.07398351195173052 0.07631659685421381 0.3479059074512707 0.9314846732847446
429 2.1865017920291274 20.328608158648628 -38.18546708353696 -0.3628291486756278 0.6887900631992409 0.08634904017911878 0.6216647818313729
430 2.2546791070012104 19.901221611637325 -39.152926495019834 -0.35269540862549426 0.7847378756265627 0.18580848208017614 0.4746236648953203
431 2.001929637370198 19.54089487448096 -39.98374538842964 -0.22520359806704307 0.7541423676329555 0.22762563915375864 0.5733578264560956
432 1.950688653320017 19.472007228274176 -39.98805474555801 -0.4496821359064805 0.8879827819606101 0.08745302063489943 -0.04030539380668957
433 1.3829524422761024 18.71583074893753 -39.970272676118455 -0.4740998533340498 0.8585121923835141 0.17917295441585213 0.07799485241590462
434 1.3705155431010907 18.698664784753596 -39.97921783065879 -0.41398364165947354 0.45498738670307637 0.6430239530573204 -0.45620633289554635
435 1.1765812864539704 17.671112250869964 -40.11076964037866 0.3567558149338301 -0.42384516096831887 -0.6389410676845415 0.5336992412031106
436 1.0032349934830653 16.656184761607392 -40.17673787822226 0.3055812113322762 -0.38735250214532063 -0.6576727900321904 0.5692492104638633
437 1.218597536966209 17.677397383304182 -40.22643496698082 0.5997652637787074 -0.29806402403120447 0.3614865819962769 0.6486654892773551
438 1.7132912679036836 17.836216382553346 -39.46391774062446 0.5113142242304212 -0.3913565214583956 0.40603814769926594 0.6484835077506401
439 2.063970623119904 17.916936555548265 -38.550588436557774 0.4716391243600563 -0.47699664090474103 0.35982470037008746 0.6485036051881655
440 2.3464685869342903 17.970260162574963 -37.61116855660307 0.6137634377610821 -0.3571922813397817 0.28495740130062885 0.6438224880065712
441 2.4021266085470234 18.05237165443414 -37.61736091031285 -0.19707129282660774 -0.2879794245912362 -0.006676202300618617 0.9371158865789178
442 3.2148090850311104 18.025192682933113 -37.117520740695184 -0.2038060879776965 -0.29981271491775463 0.11772603189642403 0.9245085158562871
443 3.1977921516636294 18.020420955280024 -37.14286814819515 -0.11794763073975773 0.4748128340524152 0.10090114961413507 0.8662909944288565
444 3.658268836942251 18.067115404659894 -37.97020292301493 -0.08609942302913111 0.39555185053861913 0.019798380910046258 0.9141846897661682
445 4.374509629853119 18.06048322733554 -38.743873966699084 -0.16575138984383717 0.20248675113288175 0.08824546166508564 0.9611130687260487
446 5.3438334172235775 18.194675604964406 -39.14243879960261 -0.141229148070824 0.24190519220649057 0.037934545625569624 0.9592169597994562
447 6.1281524335062505 18.19832542517166 -39.584600795230266 0.009041285946463657 0.38670173062771573 0.002013821214536039 0.9221583221996533
448 6.879016443946927 18.263846925435022 -40.35654627612187 0.021083494295295255 0.3492898293030738 -0.10304127457846968 0.9310932268827725
449 7.663861835393409 18.06773561807664 -40.9538818622132 0.04370055188433269 0.3687003317610369 -0.10208910321814717 0.9228911865048991
450 7.641901666329296 18.076118156802842 -40.9794711093637 -0.7099686450574721 0.2879076495625819 0.28255990219374366 0.5772465764566025
451 8.284791766640499 18.00780665835882 -41.740054438633045 -0.6397297380031268 0.2751349840197302 0.27455489025703744 0.6630733105161595
452 8.976219283107136 18.013627184172595 -42.52696968415743 -0.542621890691747 0.20508897536641713 0.2702448591697441 0.7684189690641374
453 9.712945659987398 18.151919640081584 -43.01232722864613 -0.668736350472239 0.16732612183442266 0.3014865901051699 0.6587104815438111
454 9.68754123084815 18.17940415956637 -43.07412687966018 -0.004535816494279893 0.3959001454309248 0.08299931016694005 0.9145237097682677
455 10.425661883621155 18.31071535425805 -43.71851298463397 0.01402848451533747 0.41845729825541145 0.16060010723832696 0.8938144643683175
456 10.424958816145326 18.31829426494157 -43.69206993550133 -0.16413622788077575 0.9750612549556367 0.04424060124994085 0.14268012118880505
457 9.43064102759797 17.9484222136752 -43.91693971490839 -0.1941386695135596 0.9653485994992429 0.04132577095847664 0.16942384454096773
458 8.505027552972349 17.614654388027787 -44.30140493927077 -0.2092777168314329 0.9264843816522711 0.14129300169488676 0.2790444686143758
459 8.489005607767067 17.670125052558465 -44.24994001536506 0.499052772475178 0.8534732820103811 0.1497426757515468 -0.010335290902220618
460 8.359617513401354 17.654759220172235 -44.19306975603065 0.5082285438132622 0.47435885264189304 -0.2560452397532297 0.6716608231640637
461 8.820183979346165 17.83823555687132 -45.13566814657829 0.5238916375949496 0.3943057747522589 -0.2910577936627507 0.6966676889330191
462 9.32036696923671 17.84448039087523 -46.0199516276303 0.4813548554414969 0.528520657580353 -0.30850190947827105 0.6275268834894534
463 9.645050977801443 18.00068994371088 -47.06187633261018 0.5394411732535362 0.436012108062036 -0.17486198128166952 0.6987989336886511
464 10.278289631580057 18.20482979986095 -47.919739814477765 0.5569675822911158 0.3909969407619626 -0.1308796649693938 0.7209570152852899
465 10.964976779564658 18.42194330974984 -48.60621555889452 0.5881463342172972 0.3044263630941648 -0.09114143225868394 0.7437080867691638
466 11.777280548828589 18.547678682349197 -49.226595533443884 0.7250494908685187 0.20608403586136567 -0.0915001277745927 0.650738298067376
467 12.605452742480127 18.74809092988829 -49.626056800657445 0.6824661536564165 0.33817222387064894 -0.12460443628272683 0.6358877499798671
468 13.36715274466512 18.973925203788436 -50.25084343859395 0.6559682076510666 0.48971945304277514 -0.13981554960143305 0.5570746628165543
469 12.921137362862467 18.460916193930878 -49.50371944042495 0.3840891817138852 -0.022408950565557376 0.8851558357779151 -0.2616724781348021
470 12.361438514047567 18.06905399492485 -48.83697726345598 0.4534359751167556 0.02508552185713554 0.859424269822855 -0.23485411962008235
471 11.832518394643998 17.735639601641985 -48.063430606493014 0.4060948323852052 0.0560365325984874 0.9049967654275236 -0.11370025809157148
472 11.19156299317848 17.610693425982685 -47.33860338581522 0.5605071439108051 0.16847978328642396 0.8038137394604531 -0.10644142287339924
473 10.825432074245537 17.539721824242886 -46.4677149140572 0.4544295697343157 0.11125197404503799 0.8835906388697884 -0.01960477808712662
474 10.337415058942383 17.581044759925533 -45.71015145814556 0.41517434810268183 0.1720485572840451 0.88402384288584 -0.12857449134001223
475 10.341695903170946 17.575655623020953 -45.6765964503443 0.8907188162455901 0.3432316526105008 0.2935247447528239 -0.05152909129907356
476 10.882820296805024 18.189851350649914 -45.12389410674614 0.8543295273080268 0.4122265010167914 0.3159822059970765 -0.01859075367803425
477 11.376971630202622 18.915102961965054 -44.61532573999648 0.7854293518386767 0.4490502207035737 0.42082149792225115 0.06605981715703022
478 11.554884127607513 19.714138832141742 -44.07814988504565 0.6850919567761267 0.6045707397657433 0.326589512489396 0.24183159783555677
479 11.458991302612402 19.67470241865246 -44.11616736761983 0.1643202472667361 0.9252429959061655 0.13769217706595344 0.31299380064087484
480 11.457427314640057 19.84799279426516 -44.166121852813205 0.7975646388865938 0.48472562830964555 0.3043079921772952 0.1905999946341538
481 11.785246058162357 20.73478366331535 -43.843778320277224 0.7992916857581582 0.547871365031532 0.1826526913135021 0.166155838935325
482 12.11717570245679 21.734531443040908 -43.71574370562675 0.7775841069886049 0.5831255901773876 0.215033583248298 0.09533132074194826
483 12.030036395441941 21.72261551510486 -43.66648109939062 0.9034506957181873 -0.3593521990413407 0.22540055060077394 -0.06194698733064775
484 12.108618258780712 21.686879541166014 -43.69966365958967 -0.673841587123704 0.07229383363779443 -0.3680549540074332 0.6365898741820692
485 12.1388546476103 21.61247697178857 -43.60390381111006 -0.46939003530315254 0.5554940380846899 0.1653660378768673 0.6661482131833546
486 12.414679923377129 21.310975328982945 -44.475940499024006 -0.43371610757363055 0.5455059465347144 0.10420015919497658 0.7095462825990883
487 12.395546571768282 21.362749698052685 -44.524204430375356 0.7872089135033963 -0.3807098743729987 -0.46223734309353554 -0.14730497854969685
488 12.621715630670092 21.01288087362476 -45.365846190515 0.7877363689484073 -0.41043720486127105 -0.4570186066719202 -0.04633257015644759
489 12.797111820649738 20.399831934765224 -46.114535629421226 0.809594125291664 -0.4144232752217843 -0.3796100785149569 -0.16943107606794713
490 13.18034155791924 19.879700019710498 -46.8785666976555 0.7494748400321487 -0.4564852332346917 -0.3648895194948735 -0.3110696619091198
491 13.499104658574748 19.373140126033746 -47.69743606660081 0.7760971139432439 -0.486433551328848 -0.37120818967894825 -0.15251278564713905
492 13.49539185413289 19.373423048241516 -47.71983635699176 0.5540602252404584 -0.2568649640061329 -0.4986927955729823 0.6150960516181386
493 13.438495726388464 19.347702847895636 -47.740099858630394 -0.0760891147783838 0.7160218344297877 0.6475183780574334 -0.24948572967188554
494 12.560253280859504 18.92173646228807 -47.41069287441451 0.019840457300326884 0.8159463013652636 0.5296587094215233 -0.23086715027562035
495 12.600574858520107 18.958923557736295 -47.37326837724425 -0.18089215613135226 0.9274544115105853 -0.22912965222158413 -0.23367914946036525
496 11.739946721255555 18.715736202038897 -46.92167392818615 -0.1713992081541884 0.8962305591797005 -0.4017371811487246 -0.07746181975163449
497 11.778765204933904 18.77372652173331 -46.901260068777106 0.6960523167831866 -0.46352150414778454 0.3747920426787787 0.4002373198965845
498 11.81949576952879 18.806825185468686 -46.83608164525397 0.7468195528846723 -0.6232971265894395 -0.22502883473934662 -0.05588623220738723
499 11.935477049446014 17.904248314412385 -47.27637744578748 0.7288567282999148 -0.6190156485026613 -0.29144111617102825 -0.025486708805942684
