# time x y z qx qy qz qw
0 4.009060628768363 3.1800481479630824 -8.996439238627179 0.00019400126157378172 -0.00025356242900788985 -0.7071514057692995 0.7070620817071925
1 4.007325860975585 2.209505752921732 -8.961242845512215 -0.06842580005472591 -0.020847063552577517 -0.6867495182540652 0.7233660269918094
2 4.008565916173639 2.2840015535135705 -8.987294151612149 0.628575808339955 -0.4096198551102958 0.5703722409401392 -0.3343344646220561
3 3.976756089519902 1.4452023299159844 -8.551105129898344 0.5467361057542449 -0.4554435025015473 0.6498583864860791 -0.2670859865427523
4 3.8123707531879787 0.7338866829516983 -8.09233465248236 0.6347738222057902 -0.38632615910625445 0.5877421247900814 -0.3199585725991746
5 3.8515885040165716 0.0019826052175103 -7.718949692295 0.6512067313698331 -0.42053914303268475 0.4719682266357413 -0.41990786518266954
6 4.034046556674936 -0.7509274674084544 -7.455774521397219 0.662047619899242 -0.4515170657635842 0.37117201449833626 -0.46910193344649387
7 4.143158417097394 -0.6299725171961494 -7.5542620986694375 -0.18607182817843837 0.8443853316743449 -0.4948145255778707 0.08688654492317832
8 4.082389432817542 -0.7416615939325764 -7.560186249922404 0.39847077840683853 0.7864626474874188 -0.37136961950657166 0.29117374292760784
9 3.5426845244921923 -0.3209002935307498 -8.286146204846931 0.5449001701790464 0.7118811201935653 -0.33649667654248155 0.2882343871342646
10 3.2915010369544087 0.2459700994833733 -9.099411546277222 0.43263396419583894 0.6529795997433894 -0.41613396531630925 0.4618203311389412
11 3.400439750076233 0.4235430614271521 -9.177216695457183 -0.6617092799373607 -0.2627615612086332 0.6996418119924106 -0.05998771297488376
12 3.227317039403458 0.4326450682943762 -10.141522312726732 0.787890130019483 0.09413691062530431 -0.6064428693005643 0.0509355607636182
13 3.1644195605354497 0.32653955339763335 -10.158408728828865 0.9735362186589901 -0.04445629880428232 0.22351373650559647 0.017101989623626822
14 4.019197343254395 0.19842189835308396 -9.731846280083035 0.9855187590388614 -0.020953412061644167 0.14686903764931752 0.08211708644028352
15 4.977536322440475 0.1630631783227421 -9.37390007309178 0.9899097873803011 -0.005504656969089627 0.1415059578710421 -0.0049371537690002165
16 4.9114254480047155 0.12451801446716056 -9.414768737668252 0.6982598187374934 0.7071548709095649 0.06655215698380693 0.08908436723893669
17 4.883325018782872 1.087182214264847 -9.488265050089174 0.6987802197330222 0.7113756954150303 0.06203413431117044 -0.04245692714876551
18 4.909182707054962 1.0922429752087104 -9.391511270699114 -0.053287872670552155 0.9956214918683656 -0.052808168745465726 -0.055763293211643174
19 3.9034444832244954 1.0650483360723373 -9.252380521531165 -0.04024471073790851 0.9930230566044698 -0.01664292007567771 -0.10958369185646541
20 3.9729488816186955 0.9947323286748492 -9.190773941082107 0.008825549050117279 0.6805605566556032 0.7318701017865702 0.03354985125890842
21 2.9221037889550283 0.997350399952463 -9.22556168764549 0.020269123715156174 0.6937396223983856 0.7172129134435249 -0.06261098728031901
22 1.924817364320193 0.9696197881403148 -9.105495924005872 -0.03575235933164321 0.7642952123096257 0.6399055357133775 0.07138278928551632
23 0.9155768469289359 1.1008167426266733 -9.173527370640729 0.13545014267086714 0.6874824898806964 0.7122457302902776 -0.041558448493050314
24 0.021707194678042642 1.3079136778121605 -8.876804559251319 -0.012591565884292241 0.6732701991612288 0.7379391039422031 0.04466061198594473
25 0.0034887659836941253 1.2320936405916407 -8.704874172152795 0.42210351055770234 0.6182346186302854 0.4412520947549892 -0.4948850084375794
26 -0.15840687001767345 1.301204974412192 -7.619567440029552 0.2680876391942002 0.7488364773630245 0.3831245157776231 -0.46966855684831477
27 -0.5682599205866659 1.2518562443424266 -6.623821008516661 0.27709139753951983 0.7938369385484398 0.3482824715816596 -0.41441837844695933
28 -1.1049603358148943 1.3678324248526772 -5.634649171352558 0.276012053651945 0.8544525959798592 0.2956933741346458 -0.3260268945270975
29 -1.7540567218196652 1.6126363036060136 -4.885677888883392 0.29057543438802014 0.8079335087565779 0.23691910866105093 -0.45461928941670593
30 -2.2704697728719245 1.8825896418447596 -3.994507502221911 -0.42871248679148566 -0.721935239587087 -0.021107311545244097 0.5427426599326131
31 -2.3225053384602674 2.3996662650392007 -3.1961597439940586 -0.44640671456095427 -0.32667017250996244 -0.22038121417378895 0.8033926586834689
32 -1.6668714565176375 2.4426006937684446 -2.3986514172531606 -0.5746599772237568 -0.2145497772621626 -0.268815939664225 0.7426118058827154
33 -0.9487034988463013 2.315506629093716 -1.7781065000970848 -0.502973359187766 -0.18042533760043697 -0.46369409133430706 0.706719383603417
34 -0.9419080504693811 2.342970040343232 -1.774071725904038 0.840849416192034 -0.12166542473626098 0.49289423076610117 -0.18768340627438174
35 -0.3776992094737513 2.028894670570863 -1.0352765386490497 0.6966247097475006 -0.45036453203504184 0.5573165428860888 0.035833965445749676
36 -0.35620210943368374 2.0646139424381436 -1.1420185271252807 -0.1681484728065299 0.8344110856351297 -0.5087647797605367 0.12900631820670014
37 -1.1524803771292678 1.677634021604546 -1.2441570613376256 -0.023119100207975276 0.8575475623720447 -0.4443172522176616 0.25818571776356053
38 -1.0891950690180923 1.7278506323890923 -1.0504799495138273 0.3377816978014704 0.7535272195399955 -0.34999601685197185 -0.4422703270969396
39 -1.0660546920132672 1.7072428982290149 -1.023363461169374 0.5550638333477769 0.7623754935685487 0.3248036481135291 -0.07204399966357544
40 -1.126620675809023 1.7319554775066295 -1.0023918750938827 -0.14694409503567904 0.9070916113523108 0.3374634229779225 0.20423192625159495
41 -1.994050284426534 1.60033375917783 -1.4848055011276406 -0.22074126759924048 0.8946713775911986 0.32368719103064464 0.21462297467987448
42 -2.822918941616705 1.3635561130606662 -2.1595324583517748 -0.19445103043706685 0.9068031105727898 0.2981026718201044 0.2259019974926974
43 -2.8239897908243696 1.340137486458359 -2.027178663791803 0.2796002081341749 -0.7538703458483602 0.19256973219577184 0.5625123318682398
44 -3.0652679828967124 1.0950991104899794 -1.0229289530272874 0.3072778044971044 -0.7222212915220564 0.24293354726026434 0.5700526717341097
45 -3.068705006363299 0.9210483576093447 -1.0555420062047771 0.13805013125221835 -0.24778006864785876 0.43119888095984577 0.8565131195148643
46 -2.605443220451387 1.4395936248965522 -0.4740342177002412 0.19633119616956213 -0.059243260951395725 0.6619287351728408 0.7209678543423123
47 -2.2062427946804495 2.4774724938556867 -0.251850477654744 0.28756282745567513 0.2964955901352121 0.8763962892932163 0.24764395694050656
48 -2.0649780214727795 2.6001295321857794 -0.26662928186711754 0.5886857127991905 0.6775719725587352 0.39955265786782307 -0.18628748519353516
49 -2.133284355758148 3.301839223863692 0.29864382763727987 0.43586335247938846 0.7795259712306193 0.39045497305691773 -0.22339944529364797
50 -2.595679296997033 3.981655305391219 0.9287186355812947 0.40006672120155096 0.6066665787083326 0.5059777003231499 0.4646384052583935
51 -2.735996225216619 4.815792542269266 0.6954903780495184 0.33618845872738623 0.4482696152803721 0.4514658653078521 0.6944135977187689
52 -2.4543389242572644 5.6695544922462675 0.3080222971271062 0.3537879832617159 0.3509847275378226 0.5263715936803913 0.6888952963267886
53 -2.4337906083601024 5.587912365228892 0.2577104626295217 0.4804503313021697 -0.07580449643508261 0.844164599043897 0.2254047186571647
54 -2.4498186964006687 5.484613957882388 0.3047803239214043 0.9305721562323258 -0.22624860683682702 0.2780774030265881 -0.07429662088885967
55 -1.7224318961060516 4.939648531084832 0.7770885260961852 0.982847133580675 0.09817609142011506 0.10767881011927398 -0.11304088170665214
56 -1.7722822883976517 4.855828169320683 0.7819889473776761 0.869718420007907 0.08800527878429748 0.013591580716830833 0.48544846249490287
57 -0.5876278139538413 5.249941703583122 0.6227051472540426 0.6986221948865615 0.2595342041161789 0.004741467179983996 0.6667432370820467
58 -0.3439799851808071 5.3283120152213 0.6210890043553918 0.24371926927782492 0.8027431325084945 -0.46142904321615114 0.28859594430580776
59 -0.22657246560008168 5.450861473150037 0.6009337825195814 -0.5973102502908997 0.6181925857169289 -0.5108819879111057 0.00761487294948961
60 -0.39434066157345926 4.731205348904356 1.1219976647160586 -0.40054768739893587 0.7617964973591201 -0.5081889368598388 -0.031171319895183333
61 -0.2746891425505277 4.790016362295283 1.0773389140176335 -0.16070916729915985 -0.43031052991102836 0.4899888389829381 0.7408888911745488
62 -0.34811666737633923 4.795030611003244 1.067903684845445 -0.501794666106277 0.186909372939233 0.15094124192717837 0.8309535130560759
63 0.6744940039374896 4.880498459866882 0.6207011833370801 -0.35064762274414585 0.30080017239770596 -0.1727985022100688 0.8698886012492326
64 0.7303033208689408 4.735904521360033 0.5476636758868749 -0.4261492188425289 -0.22456003047016357 0.2813602750634736 0.8299433906064605
65 1.4871438853801873 5.401778324805263 0.5608172322242696 -0.2634133004215365 -0.3181653219168322 0.2157715911005162 0.8847750457401833
66 2.1881769621957643 5.8772652558449945 1.0561530710563902 -0.15083623804359692 -0.44423589681708103 0.4424362639052786 0.7642990577342864
67 2.1513987050638965 5.820733579449104 1.1089751855942804 -0.3971660912627253 0.20966961675680043 0.3159530099743555 0.8357460399237855
68 2.884361839927346 6.150645054011543 0.5537328738349871 -0.34835278297293687 0.1253655385393705 0.6194235834948765 0.6922775776753927
69 3.1078614121568386 6.926885062550297 0.05203099405576045 -0.12951451086096594 0.1200580255869677 0.8288963338520864 0.5307946210119074
70 3.1852375752321476 6.9707470614801466 0.05718567490703676 -0.22932414994195902 -0.4511832493738102 0.7799408760811717 0.3681526036246694
71 3.0777229659719354 6.899693133366451 0.09165686501068178 -0.5007074794632985 -0.06889105544737614 0.6014425223516415 0.6187187849064805
72 3.3877540628266383 7.683675933497638 -0.3860662828086501 -0.1195895734842498 0.023418873017453892 0.8417523402767235 0.5259304972513955
73 2.958430912701911 8.477060206813386 -0.5860163206499527 0.08055305159959227 0.058339511652210435 0.8883319656103492 0.44830126715527935
74 2.886141697553843 8.402522467622948 -0.5195376531564304 0.18269717466392862 -0.6313975579084099 0.6545290106907726 0.3735647740369443
75 2.153571900120516 8.51477144114391 0.18135815855414167 0.21905968946737875 -0.5413019377530187 0.6899924996756547 0.4276861174116181
76 2.2292012363192426 8.523361654457107 0.12660720200549294 0.7078238539105225 -0.6684720461727613 0.21774616758970866 0.06868130619645078
77 2.164343139641088 7.571503309722562 0.5366866584058338 0.7026339648345614 -0.6388122446986156 0.3127008395031824 -0.021038356827110027
78 2.2039431588015694 6.636703960247384 0.9745071466626484 0.7807935798068631 -0.5794221151519628 0.2336978043918144 -0.004090773478761277
79 2.4978055169616424 5.5977889751469085 1.3618324113837164 0.7616325843684495 -0.6165663920665796 0.1617959338879776 -0.1165494160412396
80 2.666007895181197 4.519355502356534 1.63456644967788 -0.6547352350362179 0.6935428201745001 0.2647329278314428 0.14225542347574224
81 2.404012036067033 3.7383148095424525 0.8871215358097123 -0.6848198794751346 0.7242908757287911 -0.07676112533451472 0.023069235987824867
82 2.2667859021927304 2.9348660717979973 0.9248794297102096 -0.4399635479088652 0.7465955801195121 -0.48672141788335155 -0.1101334537326142
83 2.2746589577922363 2.9905662502237407 0.8638222598660076 -0.3575374700929384 -0.5405258286828543 0.6528757073458559 -0.39211235222051327
84 2.2830011228841927 2.970195882164401 0.7560526112257697 0.04181197737902405 0.6215034403613066 -0.46557193237335953 0.6286716217174533
85 2.0356149244285615 2.408768946988399 -0.06704778894728818 -0.06154646956932469 0.21543424699606797 -0.802845258792433 0.552484938925311
86 1.6679080641185509 1.6023254604956996 -0.29746084250081334 0.26086975806456825 0.35752909340680505 0.8192589277009474 -0.36460214765869847
87 0.9782930979988752 1.232954774241857 0.4685316273130856 0.34661979965524436 0.4042038363969447 0.8225107431091576 -0.19987508748958935
88 0.36911443254731596 1.1526731266823544 1.222543750462421 0.15482968066596295 0.46216219994414637 0.8697269384327962 -0.0775172464163761
89 -0.5724639779613522 1.1599343874770067 1.5352177525980057 0.2990843995709604 0.4030099309169618 0.8505460432745664 -0.1571717079679549
90 -1.3555689602926955 1.1925130494380267 2.3272771888722286 0.310423143262627 0.39390415576351895 0.8367762841396111 -0.2197326523316134
91 -2.0470294656431807 1.0906336049240017 3.07530413423087 0.2765301383543204 0.3607401506782537 0.8463127951737764 -0.2777629906872435
92 -2.0274872186891217 1.0854304656064595 2.973132981070215 -0.17722733850453992 0.5918895814559714 0.722586323802675 0.31004225277179254
93 -2.777998101872557 1.2473421362297954 2.323952485348784 -0.16069097405439423 0.4230537824134928 0.8645648589395598 0.21847542820625473
94 -2.795264539557282 1.264521083789962 2.3481829552646936 0.6852313467922045 -0.5474112311660901 -0.4755122648105877 0.0684618972953091
95 -2.8971755483190527 1.1783489144038573 2.297838769227923 -0.07740580648716995 0.9260276651456136 0.19663236019743688 -0.3127568055697918
96 -2.973879540301549 1.100744569367962 2.3536999874430093 0.6269175997349884 -0.6116496147378944 -0.4616092528535431 0.1406270586107172
97 -3.2499807696812386 0.1338016618456042 1.955213255252547 0.722373859717823 -0.47882202660946066 -0.49708896153065196 0.04252102955435003
98 -3.3413096585220363 -0.0382536602967136 2.063601244946398 -0.46635422782971686 0.7075050240287615 0.0708718902982991 0.5262390619527996
99 -3.3708073135146526 -0.6786997276249331 1.0462054391932631 -0.5827254641478897 0.6343432769366489 -0.17405786198592854 0.47722479097359144
100 -3.2197264011989155 -1.7025157639126272 0.6185821937094458 -0.5164125821796615 0.5825774130262581 -0.2860286317344589 0.5586673649196622
101 -3.295069770760364 -1.507198656399152 0.6388481352533927 -0.6268747885080693 -0.006993678515173136 0.09967630765696522 0.7726860434132762
102 -2.483948241195233 -1.2848310893957078 0.5359210361226014 -0.539666387848973 0.18221538834121406 0.16819768198543378 0.8045292299552763
103 -1.721806885700287 -1.2005629387220154 0.03293104478041204 -0.5873110912387839 0.07799343900101353 0.13874468690113814 0.7935569402616358
104 -1.8026541212364349 -1.035607748811722 0.07552750205422949 0.9351163180426822 0.12923645527305522 -0.2596131445444501 -0.20360851047658832
105 -1.6906401566398295 -0.9162657293848506 0.017939216956081534 0.8140286415286108 0.35964961559455094 -0.08156588418858567 0.44872768057064527
106 -0.9724783535721184 -0.3656455105300249 -0.4873370444458574 0.6549409487438267 0.5112631703503091 -0.2225786587944153 0.5100206514947905
107 -0.5707079907132466 0.1750822168586601 -1.235517221236902 0.6908245489841903 0.4582192718916395 -0.35744256965138504 0.43015270636007985
108 -0.292175722919463 0.44737785826072324 -2.096808944083746 0.7386007351575704 0.3588029511148971 -0.20545840902697726 0.5324624291497457
109 0.33731757098050524 0.8148859297324506 -2.8113063304445385 0.8062491761997285 0.22627857002573476 -0.060118098641085346 0.5432734935924546
110 0.2969432268676596 0.8781255332789645 -2.7361955917796803 0.6399261151794645 0.6301007187978591 0.3713535163702168 0.23572063371969781
111 0.2889189114019247 1.9532008151555673 -2.601029928885161 0.7024281580294732 0.5794423950074551 0.40994617338365663 0.05277621247725316
112 0.3820724429202815 1.9921332971060037 -2.6631592488651536 0.4692413079616521 0.12699663809396428 0.7354261331661903 0.4720517466035835
113 0.3648837179982796 2.135453162873424 -2.623337468336701 0.32940337140435916 0.5464190446504648 0.19902505026560396 0.7438472127510392
114 0.7791920028021764 2.763193350348173 -3.304174476883053 0.3532184580602827 0.650011321665436 0.07670318034972248 0.6684598901329143
115 0.8561670729199935 3.3913195505937055 -4.039058892142075 0.3722770888886123 0.5748270746845081 0.13407736658260141 0.7162449742012486
116 1.2141983088476511 4.071967873692514 -4.833657079719112 0.34687073617291037 0.5732505572150265 0.14332250443169323 0.7283702017263975
117 1.508353789566628 4.665711242465608 -5.570970888885371 0.4060141351325622 0.4359620979409708 0.11397588710164964 0.7950465825288836
118 2.1296705814363315 5.253858286558495 -6.10770447308924 0.35537212901741166 0.4302728657955273 0.14993698471020317 0.8161463174540143
119 2.7575537401388686 5.833415307354386 -6.638797050997331 0.22231737324879583 0.3699909081518505 0.09051325568630787 0.8974904255655266
120 3.445357306306585 6.246603752674108 -7.28333553677368 0.14444209905077246 0.13548572233500406 -0.006603991823450362 0.9801716616782822
121 3.4571059546921354 6.2217153743080535 -7.317251003604261 0.13264471398221736 0.6340629850451593 0.002584505643657481 0.7618154836827459
122 3.432100801100136 6.213632832931321 -7.340728303607635 -0.4536430419076497 0.41922786163832754 0.24765380837960915 0.7464071152862932
123 3.931617301258907 6.224938773494342 -8.274601477566712 -0.3927538671728772 0.352423227536424 -0.02084859652653941 0.8491805488448457
124 4.6837796329108246 5.855767099986966 -8.94002613049573 -0.39080632784548247 0.13058161208158153 -0.44299607588267464 0.7962244240505665
125 5.273305650088299 5.086169837933472 -8.90228551895284 -0.17700000483987258 -0.03383583421081367 -0.82283325415474 0.5389541450504522
126 4.9251098201562025 4.245905801403475 -8.581820719886593 -0.3014716338135759 0.2497004151922098 0.9200052088342708 -0.01884071061347728
127 4.089934294084847 4.0899040428491515 -9.183516863029189 -0.37086932413985485 0.42792456852723865 0.7680450917309193 0.2990706356880721
128 3.4944907740681073 4.1793945588938675 -10.025240057204025 -0.38553300375483934 0.05597797243938898 0.7752494246266867 -0.4972113225112019
129 3.4985120504424714 4.220894433287627 -9.810135276727115 0.693431725802005 -0.13126555837535073 0.5828326446759652 -0.4027752513942238
130 3.858885577850834 3.6899315593199917 -8.860455402194376 -0.469897376915031 0.08838633429558039 0.21113407818699645 0.8525295960295397
131 3.6860590661887023 3.7245882232719136 -8.942073409115196 -0.5994188027063463 0.6081353540127579 -0.2503636193021862 0.4562746412981749
132 3.538001184228492 3.739979065332255 -9.120379846796322 0.0020301353942331836 0.9196126688193774 -0.027080948764721176 0.3918865143267705
133 2.669937223883514 3.716300172324058 -9.9076053022695 0.22594293412694283 0.9052315402592352 -0.03496832533888623 0.35816597446015735
134 2.7253441832785854 3.8381321204742367 -9.9557756041942 0.006565998854147211 0.40147863242321813 0.7346768708255321 0.5468287582421382
135 2.347020223776783 4.522897345526984 -10.463124182453036 -0.0006520134705250699 0.4831333890821628 0.7839398526608445 0.3898974360553186
136 2.279847352384298 4.516036015255178 -10.475040252927224 -0.4414570283110416 0.2391105031501463 0.5067209181539369 0.7008393329025562
137 2.6735764796423775 5.050784645903354 -11.191891870755992 -0.41956087769364053 0.1472378759075897 0.6028175111456109 0.6624958309781084
138 2.7015930896469365 5.072855249933293 -11.147056308722505 -0.3629018314906974 -0.011855948387541355 -0.012113521084278142 0.9316732043991983
139 3.8661605968449653 4.980057431955514 -11.09642896308798 -0.37704695473512617 -0.0161545519814755 0.05730366884796128 0.9242785910707922
140 4.786053511785703 5.053077788155855 -11.21303180850753 -0.4188522724923668 0.05548680441890238 0.10563936388599611 0.9001801559471976
141 4.757560831213029 4.9977621132763215 -11.236555049858787 -0.23885541763189605 -0.38547663400740423 -0.5280068934774648 0.7180282546964926
142 4.849740096432857 4.2516535367355734 -10.372079806185646 -0.14895764243724005 -0.4468864690258445 -0.6072469639368783 0.6398087443530263
143 4.79100789982058 4.164250398717865 -10.211516381127852 -0.42044926272825045 0.42257108580483405 0.7870667395313279 0.15868850757543787
144 4.182243410557426 4.181226317572928 -11.111049164932483 -0.19138556393716571 0.6181361961657829 0.7072248640044766 0.28480203763315887
145 3.4348938108812157 4.427053402352369 -11.817051419072891 -0.12483847181144671 0.5737288552718393 0.7229258887680247 0.3641822564777279
146 2.750263857570263 4.8231844524746625 -12.360672861910452 0.013735518980340219 0.4888030000888532 0.6875664215769668 0.5367824312906649
147 2.3814775884576327 5.5978709835804565 -12.8134218057712 -0.010133383589717038 0.36815179854061525 0.6833290808453584 0.6304148911941805
148 2.23863578924709 6.402770168935855 -13.301326849148582 -0.1544619081435766 0.42344152363231835 0.791496393652381 0.41276173978684366
149 2.1412286815508437 6.394861556944712 -13.21125611472365 0.7342357171935479 -0.6135591444420772 -0.22435358226194677 0.18468502374317047
150 2.3689062867058914 5.426990415471177 -13.095835864498742 0.7209263773463667 -0.6037901588658868 -0.33386229100693454 -0.0651043250986579
151 2.1501325119377634 5.489217767828051 -13.23502367012377 -0.39614098477455983 0.41847257115522235 0.6944514455443077 0.430917877505681
152 1.8389766947478423 5.3824155216193 -13.260720358634668 -0.20050414266542033 0.8106508008724387 0.2752377288164531 0.4763271569571053
153 1.2477510093271669 5.353928482360862 -14.406580728675126 -0.3203330157785806 0.7368795206265754 0.2053690588119349 0.5587654971148875
154 1.0556589123493723 5.283877823871413 -15.5299797456745 -0.07769054606441082 0.7335173603187014 0.22723032033486656 0.6358324014107898
155 1.1130350824831843 5.556469544184096 -15.701438750196404 -0.5079249879867694 0.6674844037128008 -0.19941189111621574 0.5066672231951296
156 1.1628954011744417 4.725229722098769 -16.169193323879135 -0.5445404674064112 0.6686745596451281 -0.21172891616687903 0.45991399054497256
157 1.2346443403347198 4.790582422773001 -16.239717753455782 -0.24607014677926542 0.8273955132046844 -0.44060059776549976 -0.24644930683909863
158 0.4651987814422934 4.6385666815986735 -15.682843171840466 -0.20125815866268695 0.7940066153134562 -0.5731657286853383 -0.023015122654010945
159 -0.4408368714521124 4.338099622612253 -15.494147341160044 -0.3302256849400601 0.8339609893524296 -0.435071021225238 -0.07857017076609571
160 -1.2774467373870724 3.8253750176003365 -15.034476075631641 -0.5873882417092323 0.7880282961878801 -0.17161195776113175 -0.06734830259446323
161 -1.5348019394465813 2.8869592479212813 -14.623318870072048 0.6953313603353595 -0.6446575178971162 0.3092694235304421 0.07268705264389676
162 -1.5095964107304096 2.072528461153875 -14.156320136716417 0.8284044406493191 -0.541761154491351 0.12156559624513874 0.07391035114415247
163 -1.0382043556629883 1.242279902556168 -13.892621122826393 0.7037669140826679 -0.6358370992443102 0.2353772953689597 0.21218115536478374
164 -1.020108698688578 0.5296248498867215 -13.268989104621626 -0.4198906763953249 0.7809769084098341 -0.2688579782287169 -0.3761412978518328
165 -1.3461423690061147 0.2248703761340721 -12.563901871178464 0.1349726492285735 -0.8220750378187771 0.18022502216549804 0.5229664975320331
166 -1.7177523112403477 0.264673356701508 -11.672223171815274 0.21822608473442254 -0.8202787638412902 -0.07019221329157381 0.5240163916574736
167 -1.6130727348289873 0.5063142169274639 -11.692108494321221 0.4002396377282502 -0.20865590872463782 0.09473802937824989 0.8872968217766706
168 -0.8052673756102596 0.35386679818972855 -11.210762390155194 0.5178261404266337 -0.038566886974010006 -0.016227383639489414 0.8544620269738189
169 0.2118460449954216 0.16670117923507793 -11.141973165135937 0.5618164913366289 0.04689035992727617 0.0015974786119121208 0.8259303676885691
170 0.17495276259386727 0.11676053958731275 -11.138710548488787 0.5011524504397241 0.6865179810369221 0.3103134155171681 0.42572863103310143
171 -0.0329470182441791 1.005497004661554 -11.51214772741708 0.5615314255417398 0.6772997364228549 0.35282454849769485 0.318531573235669
172 -0.14662227637378392 2.0535863282830786 -11.549675883499491 0.5843462870624514 0.6460109816997446 0.34979286688710753 0.3447523438565104
173 -0.2386971031474306 3.078560767088798 -11.634172621535102 0.668327624588789 0.6762464778701366 0.29312856332467463 0.10052130492067222
174 -0.30202442612514624 3.0793660241633556 -11.71046776570208 0.09146682086118588 0.9643143441950518 0.17089599697042052 0.18035028272975276
175 -1.2640750273989936 3.357965321122498 -12.07018343500288 0.146647090282562 0.9620735285981495 0.21586827709191117 0.07943578178462128
176 -2.2962344849443523 3.6796888436415673 -12.07536677508968 0.17718294929130562 0.9232974562842884 0.33348948904314496 -0.07009115776714417
177 -3.3981354353352327 3.7985315125794807 -11.79351412952618 0.42285968646619926 0.8098989586822075 0.3973448390876754 0.08585127336023111
178 -4.071847304510306 4.63253817072856 -11.408491521416895 0.24324980847329014 0.6310571408551009 0.38102083684365373 0.6304121965384673
179 -3.9938811476421963 5.098731573866977 -11.045231295269947 0.2624588017021651 0.08506240300634367 0.7353675396570643 0.6189623143799372
180 -4.103004462295384 6.305772948822907 -10.381001915680937 -0.06583916580188429 0.13751127834034035 0.520854946592278 0.8399202207269881
181 -3.645523413367304 7.3608161579134785 -10.613173562436177 0.16853447734491 0.46666954968221425 0.24598793509568392 0.8326497445702117
182 -3.671435227470832 7.317255173040946 -10.776556614475812 -0.4105953205336656 0.16918058080331683 0.6362652803635758 0.6308374646759414
183 -3.6558318474600697 7.99971420039076 -11.554525867031389 -0.3079305239602846 0.015936921289499965 0.7641789597423031 0.5665291911636408
184 -3.892608421168183 8.87466315075811 -12.097504752485058 -0.4939305246720038 -0.16907343549273024 0.7004760292878791 0.4866005986443206
185 -4.028626767360207 9.769822738385754 -12.57322845621998 0.7978374117075434 0.24412845609975076 -0.4515583694137628 -0.31615154659521094
186 -3.587058712245119 10.428946983389732 -13.138877728663195 0.8782739497046491 0.032518626861286384 -0.2826173011489955 -0.38432391191351806
187 -2.8212861260600777 10.642572376813538 -13.525937454095546 0.847597926951556 -0.18463333836652296 -0.34074644931491604 -0.36246398699779153
188 -2.061322759151641 10.52918160087049 -14.270144482249082 0.8961079085435789 -0.1627384040757613 -0.2928130428889031 -0.29114832989160044
189 -1.2644395582391705 10.38791238849757 -14.950582351572937 0.8602026010175946 -0.01377349194337764 -0.3966194461932368 -0.3202417696422831
190 -1.3391716216412974 10.443859350574813 -14.982180440205228 0.6866787248514489 -0.5594216708922692 -0.4363987319049639 0.1583536225169135
191 -1.2742056639753636 9.472050755634532 -15.35664955525184 0.7193716275101905 -0.5446145416668148 -0.4243146052892609 0.07652828416084566
192 -1.243522096921583 8.54719991973073 -15.93155332929333 0.711780255309552 -0.5093383437365099 -0.4762647749193887 0.08435154961351415
193 -1.2231439468496763 7.709568395058727 -16.700796867664433 0.6490634479047187 -0.5013484803256198 -0.569245265403687 0.05767295453429865
194 -1.307040552594785 6.971690446613213 -17.428095304710336 0.6092253107852375 -0.5289217485424483 -0.5823001757719265 0.10006402906846652
195 -1.724410504412374 5.968286182727562 -17.904507064258073 -0.5756669780989918 0.561444748960163 0.5920929880522534 0.053039774611012176
196 -2.1060860482774193 5.366038575986135 -18.85977725836778 -0.4730566709253021 0.752364605026052 0.37825850243224435 0.2590084796580586
197 -2.6432594344446807 4.659616266049274 -19.864305955354336 -0.5258694066108184 0.691525877972453 0.33803280092222104 0.3619214732312683
198 -3.003262325250791 4.051109376089756 -20.796793240517207 -0.5089593856984985 0.6811295175306571 0.36637616428281883 0.3778775334725137
199 -3.0550539895988966 3.3471776905354447 -21.6591555886948 -0.2521528600184357 0.7099919965193908 0.5541404155109839 0.3539190584868906
200 -2.4477719552917794 2.826116490763496 -20.95618250922374 0.3551448135507738 0.7061684726547627 0.6076855590291099 -0.0769188597413172
201 -5.6517040072194185 7.576658062902895 -21.010404738856316 0.03159451184734165 0.7648283765942816 -0.614622632710857 -0.19046879150364615
202 -6.302184521869975 7.574857399824268 -19.994496555485085 0.13792305023643778 0.9060274327687228 -0.30238694806037436 -0.26201842860136143
203 -7.238881577065892 8.040305411649724 -19.415307210615946 0.1956108600707839 0.9640800284878539 0.006231843693448885 -0.1795752049070465
204 -8.34696610414257 8.663202808723991 -18.829677586943774 -0.0010436322717149386 -0.658230180677137 0.5330507939274598 0.531590811781709
205 -9.100756284100479 9.385323020549766 -17.910111578224093 0.24478190489314416 -0.15869035594232264 0.8118146354503569 0.5058222885919389
206 -9.286590609672665 9.759656075609291 -17.797219856054863 0.5230014931217757 0.323778241391897 0.7639983720637287 0.1947911088256751
207 -9.413354395299532 10.083642351787187 -17.721266880260337 0.16595620734403224 -0.35240550224930484 0.8213791028327614 0.4166596556640067
208 -10.077189051633066 10.753473194046475 -17.0360645377634 0.14148434676976904 -0.5512831712497774 0.6799789142622162 0.4622745081385082
209 -10.775449128427699 11.366294532969984 -16.21495520527088 0.08616032343209754 -0.6245640932299301 0.5098024084339938 0.5853183718873459
210 -11.219980843104592 11.949235287057576 -15.23723326281608 0.16925146516822956 -0.4322590612987368 0.30739015790664276 0.8306728214439614
211 -11.343255630363728 12.026532774125945 -15.152455282910779 0.08613353067856054 0.5224213651150186 0.3724151262964368 0.7622098830832719
212 -11.46136767857125 12.113167219522502 -15.141419049616136 -0.15011654704593175 0.6710058001828 -0.21131851571233595 0.6946659077147678
213 -11.423224695493351 11.620228493394302 -15.95627992856951 -0.009904508612786035 0.8559255729940406 0.055436093082507444 0.5140234953654442
214 -11.889532335541224 11.658573197146683 -16.834331888908473 0.005157365203982306 0.9439164271967764 0.17505457285847545 0.27991262310507253
215 -12.889045151992228 11.837368534478347 -17.355920145653094 -0.07097041303526887 0.950838925826601 0.21228414906538604 0.2140186385857662
216 -13.764573648357231 11.800855830708736 -17.826964247364465 -0.12656405617541716 0.9821626058389643 0.13290848114486858 -0.040908324529436005
217 -14.749548978229903 11.463849899608647 -17.731168403551457 0.021462837160805007 0.9240003043789708 0.11267544842937895 -0.364783535058556
218 -14.774007972725087 11.423820806016199 -17.74857698021016 0.5119658383369827 0.5663216512809389 0.4553645622002779 -0.45805445435940306
219 -14.694228050485048 11.410331585015685 -17.725382555086497 -0.28262198328799865 0.18463061696605307 -0.6584424541859583 0.6726736834206215
220 -14.746975207411856 11.409894437933024 -17.754423525777913 -0.10902668604283955 -0.12553268814171853 -0.7166641168914605 0.6773088435112992
221 -14.80158779171057 10.417802600591505 -17.36029793480811 -0.3659201163708496 0.11861822696203038 -0.6866817505895829 0.6168471107776667
222 -14.78268295336886 9.379017297156837 -16.981454595141518 0.5694105646334313 -0.2033060897428191 0.6366774063750243 -0.47862315339825967
223 -14.627641915033477 8.479664519301148 -16.419964450336202 0.6334699711994782 -0.20549743582053245 0.6216256192625342 -0.41239324550262735
224 -14.652848476835187 8.488774934633597 -16.43739016999598 -0.1426619739793503 -0.18864638813562018 -0.7366895778704184 0.6335207709939774
225 -14.664931897580402 8.363484352718183 -16.3744866969672 0.31958198877054556 -0.6359820611984922 -0.39949099477566313 0.5777552382976133
226 -14.682098043194241 8.307065393406692 -16.26068655230112 -0.6258584600146141 0.15064050837876095 0.7519495668951601 -0.14205799558527368
227 -14.747290380104728 7.959900599941508 -17.192589094791025 -0.2104885999069848 -0.36936826279917817 0.878919495907589 -0.2162455906127656
228 -14.700540734448431 7.908341013666905 -17.362794413382233 0.08340971970643515 0.23546253014255947 -0.7978473078503939 0.5486710206610471
229 -14.58696435897028 7.9074074429695855 -17.571273225744843 0.6835154681818877 -0.5195174878142734 -0.44161098681638694 -0.2605531057851716
230 -14.370635471231486 7.523106007599095 -18.485406052768116 -0.5234762407853364 -0.017090921700457635 0.775708831093537 -0.35207433177126024
231 -14.8975085476692 6.6003913422406395 -19.391624910526062 -0.4167964973708554 0.15551345255964594 0.8752423604659109 -0.18986062334888182
232 -15.739626481352943 5.982402229434327 -20.090553409137993 -0.0342052967784683 0.366442410736276 0.9230175679451849 -0.11219860315814584
233 -17.061753150704078 5.606357744738418 -20.193102067748033 0.14742151359831257 0.38490184780537173 0.9066626679001889 -0.08989033051727793
234 -17.334902320222646 5.542798104209937 -20.277181817918738 -0.03227938857593102 0.8723426715536481 0.48630835807632194 -0.03847707531660759
235 -18.628561307326617 5.429698957315168 -20.289090794548503 -0.06999000338003218 0.8979420944454117 0.430570889950348 -0.0583960887150463
236 -19.969381905229678 5.169907558411143 -20.26239614992252 0.07919649502381831 0.9012997865111606 0.4244218332669997 -0.0353937488429477
237 -20.258651172042292 5.104817119822213 -20.206508818209127 0.06141710857006903 0.9758918023174584 -0.1768195248544235 -0.11224074382652172
238 -20.515629834675515 4.885448952505792 -20.191191948072596 0.655955412643631 0.40373807294250674 -0.3386503073301487 0.5404017342916227
239 -20.552595175504734 4.80850931292406 -20.122788643157996 0.7349161769914907 0.21182530308353917 -0.21868013646067186 0.6059762798058369
240 -19.761579441325015 4.8152134019672 -20.69884478962731 0.5090874473935744 -0.22360323928137152 -0.3659296453105849 0.7462754564984994
241 -19.25739907406116 3.982904445660591 -20.71149166754796 0.3541758645908499 0.07946413953012643 -0.4785347854784773 0.7995307164563024
242 -18.807199447019848 3.2977845241495656 -21.09301171795136 0.4285468345537371 0.5243485116355894 -0.1899820856655556 0.7108537515309875
243 -18.389104471726466 3.4895234034007774 -22.052176416099798 0.3139052953613245 0.8584625583388216 0.24800227569086358 0.320936711403724
244 -19.065755328543506 4.218007937670801 -22.44801908015631 0.1594379366922766 0.8698960852971631 0.4632037253694661 0.057468721334555606
245 -20.14954366821235 4.566580110693836 -22.488781591411488 0.19460674023137697 0.8746086071708892 0.4413188938844646 0.04925073420475566
246 -20.183286514811503 4.5369111082160245 -22.380074699846784 -0.5013367533468097 0.7254047078734818 0.3418812837415002 0.3249102297034254
247 -20.443385024746057 4.094747540753758 -23.064295633656943 -0.4109335114673491 0.6490817992490328 0.36396219587409684 0.5266478776291222
248 -20.489594850089592 3.97219443593727 -24.010193299036377 -0.43088498025305083 0.754202312088587 0.3514076991034818 0.3493274040829815
249 -20.406058495153964 4.226562975235152 -23.880086607097848 0.7564066839105563 -0.5436551880805073 -0.0643035612406007 -0.3579846603143215
250 -20.428984370948186 4.21275736275138 -23.96660544957087 0.6099822364978754 0.5957758324821391 0.320193162785435 -0.41285489835137634
251 -20.408129065863235 4.163902848471706 -23.85591081967265 0.9095236654445036 0.03902179565135797 -0.38225039518566856 0.15852014648283194
252 -20.5510039332509 4.114003470374713 -23.85431487244917 -0.355052034578852 0.48515173005972567 0.7929503740833214 -0.0989725002341255
253 -21.30019025871624 3.550498855935922 -24.300740625954052 -0.3292293250135956 0.7441199981899296 0.5469683828791139 0.19677161374425778
254 -22.044899662052746 3.2536210474880836 -25.032371155679755 -0.018038667586609797 0.7810545760676523 0.1635313451082269 0.6024000787205918
255 -22.325246717054952 3.3897497951623876 -26.104509885450064 -0.13604197550851052 0.9195386253911891 0.11771180768472154 0.349406965650399
256 -23.04126165294962 3.2173939042729613 -26.786536649050397 0.008764379395540546 0.8193071329501213 0.4223533423486443 0.3876553388743571
257 -22.404806759104737 2.8193281276946385 -26.313017373149894 -0.46992389196683415 0.699013822358938 0.4657803616743565 -0.27129295344404963
258 -22.397270167278144 2.844640134925106 -26.23613819656682 -0.3092972505157219 0.8685676669229565 -0.1717066567263361 0.3470478970333793
259 -22.308902609376588 2.906360945892808 -26.277732134859512 0.31731886698305584 0.7759134411732648 0.30066360788261387 0.45482794918327424
260 -22.706623934187384 3.663015388178081 -26.819431218943354 0.19208779118639255 0.7934339280539916 0.47879492535812257 0.3229865349225217
261 -21.972785903834012 3.076088932046661 -26.49325076073598 0.8607282696774521 -0.2609760220204595 -0.38154625860720676 0.21321541748025272
262 -21.353272866443348 2.5220177405376063 -27.05645339135706 0.8743357852879904 0.03476180039992702 -0.32045910122100596 0.3628147133764207
263 -20.58588963727376 2.322792977310696 -27.683811726690585 0.8965913037218809 0.11999074338636488 -0.36319102277510873 0.223200664352631
264 -20.561602177576766 2.358786835967897 -27.801250324044975 0.5234316234212293 0.7285528847549756 -0.3512693749989465 -0.2680295802811142
265 -20.5098816371323 2.2872119099202295 -27.58704779309977 -0.3158289611058444 -0.2040318984547562 0.81649463520385 0.4381319007137949
266 -20.819915835439843 3.0972829285410732 -27.79679277572914 -0.19443586918003197 -0.3737452148462515 0.8672260992777021 0.26538293066306334
267 -21.612658762787067 3.6459309413611622 -27.922651983049555 0.14389169618595476 -0.5565129081754592 0.8182807951638746 -0.002258997299500255
268 -21.51360134968862 3.6204447781235976 -27.894511707805762 -0.6411683480466858 0.7673233109205783 -0.009212640677099837 -0.005763092288040082
269 -21.672281004610507 2.6382945754906406 -27.893067925259302 0.7671472838289868 -0.6161282773173081 -0.1320362093811254 -0.12015585801815164
270 -21.343260101146004 1.7370435030090365 -28.12530917267002 -0.6790981817419285 0.6927824806291549 -0.04713363785715173 0.23802628903226655
271 -21.236316601107944 1.708522564603321 -28.143385713239695 -0.4842670763400838 0.40934784441276895 0.34164811600821227 0.6936831451575611
272 -20.742357134485857 1.8215351086520333 -28.8874791569356 -0.2590403168985134 0.8228338389055287 0.4427432579532149 0.2445833095492864
273 -19.848153698880164 2.1630784680459576 -28.010294334550245 0.4854739648948237 0.7123381554461312 -0.3239463647542492 -0.3898052519751488
274 -19.63045065558349 2.389864015672226 -27.82242952447497 0.06762788195289245 -0.7843946284909571 0.14381942126809183 0.5995560944925955
275 -19.628078264312936 2.393900461074255 -27.835293042229683 -0.044428495911378 0.9305956737646759 -0.29315696335863684 0.2146550617988434
276 -20.74130282217658 2.1612720627128477 -28.325320084416674 -0.15331008880711922 0.8804367129833316 -0.386674608225875 0.22761800995182097
277 -20.009552300420296 2.5571738257895635 -28.244984278876814 0.7175892383915655 0.31242061596399034 -0.6006872856820693 -0.16319873922675557
278 -20.08472138958108 3.1131205402132363 -29.11142791125156 -0.5804122924404997 -0.4189121865239438 0.6959417225489982 0.05743926863413931
279 -20.471589199174247 3.7025782875108395 -29.981761129269657 0.6712436736172034 0.48563605145165406 -0.559174644505768 0.03022040868644852
280 -20.55971243062871 3.801843107063284 -30.140863661640697 0.9207144761567958 -0.20843609749587816 -0.1067432566765018 0.31216201532233495
281 -19.602385264216775 3.1994233951983886 -30.13774884948792 0.9345941532381771 -0.20181359805241234 -0.1000526759472775 0.27530801370454855
282 -19.666894710074857 3.087502448365388 -30.09646085130993 0.7179396967733198 0.11572838666229603 0.6335734007743588 0.2641103522181401
283 -19.49017883755225 3.5371276292259135 -29.25586505269363 0.7051077069118868 0.1597479831535709 0.6184538838106155 0.30792612284668947
284 -19.213646774894958 4.1438224958474965 -28.373818588486195 0.6674567558172377 0.18541249886989253 0.6667606578188984 0.27487071426701976
285 -19.21258797013676 4.768049398253691 -27.65096184073482 0.6464113106873286 0.1402394814011914 0.6692482752158271 0.33851447737498047
286 -19.12978501930031 5.346958529253978 -27.071327061247274 0.5702654819147751 0.11590159899363504 0.705250225217929 0.4049521197836717
287 -19.24879715280181 5.351392044860352 -27.252990055825734 0.33837783899318014 0.5576491330314611 0.3152074590156292 0.6893273099830565
288 -19.077250516471267 6.178558037877502 -27.712826421859855 0.3203731456373171 0.5835543205516116 0.36236053512454436 0.6523191282679438
289 -19.097341367286518 7.071725072023485 -28.23520829203379 0.22927604790992842 0.587614989573277 0.34024528369980656 0.697405380538206
290 -19.01700541825477 8.00359498066331 -28.948446624761363 0.3312842210193427 0.5156932724918901 0.3985745678294005 0.6822386147747859
291 -18.932242616754603 8.85745024839229 -29.329433798237286 0.3318265004031095 0.6194810836421208 0.28120343672345893 0.6534975040615878
292 -18.898595261603116 9.621671879820138 -29.919327804272697 0.5247492719346127 0.7292150746880002 0.14106840233911486 0.4159125897509681
293 -19.004877695184195 10.561195168437454 -30.407800840864393 0.4933826799846775 0.6525381382172027 0.1501437243355432 0.5551795847343585
294 -19.07499733751169 10.477544118159228 -30.37448576104694 0.04584632855640141 0.35153681658098335 0.6709359712272216 0.6512794356183761
295 -19.05131505935198 10.39106537184016 -30.34690020742902 -0.3864568884589748 -0.22250403456119364 0.7098917572927538 0.5451575193413397
296 -19.060556607353664 10.473622225276884 -30.320785884780804 0.043362033285896474 0.3851501887976065 0.7171109611678874 0.5792503219777687
297 -19.533699120033447 11.359791735405212 -30.65689258632459 0.03230759453864191 0.29174258521417556 0.7822583755470394 0.5494673031165591
298 -19.944661406480336 12.354612041249982 -30.915358418008182 -0.06272999489966852 0.23152372101717267 0.758839123718108 0.605495581041665
299 -20.28602607523059 13.424179172962559 -31.401439636185838 -0.09406634637445904 0.2065739114112759 0.7611726771922712 0.607531807480034
300 -20.36221967354582 13.61938838217604 -31.49042506623364 0.4154476011662188 -0.2937324210247579 0.6030478690198825 0.6143759624161308
301 -20.387072741356533 13.523042790102028 -31.545493716783355 -0.6587972236331621 0.6926607554724212 -0.21959543781060525 -0.19489776718675098
302 -20.521363559877365 13.452359128962563 -31.528067985921922 0.1648480685801167 -0.6848386603550773 -0.4282996656047447 0.5660216603729329
303 -20.787480740195523 12.619928176552321 -30.64726649119817 0.17781120477756335 -0.7206106037188247 -0.31665228807802287 0.5906224358407798
304 -20.962154319508407 11.921968913778286 -29.793839354561392 0.20901928204594902 -0.637810908058163 -0.2397444349419919 0.7014490652993721
305 -20.904283380824506 11.931288943211126 -29.717010645001675 -0.28895856008379417 -0.5336716585874131 0.3138996977756938 0.7301811358226045
306 -20.701748521477427 12.672053822051199 -29.100263357905547 -0.33905480744675615 -0.4459552984636112 0.21867428411786122 0.7989663740014443
307 -20.209872769824425 13.371361437828762 -28.660572040019087 -0.2944270767327594 -0.6045695415490897 0.1709240588074617 0.7201342458448347
308 -20.200841976672812 13.281636678804038 -28.726729555116947 0.6906960604031762 0.6145516879032168 0.2972829150724309 -0.2385121452775025
309 -20.220886652208343 13.272536234252911 -28.852423750664165 0.9246356576651737 -0.1025008417226378 0.008412385614319642 -0.36670384479647683
310 -19.181269717276084 13.035958573828294 -28.936976959425518 0.9044030453586062 -0.26404532292322047 -0.06202419913489163 -0.32937546616305036
311 -19.251959863278493 13.012568046553909 -28.988830895337596 0.6512280310493233 0.0940528306876111 -0.6292765684207261 -0.4136026076464018
312 -19.15379011784057 13.684540939829619 -29.75646513537744 0.6794755684438496 0.1531207895694004 -0.579491648724371 -0.4231505698309542
313 -18.898071328339853 14.35460693149742 -30.432850455430856 0.6878659914090394 0.09389091101071452 -0.5611209716143815 -0.45074175522905396
314 -18.60652790811067 14.96976965026488 -31.004859048895945 0.6441366471285211 0.13475021694923353 -0.6299169476502153 -0.41247423910008824
315 -18.64251358466526 15.049629459843958 -30.966041098955973 -0.3168889225530245 -0.5853247626484673 0.09696175530748986 0.7399829396691449
316 -18.343420323424564 15.582436478322348 -30.1420841249917 -0.2545621401624635 -0.6254699554150694 0.08766381684921824 0.732325410513935
317 -18.32446259102541 15.528801644957511 -30.173184134275 0.2297322635956945 0.9506921908116646 -0.17338943078940114 0.11551428778918857
318 -18.340124323250734 15.51386864800011 -30.080208092330047 -0.12017893172667884 -0.5028325247628984 0.8536564475148282 -0.06314385184613933
319 -18.250103461645782 15.613036472967167 -30.19922732322373 0.23743296143575918 -0.43191654399983426 0.5244910556850257 0.6942498256027809
320 -18.257266788617496 15.679697739312095 -30.244386727109116 -0.3206674333207427 -0.6479653814554066 0.11521835591496904 0.6812033412301258
321 -18.088772923954743 16.315602801434313 -29.419747610251534 -0.31791151722098865 -0.7169176857227086 0.16722224102641353 0.5974931139539167
322 -18.056231640487937 16.329293113593714 -29.359604900100678 0.6878989438067404 0.5869879734204342 0.3378150740706299 -0.26100026417610406
323 -18.083419154099904 16.27929789273018 -29.256131181000644 -0.22653247246064603 -0.622109823242247 0.17284359801113602 0.7292376137946619
324 -17.920352064125222 16.70934178255321 -28.406484768735908 -0.2944463134719731 -0.7223180443965588 0.005579188192835985 0.6257210911268747
325 -18.08535985537823 17.14444828026231 -27.432274163437576 -0.5134948004420914 -0.5552193691231401 0.05820944051276223 0.6516641797004268
326 -18.031194566180197 17.093585788245367 -27.28855587118079 -0.593528364219903 -0.22930198614164526 -0.5140458983731212 0.5752403796533341
327 -17.66055650854766 16.761073937446323 -26.216364182018385 0.5893495520514802 0.37594809979149973 0.6303083432028639 -0.3377003468294652
328 -17.750942082306327 16.727841210853807 -25.071631704874687 0.5636105681649985 0.21095005685638224 0.7942900037533414 -0.0833462110868531
329 -18.172990960253056 16.738505975202347 -23.911724068285004 0.5060475893082487 0.025829323109324835 0.8604811423356549 0.05311202413531953
330 -18.514077866956097 16.807043795173186 -22.84717455191839 0.07022446115467182 0.137729051613844 0.9232624941183604 0.3516896364003799
331 -19.311013996594003 17.261166117505006 -22.74361590022964 0.06568245799669901 0.06366090954373223 0.7194365873290759 0.6885086056977575
332 -19.359335037480864 18.25896133695391 -22.654860833578432 0.09609161768831577 -0.021438490929129347 0.5938201311046121 0.7985514661007308
333 -19.091030027201064 19.20121228961725 -22.48344934761745 -0.012709389724469708 0.1467676501329074 0.5005032022983348 0.8531085937771393
334 -19.255610259089757 19.236758394800844 -22.500706967587835 0.6160750611738847 0.4101484716268716 0.19838620717424332 0.642551681209188
335 -18.85709661941809 19.99826987768302 -22.840784393063164 0.4522927042843205 0.8443016461931292 0.04946104806744689 0.2830894639699921
336 -19.048358216496776 20.758704269442376 -23.218510412070682 0.6013849749049677 0.4924269925019769 -0.030694264456607792 0.6284183567842967
337 -18.590478214626845 21.324750137087417 -23.827211203220937 0.5999218442748754 0.5339717390388127 0.16130193786640634 0.5735413215368534
338 -18.886478750923597 21.398600526852682 -23.946563547954536 -0.30949020706574887 0.85508549089853 -0.3973955106056606 0.12296919588127007
339 -19.399631005869182 20.860919272448935 -23.877143104255413 -0.07476469261928874 0.7480083427812686 -0.6333432020628335 0.18376655916667728
340 -20.216336876947913 20.67771435776899 -23.991364956825315 -0.31388242888433987 -0.6221087397028003 0.6583062550129881 -0.28476553765130175
341 -20.75798033692655 20.644225296721782 -24.838315628878814 -0.5037334450065267 -0.4916812328706314 0.6699973948758728 -0.2358085504900446
342 -21.183452731014825 20.847563231216203 -25.77124187660896 0.6836821134948377 0.29073216798074714 -0.6675583150788096 0.049188109920875696
343 -21.2372194282964 21.2530268614291 -26.724792061362045 0.702717942079226 0.23917856355947612 -0.667703188236485 0.056156576038745014
344 -21.22948443124211 21.707481683775026 -27.907491155068055 -0.6831715240176626 -0.136677896137626 0.6973876384669762 0.16806636544005493
345 -21.202737609929304 22.093325152885743 -29.139183886746157 -0.5085169629945142 -0.4226740405319386 0.6912890255636439 0.2913359520253358
346 -21.285900927160554 22.165195390592682 -29.49329190421271 0.5868329989922769 0.18054561832353352 -0.5770028137396945 0.5386075230948593
347 -20.62355529427322 22.31729413714959 -30.273227737959452 -0.5794377274664 0.11165201517548405 0.7805379439989397 -0.20626746101538934
348 -19.98081597645394 22.58744881687986 -30.271209180230304 0.8965139316808355 -0.05063283989167446 -0.2912149672505521 0.3299892856986935
349 -18.989982537247364 22.761612629109177 -30.46571468109914 -0.20454331664557937 0.6920772700905784 0.6874734474627734 -0.08106381975485481
350 -18.483675458519325 23.18742940997124 -30.425700056573906 0.05574203818707266 0.058074339367464936 0.9844546344289818 0.15610659511078567
351 -19.145462301774508 23.349272474990542 -30.174989271846602 -0.1654874882445468 -0.24828848356137306 0.9544456989477128 0.0003576667679968126
352 -18.947889618214546 23.365635351788583 -30.201154235134602 -0.47564937270437263 -0.008006893890385175 -0.6987757669167444 0.5342340231266386
353 -18.776774881877323 22.663276406082183 -29.56483283411205 0.06816467311264345 -0.006962631365346641 -0.6521471612126212 0.754989522593682
354 -18.669481370450598 22.741772444517192 -29.63696840653523 -0.22978480624301406 0.15858618111258457 -0.2085020334388433 0.9373239930951595
355 -17.840141898062118 22.419729167145768 -29.80424386022968 -0.26291843221244804 -0.39208993277589554 -0.02391638679914691 0.88123061060157
356 -17.041026383895073 22.608018559714658 -29.022829053852146 -0.275676845046505 -0.5191432799595198 0.06544836833018657 0.8063554074110205
357 -16.587837509316994 23.049537687744763 -28.170960353070694 -0.16601999459666247 -0.6309412828245958 0.14116599014505735 0.744595609877028
358 -16.51480943278029 23.444668927206628 -27.22745233189978 -0.032397375888991574 0.8496076908650645 -0.16573152049941564 -0.4996501223570265
359 -16.998320070795764 23.554906214416498 -26.236653058237092 -0.23695479789274307 0.8214257225275277 -0.30373459878501063 -0.42054428973254115
360 -17.067553448265375 23.663772885773742 -26.237999663613255 0.18956778402341726 0.8390523463658557 -0.5095793145230302 -0.01959942674267119
361 -17.180127587965117 23.78537713473661 -26.254150125146985 0.09700553657433744 0.9674760727465712 0.2032088972082929 0.11526542687287232
362 -18.29690626455737 24.01972846600541 -26.413837660789138 -0.08452997958016926 0.9383410836304571 0.3280956975151503 0.06873068161630297
363 -19.431217183414585 23.94157350269713 -26.6441827508514 -0.3278098279589223 0.8374569049472348 0.40148301710216905 0.17325713846268842
364 -19.59641440925334 23.945442402315617 -26.61954871252167 -0.2628584437967361 0.7802236652515004 -0.19960033242951272 0.5313343373058983
365 -19.895602003119045 23.957088934906235 -26.619820860954594 -0.3497914998871966 0.002151960583476158 0.23713423450154336 0.9063159661507014
366 -18.745061505119807 24.50931223538995 -26.665231613106574 0.03023770935200762 0.148353762813271 -0.05305496595863857 0.9870471177098968
367 -17.76789631601546 24.291616256638466 -26.8365639082526 0.6304527261665749 -0.5857121656743409 0.10487002255354004 -0.4984705582276914
368 -17.47490534222758 23.432422129051265 -27.32279158978885 -0.29573058582492046 0.4920606654936079 -0.37503901040034077 0.7278498902655475
369 -17.20098954850582 22.497201020715462 -27.807100891679866 0.007248758815037461 0.48624850971791783 -0.5444621433749861 0.6834257945997219
370 -17.286677840186755 21.689877814340647 -28.494663580114295 0.3730410000725315 0.322378825269083 -0.6837250491689202 0.5379891842983158
371 -17.394293534297482 21.145012942920616 -29.34602074284871 0.4101604258439471 0.3339705070246604 -0.6624744799274371 0.5304334915463721
372 -17.364699548279823 21.117444225490047 -29.349621486224887 0.6939264812594109 0.6659316245880531 -0.2395876263687903 0.1326607676421997
373 -17.389300720521057 21.84308989949394 -29.82919358544896 0.5059380537588041 0.7421164065124632 -0.43399762421836674 0.07025658059281918
374 -16.927293285505023 21.08620938244261 -29.33252552991793 0.44244830812695357 0.7016691382158574 -0.5580482084178615 -0.021957053368519122
375 -17.50086770609708 21.682250511269576 -29.84192002653299 -0.3734394610130956 -0.6347811907199976 0.648130741381261 0.19370686860028397
376 -16.83192698332664 20.96938568649997 -29.58342516473015 -0.6062004342909244 -0.44634208607624326 0.6243705105735986 0.2084735983012387
377 -17.057828972153246 21.847266700488348 -30.152317524018326 -0.5309804539527528 -0.3743801953460312 0.7226862272928422 0.2358470770097317
378 -16.817071060001176 21.214946331138552 -29.535158426417343 -0.5748605111201708 -0.3555367933170125 0.6736150225426586 0.2989511377422157
379 -16.884597187479198 22.102417332857378 -30.05477335793921 -0.4087633253354807 -0.2659844627400134 0.8715780829717942 0.050164277377411755
380 -16.174701160055804 21.909714168183157 -29.499761912564832 -0.6016104269893499 -0.30072408669985584 0.6712275615710341 0.31158221772693273
381 -16.333446065903896 22.635019871163443 -30.022847538455384 0.693436741937743 0.1196386855577274 -0.6684279388542245 -0.2409069538387798
382 -16.569394934035472 22.138709813930987 -29.129610588097922 -0.6047741039456548 -0.15582001294974754 0.7809504930340081 -0.009205117653259503
383 -16.832582781145067 22.294175077938775 -30.034697793384193 -0.6579065292851367 -0.31541868357078356 0.6678795730530682 0.1469929545145286
384 -16.63592617985669 21.715784859166536 -29.2347696847802 -0.6271870512856774 -0.2609801881472975 0.7133599945613386 0.172172187805186
385 -16.649403014894283 21.720547362932557 -29.24601996131989 -0.2703682469084532 -0.6902962498751947 0.4081611409194888 0.5327256155988694
386 -16.788410268807922 21.704342668090806 -29.150495484127024 0.1791613710524427 -0.7198731903045058 -0.19590811095807217 0.6413297163427415
387 -16.768790638429895 21.73937783718325 -29.118423727669057 -0.4213475699818173 0.26292911288658766 0.7705725999523352 -0.39944007694495104
388 -16.81264244729804 21.75462946667526 -29.1703135991694 -0.509548954461705 -0.1607912783193042 0.8007175983615396 0.270845630382982
389 -17.145529453469944 22.382233355541082 -29.77363522290574 -0.5111893547063788 -0.16061974170742274 0.7252363208548454 0.43234132479054505
390 -17.021829161325222 21.615491719240993 -29.208468215569006 -0.5915942649945332 -0.24387282689535683 0.6678768346052235 0.38010893665547085
391 -16.893854553581825 22.41678123187387 -29.88887499644984 -0.5878752898322672 -0.27500335894864947 0.6996539406111721 0.2987643880365381
392 -16.75739724036531 21.725618148288305 -29.182018723897542 0.6566649634536293 0.3444298635159373 -0.609849606194685 -0.27971888158475106
393 -16.761085065597538 21.753375548000133 -29.21570346546908 -0.565300939909193 0.23223548860988283 0.7412826602272327 -0.2774915184547971
394 -16.946335821717568 21.06546513992036 -30.029939131769176 -0.49106380669485666 0.030661831975389936 0.8427155216491261 -0.2185102729528083
395 -17.406151602025968 20.687287295869414 -30.788099181245208 -0.4413691765002855 0.15470503722108395 0.8596622144987393 -0.20552488524995394
396 -17.365448835855105 20.60673544092889 -30.774251673635703 -0.49285344035405354 0.6476759749739354 0.5224205234843273 0.2543385822385109
397 -17.405580739263886 20.639658087580152 -30.85121389018895 0.35774558482488106 0.5171497905808035 0.57368684411719 0.5248405429531894
398 -17.590845988954598 21.71539340438702 -31.028083228099717 0.22798441628479327 0.42135494728175826 0.8138694359042973 0.32878512076018607
399 -16.8592407711136 21.1200599841651 -31.257439428358907 -0.5286977009957488 -0.07628648085483992 0.6384672043046994 0.5540927204249584
400 -16.559198769548882 22.11420261725284 -31.96628547621177 -0.5656504760987364 -0.21203564342769163 0.6370800177626633 0.47875826444355324
401 -16.890388538673186 21.227160571163694 -31.1927706575645 -0.18976823671876214 -0.278107223476209 0.8615915633384363 0.3798741456943791
402 -17.616573944896835 21.77371404107448 -31.265830293369607 -0.6000494204278144 -0.004250483764108671 0.5892909219326046 0.5409795151018515
403 -17.953004694690765 21.023071392843494 -30.45004915321501 0.7051165395660292 -0.017438308596200155 -0.5564283412290031 -0.4391970766078388
404 -18.07096402621555 20.920547144701498 -30.279523411112564 -0.4018771488622628 0.6663711573717511 0.6280103063094802 -0.006876991671078875
405 -18.869938310815193 20.25112648757476 -30.744637267020494 -0.42374692247824175 0.5598088066756882 0.7118114176134294 -0.01942038654922654
406 -19.59146392787373 19.744850071285516 -31.33139116257866 -0.5827860706822285 0.444997185158088 0.6791993517862301 -0.03203344429359919
407 -19.66788035507556 19.785287708934447 -31.395317994652583 0.9553598872712434 -0.05438879508333712 0.022352604170665348 0.28953360055311267
408 -18.667836361752425 19.6618290584652 -31.339419169193338 0.94860352665241 -0.047952547533968805 -0.178303403192917 0.25702100851377413
409 -18.79026574435076 19.66168031001926 -31.3149572489175 0.6707433448553299 0.6565846601457542 -0.3414018163246001 -0.049444405182318844
410 -18.904527528200518 20.501624127837296 -31.66987558751495 0.8274269068459232 0.4551682407480697 -0.3279324039768141 -0.025434717684353927
411 -19.358960796703066 19.7469171527833 -31.139530840311906 -0.3493998382273042 -0.045181536151662746 0.7356256418058431 0.5785614029257837
412 -19.450433185061225 19.775684722950142 -31.195577251465274 0.5061658211168999 0.5706931403604413 -0.47667366463804994 -0.4369069906961013
413 -19.554382162232837 19.821886553629163 -31.117593651922594 0.6419556710711433 0.7328465463944456 0.03306371793864568 0.22301490168463312
414 -19.748556581245463 20.783044743326734 -31.262292321153655 0.723467191318522 0.47248111521347763 -0.14785132986736604 0.4811411467633691
415 -20.33946184291349 20.273576626684974 -30.599078980783617 -0.15672973700561987 0.14783542826391521 0.7031065330468715 0.6776589694492229
416 -20.470846317679566 20.433558747071398 -30.57148146146732 0.39204891960009913 0.5795887391877309 0.5478496981183485 0.45851417242961157
417 -20.891187880765205 21.490334205239787 -30.5211508761887 0.2429333890902468 0.5122268600057648 0.4627739741900108 0.6815036765609901
418 -21.027978872820583 20.83864844378386 -29.90348494375339 -0.2948949114699044 0.01753188688243281 0.6535734451145057 0.6968295171508282
419 -21.13147771986801 20.966200026232336 -29.721662050136 0.5743136806476518 0.5434673880053279 -0.511578054046455 -0.33629583555800335
420 -21.33834925992705 21.150666375022798 -29.55383932135607 -0.3009581173130424 -0.0700763391892694 0.7523166958925249 0.5818359798006439
421 -21.657100079934658 22.045638397729128 -29.730547693746797 0.7782503731804536 -0.16060963228691483 -0.35936816358531 -0.4892702991828415
422 -22.369947131200288 22.155393748595856 -28.968376777890562 0.540975095850662 0.4770669791673412 -0.493864926028027 -0.48564439448720786
423 -22.586490199949257 23.03776868547628 -28.898079347188332 0.8444674158049326 -0.026615208082489305 -0.4357074812987601 -0.31036334365184787
424 -23.30556073270963 23.190649441408905 -28.069213655955465 -0.44842320043803646 -0.4716843230199542 0.5630595106920946 0.5093078834509568
425 -23.371251221185823 23.44234000127019 -27.9945458865497 0.5106448966092821 0.8401570309905414 -0.1548004368534251 -0.09702977684217332
426 -24.01665577167788 24.33092115110633 -27.838363087944096 0.5986497735565801 0.556495323857855 -0.45301607643949804 0.35596044391527254
427 -24.129952460290614 24.15827371770286 -26.946181614663583 -0.3844056987551538 -0.3597401033451054 0.6983913099886447 0.4848390402413571
428 -24.470245442131105 25.114403797446155 -27.00255150068875 -0.6112549085381083 -0.07938728156600647 0.7287519662536243 0.29830465634164227
429 -24.33123754906789 24.645546681909167 -26.188830643334672 -0.5173641397383973 -0.19075175054325602 0.5372295083298232 0.6382261135029885
430 -23.8905196240651 25.62192998487441 -26.563904940890975 -0.5562066436995958 -0.09266976054939605 0.5690263628054847 0.5985444707091591
431 -24.725985080113176 24.816270778101025 -25.995365998369852 -0.548139379462793 -0.04926997364239809 0.6565059434564199 0.5158639710096218
432 -25.081799792795454 24.787026252874664 -25.830574549954836 0.8094021640018565 0.42379883665995444 -0.40637275752592866 0.011129460703630856
433 -25.391668396402004 24.790243613782895 -25.765365290427496 0.8546535378755865 -0.3509341143131338 -0.25382121273593555 0.28633436673451984
434 -24.928499439230645 24.086812815097954 -25.907535750715258 0.9025605676579109 -0.18169365588257816 -0.18166119412133888 0.34550115437066364
435 -24.208787242983835 23.642517716156338 -26.150942201601417 0.9156694947506994 -0.14880785284339923 -0.034196280850823005 0.371801309426293
436 -23.40913051168347 23.331780317997588 -26.134640417450434 0.9220201251046127 -0.07571886402262407 -0.0680427103617076 0.3735180478903665
437 -22.529410257489477 23.202968036753514 -26.231187382986295 0.9363655947279982 0.0027427447894757023 -0.30446408632099164 0.17468133987757536
438 -22.64234680760445 23.324320309996196 -26.30342315886048 0.6105818872400879 0.358915489903268 -0.07764491935411102 0.7016699342143171
439 -21.934446467456784 23.677873275534733 -26.806993186879637 0.3796313252988886 -0.1315886614743504 -0.2763016276646245 0.8730532008835874
440 -21.96587598424382 23.594060087505646 -26.76043354226162 -0.47919081054161616 0.7228572687599635 -0.4977198929166203 0.011333326449988109
441 -22.642046625841616 22.85035029715178 -26.292179156274365 0.1752368496521596 -0.6754629527170655 0.710703446703791 -0.08912046271244548
442 -23.724116879976265 22.43412962017884 -26.192439971768952 0.024145495797839617 -0.5627051626154963 0.8232924122435187 -0.0704946731377004
443 -24.93956143520958 22.25396284422724 -26.341299335781027 -0.3360120197725972 -0.5017111116568854 0.7968067184590167 -0.021930262810205815
444 -25.239305610785845 22.100762231862834 -26.420419580951656 0.6958901709172264 -0.11073181611645996 -0.4796081932962806 0.5229257268899845
445 -24.591144411992047 21.388372813084064 -26.891697439380067 0.7323438432112456 -0.08123997727655079 -0.5280566530125091 0.4221714493092996
446 -24.057856692769175 20.77047331575612 -27.66115933119782 -0.643967593610574 0.10643773113474293 0.677293272326802 -0.33948574496014794
447 -23.9180989696704 20.771996391314822 -27.750298040697178 0.48707159090361674 -0.3240356187816206 -0.27272006021715844 0.7637970619546667
448 -23.216621884918037 19.89273912275903 -27.579835869081556 0.3044410737938595 -0.5351465109234498 -0.002427095830057978 0.7879898182334154
449 -22.09544175317206 19.78776392404296 -27.156742499318106 0.20766289103772595 0.8544190759593951 -0.15759213863847646 -0.44945398447660595
450 -20.58678568104208 19.959478760170967 -27.418976325534025 0.3743486927560757 0.7697940896715343 0.5157176353261339 0.03626894473530297
451 -21.580355436304277 20.723337200660463 -26.569814319494554 0.2098671459866054 0.8568528348903572 0.4537650746438643 -0.12592163201469006
452 -22.735707638153997 20.8915111919496 -26.216512371929348 0.5634404170030629 0.5808301819565168 0.39512596550686746 -0.4347949719097962
453 -22.840627976404495 21.176678970490244 -25.384495913517757 -0.7260226306823633 0.16862671001629798 -0.07355871447565245 0.662604925978394
454 -22.04523810622021 20.86070347318203 -25.545072605878584 0.6597002894903583 -0.48720270351385025 -0.3119961393852917 -0.47967432987789205
455 -21.71656384323821 20.567142234838816 -26.479731140622288 -0.33694407922516023 0.7206583872993343 0.49599553536123503 0.34800661659220616
456 -22.134187671154695 20.460727104150735 -27.29675735710818 -0.0670202351511714 0.7907271775871222 0.5851433141959033 -0.16693148461934607
457 -22.973976110672012 20.0830648453286 -27.104383396673803 -0.39856483337101883 0.7648383360916938 0.4483276081109414 0.23488454408484305
458 -23.541444289306266 19.78683634394563 -27.748488862334973 0.7056718190009199 -0.5342651347578011 -0.1856589798775647 -0.4267537847998344
459 -23.154694266369084 19.08424643718084 -28.435546946495034 0.6873663130413595 -0.512052655306928 -0.2744294270348202 -0.43591067831196006
460 -22.71473277851312 18.59296662155077 -29.247863108682704 -0.5794060061151934 0.6995530348720663 0.31504530198106806 0.27506488176169946
461 -22.649941757450826 18.56514051563757 -29.35719569310577 -0.784511391541243 0.29626200450580986 0.14345344904882457 0.5255395410282815
462 -22.560208048815973 18.59702459062013 -29.327810797940696 0.6864754331530827 -0.6409260412899984 0.34234720435243493 -0.02763477782959204
463 -22.52172812879432 18.56119025454831 -29.267026784848632 0.512287571892893 -0.4965103691945819 -0.2648235045938631 0.6487737728830976
464 -22.04443047940323 17.58986154184764 -28.9080963716179 0.5217167302855343 -0.33226598749282277 -0.3988068229971662 0.6770259114882511
465 -21.569870220888124 16.67117481172727 -28.829719634870937 0.7284336674476505 -0.4430318576068334 -0.2869501555427593 0.4367685582870984
466 -21.152053888894162 15.687036499805464 -28.7971154267858 0.7895529915328627 -0.6015560944699598 -0.06092563721006136 0.10499716900042476
467 -21.131941046697566 15.560402301655989 -28.744595553042288 0.9329934600133061 0.22247248846739287 0.21170348919073056 0.18764548518948132
468 -20.29940117523382 15.956693481491442 -28.45290032852672 0.48724021557306796 0.5282995456085534 0.6374081908175653 0.277862125372972
469 -20.65019607434751 16.743387190017845 -28.14985927009069 -0.09428925921564153 0.6178677272096441 0.7606677079678528 0.17531014039207124
470 -21.55989872623519 16.845215230302003 -28.47827412369636 -0.29818236195697023 0.7077487722270869 0.6314516576353215 0.10699419843346131
471 -22.352784128525478 16.531076837612623 -29.00401797519572 -0.28613284019885593 0.7114927699628034 0.6415263718838902 0.0187069566708705
472 -23.1701450079385 16.188353928235273 -29.416694374372288 -0.17230719051386145 0.7443635027809812 0.6449436981390231 0.016758104177057375
473 -24.11835599389396 15.988813435033197 -29.695817120351357 0.20991750119372238 0.5863237905136977 0.7686559752380953 0.1460378276372455
474 -23.261093947552922 15.573217905505144 -29.946155180076143 -0.6204159433361963 0.0835227794929096 0.6992003054449104 0.3452925360122639
475 -23.148547630000138 15.950046224239616 -30.883760537479535 0.6554382547330223 -0.14525126907767846 -0.6436189897619132 -0.36750150895160844
476 -23.11495095933078 15.978617447550532 -30.929853310294924 -0.47190113747299134 0.48133106645062845 0.500352869211322 0.5433937128760268
477 -23.12388945224458 15.9639066121492 -31.98475306072691 -0.5442321966005863 0.2744112890368611 0.6206846136918239 0.49321432558134426
478 -23.090873510296788 16.32217542213332 -33.01736611277791 -0.3779564631420609 0.08964429532714942 0.6742944249099364 0.6280444576778117
479 -22.986481455900684 16.94973588957483 -33.681433650310304 -0.5711380642398248 0.14255864141210897 0.6322217171141412 0.5037599088299491
480 -22.871624752176487 17.297617742131273 -34.64939678763858 0.6618796137368211 0.007521256076938769 -0.5761250637152082 -0.4795192577840518
481 -22.466849794319504 17.758248083636605 -35.31061908208746 -0.5496930119499227 -0.0369494124523845 0.6610718593410254 0.5093685603963468
482 -22.51393981994658 17.09057615984989 -34.65702209308999 -0.6220645798783657 -0.11361377067957135 0.6553725212711916 0.4130549938390315
483 -22.44704796173025 17.81029639465443 -35.38146659904041 -0.5877322523403063 -0.26094823961259556 0.624792298752512 0.4428446671482309
484 -22.590425334168128 16.934861548533863 -34.89207297285688 -0.5774515833260719 -0.27146225182986095 0.7097882283342275 0.2984268514457604
485 -22.711888711176382 17.681653905057892 -35.47581929694086 -0.6045538618227418 -0.2044297935632069 0.6227957816155689 0.45260192449962694
486 -22.818511360943916 16.88773298337007 -35.068591008845296 -0.5557912590082575 -0.23823433992317095 0.684062357045685 0.4079205405032799
487 -22.81981917184772 16.90434620840431 -35.12217222149721 -0.6398386414024718 0.15091692102391557 0.7170091708282936 -0.23179397072621277
488 -22.850224772555986 16.369656546564002 -36.029279756964364 -0.5232864192651802 0.2577535948633431 0.8011680311078476 -0.1336570001100764
489 -22.405225142475967 16.837359836657843 -35.32165897184923 0.6545961329352509 0.6266759770620072 -0.4207327249235326 -0.04201305390012449
490 -22.465891760570806 17.70325816665438 -35.8973075076598 0.5684399546311878 0.6474090434744819 -0.4590640251534121 -0.21678968890677838
491 -22.190542019350087 16.896084701190038 -35.690203605082495 -0.3707909546669141 -0.09227292292579027 0.6940700990884856 0.6101364381703717
492 -22.157046109121662 17.86068455491381 -36.148875944214765 -0.4907517399478688 -0.09106526238056001 0.6968661419752623 0.515021774194266
493 -22.0316726402102 17.00259032811682 -35.565227510939835 0.6301307346976853 0.07713385493287216 -0.6031102359964969 -0.4829530710626045
494 -21.778771195159127 17.700408908043485 -36.267357711134636 -0.39744185188892484 -0.07786516646357747 0.7347905223330516 0.5441138470101844
495 -21.551244454454093 16.843690286756953 -35.80202348134679 -0.5371765838931314 0.06742353502478605 0.532596798955317 0.6505659339253915
496 -21.093531242735956 17.421976573419492 -36.398275113289074 -0.42925000146519143 0.17792905037382992 0.5738768360435174 0.6743523310020387
497 -21.35418474004687 16.76983324601108 -35.747038939669906 -0.7163963895686442 0.2468483299286504 0.379026869337549 0.5312068781036464
498 -21.340039794727122 16.791609537974615 -35.70341281754226 -0.25513366975422536 0.36576229976568647 -0.03511872851973011 0.8943664939693434
499 -21.45161430316736 16.777492978226554 -35.72990929802399 0.29623845641045593 0.2517484665830004 -0.2697858156494786 0.880954652743831
