# time x y z qx qy qz qw
0 4.009480307492674 3.169989447587354 -8.98652017090121 -0.010018892865046385 -0.010014172459504748 -0.7072424193972118 0.7068291861128034
1 4.015022433263979 1.9666179648832363 -8.697182904907603 -0.09031457013778457 -0.02385107057576751 -0.7521103543460759 0.6523836445977443
2 4.083073056870713 1.7876436269727105 -8.752314308214423 -0.6681107549582205 0.36654184116548294 -0.2905038606160393 0.5786904222046116
3 4.725289080289323 0.8740980319868743 -8.909936223931075 -0.6515014123156273 0.3897501244177364 -0.054545106578187244 0.6485873739254226
4 5.445901187556563 0.20333629698165936 -9.36153104332151 -0.5935091110509471 0.39799569840856336 -0.04530608016405541 0.6980642651274755
5 6.5151411509397965 -1.356467531023204 -10.032013781829262 0.6329604855122221 -0.5386958242630341 0.3672648275777721 -0.4174738065148188
6 6.702440307709929 -5.131271652091842 -9.240108127649183 0.35324723230465416 -0.5098008899797051 0.7797405639289242 0.08558094652903506
7 5.2247800408009475 -5.3217506163954935 -8.201851175969306 -0.5376005461366336 0.026839581502102534 0.6639822320646024 0.5190307169724113
8 4.948539298389222 -5.050486579730514 -7.619145319812932 0.07398720144029025 0.21967181561949545 0.9727154609053814 -0.009737533625086064
9 3.570433974672643 -5.659360661851964 -7.3477914215738975 -0.08779368878065795 0.013194558917187805 0.9824484691253893 -0.164052361575335
10 2.2665653382071485 -7.559984536894194 -8.558499626145746 -0.4066569081002962 -0.2523779254001466 0.7656819897240942 -0.4297285567392251
11 2.3217547369659477 -7.275921551471037 -8.121584401507043 -0.46416514385391605 0.4085445338550633 0.7849440527774194 -0.03879326098154576
12 1.7983644320614502 -7.522736130425012 -8.494768557740793 -0.3121253830747573 0.41470172981359804 0.8545021424033251 0.020647255463436494
13 1.8772984075030155 -7.303075785631967 -8.260717410688708 0.6723693725166803 -0.4532937413769363 -0.499261265134755 0.3052579238382986
14 2.0126916331378943 -8.292914615429892 -8.666180180632788 0.6233047908639011 -0.52835181436485 -0.48421989175287716 0.31283636996729014
15 1.9363165776667 -9.585298561247667 -9.044960106996202 0.7305598816076336 -0.3613244962888777 -0.386121977321381 0.4320146830797032
16 2.023001352177646 -10.125220291350592 -9.306481198589985 0.770304416479109 0.4383062956857069 -0.45155670982142176 0.10303026220633289
17 2.414766306463559 -10.627215915100686 -11.184884798501468 0.8189402264716252 0.538245963537831 -0.19173566808993095 0.053531502724495146
18 2.1692446520675417 -10.197035461947983 -10.9769388581569 0.372493339775389 0.9027368901368055 -0.1360854681735762 -0.16672001787753082
19 1.5043593643523017 -9.378376380222647 -10.627285234770534 0.4535831928748121 0.8557646208699524 -0.1961217767430532 -0.15318436439775926
20 1.5573405598957655 -9.363177391862147 -10.541425388072154 0.37127944467781365 0.7690020569464584 0.4643267279530768 0.2349214764133744
21 1.0766297860809155 -8.752778198835932 -10.396087112289395 0.41269161311522684 0.7656001332892721 0.4568329802761732 0.18667002036692956
22 0.7090048422897233 -8.161022883917342 -10.139437179611944 0.4178667664478229 0.788836919887526 0.4108648269212255 0.18523977251063736
23 0.411901852735764 -7.616090681519752 -9.98095208976046 0.34567106492899796 0.7732484401497591 0.4938389488507766 0.19677768490043884
24 -0.024622619500453337 -7.130774695903813 -9.976894790315653 0.32367261461265756 0.7784231816981596 0.506150417956747 0.1819481880836672
25 0.2602085018134335 -7.343919125748482 -10.101983522964822 0.6824285861401413 0.4617574520368723 0.4836811808952974 -0.29516740259539737
26 0.36778472317390715 -7.166560710364596 -9.883245524043483 0.6012356844734331 0.4661365446144655 0.489426798005669 -0.4262555370720316
27 0.22947537060450313 -6.980143253332393 -9.212022003203444 0.5690270506152953 0.5050785374845609 0.4750767379968747 -0.4420474857464564
28 0.11945619355229466 -6.766167452529257 -8.173651457246107 0.5947696038373351 0.45842510936580716 0.46959538351847463 -0.4643013172846522
29 0.23252503727173285 -6.700553167696234 -6.932777418422313 0.6772946521820088 0.42285703828530846 0.4061854692496839 -0.4443841174801844
30 0.5245912912633122 -6.398825485655839 -5.520455609542502 0.6492626553739101 0.4638864448768915 0.40406545058349624 -0.44721189859064997
31 0.7677529534043023 -6.153731029319555 -4.600311492403212 0.6271445777180076 0.5660920083864126 0.3337743791482103 -0.41811981596686587
32 0.7970959964240163 -5.769267296203007 -3.7213441341383424 0.6090123550718349 0.633690430961917 0.3003903827222594 -0.3705482519795924
33 0.6958684738669456 -5.166235089746516 -2.7491196728626357 0.6720325231927116 0.5918403423838325 0.18828093051521344 -0.4032959063796087
34 0.8464453098821015 -5.215656383711934 -2.7332664057147946 0.6850955814021084 0.22003932731288428 0.6674221225432371 0.19176665278113597
35 0.543673065451987 -4.487841521311066 -1.8014053634440166 0.6603168398447739 0.2157321120929197 0.7018498166016257 0.15763299707105285
36 0.09569857099970402 -4.1235579477190045 -1.5274018647998517 0.5806751310014945 -0.38716042843180903 0.6264618445336635 -0.34708608764451254
37 -0.01876228184075031 -4.612559081331168 -0.49290368435342213 0.5595171308465614 -0.4440556746182392 0.6484067883228387 -0.2632940846001542
38 -0.7822095357070951 -4.600902124815109 -0.7227817881643704 -0.05713047842599758 -0.41914221921216505 0.9060781556745057 0.00884784257340625
39 -1.0842894582349414 -4.924808639902855 -0.3856567301516481 -0.03219844692740864 0.891890229435794 -0.4414634560099687 -0.09276365484479174
40 -0.4628650021426258 -6.653175872368653 0.15407649316465152 0.6945364788727794 -0.5186897579617338 0.2793593499068065 0.41296291373468996
41 0.5413917129698531 -8.016966355191546 1.0972958461967548 0.7218723498106573 -0.47446920842658635 0.2877216409555049 0.4135160675956373
42 0.5958306566893584 -8.324002892593638 1.350246398369927 0.6709290646706145 -0.5621683320575467 0.30994656182170416 0.37115237494424586
43 0.7169113692121853 -8.281842136907537 0.024739431912577214 0.26434155168254586 -0.2721543062021848 0.6719928971152521 0.6359883048424085
44 0.9560896287612609 -7.998978792163608 1.1861305557221644 0.3544908195431844 -0.1667092045933135 0.7154722015803641 0.5784840781985392
45 0.7406053189859406 -7.652348352881116 1.340125232179278 -0.30401714086262976 0.2909024549445467 0.6745475960976285 0.6065763598821313
46 0.5530589095825095 -6.815622804765253 -0.01849218914458111 -0.21151567695181026 0.17837417842237296 0.7306945897055245 0.6241227342845592
47 0.7127574579828619 -6.109128225576425 -0.9389485942867692 -0.13941850706414746 0.27668918267246606 0.6781783977236379 0.6663930048710326
48 0.7044342965663792 -6.145834809228147 -1.0156801190378297 0.5057976262258259 0.6048055005829553 0.3009834484413173 0.5364587882897347
49 1.0240795542282128 -5.341409620946402 -0.9267563610343519 0.5100925592762666 0.6038653508421579 0.3642416518070817 0.49242282452391806
50 1.34288631456512 -4.413527382150803 -0.4811548309636568 0.5278227419253809 0.5149845342063346 0.35881888952962765 0.5722264299657773
51 0.9202632174069989 -3.1686817296525907 -1.0132246042338713 0.4235360667083833 0.48425530920901677 0.15842882708500036 0.7490088800865724
52 1.716074919206078 -2.6313572740226725 -1.6661905197281999 0.4733195682774415 0.5540999339646682 0.268558932014487 0.6299348771906847
53 1.8985912515325358 -2.6735587649323103 -1.745664694657521 0.792343748820717 0.108179688203471 0.5669010189466797 0.19776696762135892
54 2.0359399624698327 -2.631298900345743 -1.7829694608696 0.951688560865502 0.05233897961801168 -0.19941711404452883 0.2275573091694618
55 2.998232629481146 -2.6368592919860907 -2.154494171648872 0.9441423023922988 -0.004092760784283558 -0.1981200401381391 0.2633002313675269
56 3.1082330065513597 -2.6531798188134568 -2.154096010173086 0.514148708286345 0.14933184744110858 -0.21730751988817662 0.8161669846957533
57 3.9479452169251914 -2.80828574526252 -2.580999563592916 0.5542120323856711 -0.02186606308518532 -0.11381784842529219 0.8242671871571351
58 3.8721907909171356 -2.75746738151904 -2.6832657247362977 -0.4509182780312667 -0.3511678969482144 0.670933429143558 -0.47244274610576026
59 3.7560732347878867 -2.7328501943467582 -2.7013864912927708 -0.06140957474933719 -0.5585989818687691 0.8084522705487236 0.1749313231782481
60 2.8445794928789883 -2.344722478212464 -2.600431313623382 0.00857059967530368 -0.6019980550422196 0.790204112742413 0.11446548279532025
61 2.7614375174569923 -2.3432368132535 -2.554626573193363 0.6478792277430605 0.36506609826078557 -0.5258251362638874 -0.41290092786619675
62 2.5683382226769775 -2.276513349949803 -2.4031643093306734 -0.7960293995111261 -0.006495513010141932 -0.09323111412768403 0.5979991327612442
63 3.5009859353943793 -2.45258893675694 -2.2118662171664227 -0.7916201907414353 0.061441829171708484 -0.11094490750808754 0.5977069538967648
64 3.77493899054621 -2.77751697760002 -2.0200930679468607 0.667752213980353 0.2932944403400752 -0.5153279150310408 -0.4500249903946435
65 4.092513124200868 -1.95334981880975 -2.5224965012754765 0.6735907341163719 0.21151579990893696 -0.5444215606529432 -0.45292577051616695
66 4.436743676199343 -1.1182304041614484 -3.1657243866385225 0.6848607243920244 0.2549277266429179 -0.5021859645818099 -0.4623709542682606
67 4.543184453810655 -1.1587173630879466 -3.3444219402309514 -0.8327177925747749 0.1322856283163447 -0.11355596966954148 0.5255346156275045
68 5.839778865320584 -1.4663735530609625 -2.900164356672019 0.8479257898811083 -0.19661021104063325 0.15164302920509046 -0.4683702290523593
69 6.783815663014743 -1.8960172060516305 -2.594744355525984 -0.8190247212967641 0.15682602284635444 -0.08367971552125661 0.5455289265229014
70 6.7541141758194785 -1.8574247005476177 -2.5677814842813382 0.9694880368708146 -0.1574081896609823 -0.05263798104602119 0.1804019155758172
71 6.969302067297824 -1.9338468247624017 -2.7426336280572174 0.6965231565441526 -0.005790995439388703 0.6552614747116755 0.2923257712352265
72 6.966803371661037 -1.5476424812612914 -1.572543442622119 0.6710864117891474 -0.01952178026779845 0.6886880205434717 0.2738078493525273
73 6.777366900725048 -1.084262225404212 -0.5902348988557068 0.7115149188636745 -0.000438083840120716 0.6744724942303638 0.1970613682172106
74 6.200469931629762 -0.9398633755143537 -0.3742065174324839 0.3608565561713405 -0.44016894331381834 0.5436318299846997 0.6168454268596322
75 6.079548475680388 -0.39873765599465494 0.946671811266516 0.32165295565384594 -0.42211159799941955 0.5829504810518527 0.615247845664602
76 6.075425745304231 -0.3973181868369495 0.9366403634728797 -0.5782640450833363 0.7935609303564275 -0.10997029265830832 -0.1542020710248209
77 5.9242582459715365 -1.411932444131401 0.9670006885939416 -0.6273428220198298 0.7634788934268523 -0.09481307138466036 -0.12062936809298001
78 5.464405126200876 -2.4262260560140168 0.6524052617171936 -0.6004622329736796 0.7824935717524278 -0.04822176069980263 -0.1575550022481071
79 5.560530285189172 -3.4928008266261847 0.7598266296343896 -0.5021055653058262 0.8469679103627608 0.04401035199150855 -0.16911075962882433
80 5.43673626415838 -4.466184722508168 0.9726480060077626 -0.5344437841165094 0.835239995959178 0.03706094848918622 -0.12397772729978544
81 5.034010557458815 -5.41118387591285 1.2720105514869489 -0.5234359596403924 0.8386767199747909 0.03303243279892004 -0.14678219889023356
82 4.73926283149118 -6.4285255555926035 1.2563853189593868 -0.5729361508548689 0.7944546540991929 0.002713561103736143 -0.20144132200190243
83 4.571217537373265 -6.251323201046182 1.8968003925170818 0.1414046375567652 0.9409484039315797 -0.21350419844685595 -0.22144251367255022
84 4.209913302612431 -6.222902280729409 1.5627108577472455 0.15562708459083952 0.8290165319306589 0.5367073476594637 -0.021378103184370195
85 3.2297654841901826 -5.901832201743638 1.748991093929741 0.12040830741587463 0.8386660755534076 0.5240330099496971 0.08677820984642547
86 2.5526334436456026 -5.661213730110914 1.7837865935881152 0.10751833836107696 0.8193946008397205 0.5585229380161103 -0.07130513824851362
87 1.4702428152725864 -5.504876608649281 1.9473849966711656 0.13044857728579995 0.7871724769898336 0.6027636002306747 0.004324626082764011
88 0.3949497068617659 -5.267492381530323 1.975786170404048 0.0925084574040075 0.797669254230789 0.5875706480705345 0.09963272398965449
89 -0.31197928521316526 -5.125259601461122 2.064836132792363 0.153004949607045 0.7370806191669642 0.6421340285185202 0.144794805372175
90 -1.1745688498871198 -4.780867783874886 2.0629831749785255 0.21338994647682993 0.7605962079903251 0.601640426117407 0.1182663806608545
91 -2.156201207785823 -4.257213633836253 2.2199332389547437 0.11675686541804067 0.8292323672967751 0.527473914286124 0.14322285136393031
92 -1.6092891261573443 -4.508052131816035 1.7778612744922617 -0.49805209030269276 0.7411504908737866 0.02098150098252966 0.4496663672537492
93 -1.9529001338674832 -5.218047630975489 1.3198406993773157 -0.5317900684538218 0.7377753935980412 0.05532662039632571 0.41209920743754813
94 -2.185686794531156 -5.178166282161816 1.486354984225938 -0.43332667427231825 0.8178110642620081 -0.24941900215773707 -0.28496178322254473
95 -2.4434717802988 -5.078471549477476 1.7774363062065477 0.23276980422798169 0.9263600895246146 -0.29307664580223325 0.04220524210245981
96 -2.5592474761687956 -5.018590765744852 1.836929247834086 -0.6026661542189672 0.7718655938058441 -0.1455090520880771 -0.1408691854810729
97 -2.7555301404366492 -5.916862185303151 2.146250229002127 -0.6097963163889425 0.7564205654540636 -0.15737859844292873 -0.17665887305417463
98 -2.530743181544212 -6.098612281329791 1.9653546318278163 0.5184924065586693 -0.4806030033541758 0.6136419589995151 -0.3516104714925059
99 -2.481036507467535 -7.2401058288061675 1.8807893088734378 0.5899655453772742 -0.4621288951567129 0.6021694449614977 -0.27526260022693394
100 -2.067209319179604 -8.41600598711419 1.9433950467381402 0.5527190256673455 -0.5045588024628223 0.5613943001918521 -0.3532117399446444
101 -1.289515866431622 -8.782190334887055 2.2641357059936364 -0.796956828837653 0.07400781116240697 -0.008272366423466763 0.5994282482580694
102 -0.26112037620144823 -8.963601572022988 2.488360791437961 0.8676359325340104 -0.036392589700534744 0.08175014874671262 -0.48908116010598573
103 0.2575414444635879 -8.869687270566331 2.7332333311929444 -0.8299676575129544 0.13325766716876045 -0.1327006976558191 0.5251538883649781
104 -0.12003425180053415 -8.612968795018146 2.872929225021614 0.9386125358141889 -0.28801279018119696 0.012412705489617813 0.18947576374546546
105 -0.26820342448809237 -8.419538919519168 2.9319156512618547 0.5306323706500163 -0.2072956970503418 -0.28762235572843775 0.7698903569262185
106 0.43656224487048056 -9.018443775915182 2.89048352169582 0.5396585922463598 -0.15773585811009605 -0.3289716749153448 0.7587263274622421
107 1.2278995098606948 -9.785727770233436 2.7576672306964487 0.5595521394817807 -0.24927336951332157 -0.37002686130835266 0.6984585258718842
108 2.1240395642299017 -10.996314347106512 2.472455596125741 0.5266176213658457 -0.12470587603252753 -0.40675023266679877 0.7359868025823859
109 3.1951555237502105 -12.103390839170537 1.990359587217247 0.5745397830716127 -0.18054815898514423 -0.42353191546244046 0.676703122897933
110 3.9941276689340275 -12.619415082005414 1.6712517230542612 0.664243940275273 0.2515304624610778 0.16152433317417417 0.6851440024216328
111 4.907601648784327 -12.096072008020602 1.44715445898056 0.6416636480465772 0.3532332763742737 0.1639580579775454 0.6607660482059329
112 4.998230722486194 -12.124450420691726 1.3849907331335152 0.00023559723418255918 0.20641186574366435 0.4146524797897049 0.8862603495465714
113 5.047813524920795 -12.109623693063876 1.3699559000719002 -0.09797258067825658 0.03371478307211492 -0.20256019629375457 0.9737731017619445
114 5.856231925823721 -12.394274954429722 1.398987662009079 -0.0634341043950891 0.05599463205792983 -0.2534276409518482 0.9636467954504239
115 6.619166559378351 -12.84985333378258 1.3586091373932405 -0.14847634165982074 0.0876386492157527 -0.15895899134778568 0.9721143359711598
116 7.576434632041865 -13.196372535560954 1.1730431695472356 -0.09053538952209306 -0.01146783687799509 -0.06517159166963872 0.9936923546051204
117 8.673378406365538 -13.353608600954717 1.1997538126739045 -0.1897938895043932 -0.017138988620449904 0.037576520946401085 0.9809549121388949
118 9.741280058697336 -13.31213135123803 1.4404748941704282 -0.28283020928228314 -0.05995847196369117 0.05776420519514304 0.9555497637252037
119 10.116420383300236 -12.89517517112267 1.5892603629541948 -0.7202040848259351 -0.3219020479705708 0.23317353497558893 0.568608169392048
120 10.172608266335583 -11.70807900851331 1.9436848305273866 0.85634351812789 0.4134657605874215 -0.3091315593737826 0.012630232830246578
121 10.076734961793429 -11.502576288226567 2.2546608179814682 0.7548128245496192 0.6284704287174905 0.18781948671401383 -0.002522009826140166
122 10.180736161727312 -11.800255048773309 2.02678850233897 0.10857652395219765 0.7007617038494589 0.548533163166128 0.44300738342766055
123 10.169681860246252 -11.544302805819571 1.4170323097443924 -0.21753433248963208 0.7984781732398698 0.3870896100275489 0.4065378885866984
124 9.133127359592542 -11.41305320447422 0.28838803706855004 -0.23068602021928877 0.710772093681929 0.32245243943134905 0.5810433849749648
125 9.259885511750527 -11.563177054923946 -0.8033200029953287 -0.3354099795001338 0.6766530727012801 0.40134451121735737 0.5182309795557708
126 8.864668929630405 -11.544863928111969 -2.661803086536279 -0.5255533263157854 0.5994406526046536 0.3103516779646115 0.5178285828224112
127 9.04706065394946 -11.79776089652535 -3.599931408075006 -0.5583826884935535 0.5497115344887359 0.31511314396439827 0.5354714824728017
128 8.948603398032462 -11.930548805362383 -4.317795375139717 -0.4837724525602399 0.6441521244869964 0.29769206805200427 0.5122613466597468
129 8.871061190601562 -11.80265574715636 -3.920087239990985 -0.828898790899216 0.1010027783016697 -0.16074453856326962 0.526199987213265
130 10.727397553009492 -12.623040637951686 -3.2575134281097418 -0.8469580509341479 0.13368550136766924 -0.030302823329312556 0.5136847141780381
131 10.661152945864782 -12.624526476134609 -3.2603993025115936 0.5722619717927827 -0.42732264683849297 0.6706308737916133 -0.2004141268879964
132 10.589598281738754 -12.56482114714311 -3.279289551905846 -0.007554155371271294 0.7023354295514568 -0.28555657040123933 0.6520163527351726
133 10.003786924473191 -12.656124888577004 -3.8956838767395685 -0.13222665222764918 0.6411514951498455 -0.3282375060127919 0.6809559547828966
134 9.813071722892872 -12.498669432171473 -3.750931495080085 -0.5276070091250554 0.6892463254387953 0.1653355488568164 0.46822484243731316
135 9.6421957408465 -13.16554631387765 -4.939705850672817 -0.5212495305530311 0.7041756348941915 0.08273580056514523 0.4749635664179425
136 9.633715717849762 -13.305379723566038 -5.337507062986497 0.8131040657306694 -0.1941312576493105 0.32819347984372327 -0.43984528289367786
137 10.819660370454557 -14.253971102960534 -5.180919942751757 -0.7919319044565306 0.2339172334974151 -0.26041743265412726 0.5003092517099798
138 11.189030697050113 -14.466106726896495 -5.308254377038018 0.6177305572689727 0.4387802765826826 0.6163991576619788 -0.21431963496560882
139 11.292093640672926 -14.135890852547742 -3.6415200662285536 0.6725461832339956 0.4886479720085375 0.47396174820807957 -0.29028443310806085
140 11.361816531772579 -13.792910496204117 -2.8160598485148793 0.6990571619800088 0.48591387576335177 0.4254453110044747 -0.30692519767754195
141 11.352231229341857 -13.878578461018405 -3.060244317440751 0.08592382377144869 0.803321152565644 0.5648914513560995 0.16789839348218052
142 10.426560189675644 -13.585578465565145 -3.284445613082774 0.07582843273845077 0.8034734003531736 0.5733894108992322 0.14108553144093
143 10.427798251663475 -13.541959334024613 -3.34724899341206 -0.45347046248970896 0.6469430003589591 0.363764945507123 0.49346160778333803
144 10.215802599561314 -13.78805284080157 -5.022121538111699 -0.478654380942089 0.5010023765674744 0.4367385975265718 0.5737124712861036
145 10.324090528909718 -13.53478924327803 -5.051280186794778 -0.5173442595069472 0.6647879409059733 0.322415918811472 0.4318100115538761
146 10.293654504391416 -13.950624221678407 -5.636923611320429 -0.5173825755871014 0.6828541673208448 0.30716507987703934 0.4143369044093757
147 9.872085053440847 -14.363089276941842 -6.597780732347175 -0.45716453474759666 0.7438423337204755 0.20542445264879833 0.4421537797963865
148 9.79502181421008 -14.995080367793449 -7.589266891349816 -0.48743830376839914 0.6976702316553083 0.2923260158289256 0.43612572539463984
149 9.918890722380567 -14.955235404181929 -7.342551788783934 -0.6169711254925946 0.7354362016076583 -0.18993613221384922 -0.20592350364381418
150 10.060130283557267 -15.938532371494455 -6.746879998344705 -0.640676769405348 0.7228731484538821 -0.1050865325901356 -0.23652591624783953
151 9.849286075625397 -15.655222332477848 -6.344366262980545 -0.5658979186734314 0.6216333020884491 0.4319864452565313 0.32667919200695145
152 10.120368150933349 -15.53818203584515 -5.905912354189169 -0.1603691389379354 0.7230179940738628 -0.06199182530501006 0.6690917224992883
153 9.701812307487414 -15.779331357816615 -7.1668011194206 -0.1159109902900677 0.717008892129119 -0.21266207348191485 0.6536342505102682
154 9.22900568395434 -16.51991041487779 -9.474876605642539 -0.03977529776115254 0.69682304145842 -0.23213548950371155 0.6774722792066992
155 9.206788693727274 -16.491848113986194 -9.625361447542332 0.5261575583438949 -0.4895811995025285 0.628560092448457 -0.29728888824246863
156 8.947150692869963 -17.336077934667507 -9.067704283194136 0.5668162073244655 -0.5594454878602857 0.5208010001447414 -0.3074190161250801
157 8.93380043746161 -17.33233814847509 -8.867146341248224 -0.08531332655031863 -0.651678381778317 0.7335039366226759 0.17323076515085267
158 8.138725893210708 -16.951612527526898 -8.544985347363811 0.10999009585948202 0.6954472288902535 -0.6858059740046342 -0.18418875280875363
159 7.251728495784713 -16.590237990636485 -8.339696781463058 -0.06970282821219802 -0.6233411661719191 0.7663152833469407 0.13909778144726265
160 6.330661224213165 -16.257957888405063 -8.203836610300717 -0.0657111413944054 -0.5945468108062355 0.788427400697102 0.1434516276895791
161 5.326812758725184 -16.01494573570438 -8.192774681739014 -0.028984897823113292 -0.5253244223056561 0.8387011350905753 0.1406219507231796
162 4.064253054006068 -15.595882146196546 -8.242149122420821 -0.09969771662769315 -0.49623153200948816 0.8594166541654428 0.07223327821590222
163 2.7275376561702136 -15.01283585358135 -8.28269296519025 -0.09189909811415879 -0.5045921335957861 0.8561189819200955 0.06325838501855299
164 1.6710771353941183 -14.677435123952003 -8.41990208144815 -0.11667418584371628 -0.545554938566354 0.8207736521369158 0.1228314101579744
165 0.8459968222558656 -14.463818289016107 -8.376576865912384 -0.0854088992756577 -0.5193175077892247 0.8424708537703942 0.11514124619567001
166 0.09484695816616122 -14.424303364268834 -8.367602129563716 -0.11059444574856918 -0.5764276744175889 0.7963713334935089 0.14592019711084203
167 0.30081907313770456 -14.660553923931872 -8.387915088833862 -0.6126549160659518 -0.21746076202005274 0.5436097907534818 0.5308984518708201
168 0.6845940530963266 -13.886601998850631 -8.899929524163015 0.6051221553256281 0.22577391178206688 -0.5943801841737609 -0.47912995580975287
169 0.6507246484799538 -12.804203576802761 -9.405250117289315 0.7026196542427977 0.23087068819247206 -0.482984885828458 -0.46877494266069347
170 0.4340063902241953 -12.540832588836265 -9.495460666123595 -0.8253374609095795 0.13160854209810072 -0.20854632554088623 0.5079426122797047
171 1.2169572316880417 -12.858344965574227 -9.236321583848257 -0.8048166749212264 0.21086034472884826 -0.18005817166342203 0.5247733697576451
172 2.366001922171878 -13.546123384588432 -8.876818105637888 0.8482896166237907 -0.19143290227217966 0.1524464142574596 -0.4695937191189364
173 4.4996180825244005 -14.99426650193104 -8.782859641758412 -0.8052797240339987 0.2400892896922852 -0.17995125722597763 0.5113699678877979
174 5.876279467183742 -15.749335700974397 -9.638969993869146 0.7179296581733289 0.453533522993268 0.4254496405673398 -0.31285292515423774
175 7.39396160536658 -15.61189750402631 -9.376882178705712 0.7351455423084142 0.47326922953228673 0.39992050598399637 -0.2750288292079337
176 8.663456617343131 -15.08783673365976 -8.768112832545649 0.5837802391349218 0.52231493609761 0.4695166809503041 -0.4073595785474214
177 9.507911623203933 -14.623601870203066 -7.59586627253719 -0.49185146815794833 -0.49366969676616423 -0.5067513937453919 0.5075188555145238
178 9.823553727627122 -14.2322047682091 -5.540372289162744 0.5555363979463526 0.4934495974556934 0.44576415576357736 -0.4991804511035962
179 8.967198828613968 -14.07425106930551 -3.8529886574215446 -0.7823897949910633 -0.0013076356720683414 0.12953126167 0.6091684094180922
180 9.757178628763775 -13.078765416672136 -3.0758652420600945 -0.823328340550381 0.1372746872083536 0.1401779381930057 0.5325751116437555
181 7.190767396217223 -13.275622448589319 -3.609601275167186 -0.8129887855971849 0.23430290355637115 0.0421643369751655 0.5313883255828182
182 7.520818212315953 -13.535215608898763 -3.7473591211953083 0.9304123934972465 -0.044643631860247245 -0.3055789493211609 0.197385992139327
183 7.7138696924529135 -13.67809017097122 -4.741044784198874 0.9351041760035315 -0.004017866067704444 -0.2580536048627171 0.24284228171876102
184 8.282758002734713 -13.670306498738016 -5.427812028795519 0.963418055914656 -0.13433422240365 -0.030954262919266843 0.22982993677055136
185 9.059459924578793 -13.84481241557187 -5.441589560331792 0.9331050103112887 -0.22374011634521979 -0.07211466327470498 0.27213025449327005
186 9.902187302224537 -14.261485192148136 -5.542253808744727 0.9558953652924911 -0.20708889806646294 -0.0488520823845068 0.20246410288406672
187 10.78327568587622 -14.696530921688415 -5.510521171016751 0.9463654858691672 -0.145553659556306 -0.03757441384774032 0.2859976621746755
188 11.911292464103543 -15.133917703741863 -5.498249296914255 0.960540393792451 -0.14949854641608323 -0.07271230943034007 0.22299160650084338
189 12.66494991414524 -15.427697705851203 -6.064346718720591 0.9583658947943159 -0.11632403242531432 -0.07143572556625052 0.25079965767167123
190 12.433731567824005 -15.325081210511486 -6.421583664350524 -0.6112480025443676 0.7651680777743431 -0.15260130221229357 -0.13268961791997444
191 12.102325604139377 -16.057880258931203 -5.947390233382652 -0.6108254043110375 0.7646943261927507 -0.19979266385365757 -0.04709357076216583
192 11.752153889064129 -16.92202482972273 -5.3619513576589055 -0.5994551278757029 0.7406635437649888 -0.30290175484044296 -0.017932972859869268
193 11.496561564686763 -17.88262254893647 -4.89028117177329 -0.6548088111429125 0.7027545676960669 -0.2780642176475554 0.006459821667225228
194 11.446027888291821 -19.023546063752253 -4.817455682185125 -0.6233471324800868 0.7443655985090759 -0.232446025387675 -0.0576806160382317
195 11.69731234655616 -20.571980469318053 -4.877489014745549 -0.5937071067159565 0.7601416161788395 -0.19051479467782112 -0.18275860526075569
196 12.792055303224684 -22.443222376162087 -3.6132257338010842 0.6956290738355204 -0.6634574156064508 0.25122249447114803 0.1131888138609048
197 14.807369693182686 -23.94879399159016 -2.5742107245943138 -0.6703817872126714 0.6871037455806517 -0.2399912021414496 -0.14450233588867642
198 13.141758568673243 -24.38269165708562 -1.4128493293578748 0.6814072705262681 -0.6484682599828876 0.28307287152701793 0.18719721385254254
199 11.577464530976433 -24.48237136516413 -2.0164393971295547 -0.6432391123540423 0.7450310766746043 -0.09841874886709304 -0.14658065697253314
200 10.985443359069118 -23.989373154398926 -1.6584189421126394 0.14575829687515757 0.9514499658959471 -0.24510261489083598 -0.11585417326246222
201 11.062288046286035 -23.743673871171325 -0.9985659370273284 -0.2101151112752148 -0.6478918817947343 0.0411139380113238 0.7310248926127504
202 10.972336797058198 -23.27301349234063 -0.173549116650117 -0.27534267464773476 -0.6790520844651702 0.11183414237425804 0.6712434749781582
203 10.492201892418274 -22.585380712918077 -0.5539882721644352 -0.28655797332746286 -0.655626672543965 0.14864642421823007 0.6825997617480676
204 10.630385786595788 -22.006720996011506 -0.8261100203993356 -0.16212119017182494 -0.6414585583914145 0.26841710686374226 0.7001427670886684
205 11.114401264704636 -21.52617690125786 2.0965961141111196 -0.1896034828994566 -0.6533297767558331 0.16170569791348885 0.7148859974421654
206 11.079246143005923 -21.48794053841135 2.150991997935806 0.3331302494449091 -0.48854353985921867 0.4885246275344002 0.6416331778040871
207 11.123661291570452 -21.566408661325433 1.9388417348441607 -0.2659523356525744 -0.6660937971742015 0.022401516836197462 0.6964815723121688
208 11.106358352069575 -21.277252602623765 2.3678311569529127 -0.23042971681714824 -0.6840738669789773 0.07555955857562952 0.6879213932069953
209 11.046277747010238 -20.812507139323774 3.1699876940705485 -0.16027756835388662 -0.6721154551307118 0.07002065429878139 0.7194921987266938
210 11.094780762633773 -20.448594453742057 4.439274396976174 -0.2522966683557428 -0.6516411263820878 -0.01856445443214947 0.7150983111263184
211 11.068178805465237 -20.212100147512363 5.067377145847965 -0.2546694875790556 -0.02585641122001816 -0.12664720728330944 0.9583503445934483
212 10.861185169357205 -19.196318160064585 6.610027030631889 0.1796967145256506 0.23772910323924568 0.8343371118985263 -0.46376238309135936
213 10.443267473383628 -19.13636673757076 7.9229181916106866 -0.23142432888523495 -0.30255665831650225 -0.7766408004485648 0.50172832846769
214 10.02936434817324 -20.473591804783315 8.540127569658933 -0.14799718610598767 -0.10151927455118778 -0.733905523976549 0.6551132357661664
215 11.072776874612048 -23.970955171938805 7.6611260345537024 -0.22654836698726177 -0.032767179040824934 -0.7126644839174804 0.6631074443525293
216 10.201707487525903 -24.85268324799499 6.642708366166534 -0.14962376170207833 0.02910117202320212 -0.7341403794889392 0.6616674050645323
217 9.731262362486776 -25.478535617043004 6.297145783749644 -0.14275988532992798 -0.11670035186870653 -0.7960282934203299 0.5764890277261328
218 9.728649125101722 -25.24279093797686 7.0289434081237605 0.5020448928734316 -0.463798176043881 0.6659046575849122 -0.2990203411890135
219 10.888864485426112 -25.87563658197748 7.61442040338127 -0.048733192204199034 -0.5006072935764263 0.8543957369128778 0.1304811800252195
220 12.144336561262238 -26.768002343120582 6.869719721717864 0.08575277350368488 0.30693302401858796 0.9469282993251866 0.04201638418926916
221 12.52093269992662 -27.26263335450424 6.306832766302771 0.03414868814624458 0.2575974524506076 0.9451296502763665 0.19800849415446933
222 8.535999817199091 -25.2475769716761 7.885883556005937 0.14587070142204242 0.23435668395655734 0.9503718008076476 0.1434995588186836
223 5.608956638841713 -23.598459683082293 6.459736280270171 0.5951388480266391 0.17497659167544974 0.7797504994762778 0.08474728610205415
224 7.438070403862896 -25.08922330663769 7.282864200819757 -0.691065942003124 -0.4283220756198857 -0.008312664445204298 0.5821502924072344
225 7.515719726593505 -25.077526922145356 7.744647233495927 -0.16482849764002763 0.31702967537780985 0.27360811785268446 0.8930074742916116
226 7.09051843736832 -25.076418547850132 6.976297135733523 0.6382305343324546 -0.48996953451422987 0.320353845615673 -0.4999650526715511
227 7.142357528886144 -24.9799267832557 8.085626621791555 -0.6104265268961616 0.770531513293744 -0.15308074925323203 -0.10112826751611842
228 7.5874553137530665 -25.199624082357243 8.30794081162306 0.6080582409459313 -0.3173525510735931 0.5637700488424972 -0.4601259240392239
229 7.508478938397086 -24.652777205764288 8.936999292424446 0.7230312710418089 -0.6655120055230708 0.135054873971247 0.12680588557688008
230 7.254177759149699 -26.328836566627217 8.031838964375744 -0.678083408698675 0.6789733327656959 -0.16445897773282572 -0.22836669828086215
231 6.926002436028584 -26.499690117984027 8.799641521144444 -0.5600018417044601 0.7966257977872999 -0.08858258600720174 -0.20961488745706383
232 6.771404611376302 -27.577996452857537 9.047840425780057 -0.584920303707663 0.7587666284594111 -0.06354293953724915 -0.2794704576191165
233 6.8168238743733305 -28.59490337983142 9.659219795522672 -0.5914794038630248 0.7727210822287947 -0.13536123081872026 -0.18636410887357532
234 6.344067020224165 -28.24993920596149 9.274725165148581 0.45102694413089645 -0.4639934685889481 0.7197486830571167 -0.2514887472876022
235 5.42618678175343 -28.430759699144843 9.213852123952694 0.40743428500005546 -0.3541495518597857 0.823353194866558 -0.17511400522813172
236 4.914952582039201 -28.441534753096697 10.478455928483493 0.4540983915521927 -0.3346237852580638 0.7679313667859782 -0.303484742673328
237 5.157832806921301 -28.304467690934928 10.867034586782633 -0.1541687595249146 -0.24576070941584846 -0.7453596647924043 0.6002271548293384
238 5.685011143299665 -29.5028139329015 10.721812147584819 -0.2182137609180144 0.03342674102017504 -0.1202589655928183 0.9678859378694016
239 5.7271671986537305 -29.018910191274077 11.199605075574059 -0.14106908998320294 0.7530671048424664 -0.27923371483606046 0.578807377245961
240 5.99078781125968 -29.744139411013627 10.822043520712363 -0.15731613283624749 0.7273491611197039 -0.3012103249335931 0.5962274501574951
241 5.949610599608857 -29.705430890346705 10.682754484892774 -0.15209279928501637 0.7344214004935828 -0.34305670313315145 0.5655131168576926
242 5.464061063259295 -29.660632870000306 10.163797644186086 -0.16605784770494014 0.7632723326498869 -0.2999226331233446 0.5476189839360587
243 5.2286776660010235 -29.780355968293488 9.609557856739357 -0.15115522910150828 0.8159785272978558 -0.27312248215328877 0.48655446709132055
244 5.016150022087767 -30.230424931125754 9.132662477723265 -0.14187949263247235 0.7905272545002063 -0.26339348179579725 0.5343788386624244
245 5.437499131528605 -31.466654637689935 8.523181854591071 -0.15129357563249482 0.7887315869575273 -0.34541788132703316 0.48548864555964455
246 6.365997013513442 -32.5853617610185 8.388012877757689 0.7069410780037007 -0.4100459870858908 0.555010080836943 -0.15511418656942022
247 7.262453089573618 -34.33672640929683 8.628392200964145 0.6437537000826659 -0.44465770378159414 0.6075554456040883 -0.136883456320968
248 7.397854449428315 -35.45803384421609 9.142771628647974 0.6721368225508098 -0.3858699046366508 0.6096418264555913 -0.16635309405867318
249 6.455796393290094 -35.55882735457473 8.404525241618819 0.7483595161072722 0.09005604061649995 0.5545002723180049 0.35267179104576263
250 4.353778009837876 -35.31870611098733 6.142087801482584 0.47090114862190535 0.579413195542986 0.24873690743890103 0.6169784501382232
251 3.526948400961655 -34.038874564321894 3.553438390487232 0.4900357634626076 -0.033289800433337284 -0.12742862635192803 0.8616952389915986
252 3.439406543591268 -33.771100236392726 3.354122600758835 0.2743330951221509 -0.5876045329053327 -0.4446229278390141 0.617877591331543
253 3.9578040803695504 -35.512991825902276 6.51620412548954 0.31163569227973226 -0.618832237143423 -0.46376587548304815 0.5521331997868255
254 4.400703250513812 -37.7828653492548 6.235096629871782 -0.4936784813458568 0.5799390853412549 0.4328654295914455 -0.48226521149074136
255 4.336277306251217 -38.68090657695596 4.577643919748295 -0.5516350843313949 0.5711240651429204 0.39668910401380825 -0.4606015530868752
256 4.219848200745493 -39.4555038865414 4.934821418937816 -0.5443646889056526 0.544601320514703 0.44723227631610685 -0.4550382161834389
257 3.74860631308965 -37.871344621780295 5.173232158897858 0.5496861449040573 -0.0599453785883689 0.07400485461417734 0.8299246804258487
258 3.2837674147194447 -36.92064979156582 5.299603716193768 0.9689633775242787 -0.023260226798098412 0.051097874456529704 0.24074455776209483
259 2.8925655779039157 -36.07718451719298 5.349949504392105 -0.6386836291307852 0.7023192823004801 -0.12198489202195305 -0.2897421848948804
260 2.9908202485835695 -37.09085057553336 5.837421037067643 0.7159292866503395 -0.5966185582188721 0.03639083547252919 0.3607870003184438
261 3.0826653506056805 -37.30064601267485 6.09438244237297 0.3884175032246475 0.17476493948940852 -0.16304766827270908 0.8899463562399852
262 4.27403750264511 -37.69308661206831 6.8059934824886845 0.4252029317204028 0.16187381438755397 -0.0753315765677986 0.8873130725081243
263 5.145362960574685 -37.32127116853241 7.132273516995022 0.46433697790058515 -0.04474326928000575 -0.0847022997220342 0.880462793779548
264 5.080779187167899 -37.193559017454234 7.105473362589452 0.36064979025374 0.2756738183863309 -0.6507283245254436 0.6086775191400952
265 5.172920506330571 -37.23411868104664 7.100007657206306 0.6827159460288765 -0.27276688979792596 -0.6719115753916989 0.0896214021453979
266 5.050743294649181 -37.764843225302876 6.049148303211614 -0.6811295284553349 0.2202851966425782 0.6920429283337042 -0.09280939041748414
267 4.949459276098751 -38.24926228965421 4.970598771692965 0.7483505375051087 -0.25384441299808 -0.6127671453044433 -0.007135309447922873
268 4.956930720255358 -38.411695791533326 4.732593533625778 0.4859070814518471 0.3108401193918912 -0.6400413620732838 0.5075625904327027
269 5.040802282968475 -38.76828336145307 4.058589248461182 -0.4902268493936127 -0.3349443958052083 0.6865432702958437 -0.4197001618581812
270 4.949063749773972 -38.81601922844084 3.6834180131993297 0.43504713824019237 0.29293957489171024 -0.6789521368755888 0.5137551837240707
271 5.039795147596909 -38.90476301743177 3.785156409178097 -0.17298588600103373 -0.1420430696505831 -0.7879383219518029 0.5736312843704165
272 4.722002006599172 -39.78955570418887 4.102397615227343 -0.25956317883907837 -0.12892226884427838 -0.7726771357681832 0.5647796460993187
273 4.96587288222635 -38.93269319729495 3.5333119686812897 0.5072187302736391 -0.0508180599186224 -0.1677719329148104 0.8438004876579136
274 5.032750861103193 -38.942732850512364 3.5481533123418387 0.41775412869479006 0.2769460564114111 -0.6639048418023579 0.5549889465818297
275 4.973315350573014 -39.00233935672942 3.5789517993082614 -0.09482400622685046 -0.18929493767172692 -0.7685831104500469 0.6037017779880033
276 4.661745653063215 -39.80837840623853 3.941900660883461 -0.11613131578444161 -0.1948693747433877 -0.7889979623692657 0.5709830642483555
277 4.673119143100497 -38.50223610240434 3.3566221335022832 0.5582522289209173 -0.14571525312180666 -0.09515539010922612 0.8112132676711077
278 5.656787468018564 -38.96449233075865 3.4770519392909764 0.5752494135103331 -0.15775877950241743 -0.14033657848403264 0.790256872469528
279 6.8566271237713865 -39.79150272708257 3.7069357398767186 0.5134401311821617 -0.1102538520862262 -0.1320397064541155 0.8407073424868514
280 6.915234817160464 -39.8954850969013 3.871257635200104 0.29091809197581553 -0.405533330937577 0.5329302076926544 0.6832969888624484
281 7.107737753346594 -39.43455050286222 4.899194968280965 0.3450102836503124 -0.3988150130927863 0.5323153150431316 0.6622347732321701
282 7.145163818037763 -39.419434215550424 4.9707263751137845 -0.11069576787721286 0.15071057766251514 0.5964961846069718 0.780528712158643
283 8.39236156809933 -38.38114325403815 6.18081289755111 -0.06835863692771445 0.23701244552660777 0.615211290068695 0.7487771804715286
284 8.694109968118731 -37.53108887955416 5.786919039900115 -0.1729685292514175 0.3398882509601812 0.6446226065467995 0.6625855113693926
285 7.500773915389972 -36.89123513494279 2.990017832233876 -0.09635668373023329 0.25044813529287746 0.645053559147794 0.7154697945123852
286 7.222274166975986 -36.18332502636408 0.9542993786473435 -0.15397380367621682 0.1368057666252948 0.6168986056855793 0.7596132965547213
287 6.29157255555462 -34.45124757267055 1.643265794180024 -0.22435916917086543 -0.05290467429980689 -0.1881249241590634 0.9547109884966952
288 8.007934057684055 -36.130978849462586 2.3332916736611566 -0.2745090849399778 -0.009558920781103781 -0.017288083636785932 0.9613815639396691
289 9.809368733996106 -36.91050455798863 2.9332834763578943 -0.21185920067732167 0.07427024916861968 -0.1500038158410154 0.9628595247542251
290 11.792801555474567 -38.336399117557775 2.4487433562957537 -0.12952042271623976 0.11344539878241984 -0.2649641493070349 0.9487616145146807
291 11.839524132660765 -38.322722576999176 2.2698102077401736 -0.22442685913050922 0.08491838711426321 -0.13813487197519939 0.9609059316994156
292 12.796722209647335 -38.58331132109873 1.8501046953678209 -0.3040781126115318 0.059169387203975604 -0.06335100431211749 0.9486949643068422
293 13.07790011113512 -37.90555891347476 2.189933531141379 -0.2256335863491812 0.013557786580564281 -0.1398844263830249 0.9640217935242618
294 13.508480882572291 -38.601061757038856 1.4846882221858781 -0.7911100312480256 0.0496328588346075 -0.0562737745471899 0.6070541656894083
295 14.072683692962832 -39.144726543032014 0.9740080593328784 0.9728641070524805 -0.09419641314198948 0.05173936340516922 0.2049036437806578
296 14.931499864636558 -39.84681589679387 0.6923691150224685 -0.8114023196115913 0.005261070586737234 -0.08229058197095136 0.5786422530234827
297 15.817013591246653 -39.92918592241643 0.9904324899381818 -0.8281385351444835 0.01069114093921617 -0.11921433910152135 0.547594930095916
298 16.004859689050253 -39.29481724306002 1.5990841343509195 -0.8481378324988701 0.02409102191146078 -0.017764092716887735 0.528929368401233
299 16.42802771987055 -38.4777950627608 2.530474639911721 -0.8454332960706209 0.12483080654493107 -0.04415834078809582 0.5174068540049969
300 16.74544611941957 -38.572200392866556 3.026538357041715 0.6379692790197471 0.2989530193990651 -0.5390274042090455 -0.4615969548544093
301 16.5174875891068 -38.7321123426011 2.362030106251055 -0.12255294862830744 -0.6057332624132591 0.7809086394302356 0.09082778458112443
302 16.38372590052165 -38.84800046732348 1.747691381688483 0.18613244598199305 0.9646932596582314 -0.18629755225176897 -0.003853485141445085
303 15.192242090034872 -38.31621364759118 1.3669486460692444 0.21306074761573288 0.9376667246725735 -0.27402977349025776 0.017143935024114928
304 13.944832088470685 -37.559216901907114 1.203279400079717 0.11640590300097876 0.9737148133438113 -0.19144711438843692 0.040952782734436165
305 13.878761685857441 -37.340387100805366 1.407295429541723 0.7999183641321111 0.5689839136222177 -0.13561807364782175 0.13414788430462093
306 14.184494828862997 -36.50245636301238 1.2273978137871708 0.7511540520059791 0.6373612848722143 -0.1117688785535355 0.1305599497852351
307 14.415769953314783 -35.57422088855255 1.0813646571128206 0.6970662437994827 0.6918152993727935 -0.06573869501414478 0.17654650176893816
308 14.471777440307825 -35.622953252556606 1.1156043677574856 0.41577689529042505 0.5512401784203326 0.451355231021629 0.5652807218251685
309 14.525118114433837 -35.77282351668679 1.1486619196894483 0.6741417360567554 -0.03597084706948509 0.7345035169148187 0.06887380857227132
310 14.5570279568885 -35.8422389723645 2.0797559244971944 0.7189258378386484 0.035216696696264906 0.6897125004413901 0.07875335355834734
311 14.635391533691104 -36.032484808937646 1.970913311375785 0.989193584369138 -0.14100198524623905 0.0002705211245827309 0.040179840938921234
312 15.670418703872333 -36.29768443839595 2.151166446382256 0.9915554135459135 -0.07572054164388002 0.04602618282162581 0.0946881826619327
313 16.736471837372907 -36.32129585351215 2.6366301311121783 0.9711041760997848 -0.14946300069930668 0.0420815951418926 0.18123639241010803
314 17.67419843175944 -36.49213827343973 2.9550251689852987 0.9792580049730234 -0.11410401375169789 -0.04846363666084744 0.1602663709691187
315 17.42699738009165 -36.36418103156699 2.768552816575414 0.7827616639414986 0.572133042542952 -0.20328287402500925 0.13646989493003006
316 18.08606699168285 -35.91960273944542 2.31730399089715 0.7767504662528121 0.5915247377987066 -0.15005657702506617 0.15569271479337327
317 18.06294850206591 -35.863279007669234 2.4427187985402417 0.45737279024515576 0.3218507598014533 -0.6292021095785197 0.5397470930542643
318 18.09479971557863 -35.77059135232266 2.4558998821711966 -0.6467142268529373 0.27183991698774196 0.7113394850361372 -0.04312661993047587
319 17.39099169646734 -35.62926374041046 1.1895962018050914 0.6623485294566432 0.30735208325993796 -0.4769172833703915 -0.48926376042478753
320 17.676656408182403 -36.04582927542801 0.6635506662857413 0.8197413737740051 0.5641461249498022 -0.03977862442131618 0.09044827729910387
321 17.856012387883357 -35.0412092809078 -0.23357854504741993 0.8437388497763053 0.5196624493239311 -0.13268456484900032 0.0212249473884156
322 17.475583058234818 -34.55241144571915 -1.4251448454961044 0.6254035568038468 0.4476659544914502 0.3435784985132853 0.5389057428583496
323 16.99541534282225 -33.451124656748945 -2.761588452324929 0.7818432663723597 0.6126313124052798 -0.06652163666035975 -0.0947568137117887
324 17.049798054469097 -32.22498010022246 -2.8150236185357222 0.7249746252461572 0.6544063182181842 -0.03993994728053038 -0.21111362825867697
325 17.517157766919702 -31.77546772851678 -1.6885992064338182 0.6595129624254277 0.7109749947027663 -0.02334456079342106 -0.24292435197320203
326 17.93436044432235 -32.04742499009532 -0.5566105246806134 -0.550754297927149 -0.41390910451450563 -0.46299769965198284 0.5576576787167405
327 18.391937667162473 -32.22919057735661 0.7732510007370851 0.6383171658671044 0.44057041845643713 0.45672293717583146 -0.43572131092934646
328 18.85712959762796 -32.222508583444835 1.5794217617500996 0.6368458170561081 0.4163886740914269 0.5186075050103254 -0.3899924783037317
329 19.213813523440223 -32.03165938879899 3.374932071403927 0.7097413856113646 0.46785917075112843 0.4574252153368518 -0.26103090673052626
330 20.102201355352875 -30.611690258896967 6.65611645663589 0.6857912778178952 0.5306661046995022 0.40913812389067045 -0.28405950815133274
331 20.331173358405874 -29.229144745904797 8.320889624338784 0.7591424969994085 0.4705527290663586 0.375465178145066 -0.24760593372978534
332 20.391236819228155 -29.09087642323617 8.500428129032137 0.6829203616354291 0.4852298930299491 0.4238424659707574 -0.3442808368377575
333 20.530512162606094 -29.57590130725791 8.35504451605031 0.5883783309173789 0.48162860217733455 0.5209787931832794 -0.3878478133558053
334 21.683827922127083 -30.62195947367873 7.7354827859690936 -0.08581508134311785 -0.696021182598427 -0.05034916907495076 0.711094400457367
335 21.764354295202704 -29.934142619067025 10.113566157653796 -0.18876772225564845 -0.7270976905260995 0.08917418396136911 0.6540211467382764
336 21.678560523784924 -29.830799048187274 10.67394701560475 -0.2178298234936467 -0.6998220224652792 0.129239445099415 0.6679045371156926
337 21.644312624846602 -29.17500370099321 11.787335573787372 -0.2602225149045666 -0.7475118896947107 0.12738971917513264 0.597730772965776
338 21.582932070548292 -28.82566069200952 12.134186329927852 -0.3966639527708119 0.6973286962204632 0.34468218835824344 -0.4874264939745039
339 20.867934859938792 -29.652645109679487 12.288089521281268 -0.3528499700184168 0.6728910050586684 0.49364833889030585 -0.4231145370700226
340 19.655234776671936 -30.414006225467357 11.886363429826725 -0.32093790213080964 0.699391003030139 0.4435626044530883 -0.45945979561563766
341 18.431510880915393 -30.968209033913176 11.512248169930743 -0.3357343008650326 0.7427127780648185 0.43252770902771287 -0.38546074955194254
342 17.41573184081971 -31.405642093021676 11.218705930261535 -0.3263047227598487 0.7032570887706722 0.41918651427383463 -0.47248001148129937
343 17.047195055637054 -32.31980283943225 11.396295521001221 -0.36402565318565944 0.6828482786273865 0.39177192224875995 -0.4977130831471893
344 17.95542625943368 -34.75143200168444 12.228718930335429 -0.31860648984471096 0.6412780584982176 0.5235986854623639 -0.4616240601394963
345 17.7894244619662 -35.517397447928204 13.174869078191271 0.31659331212367703 -0.6416662107120592 -0.48152401443485215 0.50613019300525
346 18.124891123263808 -35.38408250076203 13.900931584118 -0.24925976156336366 -0.6507406152084156 0.050554860605449545 0.7154372292889927
347 18.1745431846958 -34.7672521552244 15.084912044148139 -0.23397439478407206 -0.7097851762379878 0.04116051104192215 0.6631491525358395
348 18.356501132072502 -35.102070607029276 15.03921466509995 -0.289388379703209 0.09611118073717377 -0.08782891300432254 0.948315922396401
349 19.111340040580675 -35.30747359633943 14.70744560578706 -0.23091829686148282 0.023331984224329978 -0.16117362916671624 0.9592473194895973
350 19.23850066032098 -35.59409620816146 14.474869102672084 -0.8138450558199051 0.07688555920530495 -0.07308133446863577 0.5713177351137139
351 20.499670536999847 -36.541284412183174 13.532968132912643 -0.7916032268997897 0.11473630762758212 -0.01709845444431496 0.5999229564947839
352 20.91530171374347 -36.71381024865524 13.965333627870667 -0.5171930617289964 -0.30301811330344025 0.6265874678096154 0.4980758025575465
353 19.71328262881273 -34.411962417819254 13.96179667701892 -0.5600416588760673 -0.2582058415265989 0.6137095119407625 0.49299464366087586
354 19.282788656106142 -33.966592973960786 13.81591578682935 0.7924036097568706 0.5335353237216709 -0.27400077825658814 0.11117621643263315
355 19.393648078467333 -32.87570645922411 13.30117579656975 0.8625491329135763 0.44652555571960456 -0.22427456923809988 0.07952885635038588
356 19.927677579651032 -32.11156949040667 12.94512788922585 0.8732144749303311 0.44107678563732006 -0.20643176292887092 -0.018266833279828004
357 20.642238193764047 -31.55792424014392 12.67282879347403 0.8537791190529362 0.46565910096448937 -0.2181602010761584 0.0814183285541091
358 21.481279796049982 -31.04858801003192 12.348289657815362 0.8049901061974368 0.5654314950629272 -0.1364090935873722 0.11692182217966286
359 22.262879038167934 -30.50336614121055 12.183757265173867 0.7964252437300836 0.562784624454298 -0.16892130299200572 0.14298912903712002
360 23.040858724826823 -30.925582114918516 12.159424273119784 0.9494276239298757 -0.11214050735656753 -0.13964483007033007 0.25789729537804346
361 23.91788069593249 -31.275695299209275 12.10380980618073 0.6014775771937935 0.12431406211710268 -0.0664963308503425 0.7863516872726034
362 24.550669069234537 -31.069626843204873 11.936650624565935 0.5437489001893457 0.018060415133768368 -0.05124926439920143 0.8374869956283577
363 23.9908186080829 -30.145330171802 11.837654477020086 0.6023976118755862 -0.08588543680770767 -0.04648268378015438 0.7921995765332959
364 24.218217769821145 -30.313176763247053 12.000094168708207 0.9692012109619536 -0.13196841614480379 0.0066217331164939676 0.20782084221908037
365 24.22839200759674 -30.193288156937736 12.173002890959841 -0.6243150962778506 0.29997706729357937 0.7180098349396598 -0.06860245321737429
366 24.04168978842725 -30.703826700512025 11.374461653567673 -0.6362896956599491 0.2644372906923527 0.7198641036896191 -0.08368999167999752
367 23.923783396440676 -31.12802586616095 10.502058632028204 -0.6168337598846723 0.24442657721098915 0.7476368492742684 -0.028476352061010332
368 23.63659412951513 -31.46247225101951 9.526848033848786 -0.6384532079181823 0.20826767043379163 0.7239747384484724 -0.15767896765113507
369 23.436260508329916 -32.0016695288589 8.536637595390486 -0.6180639746531117 0.29348597284868827 0.7107015605747503 -0.16360378593929303
370 23.243339568098254 -32.68205868404693 7.6120331482481935 -0.6547937345020071 0.26339267620003864 0.7070449052771083 -0.04423760055405593
371 23.070462877463154 -32.9545900517529 6.928589666771574 0.6757258305592255 -0.2922644433359746 -0.6712179743948324 -0.08627008708616445
372 23.21290130232969 -32.866180190598485 7.347301379330023 0.9550281460522566 -0.23723257088757385 -0.11453502586369979 0.13610170979257574
373 23.500989630581255 -32.9826767334283 7.053563795250394 0.9687813770378275 -0.20589548791415818 -0.03354976624724202 0.13395560737063594
374 22.96430490037578 -32.54720577735134 7.662470652797336 0.970780124406829 -0.18677277664345862 -0.029150741218710995 0.14782460636833444
375 23.53542142914778 -33.08767392991682 7.006230808351607 0.9821615004162083 -0.16084170880430504 0.030159638253929574 0.09262358246950086
376 23.234798869550087 -33.68302664627912 6.526411224160035 0.95120719288727 -0.2233038900532299 -0.10964801634877426 0.18253098749909008
377 23.742546818514413 -34.05476704809302 6.121843336886001 0.9480131787200434 -0.23510153666653516 -0.04392358833901879 0.20992617468428293
378 23.078036363219177 -33.476727391786994 6.584175066356287 0.9661875692402535 -0.12593832373293243 -0.06550856892155352 0.21524345996754127
379 22.9722145783652 -33.36785462109153 5.363696326256165 0.9871830368719783 -0.04024318084320244 -0.10300963417101766 0.11506151996124561
380 22.485955023119327 -33.79231571330547 5.16724923228617 0.9817930996065761 -0.10830099728107587 0.01566745678767198 0.1552666556303753
381 23.34981363585762 -33.63548706716835 5.58119346138887 0.9697326995556793 -0.17468339874800812 -0.005719986199446517 0.17050361688883958
382 22.562979920123528 -33.27636810609066 5.749768291223688 0.9761030912013426 -0.15924228701500243 -0.004335207562612234 0.1478034348342521
383 22.96329627026272 -33.22096262567028 5.488306063228033 0.9814423585975043 -0.1507482453192238 0.03679495819714433 0.11265875170182188
384 21.905620525621867 -32.75559225534594 5.36027295600252 0.9581876637605974 -0.2126366725261136 -0.05941592584015968 0.18202141157178917
385 21.903194658544788 -32.65506815188891 5.377585802087494 0.8673315496757565 0.4567784124516154 -0.18991617303699718 0.05496646317722316
386 21.94076188691514 -32.588207211481475 5.43428109189425 0.3709412469253735 0.9195730240538625 -0.09351823912031121 -0.08967933827654341
387 21.946994854096715 -32.580249332853114 5.557331674188802 -0.42118230547742297 0.9001528974749159 -0.031741570871234026 -0.10640817355288973
388 22.096241203775126 -32.67796260527029 5.697855351428614 0.9356764359149 -0.35174468477922816 -0.012257477701666252 0.025199965149661326
389 23.029479388434993 -33.514444302083305 5.693528173675345 0.9585512927696678 -0.2790264539860351 0.050220474268265966 0.02831185387514668
390 22.381078396235733 -33.09616262321443 5.64622694327436 0.9412580101709266 -0.3053168015585576 0.12274746044502526 0.07581602686382531
391 23.42389957848351 -33.887408857942525 5.960098714999659 0.9554089705219732 -0.239249445379936 0.10489891021482971 0.1376576208107505
392 22.883238709674973 -33.71791880928969 5.747567298658232 0.9690895403182972 -0.1671049172213132 0.07390231954174226 0.165770493913961
393 23.331280420818384 -33.98878076165314 5.658223091016649 -0.56171963049717 0.8085134388214653 -0.11456066881877873 -0.1328643259833316
394 22.246105755535723 -34.743874612557406 5.019998622256947 -0.6060240640713331 0.7577762609749634 -0.13328317624821176 -0.20185531203923357
395 21.818233719355295 -35.14657256033214 6.168544949417228 -0.5619521943364388 0.7822092186849933 -0.1494682369440129 -0.22364640759359733
396 22.03337833660771 -35.17961789708466 6.399806267154754 0.5116908557001044 -0.4778248590184246 0.6564277632835832 -0.2809954873079441
397 22.23828482082275 -35.230644792923236 6.548999167175769 -0.836432633619485 0.14956099391545088 -0.07417798354857973 0.5220245063903178
398 23.22103699702594 -35.875751428431975 5.6178886358641655 0.8668569832087077 -0.12758136209388649 0.11890617808186484 -0.46705812006915104
399 22.385526084700153 -35.253339381120476 6.469627846860944 0.9480660043242989 -0.19241481571944055 -0.02550099462392155 0.2519862881376725
400 23.411139339772582 -36.28945873912933 4.820558997096509 0.9836556977010176 -0.10300707393827743 -0.024255022825913377 0.1456801460965514
401 22.69074283734884 -35.421381011138465 6.765795918591327 0.967969688422078 -0.14384144206218072 0.037660926872917576 0.20230169655395758
402 23.7688651688451 -35.51563469142458 7.262627768667658 0.9489690754843746 -0.28386231660743166 -0.031578945693736905 0.13372602279835075
403 22.686524325103225 -34.97569148107193 6.883069524521376 0.9530350081263746 -0.18221644470794673 -0.10936950669551786 0.21577708768248643
404 22.39326848837825 -35.07400893555666 6.0611623088209985 -0.6038241318805615 0.7340253524146976 -0.08686921102925509 -0.2984240941115834
405 21.93910785618805 -35.75172276690511 6.183233467375198 -0.6049506471929644 0.7668622762364233 -0.08157167681812728 -0.19824990614722407
406 21.855634200337203 -36.55150108664185 7.136525499599494 -0.5228527401721502 0.816653054954103 -0.15718886645650018 -0.18706806298971645
407 21.964144705060637 -36.48271258574102 7.547027935289789 0.24296846819676177 -0.4580692487687427 0.5165522063539906 0.681404949281542
408 22.305950172360763 -36.14634173840165 8.592758877697099 0.193544534029544 -0.43454158474967985 0.4960337743105765 0.7264052720167481
409 22.411681212854866 -35.87043266909618 9.146544590301422 0.5201143262295029 -0.06524859050053584 -0.1405170825887527 0.8399277698643313
410 23.450245011196355 -36.24412472721181 9.233788572805114 0.5407397751914448 -0.08240790904674297 -0.17374735081913475 0.8189147026008154
411 22.42148313645831 -35.87553989406413 9.289853597900754 0.9571498550685388 -0.21141994821174856 -0.07961517850997221 0.18118273590836695
412 22.37914994645788 -35.785242076340346 9.344964720046454 0.5120776032478238 -0.10094001518781948 -0.19851407021699055 0.8295660344491754
413 22.297912003672092 -35.74631642055462 9.255870932927175 -0.2199181670828068 0.04726374181774423 -0.15215832747264682 0.9624188183306949
414 22.582567704717093 -35.68052772255872 8.665541994612346 -0.20435380722876034 -0.10780781872222155 -0.174571129787221 0.9571530266045657
415 22.164845865276035 -35.59250118365316 8.828564975485644 0.9502133599704898 -0.17187985523416904 0.007282575510909261 0.25980540793486195
416 22.77209881186086 -35.808399358529456 9.138872057913703 -0.8522795564286747 0.12990651260491415 -0.03612818502005489 0.5054093488685399
417 23.468336331105064 -36.14876722791389 8.626155773701417 -0.8167816434374132 0.11966645089799108 0.008450801820022972 0.5643370193614403
418 22.445116613153026 -35.735091211846225 9.07967788525211 0.9729221760278405 -0.07173975698133772 -0.01602709230393169 0.21913233210503305
419 22.671781849275458 -35.90362238086277 9.148377928765278 0.49883719776276625 -0.008971662549456173 -0.16772448577603946 0.8502643449365922
420 23.14155838455336 -36.283285127907625 9.035024008584834 0.9645134200966015 -0.09031559490828446 -0.02741545902221884 0.24658740514576072
421 23.848386934253117 -35.53400901516701 10.014955117720037 0.935912390165711 -0.07901350249564541 -0.08704708939894094 0.33203564354576154
422 22.553110225828572 -35.60155020771257 9.615529038810418 0.9571768754416934 -0.15329977171046966 -0.05123003329936137 0.2401813748010863
423 23.625317477967222 -36.141704610404005 9.491873817799096 0.9685990483324918 -0.051870778979129055 -0.014370059938940331 0.24273196582823617
424 23.0519000608359 -37.096362223638074 8.247203709862514 0.9457915342115124 -0.12105668585901576 -0.11052462169008546 0.2803711123188831
425 22.987821643706038 -37.3401092247393 7.781438579362422 0.5217714928838769 0.006396872539821421 -0.18562693773397523 0.8326200989784875
426 23.883212243875636 -37.71535591350065 7.357678134784429 0.48350430735327427 -0.05073733549312098 -0.17401665177416803 0.8563687946575336
427 22.30960063259844 -36.7799406090697 7.7601174355976426 0.9479647998520424 -0.13184396450711525 -0.07212363734902005 0.280674345461195
428 23.481433048476188 -37.15428657896634 7.766513944599388 0.9555327218027908 -0.12053476164644981 -0.14439432857729098 0.22710981192739452
429 22.96400554862173 -37.172815951386696 8.071663522570505 0.9663507363293387 -0.16329571695607417 -0.029968481486646874 0.19647557949254257
430 23.276143809676284 -37.19194369513939 7.999625696110519 0.9674203964769356 -0.14477146796417648 -0.05490327127763591 0.20031133104974225
431 23.039578094404764 -37.17463022000987 8.287665374209608 0.9573524603136132 -0.12539931845399463 -0.0768890404782642 0.24867519602299681
432 22.61177933724031 -37.03158227087123 8.036956319229052 0.5653040076255315 -0.09554479068317125 -0.12833902139430187 0.8092166999780558
433 22.26564662387914 -36.532760776041634 8.463722687734244 0.3215786609030305 -0.4746993148982078 0.5275172802144379 0.626875780647284
434 22.110336287747412 -36.025495364519585 9.428225900926252 0.3479443258210014 -0.40369009293141744 0.4916516109771714 0.6886564807082998
435 22.265297023636 -35.4966994104502 10.627283456418693 0.2968764895989339 -0.45984826488667213 0.5337373840822255 0.6446148679926559
436 22.36724260774174 -35.039410652084825 11.638445221417646 0.3040823987489182 -0.4792460158224879 0.5254529092104278 0.6338425603347179
437 22.042001751413032 -34.724733173541075 12.015241106505908 0.2908404784647231 -0.47415772547626517 0.5441141838627894 0.6281130649627595
438 21.77335884678865 -34.85132497075426 11.416597188155615 -0.2217822532182779 -0.7055170041002105 -0.050434339163070094 0.6712039678935677
439 21.73108006880227 -34.73902216550193 11.903939000683346 -0.14007804310572522 -0.6599326088279458 -0.0665606697687468 0.7351440477111594
440 21.525133931504335 -34.70221886512136 11.280093135388725 0.4051318025328992 -0.615284474916716 0.33046873230539203 0.5899861476944749
441 21.93593038067539 -34.94298859611278 12.920184309361826 0.393041758253716 -0.5791329699651679 0.39178407089449785 0.59718374154148
442 22.042066959746634 -34.86755874210839 14.169918482942103 0.42809898123923207 -0.48475361184131266 0.47152561280610816 0.5995071263434262
443 22.15122769422218 -34.640207515947566 15.39740806230288 0.35360782142126285 -0.45278308392033195 0.5664461942011875 0.5908364381284276
444 22.346966129047452 -34.629800417136195 15.814484204629222 -0.07302133988496923 -0.49360468823415704 0.8553066801586068 0.13954489797454506
445 22.158706816398606 -34.4265149415272 16.624168546442267 -0.04539905006732058 -0.47165651820114235 0.8788596781231353 0.05554026702005024
446 21.486348457894326 -34.27028165741872 17.036044504246828 -0.11380725097337731 -0.5235146085165692 0.838735221286524 0.09748637273522316
447 21.268590720330746 -34.26945876107759 16.757221253899647 -0.4966984942495152 -0.3344271599636272 0.6449929881867585 -0.47479798407200713
448 20.874913118797835 -34.61078705246118 15.096279239574962 -0.4810665087376197 -0.37000023377696606 0.6278829899662277 -0.4872758890885707
449 20.781173786757872 -35.07326728104597 13.636909531314512 -0.5295164684124268 -0.38441278432303594 0.593169638083695 -0.4690297446694602
450 20.94479607843781 -35.250607475621024 13.44966783038185 -0.034181228530500075 0.7332334348608343 -0.19937488659266428 0.6491918269775808
451 20.406793875720076 -35.02973741213279 12.801480524343937 0.18052095979214078 0.7087923682225734 -0.20856108744025073 0.649251749809655
452 20.15981664181006 -34.730705421766736 12.291286279229247 0.17016568244305025 0.6790270942011685 -0.12782620647946066 0.7025854444809382
453 20.26329365273097 -34.54630860194229 11.588457900935948 0.027297807615498867 0.7123801744054029 -0.1298398965560861 0.6891378077538759
454 20.2858372862795 -34.70100236882166 10.755674285909608 -0.03531223680319093 0.6937632224683435 -0.27530707655649067 0.6645687704671437
455 20.340044100490232 -35.0866947594641 10.167042776594135 -0.08064467753071672 0.6971032832129205 -0.2804885709227557 0.6548813710142026
456 21.05174864813963 -36.02095872431288 9.543767996033749 0.02179889148521319 0.6686624589318482 -0.2960435881371326 0.6817430001607067
457 20.956096508874243 -36.51767905831839 8.494617838136254 -0.06775220673427108 0.682626046848737 -0.28831681575672413 0.6680604257087864
458 20.399200564208193 -36.9088135021316 7.260549977814476 -0.02685795924681922 0.6665914056654443 -0.2847737286143581 0.6883592604223021
459 19.983185627336933 -37.141371617219164 6.2280744851973076 0.022240559618972953 0.6909637505477051 -0.19648165575566068 0.6953196472762702
460 19.88013447310883 -37.088103508934864 5.5819508368998525 -0.06149144508777111 0.6786063960287694 -0.2688286713986609 0.68076670518166
461 20.063224418953315 -37.344040548856675 5.5325705074592575 0.5513310440742086 -0.39461232678554353 0.6540498806144666 -0.3354607951119538
462 20.117902675440817 -37.438922997839 5.453674904310978 -0.0412120623978959 -0.5155270448350499 0.8557821977893785 0.013048444479407246
463 20.13098029081591 -37.49780777132822 5.361801288616605 0.1541537241766116 0.9572022205712508 -0.23597784315959128 -0.06568862758266099
464 19.247756012625377 -37.2241150235482 5.511668550834957 0.11678060578836447 0.9609461712667119 -0.24429690820413505 -0.05712938544609791
465 18.345534559649092 -37.136271510408385 5.3144781029950465 0.07582354082011004 0.9707716884045855 -0.20955945953726343 -0.08909518824302198
466 17.093017605301604 -36.89630951712888 5.2178996937151885 0.05739903643029656 0.9771182184961965 -0.1898810056385545 -0.0767498625235413
467 16.712170253364086 -36.66523740458621 4.900899800618113 -0.5635608594610809 0.7945605642441189 -0.1486116043954511 -0.1702564491306095
468 16.212573755452418 -37.51878857314408 5.087627250238842 -0.5535742271739259 0.8220411449676817 -0.11146516989355508 -0.07334471275840704
469 15.383495544475576 -37.930774767163484 5.025586205216055 -0.5573844703773528 0.8069403784208252 -0.14342156020096092 -0.13266511947657542
470 14.674685927959374 -38.295559345820585 5.13377306629632 -0.5864084673265167 0.7825045321255983 -0.06821735805443516 -0.19788420530890097
471 14.18538474139884 -38.866501925642936 5.380474660191442 -0.6275713296451298 0.7383783299222022 -0.058722149883752114 -0.2397986180564272
472 14.021136181699204 -39.67220095271427 5.802699212911972 -0.6529243565330801 0.6844413158234036 -0.07191985989363288 -0.3163185160446189
473 14.194083881762134 -40.73372399969389 6.4392595580737995 -0.6751502961140459 0.6837941389062008 -0.07966408065289539 -0.26504959443162995
474 14.283566650250009 -39.963263940497754 6.06038347883832 0.5132739691058841 -0.014710531083085293 -0.03954687100822693 0.8571869562160894
475 15.655216675477917 -40.273843369879366 6.7315715846725235 0.46324269740835733 0.011083143957198298 -0.1363075331811277 0.8756161394217952
476 16.065281959898297 -40.55089728855885 7.378355459511315 0.9547997800203245 -0.0277531394074403 -0.12026681399919835 0.27041271563418007
477 17.62529860784475 -40.821274412806645 7.919844842098331 0.9417354600248565 -0.10823048324473478 -0.0787015299872724 0.3085880020448689
478 19.951486471252284 -41.775377799867755 8.718650858492744 0.9643341298577516 -0.13872962069638778 -0.044905147304584184 0.22090112285473232
479 20.44110213958859 -41.97576477459859 8.408182435678155 0.9437630466945404 -0.1713319235248151 -0.10917561752296398 0.26083973664609483
480 20.566162212692696 -41.976943042474986 7.706255154188575 0.9364713090002463 -0.24677312663894765 -0.01894565104097393 0.24852680679322203
481 20.979696179350793 -42.43964956388533 6.9230619700451115 0.9668784851706625 -0.16609528787771444 0.013863948389684433 0.1933032363773346
482 20.088057424763726 -42.238936459460795 6.7635572640884085 0.9503265662353799 -0.14698236304590295 -0.10954931404649307 0.25154433059136305
483 21.169687996033073 -42.88973000171572 6.192046316428765 0.9621028643188685 -0.11539475914232619 -0.018789257351928962 0.24635156147277698
484 20.11190199258217 -42.434687351560164 6.714381769665892 0.9714064468369545 -0.16142651435709326 0.03157738813750044 0.17121292026168586
485 21.062584002761735 -42.913794285572365 6.260569174825224 0.9675076783345946 -0.1527594262160827 0.004473228093043296 0.20142849921538417
486 19.88381707015987 -42.51836295295831 5.811517501794283 0.9781311828269615 -0.15546158919480016 0.06958383283935773 0.11936990271395372
487 19.525698582824056 -42.10680172052442 5.244425720923666 -0.5586626972757137 0.8218498272476824 -0.04746897184373981 -0.10102251648853061
488 20.02009574618241 -43.68571661223219 6.826554288415135 -0.6555315486489687 0.7295201875755594 -0.08340632372586604 -0.17641448298861462
489 19.918712767096167 -42.56664742480053 6.683085497303648 0.4434621222545478 -0.005893607147997744 -0.1264977925099394 0.8873020455348841
490 20.670425075995347 -42.698399906725804 6.001739450618486 0.44303999009130995 -0.04888397620711474 -0.11204813128748121 0.8881278851184987
491 21.294395734806134 -43.59535228203035 6.754318177234007 0.9390318928028756 -0.07158762832469431 -0.20966656442429868 0.26293392236910834
492 21.718022263847725 -43.08350215799751 7.0333131529460715 0.9362565578154544 -0.1957523356513358 -0.081857216953712 0.28000728038248546
493 20.999301182175817 -42.63141074568299 7.431927958651923 0.9481623672374513 -0.13951213397817333 -0.15568359481975394 0.239347254280316
494 21.65613658867057 -42.51139878224736 7.218149443467757 0.9590978142627744 -0.07973253539303574 -0.11195185552815742 0.24746896274071994
495 25.30718091933935 -42.660220583694496 9.64318639278621 0.9139616702778088 0.22489027364216918 -0.2657660293491057 0.2084870445091405
496 31.045839982489998 -40.79118415059752 9.696207025378925 0.778864115832263 0.47263284026547747 -0.4121810521718018 -0.009780981646001106
497 35.28129086934657 -39.116135036316194 5.076697557588466 0.9050705786513992 0.29538749481186355 -0.2634588228213041 0.15550859862401004
498 23.485783726700188 -40.815427759456604 4.4816960708387485 -0.6683672357733457 -0.013469010456510642 -0.2034819505655448 0.7153313356033405
499 23.08480286574108 -40.63843386562775 4.137117090583946 -0.07124415016537339 -0.22917229492973748 -0.10637105263948561 0.9649298054595572
