# time x y z qx qy qz qw
0 -10.879684330750298 9.869073422537877 9.132536190962114 0.0 0.0 -0.7071067811865475 0.7071067811865476
1 -10.844385073368517 8.82913654516689 9.06515615721707 -0.014283342327649554 -0.003657981887632984 -0.7105663011287474 0.7034757543801146
2 -10.896852617029108 7.865945345400952 9.159022660886935 0.14843787425195973 0.057468840595964694 -0.6769420805142357 0.7186187789622347
3 -10.81190586313244 7.020306836358076 8.891653974118299 0.1755529843566109 -0.008199276257721957 -0.7279910340516237 0.6626786369672595
4 -10.902760888886878 5.988748493033025 8.643110591261653 0.35196730896274653 0.0017099403281962198 -0.6598480911802228 0.6638648854182702
5 -10.78919381008028 5.089960579524106 8.210347239295846 0.3482938297460794 -0.05939743570137539 -0.6819155158365721 0.6404331206724493
6 -10.771673997801727 4.133859044020976 7.771343454269807 0.4274699424930145 -0.04079424308585355 -0.5597273947013534 0.7087386835900146
7 -10.395902023863027 3.2822273151227037 7.277441513908425 0.3452323321574945 0.08408002704553476 -0.6635232925768205 0.6583935191761344
8 -10.449263004190238 3.2990955630230188 7.271288753636732 -0.3080597661691218 0.5437364928201806 -0.47019491688613935 0.6231906184931482
9 -10.383400598470564 3.2786284577413767 7.351890125164392 0.2574553324365932 0.2135507641132522 -0.6857769641039076 0.6463921243726889
10 -10.392039843086655 2.4239535078572305 6.738305776967219 0.05230826674321785 0.11246830784867297 -0.7406940974196421 0.6602931008330156
11 -10.382922453010966 2.386324856290843 6.762297663868086 0.1522459639501767 -0.04867538608492842 -0.10415082894140991 0.9816335762804682
12 -10.343630823757456 2.3947510135971797 6.7292039312765235 0.17449794987588343 0.020239615208930042 -0.816068250758651 0.5506118719833648
13 -10.630421309471927 1.4296356353796102 6.438582397411828 0.2656313931724569 0.030326204568639513 -0.8189063253273005 0.5078510752343254
14 -10.675617256511101 1.508045799618441 6.39381415013139 -0.49850583102042995 0.6244196678128748 0.5371419412023901 -0.2703156486191982
15 -11.01240052179816 0.6124506394478504 6.238779703655371 -0.4872256261601228 0.5319936934947954 0.5752330080941904 -0.3856175381042093
16 -11.240366384824183 -0.3579906149203448 6.139856917471716 0.6296773418681154 -0.48341052419485353 -0.5688433429700047 0.21503014066467838
17 -11.342923549543077 -1.1762792159260378 5.580594237694052 0.6116528316709715 -0.44553967190746424 -0.6064572168937781 0.2441000990227671
18 -11.435104307199952 -2.006358948077914 5.043319522230797 -0.49771087852282747 0.4358664048629204 0.7161177217562893 -0.22244047990078192
19 -11.453125453975945 -1.9972193711857475 5.072898498185982 0.054102620702276866 0.3313044970687162 0.9385472486073866 0.08024524152057444
20 -12.403273508119971 -1.7715018344338362 5.12497545535699 0.13475515360130033 0.23871213902281344 0.9405323046093136 0.20064034302038197
21 -12.447169096476184 -1.8306549774037844 5.238363458245638 0.21924412784737873 0.830010332785719 0.5110549554817427 -0.042868314066876176
22 -13.372997872331355 -1.6065440302317386 5.525212079863008 0.3361160952501155 0.7398852393883827 0.5755011368746674 -0.09162010971929929
23 -14.09467832753811 -1.101866760132186 6.050187987092064 0.18132581757731422 0.7392958000556804 0.6447707526111287 -0.06952225886166942
24 -14.995601377962984 -0.8641390865960812 6.330637372916448 0.27073822377845624 0.7318766222729781 0.6223498127208952 -0.06114028591567016
25 -15.838295619054636 -0.5933094473635572 6.711322346129615 0.24398252643916668 0.7578267780653377 0.5886481226303678 0.14023012858588652
26 -15.889399711786393 -0.5563624058706439 6.765955391351482 0.08714527204084636 -0.04367561599333608 0.9281797924090628 0.35913843443997906
27 -16.548517013338657 0.15678504858629705 6.953727394653027 0.28978075364669126 0.2109437872106127 0.8750212974001371 0.32537295915515224
28 -17.148345238854493 0.8615473353801779 7.3860856426112536 0.23418152035869458 0.19728952678611103 0.8965785238401496 0.31997313751566925
29 -17.90429309825134 1.5122453586951607 7.566149820488978 0.25669048498685154 0.2231815813429452 0.8357893544899927 0.4309943521528777
30 -17.87411098586612 1.5293505751176115 7.532281889633725 0.6945137966748498 -0.17238820412310746 0.4132834199401001 0.5631427067006289
31 -17.341798114350294 1.7466654908623895 8.298742554320302 0.7502206596233737 -0.19361674578160207 0.36990075386398813 0.5126938169298187
32 -16.745885873322646 1.8224099985479651 9.044681435677639 0.6892188767677162 -0.3259614528074733 0.3823336988992033 0.5220607377276547
33 -16.24869768686194 1.8086649713111131 9.988107234674862 0.6372565560685968 -0.2841292745155247 0.3715175988010824 0.6124943353958069
34 -16.18482734391584 1.8386195902761917 9.995302048724923 0.19425007204075959 0.2330986601771609 0.7837329166771122 0.5419360104777692
35 -16.466226610411873 2.7063057700945863 10.00904473463781 0.2494833030876006 0.22902965694778746 0.7655532081201223 0.5470208252487923
36 -16.80929184346456 3.6821156424908463 10.149836588439179 0.17745536807403228 0.2589187864911443 0.8148506857907676 0.4873284459273632
37 -17.194002098689772 4.5726170438048666 10.266368046212827 0.12363729328117969 0.22404701777205374 0.8860852703698666 0.38648369586712616
38 -17.8467422957557 5.273568721518398 10.289605849785945 0.007556582954485851 0.2654384372047655 0.8800170360493296 0.3937706824679778
39 -18.4814976851878 6.000514063457529 10.122573068126307 0.13066331293721972 0.39327127662454475 0.797288907835452 0.4388566953766609
40 -19.095820277667045 6.807496160068508 10.04591782743818 0.002029559317262679 0.28035558074687356 0.8864735277605346 0.3681865204116711
41 -19.900143914663452 7.403374934086202 9.850991843172746 -0.047438908624265204 0.34141793790783914 0.880395861827484 0.32570917718163755
42 -19.98754120300269 7.434371586680872 9.912699357931546 0.27118253039597495 0.8356094955209424 0.3212048561676685 0.35361595916697525
43 -20.656950459393983 8.15890352866372 9.523116786865456 0.19240353361984291 0.8597401308331163 0.34154158952987634 0.32737918429102947
44 -21.32602439757284 8.717542504314794 9.145021541018302 0.2268323639476502 0.821565094628546 0.46116530777794584 0.24678823484109152
45 -21.402880187883152 8.66700226777349 9.19236676417825 0.6010875448647046 0.461957275744966 0.6471884771375203 -0.08022664055803881
46 -21.656217210302025 9.105844097782835 10.132216828532737 0.6861424553298117 0.48034689088291294 0.5208239136722899 -0.16497832087936753
47 -21.586790515797812 9.05186841566596 10.235643091769207 0.8065652821960532 0.5703176531264151 -0.06641007434129734 0.1406411110392799
48 -21.28530738346887 9.891379889519202 9.97721531583443 0.690096315454755 0.6849147047122411 -0.16646134162363527 0.16416316398502734
49 -21.247379252580924 9.862134001210185 10.020266988864176 0.362010109640034 0.686415917964335 0.30235143212078147 0.553502917407038
50 -21.387232588260833 10.733706624206581 9.465198179684522 0.32943434690340506 0.7372237682414903 0.2594376696943472 0.5297794089653834
51 -21.37172359990644 10.67030772522869 9.466085682956038 0.7642230780368544 0.18745622845971932 0.6084414386199231 0.1030643739497405
52 -21.10905268860338 11.090881647206505 10.351377856458477 0.771466323241593 0.08667948778684531 0.6295850081612548 0.030807401703174635
53 -20.904927917828473 11.313123616737688 11.25574635202294 0.802773123209612 0.05945149290276613 0.5870816139641318 -0.08576719179958939
54 -20.659932595543104 11.293509153650984 12.182233743425039 0.7909693342565339 0.02092870691911519 0.6017161124837027 -0.1089367773984953
55 -20.37017491157741 11.11732805961582 13.115407392476829 0.6863669684126245 -0.05178103612240988 0.7009049966332653 -0.18695265353740081
56 -20.373863776078363 11.100739110066334 13.12912188793162 0.9610622024673909 0.22711764561804604 0.07003456278334058 -0.14096871302948719
57 -19.52385935787023 11.573012766470356 13.257588938850603 0.9498329770278816 0.2955544748038919 -0.07606979559279577 -0.06839776584229859
58 -19.52493379370969 11.51788548625027 13.243231052546298 0.7947666765302387 0.1077957538783757 0.17675715320867252 0.5705110990265115
59 -19.5682468675448 11.483185315794849 13.257183688723638 0.3819138981065376 0.3703434720886403 0.7505340750706935 0.39202817407959173
60 -19.94951737394896 12.322842241619497 13.621271575538655 0.33969610051681026 0.4166379836456544 0.8109192030918855 0.23114799573904599
61 -20.64863869071417 12.920269648344812 13.935928944319059 0.3365433929500877 0.4376347066201791 0.7930985896200824 0.25731116447940794
62 -21.278834474806985 13.65251362309286 14.261518989909769 0.42402176386397744 0.4098967798165313 0.7697462253055362 0.24429679141077262
63 -21.95264331901268 14.329361877096675 14.753600155932864 0.40238726678763276 0.3374085369227071 0.839344901534347 0.14049947689281342
64 -22.56960015022978 14.787803240775236 15.306253806221383 0.5039367721521897 0.1958492746287475 0.8260799008108028 0.15900562498427437
65 -22.96762922932167 15.242363350163409 16.084251817270268 0.40666328827004544 0.1133723641694149 0.906187307648181 0.024418035821348345
66 -23.72223546295283 15.385777186109737 16.761201106111624 0.34775932044348395 0.05823053631141653 0.9324527627356916 0.07876868002034414
67 -23.62984876843492 15.358236122579045 16.787498519328214 -0.4635265594461623 0.1595949125597301 0.8692162355594908 -0.06430962923889069
68 -23.541198659565318 15.421835483035201 16.77329679501955 0.9212547338035257 -0.02255607829153395 -0.28788803333753316 0.26057900728521627
69 -22.6498187873841 15.17608665663814 16.258134034687647 0.9045217434745848 -0.03510613626576074 -0.41261810628522316 0.10175594893559718
70 -21.945992428907157 14.919026709413556 15.43728769291572 0.8304338056134697 0.09141379912156884 -0.5290620991402357 0.14871619642062933
71 -21.57539882386234 14.937029928938347 14.559267173214309 0.7793510256047694 0.053022263182702346 -0.6243243989096052 0.004434345717097269
72 -21.393805789880957 15.065813294141876 13.593819378226534 0.7205685767229594 0.04740519042235559 -0.6914120824635391 0.021977406214136158
73 -21.374355823840215 15.122880082522395 12.622626750496906 0.7055570151367029 0.14602193275949482 -0.6907516778695596 0.06106564553786732
74 -21.412829106516572 15.266294066641997 11.636738072673742 -0.6649944478828593 -0.16704057071059372 0.7246249990459546 0.06927079311875121
75 -21.437900431320948 15.307105427916058 11.669957631093723 -0.3255971567512761 -0.5474770354705704 0.48092673603331854 0.6024656518974172
76 -21.58928239582279 15.346837632102604 11.727350669783391 0.644960283682564 0.7245812171318313 0.16111823547291793 -0.18179440709206196
77 -21.632428437910736 16.334189425105873 12.252651277978478 0.5194624825900389 0.844055798347859 0.06744826436611033 -0.11480100213304456
78 -21.997284992573245 17.216725402770926 12.600418832999704 0.5876814786035739 0.763403546455666 0.24810933732940393 -0.10142613911213078
79 -21.99044246232819 17.28783924488343 12.581278778512273 0.5699790757473553 0.2129574614181578 0.7216367896164084 0.3301716473421786
80 -21.980509429994374 17.353524315555596 12.539599815435478 0.6098449561659554 0.7084226775530116 0.3534403239474993 -0.036143834542737445
81 -22.04803103331008 17.349034652872742 12.525424858311865 0.12652809064471535 0.46973993755008964 0.7524534594237714 -0.44401444205052554
82 -22.042331565429972 17.26546193989364 12.551820619228716 -0.5293641884952214 -0.28101338077633936 -0.0844946717030457 0.7960312093236309
83 -21.24786065913317 17.419196982895834 13.082143522060344 -0.44356738082782055 -0.37074449675126503 -0.029568092735817796 0.815427633016054
84 -21.289589071363448 17.373118577551473 13.06713747136009 -0.3048209545621838 0.2730946542059177 -0.38743279472900827 0.8260746486077511
85 -20.77390255397854 16.59091639715975 12.874235745051784 -0.3077076080352946 0.23455314789184553 -0.15658588253922742 0.9087253216239959
86 -19.82933610099229 16.232341649540974 12.481901114670812 -0.352472789519275 0.22148095916472763 -0.27687023719702886 0.8660554192027402
87 -19.06287802545777 15.445416810996646 12.30556328289445 -0.404293512860827 0.17812475133471511 -0.2475438699606856 0.8622878642689373
88 -18.165132243306765 14.906908819371584 12.154275535473744 -0.5490091582648715 0.10960545947599945 -0.2564776977955486 0.7879053102548855
89 -18.16265614421359 14.918460360285572 12.136058000642459 0.01611202221003461 -0.2682390868949162 -0.3891951325753263 0.8810875914355843
90 -17.628638162983233 14.184396262646615 12.59672017187027 0.020071743138739717 -0.41189314792900433 -0.4430226669783911 0.7960352230648223
91 -17.355671712102247 13.489207681444823 13.143164173257253 0.047530474747559004 -0.5075671018632764 -0.481929341832046 0.7126433894717029
92 -17.45835078373957 12.821176262719558 13.93302690625647 0.024268696865349684 -0.4492911997601186 -0.4036566207622827 0.7966239895241328
93 -17.184745071562507 12.160381914543333 14.754598788220097 0.07938263433114781 -0.37824956762199524 -0.4212297620724974 0.8204822664169946
94 -16.811983899926208 11.399979024450671 15.303365001159403 0.28269837377966234 -0.3620030776913936 -0.33364802275202216 0.8232341089374025
95 -16.270386386135005 10.698919934049329 15.670008142591014 0.4451645145855489 -0.34592865404246365 -0.25152271122348474 0.7867008624661407
96 -16.38095880173443 10.689412826766896 15.660449733626985 0.1454908223095347 -0.5985641160652623 0.4004765498021025 0.6783597516372198
97 -16.479820460972906 10.997577222203828 16.622825791088975 0.26479027020741164 -0.5719116112906788 0.4083476764080868 0.6603449074888832
98 -16.408087927360064 11.237374636377334 17.49940893578865 0.40048521205371257 -0.6262944741999128 0.3972756750302047 0.5380881568500115
99 -16.410467346853796 11.264849250738724 17.581131147019732 0.150326695723836 0.7504868114569677 -0.6052087613377691 -0.21884648862138542
100 -16.457569981900605 11.253659147935798 17.5638719766726 0.22618097849267255 0.9721996250671443 0.06044713853208637 0.004024603170991088
101 -16.480104370573496 11.275840023445022 17.49117054296938 -0.21304043882794327 -0.6589885644111169 0.7023510048759245 0.16447160651356085
102 -17.330852387145132 11.800529609757044 17.39983027797429 -0.2116778268299503 -0.6533687836306975 0.7098274358893419 0.15635453771558538
103 -18.229533603794092 12.360028797655884 17.262293507023003 -0.22446958461324265 -0.6417336533246787 0.7275689350036072 0.09184099624805953
104 -18.24276114777581 12.289282100331162 17.19837527974576 0.36156454408016225 -0.6834015772399111 0.32997067846873973 0.5416204538613589
105 -18.213228853239546 12.247538697103101 17.237359934432284 0.003969523374558748 -0.04146035974830645 0.5219175418529085 0.8519784979446003
106 -17.665576237718003 13.013362564262312 17.30588807286279 -0.0948370774444074 0.01612635521859998 0.5108182657493954 0.8542895111061279
107 -17.190374609876713 13.979309440471157 17.130944202882144 0.006475520451748164 -0.11613637184501825 0.4452120704229377 0.8878381739479756
108 -16.63844498803379 14.771768601577069 17.41072312805126 -0.04713986571375133 -0.04312011580506617 0.3424230216097974 0.9373713047373828
109 -15.788750233601188 15.43361828621121 17.48265929035991 0.0876885007475045 -0.051081033168201444 0.3770460113155512 0.9206181402938773
110 -15.049128998783617 16.186374204084434 17.61111024045153 0.14658216873155816 -0.11512867573116528 0.3309230142703156 0.9250670324147271
111 -15.028453818695118 16.16792406024094 17.610617065828343 0.2190526540912933 0.05908386972917276 -0.26253015880595615 0.9378714980159627
112 -14.213363845833452 15.688476177216186 17.31703268725912 0.11946310535092029 0.25020241427282836 -0.369172286725551 0.8870395374873605
113 -13.621179641931066 15.147696910016341 16.774191555972433 0.11398243313293213 0.26679120966353015 -0.27642212634570185 0.9161993579182905
114 -12.867286736583837 14.676697090359983 16.271291967267295 0.19366740690335532 0.24863216620193668 -0.20537293619609698 0.9265510987048996
115 -12.011441338398992 14.303310557175662 15.719306058455984 0.3045423478399209 0.12066127171369337 -0.17014538773083168 0.9293790200529103
116 -11.128918013618808 14.108146258073972 15.508286301868445 0.347887542054604 0.07845488931365742 -0.1654364118913691 0.9194834865545423
117 -10.167992583488706 13.86221801133755 15.22063655215609 0.3894700268153447 0.011075523570310952 -0.2830196537657338 0.8764076143966472
118 -9.305049965445516 13.416925353703782 15.008959417062128 0.3462349410811131 0.002931631520323407 -0.2777167244475701 0.896094968222286
119 -8.468587358757325 12.862382395185241 14.877725158737753 0.19243769486596707 0.10738378764755231 -0.23052296964228108 0.9477845832320982
120 -7.632546033704415 12.535400983454254 14.60447095658952 0.2284019360579641 -0.020713858303498422 -0.16882345848309735 0.9585938303290722
121 -6.591319609313292 12.197500231912866 14.521001182578393 0.38793113467355617 -0.2331944062177391 -0.2262175355634641 0.8625285098263339
122 -5.909871927745604 11.64208863781539 14.734079089851377 0.426492666558621 -0.21530797158305226 -0.20066412737644154 0.8552662689062159
123 -5.8986163011077934 11.647111933742623 14.691889575198811 0.12098550254082642 -0.6966540706312211 -0.4763494618023464 0.5226153502228088
124 -5.841356758837788 11.705056657987285 14.676987085627513 0.3035579637802122 -0.0830427839754538 -0.22144687732018647 0.9229938998608581
125 -5.811302589373692 11.698950443537443 14.806525060070106 0.1658874803528228 -0.29762906116076066 0.5171233222185891 0.7851635214605714
126 -5.808803786580183 11.713387065853638 14.86289444659434 0.38311117976133574 -0.03335900341454468 -0.15501822711085564 0.909990302199135
127 -4.769975973039042 11.375909622206972 14.785406940252471 0.43853176975541 -0.0017357860956525876 -0.08463872592608707 0.8947195985533272
128 -3.7737002547742953 11.201355294266136 14.645489025500233 0.36580633010046965 -0.012743485519929048 -0.05948953587309805 0.9287003432522425
129 -3.7523752107601185 11.089047277901534 14.606248414307563 0.24796864349134823 -0.6107108986658961 -0.32113091358802337 0.6800137398860965
130 -3.6069392664483564 10.308448076035578 15.33650001152672 0.21611472855397443 -0.520345484437059 -0.3840481197483139 0.7314656811127841
131 -3.4477535903779293 9.500029206111126 15.933164186181841 0.18341072355560664 -0.6495723266849517 -0.15779072699579144 0.7207762380684082
132 -3.4508116271577545 9.52379374522444 15.881322577619668 0.7210948556906097 -0.5691235220795581 0.33513054757803545 0.20930394595502472
133 -3.3958068866503113 9.474189794673388 15.86686877352512 0.8328502215568941 -0.4181175316179369 -0.16807151416046176 -0.32138793433196183
134 -2.7320005803397147 8.752027495996762 15.318208875105743 0.8439651604323163 -0.41497283836219273 -0.23219511755428565 -0.24820511433496117
135 -2.7129529687630085 8.67742574815085 15.312666966784093 -0.3416424098777334 0.38267250680306114 -0.10121917642857249 0.8524065313177259
136 -2.010302984948528 8.23013703694342 14.797955504554904 -0.17960696816781196 0.36836333954667055 0.022692612689136547 0.911885317566267
137 -1.9966591909476221 8.254301124302392 14.712891300208119 0.43122535357746056 0.24777423634096943 -0.27304444617641876 0.8234678819783174
138 -2.148302830852735 8.198516484040336 14.711380051571819 -0.004393603033020411 -0.49168808554861526 0.7772994916134744 -0.3924653145430306
139 -2.880041133511895 7.653412697820422 14.343440360091632 -0.15396207195859704 -0.5260215292241402 0.7223022042979245 -0.421754142667588
140 -3.478482990764572 7.217206791642389 13.774162988820366 0.06934912794327018 0.41052447943623854 -0.7059712802628052 0.5729440650545293
141 -3.8014009443329084 6.614914947407957 13.137545650178007 0.10553139451540121 0.5249354575116434 -0.6151084328088596 0.5787464955454198
142 -4.115891345458598 6.032017612892587 12.415634136310857 0.09011276990688866 0.510099664878518 -0.657364863996025 0.5473111146085181
143 -4.489281915169564 5.327603324481438 11.681096583215158 -0.2281325397059942 -0.589073328094102 0.61490758773894 -0.4720559468924307
144 -4.93411249600675 5.035311801305411 10.925998298234997 0.09151281558944083 0.7067510315832081 -0.5770154212355012 0.3989756729368108
145 -5.5733016397228345 4.668947227937258 10.263496602628255 0.18546851277743712 0.7536538410382515 -0.5257218604622269 0.34817214720386547
146 -6.222522798165837 4.5493835309752955 9.565220606316673 0.2889611859359705 0.8230104912021862 -0.4361040875794769 0.2212880231510185
147 -6.187292637185616 4.485787798817329 9.545459457882922 -0.38053938491922357 0.8047516746547172 -0.415725793799204 -0.18637752824777137
148 -6.840977164899738 3.9576180833458094 10.270822469436865 -0.3474097919966541 0.8118067638926932 -0.4081862161872454 -0.23164677299210096
149 -7.465632434486356 3.5599125980900643 10.92414997942146 -0.3104407335866759 0.7678686509176744 -0.4661017167662402 -0.3110522070257671
150 -7.462103700486672 3.520374009695045 10.988729996464976 -0.3988059058881829 0.7895010720857502 -0.1925038452877054 0.424951969231352
151 -7.806356282362036 2.7437782069455148 10.424061891344158 -0.3722589457326429 0.8432935016845576 -0.22878229799122252 0.31295048724115015
152 -8.401435924522248 1.996919437722657 9.993312836585666 -0.2803957463113569 0.8478319336727488 -0.2820079148946902 0.35075742847725094
153 -8.997314091611965 1.3937533577839432 9.593536987037089 -0.33261667779456894 0.8886426751530544 -0.1306346042433128 0.2874281505418696
154 -9.608750348913267 0.7392408558349 9.085210720299283 -0.19194374701374958 0.8874348194906795 -0.18430200154944393 0.37636393472639657
155 -10.278230766539519 0.20009866850649083 8.541408846274747 -0.2846265574389007 0.8736613788708332 -0.22703349659386812 0.3227372139905102
156 -10.813687598166283 -0.5478982197736925 8.139447985963825 -0.3562518282984401 0.8425989531328602 -0.32704810856035427 0.2369623887888565
157 -11.360719501965187 -1.28812086946246 7.944957670548624 -0.31676964245210765 0.8502453004880367 -0.3113233384172869 0.2825202675481658
158 -11.303615175767643 -1.3105638343925416 8.007927801857834 0.7739458003883607 -0.43372187995529915 0.4586098905471485 0.05069711235951505
159 -11.370965288451135 -1.277953156446814 8.021394967306184 0.4577182493907312 -0.6600445528473668 0.07038287274639136 0.5915077714241533
160 -11.270883618054958 -1.7908018024928267 8.85299678488065 0.45680494174639563 -0.5887895412698364 0.15065816677585073 0.64958312637496
161 -11.349055485556287 -1.8019542345693276 8.830914685175618 0.7451914560331967 -0.24243086963206475 0.6117961078413798 0.10780765155917048
162 -11.30638060798589 -1.8225426691376017 8.883167759218924 -0.4021323368201101 0.6900472047481138 -0.5033319054134459 0.3298203024311597
163 -11.727147080719053 -2.664477241920328 8.89297938299845 -0.4464039693757455 0.7042543125043824 -0.4531068212408523 0.31534674247495864
164 -12.080981176495666 -3.592288636351643 8.801711526247008 -0.5334970954387505 0.6844153933339163 -0.4004030244079305 0.2943362644510172
165 -11.991635250466642 -3.5823950977752284 8.814670506039564 0.15537979210039654 0.8436799365167709 -0.07962640393117211 0.5076622112417678
166 -12.341739531924512 -3.3404783553919746 7.907800779277702 0.12785348730452367 0.8938840347642035 0.07226104356683873 0.42356010170974717
167 -12.910877991318218 -3.0253579182873143 7.179765462396536 0.10035170459082317 0.909947065417372 0.08359242259633347 0.39362187491106837
168 -12.923927637971742 -3.059680412743288 7.278089298543365 0.6131441482613116 0.6233967109665469 0.3516623808808834 0.3343117767626364
169 -12.97787896387068 -2.028267444229451 7.235908346638662 0.6631384968765841 0.5989190756886306 0.36228164681051395 0.26513257649863153
170 -13.037052666244344 -1.0515309022994632 7.431450862071471 0.6008470495302727 0.5845084256530684 0.4353486670981733 0.32833559275104607
171 -13.01836069022748 -0.07825210590363618 7.626758803886332 0.5099824243746959 0.5174395922923352 0.4837004233364255 0.4880656673250153
172 -13.034634046799441 0.9201171004244294 7.592424316945755 0.5593144415136884 0.398288795438858 0.49415512975746306 0.5332392508775763
173 -13.019585906960947 0.9376604707627805 7.592034121596438 0.19835245268878893 0.019175129924784106 0.5013081952302713 0.8420087364746743
174 -12.534738232410412 1.8095878661247453 7.71297476126259 0.17608550799962153 0.0298781891698101 0.5087257911088334 0.8421990602851204
175 -12.170028130343823 2.7874479971379404 7.923795466863 0.1161446144512282 0.021003366152818042 0.5413827649749708 0.8324505924871948
176 -11.848690478777229 3.5626204502049945 7.956462948922587 0.21331018545539598 0.025889406436103286 0.4403648073022076 0.871726642878982
177 -11.336204842323452 4.423863826576111 8.055682061634714 0.327253730715728 0.14685281669758268 0.4502346152337536 0.8176967880614048
178 -10.742315353129573 5.251422848055712 8.01568400600209 0.25014191213852105 0.29184809470617395 0.4456090251417987 0.8085086951420104
179 -10.717106048326105 5.2215778126919306 8.072243104267283 0.39318425992293093 -0.009173051154381233 0.9159148972661904 0.08013671971848994
180 -10.712233605567805 5.145083298749094 8.016169612648406 -0.34220091126205715 0.08891376664282569 0.8825578333397359 0.30997507842320715
181 -11.29356441688441 5.535981300842625 7.255605683839038 -0.38623267844153475 -0.030752670803511423 0.8562619893364298 0.3416050306420389
182 -11.786725994701621 6.144244216975263 6.650007958478811 -0.43570616988111316 0.07299505010137015 0.8405503943293089 0.3135392970284142
183 -12.214588932287096 6.596716566056348 5.863886581222301 -0.2894876439894037 -0.0615924441015136 0.8931540948367362 0.33864293538096485
184 -12.7607071217396 7.251435688490308 5.372410530696635 -0.3337909088363506 -0.09838229210829758 0.8494769547819867 0.396602391662031
185 -13.23696170321983 7.889494880520494 4.822309160123387 -0.3016034883495352 -0.07275235296296229 0.8204717639078026 0.4801755049810049
186 -13.204404093931304 7.84753976823828 4.8380030893867865 0.1962706206020418 0.5259220592453635 0.5590839210451208 0.6101712876860216
187 -13.27260483750383 7.840847792028493 4.782378724835604 -0.19804578180575147 0.535799045303943 -0.24738872817994623 0.782621280396745
188 -12.906865617258601 7.1439579271272295 4.005768330195917 -0.16552070284732723 0.5989058426226902 -0.2446308937280214 0.7443590628420947
189 -12.778039118821036 6.5722235467535715 3.181978357119532 -0.23243030585825628 0.572487992268522 -0.24942704200318513 0.7456673536802688
190 -12.530317160300973 5.93660269531386 2.473429460386161 -0.2165055923039343 0.5132438112774469 -0.2171652118024271 0.8015892897671039
191 -12.126443904843384 5.43657480433742 1.704075345486713 -0.27816948841062816 0.3817015793818112 -0.2973665748326891 0.8297582540638417
192 -12.197004403025463 5.445922422887055 1.7740271753368895 0.5152198520295075 -0.19497488977728966 0.7497101901535318 -0.36669868722287624
193 -12.459244089336918 4.681829525231011 2.3908915920620495 0.5957648521042684 -0.24587234976112762 0.6410641539559874 -0.41671066596958395
194 -12.43909081077577 3.834704684103256 2.953570112468956 0.6657424703687489 -0.19315496924902428 0.5971595837992387 -0.40358215084223426
195 -12.278755601768097 3.1009432909495556 3.5478370412157796 0.741100085649611 -0.15692852464146556 0.444487606567416 -0.4780950416098894
196 -11.681470388476718 2.4233509087017406 4.090538269402719 0.6570684496980482 -0.2018452384568597 0.5766379642101896 -0.4415973396152029
197 -11.435244617395622 1.6204895135175224 4.737505353170938 0.6264722219078876 -0.27924450945895446 0.5716834855821614 -0.45025887156995914
198 -11.433937331083431 1.6146093252457852 4.725960187422071 0.7220457411920808 0.14407975535540918 0.6597476389654287 0.1504128471994529
199 -11.423819245325795 1.6290360020445065 4.729671759090514 -0.03543276774658958 0.26532816658740405 0.9634110771529429 0.013586000301378182
200 -12.385446442613796 1.6552379148971466 4.620600677557417 -0.02023279908436576 0.29999590427677025 0.9525038404820646 0.04826515435893537
201 -13.338427139292584 1.7141334998087492 4.4943901413435885 0.010161300422613938 0.30711809215386077 0.9429422384343082 0.1281996896329704
202 -13.454736075104817 1.726368671225833 4.48648674508116 0.59465352793721 0.16850476146074325 0.6965086611002844 0.36451201912855585
203 -13.412231464027794 1.74526452188738 4.453432029391435 0.33655604661116295 0.48876526750427646 0.26405718561998404 0.7603369933742475
204 -13.476083617520812 1.7228136982805942 4.482414771448019 -0.3025450857633399 0.258308483572431 0.5467184817476292 0.7367781892201558
205 -13.193219243071137 2.492436581306318 3.734709164153749 -0.21773296800186398 0.3030056445584969 0.5175891253270626 0.7699879423432262
206 -12.941787992330296 3.1877227315137215 3.0005182868220133 -0.03953849084388864 0.20643977621109183 0.4612977814865768 0.8619882153111285
207 -12.526451600265364 3.979957096941426 2.6006086796868626 -0.15025555342680086 0.17735218468361746 0.3765299147351904 0.8967690307776379
208 -11.821093966467977 4.6258692592268975 2.2139500424122063 -0.170383219345395 0.061673181883750386 0.2048476147866307 0.9618749564876201
209 -11.842207009663497 4.646684542523798 2.203870252147462 0.5589246784205455 0.19005112665157728 0.03654181656934723 0.806317845984304
210 -10.966322475310822 4.838417598549618 1.9330980629950252 0.5860731619161649 0.1464124341373151 -0.011723799269224686 0.796833860062604
211 -10.085919250239177 4.970010050111542 1.725204391711914 0.460707229720655 0.19793941143700922 -0.182520153185821 0.845727634385985
212 -10.08390551581678 4.9957058825795775 1.7232963690283223 0.4931124765125377 0.6936146295590622 0.15624748202920632 0.5013238030742636
213 -10.08212931999654 5.782195780795804 1.2031987894583809 0.4957781734117999 0.744887393722866 0.18311211086088636 0.40720600228543463
214 -10.276406567557544 6.615000949647942 0.7995202445490973 0.5110411772108329 0.7241431286448169 0.17028252516737816 0.4306477749322332
215 -10.393250861173845 7.462300231815869 0.3262099711313038 0.5781597431820582 0.6541605274869614 0.12099344835898813 0.47240438301929166
216 -10.233704025716634 8.377162560340121 -0.11752121808500376 0.5895118965700412 0.6033544367979242 0.3036207243075489 0.4430051954205642
217 -10.169472219597026 9.427277250635893 -0.28367739788957363 0.6438402317841825 0.6427277198685357 0.25190112233458195 0.330025239360963
218 -10.20295719351275 10.378123167709976 -0.35889219314087417 0.647281506592005 0.6033509977697941 0.3772987869201658 0.2732029467314523
219 -10.21020507983049 11.347694719396188 -0.22507510887652685 0.6068408390242124 0.5528830207650239 0.5139361705283763 0.2488657751977135
220 -10.377569812324184 12.256701064988416 0.13843862813141442 0.5586400305654601 0.609231960008098 0.46674795277649295 0.3144901965617782
221 -10.562860658984176 13.134302306192664 0.20885482560869298 0.578234825640381 0.5499140119282491 0.5411070388298064 0.26540956733029336
222 -10.700949252007229 14.043092807672789 0.5977232757203952 0.5237053383530037 0.603846364879872 0.5493200747638057 0.2436180240939023
223 -11.090905000890498 14.944337231882306 0.9949142888701266 0.4632298097091018 0.6811369139098808 0.5064313532112564 0.25494692073215625
224 -11.50852271976768 15.824993565906633 1.0796212042854616 0.43778221920962457 0.6231758176384403 0.566524273343888 0.31472031483006835
225 -11.924622073246748 16.775670321088885 1.240528226688928 0.4055855950927152 0.5661793184713824 0.630245894806343 0.3431201195912605
226 -11.978682135715811 16.90649479174893 1.1765726126719702 0.5322346857920173 0.8464167998207128 -0.016418752659829873 0.005938415801457361
227 -12.45345269691396 17.765832105912896 1.1631876080390184 0.5179711526298238 0.8548714840436962 0.028929037223295814 0.007983834767395627
228 -12.867197299003774 18.65471050920738 1.188230592318491 0.5800180732385686 0.8095746676349787 0.0899797173515057 0.008458292125203359
229 -13.249506060868262 19.621279650406436 1.264037674400817 0.46820561474233163 0.8694886351351646 0.15534928605434895 -0.02529061124108505
230 -13.798859891343973 20.398416916550495 1.5331609728300286 0.5137181556813609 0.8456330108672494 0.12585281519746092 -0.07182991272307772
231 -14.211306268635553 21.24066041421326 1.7293331729541739 0.5057931541713195 0.8395648411021591 0.17103108421555657 -0.10026231101757561
232 -14.665295602769254 22.003468140919892 2.0233050157762986 0.3925404971737771 0.8778685804943033 0.2513610257388342 -0.1098924392258252
233 -15.399615398610885 22.64567370650166 2.3497591713654016 0.46571306945052515 0.8546482817871178 0.12331526665629837 -0.19360009398443814
234 -15.845558049749686 23.336105767981213 2.7964423433083074 0.37578009323133643 0.8859853250884898 0.1661062445991087 -0.21500707142806208
235 -15.87086391796853 23.27403933164969 2.8057989541533392 0.027320203307869693 -0.5095903583496078 -0.5000077660290293 0.6996881498774966
236 -15.88287640587287 23.274327073296018 2.7705234285011335 -0.4750625244802769 0.11674514520318448 -0.7123170306047206 0.503279859339102
237 -15.907137070694517 23.350145804949992 2.7752883785541624 -0.08504785079916138 -0.31454648645447514 0.8780659914931325 -0.3504675241969933
238 -16.69322700781486 22.747468455042423 2.3948814941940446 -0.06667012589274036 -0.3792407351815439 0.8336198927574131 -0.3959917088671518
239 -16.604673253380327 22.743415135137898 2.4119454920366445 0.14035648234922857 -0.28016651513367896 0.8681275660650024 0.3849172777343922
240 -17.2129761490951 23.36020543616675 2.825165009294303 0.261752390171496 -0.2078639910318051 0.8498725186330592 0.4074247777739327
241 -17.667696098688786 23.861404510300787 3.4399904261399925 0.2432560770122532 -0.3227051297094937 0.7521827899521107 0.5204891264528456
242 -18.141869021161373 24.46814584776591 4.10280749706656 0.26251022377239286 -0.2971634677328273 0.7765735117387108 0.48960783973071265
243 -18.502927869721958 25.18824996599501 4.829467009981664 0.24135918468996553 -0.10820191430244538 0.8736632262066132 0.4083511440921076
244 -19.01634530725487 25.778218022571384 5.334348049304106 0.24071485020708805 -0.10973023868739926 0.8801556500205133 0.3941340728030916
245 -18.936220792417057 25.810239383482532 5.319909604828778 0.8520215970154316 -0.3148932606447809 0.3842364996975619 0.16511736710575528
246 -18.95209497182756 25.816665180826927 5.37724572631555 0.8723933073334207 -0.4188293113299972 -0.2344048251959388 -0.0925543257528084
247 -18.42637289881781 25.117396267034774 4.894331497793974 0.7574155420961352 -0.6252340245665211 -0.17983331204525602 -0.05535423194663382
248 -18.223333459494263 24.14569035936441 4.507745411744716 0.6881052536454674 -0.6596128333412083 -0.2840291925171261 0.10367973666613574
249 -18.302817062887414 23.157458355307625 4.328065203763479 -0.6623655507737931 0.6826880448705666 0.163451469804161 -0.2617107708096709
250 -18.304307210454414 23.13503342582729 4.3575018790069695 0.34358642441415727 -0.2936279764529621 -0.651569622849132 0.6092520061375868
251 -18.262596776150243 23.24102457246576 4.270945216618688 -0.021873692833307434 -0.519974097711999 -0.046963635062579175 0.8526094629149593
252 -17.76947980252022 23.20922190707802 5.257593663349374 -0.021181160921454778 -0.5837544678970646 0.029396294287135288 0.8111214073826545
253 -17.481750843485724 23.240855884356584 6.2263527952253535 -0.03469513943701202 -0.6525155204078891 0.021953396924604098 0.7566622702961595
254 -17.361440469261915 23.378602049261964 7.118078037389202 -0.1483553160025508 -0.7115135611624467 -0.01223958530144026 0.6867236307623062
255 -17.49133488171873 23.34207311354857 7.10317176392246 -0.08202581079134488 0.9963958286214444 0.019994681481303306 -0.008205594571305593
256 -18.432520801374668 23.17132041771332 7.085063063443531 0.02253663324760502 0.9958092183054132 -0.061479864691337066 -0.06384612076985724
257 -18.438953636116693 23.170438355292134 7.0379056898741785 0.023171859527839546 0.7360324885040224 0.08637317553572471 0.6710133495992998
258 -18.55102235500195 23.28055506919147 6.0958765093428955 0.01540605413953434 0.5756506295768021 -0.050166456976883954 0.8160100077560736
259 -18.502883487477334 23.283794661629486 6.158969366092314 -0.540675254053592 0.5532776504508532 0.367892182123306 0.5159548948292114
260 -18.461487363835452 23.339221523410497 6.257162389394521 -0.04168913196164451 -0.06645642436316934 0.6308803469741981 0.7719038461744196
261 -18.31528373858581 24.298876117517803 6.285844109613975 -0.05918412888554947 -0.05100504606827328 0.7242028325426432 0.6851466861197273
262 -18.369966599350974 24.268224772036056 6.251264523226668 -0.4547911877096044 0.5563237822481283 -0.5335922751669606 -0.4460359949252659
263 -18.401326579743245 24.261256078185014 6.270532728020579 0.03615248347379254 -0.13863994027189777 0.7021757618885219 0.697439004011358
264 -18.477770112779275 24.28664374295349 6.2995263301805675 -0.5811820893663515 0.597378834650001 -0.3396805776654108 -0.4358704074250306
265 -18.414484985406 24.269840337527302 6.252419011403728 0.7361098518086169 -0.0015853745445654473 -0.11384119574728002 0.6672180714044533
266 -17.339636517517334 24.15112989497599 6.073335191938058 0.684260798433981 0.04809802499471315 -0.16910632308713358 0.7077264946362035
267 -16.464140467840664 23.91530463949339 5.691593333633172 0.6565348763364824 -0.09618896955390509 -0.23777149422993676 0.7093478376802599
268 -16.4429518051992 23.862549729664565 5.705089476495206 0.09937424158817132 -0.036684469892350066 -0.3139185728592045 0.9435221986744845
269 -15.610541989041167 23.27368086379127 5.692910240775926 0.15309909064021424 -0.06014304165696369 -0.4117648696312988 0.8963220264630941
270 -15.533676955882296 23.31505966445992 5.690912243149197 0.19007426116101878 -0.16860543596848565 0.34932801844019573 0.9018946267378556
271 -15.629116679043989 23.309678117568534 5.725747398063624 -0.3229849156430825 -0.4040223519011321 0.19815997186411796 0.8325739060180305
272 -15.626714857738655 23.28943175954732 5.660397464762397 -0.35847144920889684 0.41390434973505263 -0.007586572942296133 0.8367340397542505
273 -15.654771556590338 23.27663705708889 5.702912609343272 -0.12473916017483529 0.46336905101491693 0.6048446554102301 0.6355251429346378
274 -15.792992567148847 23.931689858864047 4.948034090649713 -0.1418221889183108 0.47306407091064584 0.571118339490094 0.65568337926315
275 -15.80064462337594 23.860540411176622 4.957437866717337 -0.503213171283675 0.7921712909155378 0.29202239551750986 0.18429343616106234
276 -16.170185895179426 23.25859090531374 4.401916677390446 -0.5102320146254249 0.750071891569885 0.27243802695957503 0.3206758023213294
277 -16.41584331311945 22.594297947107933 3.7451974287580034 -0.4543861147645215 0.6821921626437737 0.4527248125360561 0.3509805636368009
278 -16.733631886785222 22.331689295153815 2.938474274187799 -0.5279431051767782 0.5787081786546374 0.4953026386406997 0.37556386648623896
279 -16.854446068031912 22.059645927591337 1.9557702335033602 -0.4511891017220388 0.5743938832651193 0.5373706499144206 0.4215837354137712
280 -17.037582165935408 21.99510374540869 0.8947601899182345 -0.3793491791420528 0.5836026200421508 0.6040143606047848 0.38816083566915854
281 -17.369892269165316 22.040752794261387 0.012059628696180269 -0.31284931346424744 0.517019162160683 0.6024566319758851 0.5214043532728596
282 -17.635352877632755 22.27178689481651 -0.9126422255171751 -0.33240118715491834 0.49360898817476895 0.5888807580910477 0.5468812214011335
283 -17.772572774991872 22.65329175690588 -1.8021735055755648 -0.19567653254796308 0.36432091539879363 0.6126413704544954 0.6735365739294554
284 -17.74742676133955 23.286322460617832 -2.5383990531435088 -0.11727116251087986 0.2276404910078766 0.6708384269957947 0.6959907227563075
285 -17.727362743989595 24.212891850710474 -3.117726087231864 -0.16441406655764793 0.1391717629475034 0.6440303818194388 0.7340463898212216
286 -17.58452080033015 25.073946128518685 -3.5305287756697017 -0.2779789258559756 0.17605180415186378 0.6889644095644548 0.6458030050939169
287 -17.56807820744963 25.90244858326727 -4.196814027778413 -0.2571547567363816 0.2610374811769159 0.7305503822671445 0.5762178437691713
288 -17.806703714763167 26.664383664959264 -4.946797040106368 -0.3379525852052489 0.17499334742042483 0.6186385958771986 0.6873511956800334
289 -17.93292175362631 26.55977481237224 -4.9337954483277 -0.5172269761961377 -0.0825362578428798 0.10307490569075352 0.8456001330730357
290 -16.993552886491553 26.824536527023625 -4.912307221661038 -0.5985684413751521 0.0708074433221495 0.06088940492429819 0.7956095822247659
291 -16.109580780754424 26.923349455232465 -5.0770481426342755 -0.5811029753923289 0.11891924168708108 0.15625088738234685 0.7897868105628131
292 -15.10946854041618 27.005492741566336 -5.415469843700632 -0.6042553185274344 0.263219989315784 0.2699631508819917 0.7019335042735703
293 -14.430467036263366 26.994586636293022 -6.135604484150422 -0.6238596013168124 0.325283480496052 0.14462607500650496 0.6957536586963918
294 -13.57829822599045 26.75460249874844 -6.695447480979563 -0.6287026426246783 0.3334092524967323 0.13116633435148162 0.6901931977635766
295 -12.811965596872657 26.56354485745648 -7.368265322001302 -0.7321629278769378 0.21584041481158764 0.12678434467742963 0.6334635682668311
296 -12.81929127321746 26.56492856693572 -7.3896484300944785 -0.2597398840384745 -0.306537967254773 0.6510239950325266 0.644001106491968
297 -12.815375772287668 26.660358608016654 -7.358334149327681 -0.5701235329532807 0.164153052746333 0.3468490915138356 0.7264355719284099
298 -12.100354550097965 26.938199789872147 -7.98120425802461 -0.6320085909731298 -0.08146910100746844 0.29325501981625385 0.7126916723729569
299 -11.319989645637097 27.49971229574251 -8.283205295650877 -0.7559520953754317 -0.12048194762176105 0.23571636194368822 0.5987138936978099
300 -11.304320775387149 27.524761785602625 -8.242838166763216 0.9198311381345103 0.3136352421635138 -0.126166716913097 0.19906172845269793
301 -11.261808956074066 27.550111507661153 -8.21252454152973 -0.7342606314883727 -0.15798754044915186 0.2239573966132196 0.6210832042579736
302 -10.458909334750661 27.978019020838946 -8.42892671587357 -0.7022966763748776 -0.17758350895808425 0.21633413056481476 0.6545555894282008
303 -9.631309540748356 28.530490915434473 -8.492924486071532 -0.6131988679705336 -0.20380574566833323 0.4247821876300495 0.6340429476182661
304 -9.096506225111455 29.311673532674725 -8.709056009716145 -0.6754962443951692 -0.1082833904983851 0.37052194467649063 0.6282459865875364
305 -8.466569976520509 29.841370457543015 -9.048648548311283 -0.6921546870255113 -0.15223677332955513 0.262423140197655 0.6548892651155789
306 -8.469289443884467 29.895176117979446 -9.049817404389398 -0.015483224251963837 0.08031926464243871 0.18186020261929053 0.9799162985670418
307 -8.39785490116528 29.794155687931887 -9.034118891925235 0.03709152497702738 0.14218178796370212 0.8872527862047522 0.43725398948234556
308 -8.466703060071499 29.837387284360464 -9.104310955957935 -0.6281645849743165 0.2460784516700261 0.7014577233156587 0.22980798987097684
309 -8.385296978851157 29.955195787835564 -9.210313744663894 -0.21838908077229074 0.6688236690187006 0.36659624002696556 0.6087596454742124
310 -8.482712562038628 30.097933584791217 -10.225803158191933 -0.3002474398528666 0.7477913636352923 0.2074691586286743 0.5546314988820764
311 -8.632359693085487 29.907193308741807 -11.197290039093325 -0.2486829822082445 0.7784157100329667 0.29924005198151665 0.4926267837054589
312 -9.003447509607687 29.822015713038404 -12.034051784108641 -0.3171588456033497 0.7897179502130796 0.1923339719678156 0.48863428962147704
313 -9.306461891483488 29.55614980388803 -12.92113245418191 -0.5116305576239607 0.7950578773713376 0.15575164928020213 0.28610936349877586
314 -9.57789473107483 28.782740447158012 -13.541582159338564 -0.34110107578019644 0.9126954179888157 0.20335448178239163 0.09635395592723847
315 -9.575960741445726 28.83419414111105 -13.51512967172972 -0.1879036256415775 0.7207560290288402 -0.5062572946043512 0.43463378348813364
316 -10.143500287288271 28.18158315560424 -13.95623277878759 -0.23304693068554383 0.6846841391400402 -0.5403698912064587 0.42999667252855356
317 -10.206942049639188 28.231935664644023 -13.970874846815224 0.2573326294324094 0.7552172188297227 -0.5911865337885288 -0.11800573070662909
318 -11.046982841054696 28.797761675894023 -14.110860600229893 0.3098334495936551 0.7819702515710871 -0.5401409513162062 -0.02781208158283258
319 -11.034859632921556 28.74928546294382 -14.145199048758034 -0.0978639153407713 -0.18548142320107552 0.9669469319280544 0.14502733037741583
320 -11.963380107507202 29.035554861199902 -14.198530101491393 -0.016303202903531006 -0.16481168151249317 0.985255851092633 0.04292112649781698
321 -12.87230209810029 29.096238187358022 -14.26873874409693 0.03928298149308186 -0.16748915541821285 0.9850886164563353 -0.002155901308215941
322 -13.825537870226652 29.123812511727063 -14.088471055366805 0.08780627643470182 -0.05067188831694303 0.9931726724632094 0.057710139710054974
323 -14.807044999404003 29.270910905737274 -13.856415674887248 0.25027336311961124 -0.02202904303144474 0.9623589658736801 -0.10364934046320956
324 -15.688063744990451 28.948912480398956 -13.385053978994542 0.28203714110301176 -0.061903569873497544 0.9539054025051498 -0.08177702701152997
325 -16.475037846847002 28.711101018325845 -12.755467110294896 0.3462248799524989 -0.030221594677776333 0.9159971475366118 -0.20041011307266948
326 -17.13533952086396 28.365230706642485 -12.117696329502945 0.32270835448629687 -0.14325861791537378 0.9071062990945115 -0.22911667001940678
327 -17.756322953600577 27.800994514301696 -11.598060212608003 0.29197566997436575 -0.24569566802535028 0.8890008091537323 -0.2531035522876081
328 -18.39383149037196 27.163338029770276 -11.169693573631202 0.259211634137359 -0.05164316960320662 0.9571820234602768 -0.11808846567579764
329 -19.206871801400553 26.934846580511227 -10.596473507378633 0.22838387764322327 -0.00726651664679106 0.9710981990055638 -0.06896586153030365
330 -19.15928474570901 27.015468769619527 -10.641340340562719 0.14959493005296573 0.6614470120713685 0.7058681627127508 -0.20459556200668846
331 -19.97735684692581 26.926188393787026 -10.240763217693157 0.18898092742520786 0.7319429875442798 0.598088593547451 -0.26614978174459103
332 -19.87277117128785 26.909434021011254 -10.223348079731478 -0.5815713412465852 -0.19092329769292754 -0.16727430343402233 0.772879277021559
333 -19.013918192591262 26.844059178940366 -9.801246542788194 -0.5422303733045672 -0.3163967303816435 -0.22665598990838082 0.7446518606090007
334 -18.35376685677102 26.836533783444928 -8.97137610054849 -0.5762010780125876 -0.09410839435858023 -0.36153517335120794 0.726930702500791
335 -17.71896728285119 26.471043025526154 -8.45105243601923 -0.431803900547952 -0.1232032949131514 -0.43060922993450784 0.7829061442403727
336 -17.08777128418391 25.904606502804512 -7.966963000225505 -0.4360176309428329 -0.15426245070210676 -0.36250960000527427 0.8091220623085218
337 -16.363372997937812 25.47505886537593 -7.374090386689911 -0.32937669300132744 0.050186673835738306 -0.43150203550028293 0.8383306538806313
338 -15.710601801256491 24.84033346169731 -7.17428167952457 -0.4289702548042162 0.12165680922188954 -0.45007695327975983 0.7737020598328295
339 -15.168327164552306 24.114936776199965 -6.961240957513525 -0.3467597151996531 0.14428436431684488 -0.4349792142324894 0.8183720457799284
340 -15.288111822869629 24.020285540502584 -6.91638503493986 0.13813059935972216 0.593969635929569 -0.541944254594227 0.5782875011847679
341 -15.233021344334487 24.04047495624894 -6.874263777148779 0.48366317086816646 0.3377719144703854 0.11697105475142097 0.7989354437569415
342 -14.428527395909866 24.541901830447692 -7.358766507241486 0.5901293553549486 0.39863250449416215 0.07031681345715779 0.6984948217805875
343 -13.651188006430013 25.196557946977826 -7.8431730255303425 0.6460675456192725 0.39212893420038647 0.06079957492234307 0.6520238010606815
344 -13.03006141710221 25.809823076981 -8.236085980568584 0.5197534084914353 0.4991673938022422 0.13725833502965323 0.6795943325183772
345 -12.632516867788139 26.53363923465762 -8.750385630245713 0.5948592434466826 0.5985385612635283 -0.14899700887179132 0.5154551023259711
346 -12.382178205499628 27.111393761105784 -9.512525104744606 0.6270236292318158 0.5536320222994044 -0.19080419636109366 0.5137379788575347
347 -12.490029807145191 27.121786634336022 -9.425484339146578 0.3452853254521443 0.10428673463364731 -0.6521017840417351 0.6668325008999214
348 -12.389029329018099 26.31666488180366 -10.050679242658298 0.41212727640215674 0.042459863872407584 -0.6290762620801461 0.6577319548969381
349 -12.165928895229982 25.48162369208259 -10.577815756025212 0.534220280602279 0.13374234428879686 -0.6317469900861258 0.5455432317007325
350 -12.01421627838581 24.977965233933592 -11.490511212390357 0.6299675038503584 0.21576282498304838 -0.560858483235567 0.4919604752727422
351 -11.729974674712285 24.735382161953236 -12.396702342535175 0.6801487400864927 0.12964111956552782 -0.3982801123914663 0.6016342938613067
352 -11.109928435200496 24.465275176559487 -13.14115187470383 0.6064709680606932 0.11955912710858517 -0.4269168523680146 0.6600307426088158
353 -11.132383229049296 24.53793272730652 -13.117462331660416 0.846884155856335 -0.19882330455214725 -0.49002858868956223 -0.05593301702377537
354 -10.601263209175595 24.176509766994755 -14.008667975054165 0.7849208908194609 -0.3182439725112568 -0.5100399974748675 0.1499305508936545
355 -10.650115572739345 24.137021025034876 -13.996568508937605 0.8335401738133088 -0.06846951873043683 0.3548353048732371 0.4178691303023202
356 -10.604438029832203 24.140438666343602 -13.980201056577423 0.9204415624630659 0.1658370979084443 0.33292743212134346 -0.12018615556270475
357 -9.870104038777857 24.33261555042187 -13.31447269222475 0.9063818893634547 0.23226331432815242 0.352570078986365 -0.014831144756346528
358 -9.18596637652392 24.777813450307303 -12.640249737467835 0.9656172885590165 0.1526240727057415 0.20899014215548758 0.02474398812790717
359 -8.26677539107981 25.06863770407485 -12.204744278653958 0.9370112538032621 0.28660797103662905 0.19964209938151545 -0.0029687268055572885
360 -7.586147092550352 25.601234779933595 -11.74980376432364 0.9314111140071599 0.29906969916557385 0.12970589623267467 -0.16188586172804809
361 -6.840297166004929 26.1007767429679 -11.35911756138843 0.9313759553188588 0.3502325071706583 0.0857455378130346 0.050236675049121784
362 -6.147213797372985 26.683815367862273 -11.253015889513954 0.824376572869654 0.5580040082223375 0.073692969385378 -0.06003448321302285
363 -5.780757121065259 27.54051399928653 -11.024204506456469 0.8041444209603676 0.5610066574817278 0.19533998419485693 0.021577096056857276
364 -5.469821821538618 28.46351477658807 -10.768974744712372 0.8174351155609175 0.5217700833397362 0.23053165387960414 -0.08006852402216501
365 -5.131712826259374 29.345931628556336 -10.277092034451028 0.8763161384703617 0.4413854106006133 0.18656165646942363 -0.04943372432566795
366 -4.51021553980775 30.18250896890877 -9.942155776307699 0.8916853648593889 0.44148695439417834 0.05812834654649758 0.08128698864579186
367 -3.867330296829581 31.07785543216711 -9.887874965071596 0.8352941267212685 0.5223405630921677 0.12450142067860345 0.11808240454241951
368 -3.420283920792897 31.904677049254634 -9.828815049137878 0.8793014408283066 0.4670217802118982 0.08263205170308596 0.04349226363747223
369 -3.4097668482353782 31.90373550876159 -9.797530580258497 0.36966662994190613 0.9143810695197356 0.07996783807128859 0.1444264078537649
370 -4.174621233961683 32.61458178551519 -10.050264096366378 0.30281135018612215 0.9453280835163892 -0.0590920485208283 0.10567984914495253
371 -4.989345735614491 33.18542700713509 -10.259476194710405 0.3281794781956724 0.9382155005906776 -0.07513374917683466 0.08003014605279904
372 -5.729410610795113 33.7740422600584 -10.444599328797928 0.28764807674629744 0.9300719187109616 -0.21394444413970665 0.08032798261638328
373 -5.76263041023614 33.85828103550229 -10.35116486221588 -0.4772151726524071 0.8516062542742516 -0.21246724310537332 -0.043475709062804284
374 -6.31807757005745 33.04771190633579 -10.194840359686884 -0.5755744947532122 0.8150342939201306 -0.060232478132017965 0.028375152894287308
375 -6.623786749680525 32.09186913265935 -10.255571285626718 -0.5266836745335451 0.8465742546299305 -0.04589834324979205 -0.06172260902249639
376 -7.043160582552645 31.242272565929035 -10.155563471247815 -0.46991893842905974 0.8758445387844463 0.10125611052158529 -0.04265835520980725
377 -7.5713043272982405 30.303849289948566 -10.198971865995151 -0.5498134743385944 0.835088170397171 0.010841101132879151 -0.01467520441614126
378 -8.02108203808817 29.431216645502214 -10.225508328669767 -0.5082337126977632 0.8526312535518936 0.06213501258928078 -0.10420018692163335
379 -8.460640695105484 28.507213274382863 -10.157345553523466 -0.3495422695257509 0.9186595156242914 0.11491105937296454 -0.1438066222449864
380 -9.131796543863542 27.80151184246849 -9.987038986829628 -0.16766642405721663 0.908890462469634 0.30115058051736093 -0.23476461686049754
381 -9.180497391506893 27.830095019988203 -9.926221215619833 0.0662271053587976 0.6060844658602904 0.7821794533289567 -0.12833897906970898
382 -10.109732011716492 27.64110359219804 -9.731347785985184 0.18941840192383874 0.5970256130760169 0.7754444830928479 -0.07979310737583016
383 -10.04879576697549 27.71708054436742 -9.720134289421202 -0.4657192617527278 0.3553612651216372 0.7464370278986151 -0.3156829166513842
384 -10.411230346950088 26.898755787158624 -10.177902786698532 -0.4834526733569931 0.35521607634531627 0.7407808984700592 -0.30222295113327413
385 -10.814650009043929 26.07327418853142 -10.60207956735187 -0.48556974656214935 0.38114762661597335 0.7128434346590458 -0.33287046371234874
386 -11.19300784122911 25.221699169697786 -11.104421640567292 -0.4491660035113236 0.41669362214032285 0.6834748378384519 -0.3968355737568698
387 -11.494211320937426 24.314861006461875 -11.406535327498185 -0.454632869582041 0.42346839799072883 0.652106462521879 -0.43444289767006705
388 -11.50256469489399 24.2744740967319 -11.415635356943392 -0.06313747205845235 0.6534003878261129 0.7483207042024548 0.09538195045549745
389 -11.562493901958465 24.24645302719801 -11.389474301832664 0.3721633665455661 0.42112716921433235 0.6590461091178622 0.49980452379665335
390 -11.800128400160304 25.193559872955312 -11.343085891091894 0.28826586391152714 0.45052695045912494 0.6831495766846434 0.4972272262144679
391 -11.842053149415849 25.163109967053458 -11.384005742414582 -0.35719864895996356 0.6322463071060619 0.6872510343949788 -0.018967025464062204
392 -11.816664666313311 25.153560458046783 -11.386169535068424 0.7858277606535469 -0.31252448735709243 -0.2834117557650224 0.45219570108815155
393 -11.107089394077985 24.319207713899996 -11.547763784663957 0.6380742214756644 -0.2907329955297086 -0.4586137072076225 0.5459020798273523
394 -10.672742177594944 23.493722149611212 -11.83961660737156 0.6244466816218845 -0.17701660010497064 -0.48973307135142263 0.5821451570900474
395 -10.218029516973324 22.70098701579512 -12.21601239229056 0.6696757448864323 -0.27605658590258314 -0.5003586592530175 0.47430830711798966
396 -9.793153128689355 21.784227495879332 -12.557432341330962 0.5944135803725339 -0.428577706366593 -0.5217114662829094 0.43681894535744525
397 -9.76726189387665 20.736168877619058 -12.702341224409883 0.6097777101552028 -0.4266962539125498 -0.5677935953494803 0.3517270023398591
398 -9.818224405632098 19.811359665097523 -13.042526993435418 0.6134818870888497 -0.47142494397747237 -0.516232563953437 0.36729067007453364
399 -9.749526783092477 18.84467469395541 -13.377470403051685 0.6398927468112581 -0.5289832367311399 -0.5028020441514404 0.24063273308700428
400 -9.766760503202335 17.8511271991146 -13.755181624592105 0.6214289605926934 -0.5809927357957406 -0.5026483804913692 0.15368179293158737
401 -9.927204162709533 16.97860938344421 -14.140858587103137 0.6821247565590383 -0.5040578811435795 -0.5144508493545845 0.12637955746347132
402 -10.059293903935815 16.146972864452444 -14.744909928119107 0.6666368303976952 -0.5424575549714442 -0.49778614658052794 0.11637907751922164
403 -10.188462480063748 15.269968080568761 -15.294119730711536 0.620772658229502 -0.5548812270951401 -0.5371840381075127 0.13483856946205727
404 -10.185530529670256 15.288177008344883 -15.274625040434577 -0.527884588715047 0.7318040532276553 -0.03418573368365527 0.4296882873540187
405 -10.257927869560476 14.489805603737441 -15.887619289384256 -0.47955583801710083 0.7486530133468537 0.07672375424299156 0.45128519736996864
406 -10.415649579994673 13.83094734332336 -16.5901258169605 -0.5702002270741592 0.6609771977041531 0.06752250282359164 0.4831372028442636
407 -10.31158042355858 13.161221426775636 -17.368471189869016 -0.6016240893943835 0.6385420540541132 0.1351169219048058 0.46049529604514094
408 -10.150728524481607 12.57427032579705 -18.09168131094031 -0.6987606765018896 0.4491926038191677 0.08952058954513321 0.5494957558491862
409 -9.550677981027963 12.096882677364428 -18.758545430020348 -0.5753802408119864 0.46894216067910555 0.05864292234138793 0.6675266557074809
410 -9.102111953123925 11.670659275954273 -19.50708841490471 -0.5542558178830549 0.4132160731455536 0.13971132378206758 0.7088961216172762
411 -9.013822672063812 11.621793364375476 -19.475111517843903 0.934415446063471 -0.2661580096994192 -0.2353495636750675 -0.025264024002579134
412 -8.284750410788856 11.146502677673057 -20.030177699040603 0.8488925651917625 -0.4497710798695567 -0.21114073340626363 -0.18029691947392276
413 -8.258168901456221 11.103798205472986 -20.004807322955394 -0.5573615372297784 0.15636500169078832 0.7331850377155449 0.3568442286672885
414 -8.403950748006231 11.48627054451417 -20.892040488151537 -0.4616066726842437 0.19506249649057353 0.7790008411082165 0.3768654822996351
415 -8.663560680892907 11.974354488633258 -21.69951342973342 -0.5573489593765754 0.08032784215485828 0.7339057333810575 0.3798578020351878
416 -8.725043147504119 12.361539288169809 -22.55741109441132 0.672678270272088 -0.1230559625938351 -0.5673970519161017 -0.4587175168344581
417 -8.467638340161052 12.822437056656096 -23.414964621151068 0.5984008305824875 -0.24541330721919874 -0.5943604903631879 -0.4779376131810018
418 -8.241057968483801 13.025163126409224 -24.367236715054155 -0.6084738525047957 0.27248377348527114 0.645455568255862 0.3726919282902443
419 -8.26074576217912 13.032858201469278 -25.42788324316237 -0.5719643035583036 0.10184843108705743 0.737843647286806 0.34361385987569254
420 -8.388401519807749 13.402969692725847 -26.28872177178673 -0.504899238463697 0.14032314018268452 0.7967856190285271 0.3008635116417005
421 -8.645192446316983 13.7760038417001 -27.211705881669577 -0.4921608115012269 0.05698903864013149 0.8387064262402547 0.22605644357245544
422 -9.069268220054308 14.017593719589115 -28.122698486873595 -0.3915605156092556 0.2967998020535719 0.8533853050713452 0.17413719075792092
423 -9.712506795196694 14.041844733195983 -28.93434134029862 -0.2895140674573455 0.42725774603330763 0.83612909121194 0.18579710984817696
424 -10.431803494289023 14.146334570355256 -29.596887583412546 -0.26306936202007936 0.3421111007833671 0.8715425031183927 0.23274056531955703
425 -10.385196408493293 14.165440830833319 -29.489711803510303 -0.13414156689304782 0.7488913733170144 0.5007544559392737 0.41281076277126694
426 -11.057389868362785 14.421628412558942 -30.184734719478435 -0.10764332556092755 0.6277219493143585 0.6205735567717888 0.4574565874995969
427 -11.601535579398023 14.880067020811335 -30.847946797632225 -0.06356905081223568 0.5742930413587921 0.7449335596045566 0.33349733162438266
428 -12.420576387925472 15.356144541818619 -31.31886193034169 0.07676364858835526 0.5706977959478364 0.7786755462142059 0.24915007863473043
429 -13.30314792236865 15.813343810858745 -31.493831032290935 0.1496989172635814 0.48166321481456886 0.8226473029775458 0.2623779650968707
430 -14.133722472165042 16.436586177854778 -31.52559517950527 0.18666232126444987 0.4177911523721652 0.8649983792927314 0.2058774748258115
431 -15.01493514784205 17.06648568238023 -31.325345565568647 0.1583679602468885 0.4767180405129944 0.8243670519598032 0.2609184981173108
432 -15.04420904397527 17.045302107784188 -31.293675685164683 -0.4235119658408783 -0.21956299337790802 -0.7194448740870025 0.5048056852675695
433 -15.17854615607176 16.50923528313122 -30.446593705351358 0.34338142811429284 0.2679003953205176 0.7624421103318106 -0.4785400729365028
434 -15.615723156668013 16.013954626296595 -29.668902858837665 0.3628157442067616 0.25988176274940855 0.8239785955367699 -0.3491210094554684
435 -16.105777626427596 15.571377530999436 -28.852635526120533 0.4993390896527191 0.13706712877623403 0.7749753557876154 -0.3623344776248748
436 -16.40053883186329 15.09376255179017 -27.99619515889693 0.5025203700007767 0.0620628384852308 0.7938166538984677 -0.33686288279785004
437 -16.645637708606746 14.649337346522783 -27.179618069198316 0.5700078935881151 0.14820245450862374 0.6685019328799328 -0.4541279549429346
438 -16.547976146615493 14.221602067725955 -26.237539873252484 0.4924053496684328 0.046353230971434144 0.7191079418659982 -0.48813125032276355
439 -16.61486762817493 13.556669074333039 -25.426559954750054 -0.4193172836135893 0.0594325780537162 -0.7329982016689872 0.5323104551658141
440 -16.63886233910263 13.562996785010558 -25.41985396864057 0.8050182008610932 0.37067578920112815 0.1834180022801774 -0.42532692369756825
441 -16.670240734683908 13.561566979911294 -25.491380060226174 -0.48592127739342017 0.21391636476404488 -0.650453162811873 0.5431675469415581
442 -16.7086201727747 12.585064664096913 -25.103484653342377 -0.4611190884908485 0.22966521473464568 -0.6064958574499679 0.605628475442068
443 -16.658130574180692 12.57960420049277 -25.117793040529328 -0.762697015193049 -0.010353296477660725 -0.19600638123821237 0.6162528464693353
444 -16.65257076092528 12.567282288219577 -25.10693408921355 0.2229461475399448 -0.3661254389902788 0.8112792910887963 -0.3975840666723604
445 -16.690351421392045 12.511691305222508 -25.15507698365547 -0.41509319714892573 -0.6035448046398079 0.6787315283558685 -0.05248636859875991
446 -17.33893637086048 12.90694523027321 -25.886329260072603 -0.4608768289895577 -0.48968699763425044 0.7376285308321782 -0.06085510127215962
447 -18.040143576500206 13.235556698575856 -26.5386601121491 -0.45732657570496893 -0.3405929679432731 0.8130650690077109 -0.1173628003289157
448 -18.606271996404086 13.35061724767965 -27.39414702660205 -0.48217442218017786 -0.4305568052513268 0.7629614032055367 0.004308278730518522
449 -19.105562552660096 13.691683280120941 -28.102465314726068 -0.5297719480591564 -0.4774513724837033 0.7008751315884135 -0.012486788376417738
450 -19.601381575972404 14.223218493299052 -28.839529062478732 -0.591479891840347 -0.3982507473244267 0.6905413409878307 -0.12124576772322522
451 -19.86474153502587 14.502656443760664 -29.795264733693912 0.6029012006992241 0.5194620011410995 -0.5816307460215104 0.16844894433738214
452 -19.97129683960449 15.023640545412016 -30.652195929789556 -0.5189198964992771 -0.47850365134892914 0.7039897384444384 -0.07845281911985218
453 -20.39394208029818 15.425850098374491 -31.455818772668263 -0.58284413963803 -0.5224100898495152 0.6189406647581703 -0.06551992385327593
454 -20.716841955008604 16.015719879060274 -32.28768203714185 -0.6056601333319286 -0.4672783898774799 0.6325562205852642 -0.12124082251760583
455 -20.89802725001527 16.453989387576435 -33.26568122815465 0.6146880552814515 0.5218425050095472 -0.58699870342643 0.07260521217761898
456 -21.184002366790025 17.0451221587929 -34.080597094741755 0.6316384505119425 0.48510125175767643 -0.595516238825781 0.1052143178127497
457 -21.20985382263564 17.01723233409787 -34.0812645421472 0.3059191753547596 0.7322205875631131 0.06638062345121992 0.6048636888830544
458 -21.236844937700333 17.528869222411505 -34.93009674363238 0.22012354315004545 0.6925635357176297 0.3024930701769894 0.6167652043040865
459 -21.32621686956319 17.520815045243857 -34.870535422461444 0.007314239716551207 0.8947958899075216 0.43135058255850495 -0.11499344428450195
460 -22.301957486306357 17.52333640366751 -34.77037114246125 -0.06413905884797177 0.872240152668347 0.41342522452993713 -0.25330392994496775
461 -23.24253940438431 17.202240155134977 -34.34153470111103 -0.1446902515524194 0.8888673097033828 0.3070134576301149 -0.30777000126777904
462 -23.972319226535664 16.70671586581052 -33.79840012268723 -0.07744606928897685 0.8890483588635008 0.3206535837393682 -0.31745299051812664
463 -23.297596501248204 16.95402098729237 -34.236226165508576 0.30504309078399516 0.29384678947560994 0.2267033138988503 0.8770452579810821
464 -22.563275592853977 17.49183526126769 -34.56445417107116 0.26466516617708163 0.3191956193919663 0.02163192475233017 0.90972444520577
465 -22.550701112174465 17.512191500197456 -34.58298301269733 0.1471318796742519 0.8688914070583933 0.23420303719574653 0.4105226791443972
466 -22.60980282751779 17.572126040514288 -34.62666855056851 -0.5228011161726747 0.7181263570384225 -0.2528755429411364 0.3834416357642364
467 -22.770821968518995 16.71848091277822 -34.92878039382305 -0.5858911279706275 0.7163048388069166 -0.17980155476413923 0.3336320802493364
468 -22.83265256100627 15.682804933591754 -35.26161656201156 -0.5666795533094379 0.6723518889279961 -0.3260624791261798 0.3471317920070987
469 -22.89055635211031 14.673348134914367 -35.41216027993057 -0.5061250172111799 0.6858654153176946 -0.31179944150555716 0.41977042213677945
470 -22.868095065105027 14.657131294401598 -35.43099329542046 -0.10961544469014163 0.7457476031469011 -0.6275843381779478 -0.19489193200279267
471 -23.670343562903685 14.774163647711301 -34.997787554010074 -0.18258862704986767 0.682427795198624 -0.6331199709535575 -0.3164060681974277
472 -24.32465760915568 14.895500561421931 -34.34691793236831 -0.02966891347521488 0.6994790745655161 -0.6092272231262227 -0.37241236609446843
473 -23.484928156185184 14.494408986208835 -34.838385642713234 -0.0022633824446414664 0.4122401358761916 -0.05631523122009271 0.9093302712465453
474 -22.840757793244897 14.360528891308768 -35.61393679065871 -0.0723835621223855 0.40626968907007766 -0.10626318347633212 0.9046621996717076
475 -22.18027723675019 14.092362916980184 -36.4152664270263 -0.10077411496875664 0.41429526875318856 -0.04961678282621608 0.9031844678153865
476 -21.534680826207897 13.944235714383314 -37.17289702196874 -0.05487144524019518 0.22704110565210847 -0.048497420379155144 0.9711279323848572
477 -20.662689512785988 13.803524425709867 -37.58902621905752 0.04872207472837723 0.22694366922996606 -0.12320210761606619 0.9648543781885229
478 -19.790116801382556 13.583092127889831 -37.95812335217034 -0.046489427606724955 0.06159615898171811 0.03985499469007452 0.9962209723338252
479 -19.749902759930293 13.604049423667854 -37.86171650558642 -0.7251875334872265 0.02272079339192067 0.17697776301580562 0.6650305844247126
480 -18.78121621288411 13.82034852781176 -38.16025793499807 -0.7200526649297719 -0.11474091412434309 -0.03439073282249016 0.6835027138566274
481 -17.812090081764428 13.907362407713144 -37.910834870355544 -0.5989000338847521 -0.18218288199262433 -0.11966625826233976 0.7705894714795904
482 -17.81382713299438 13.943408057196399 -37.894557033634946 0.9575788677184964 0.11278971741142037 0.21262398195664742 -0.15846840076845783
483 -16.99178660953715 14.143557496104986 -37.39998825115774 0.9723754045167908 0.08674110608554317 0.12170087117567348 -0.1793068631172416
484 -16.10237319973551 14.181998381986283 -37.195647744587156 0.9779566145166566 0.0736308331797439 0.16493577604626591 -0.10476426064451218
485 -16.05534692263016 14.129787001235046 -37.25915806910925 -0.5453024710174313 -0.17826295703030598 0.04736406961746189 0.8176944283547286
486 -15.089240827564456 14.449393536998073 -37.0022661537124 -0.4836988258522939 -0.18047916639501188 0.08078580740263892 0.8526056355014182
487 -15.084432001846476 14.500657782051766 -37.0100104487952 -0.2899005357719119 -0.5730153611552911 0.4726872109722576 0.6034715203077057
488 -15.193655820836327 15.432363457696395 -36.53049200862256 -0.3491019805130624 -0.5147101123999177 0.5152434757949429 0.5896825146177075
489 -15.188408832273234 16.400661632172795 -36.366796802389985 -0.3739226227014187 -0.4635043617958091 0.3490896964287337 0.7235205336931669
490 -14.872017720115712 17.238528451472824 -35.93787517723234 -0.3375634641369412 -0.4244027649831907 0.34702677720771863 0.7651833875975836
491 -14.870093542455445 17.184572017157816 -36.00601298680818 0.016751451818757777 0.8515162738857047 -0.3965365353383623 -0.34263420773707937
492 -15.61121787528061 17.348828879815 -35.400245373947314 -0.09791125047289374 0.875210049787433 -0.36088221222476685 -0.30689539697048357
493 -15.63547583144914 17.312306309877687 -35.41354986557627 0.21600797347607664 -0.3102636890899301 0.910674244662309 0.16658156781528324
494 -16.49390370672788 17.482436437419455 -34.94814136646073 0.22394818119845847 -0.28046011265472026 0.9205367027873812 0.15427740005891846
495 -17.36863956544315 17.6637194852488 -34.49658161801818 -0.03491754071564126 -0.28222785896945785 0.9485016068120613 0.1395453433362236
496 -18.311562440784186 18.04343094428307 -34.54933650771539 0.04262321737147678 -0.18891232978814668 0.9776612296124416 0.08169402124761768
497 -19.31557003365007 18.227317808682272 -34.48559943842414 0.1779596259540929 -0.17421987400742459 0.9571274673789997 0.14793518249482562
498 -19.3595302844801 18.215948855849547 -34.54139860973646 -0.034104559909578 0.8224694315004122 -0.49811921466718223 -0.27250350680332847
499 -20.18401134040594 18.51258723063991 -34.06853500948119 -0.030545264231148717 0.7919195565698106 -0.5202129653608988 -0.3182905487534045
