# time x y z qx qy qz qw
0 -10.879684330750298 9.869073422537877 9.132536190962114 0.0 0.0 -0.7071067811865475 0.7071067811865476
1 -10.921574713601037 8.91346422621931 9.125533358302862 0.1420033034411906 0.006740778433420549 -0.7190885370802387 0.6802215077147317
2 -10.937289130039947 7.976847674735592 8.941412658504477 0.1754416714803846 0.1491866260327385 -0.7792383077764591 0.582881832119356
3 -11.151943132701655 7.132605352529279 8.449783366112102 0.04268919470105051 0.13474532658693952 -0.8052281514167003 0.5758723415695511
4 -11.381999171564944 6.197271828576917 8.223721280092176 -0.11978598577176872 0.13162868450532964 -0.796952679049862 0.5772275412550318
5 -11.64935242684886 5.225474709238996 8.264602222905744 -0.16046822000991776 0.14482251528513596 -0.7990812844843752 0.5610218268660638
6 -11.935025419276208 4.267906526690572 8.336198598679541 -0.05532059048050685 0.31905580064178446 -0.6771313112879961 0.6607845455359235
7 -12.07511370540831 3.362238023488553 8.001578681573784 0.06496653540404675 0.4076443040383499 -0.7439743904163701 0.5254593962118047
8 -12.08481106372341 3.3400309820483813 8.050577938549711 -0.3384261827853209 0.7917231355298927 -0.37264969842156964 0.34608437950647936
9 -12.119758302889467 3.2577708157221505 8.015079200936434 0.013073705176848098 -0.2964269928668121 0.8292986650103481 -0.4735227981258583
10 -12.619075573286558 2.4887100974135183 7.825305410793121 -0.12156412922670903 -0.20763234334719896 0.8708219334496152 -0.42869585104660946
11 -12.605108355953076 2.4931893387674324 7.837965914040059 0.21440866614929807 0.06624114665964849 -0.43335141666735233 0.8728388075937576
12 -12.678541479374308 2.472164187020898 7.900592410771942 -0.1522825018680194 -0.10429327613469189 0.901291779893069 -0.3919261150715696
13 -13.307679520081349 1.8005160891859737 7.551412140517476 -0.11920481317940736 -0.04960935794284735 0.858313691367654 -0.4966152749666413
14 -13.303619552241534 1.7816247772120144 7.475725684580826 0.6338624215479202 -0.5512789912633103 -0.4813240036488728 0.2502740654812916
15 -13.477352460640605 0.7615306902635937 7.26931081432129 0.6496631072170906 -0.5511792111605092 -0.3676850030385144 0.37275603663265033
16 -13.300144664694441 -0.18988201817858996 7.14256291278372 0.6864624662479305 -0.4255329444581128 -0.3582175707024518 0.468370758751709
17 -12.873378126318782 -1.1098839318341067 7.056571154459299 0.7341283361157835 -0.36715815431284127 -0.4176997967059449 0.3895861338205858
18 -12.561930041804587 -1.8955596723642927 6.70892874069885 0.738845522360679 -0.31978492396576647 -0.4875173520138358 0.33789307181000644
19 -12.637235620920569 -1.8447633268351107 6.7004474222112 -0.3373188895081291 0.5060817061452093 0.7754031949561169 -0.16984451341742854
20 -13.354348344411424 -2.474148470292573 6.358729627078585 -0.1960348647941739 0.4334177214145 0.8579738356584687 -0.19390798816574795
21 -13.447357951838221 -2.471683675669588 6.353051204764932 -0.4533935158621566 0.8059438557361174 0.351569451307486 0.14590319421693998
22 -13.936968718684401 -3.2198875470200368 5.78193389179127 -0.4009207414300553 0.8660227462999627 0.28113044460078984 0.10115747674199654
23 -14.55597290076185 -3.856834681011899 5.409394430035278 -0.41912019373272424 0.8215700345895705 0.3864275670926206 -0.005888706208844537
24 -15.208336460483062 -4.489737745903489 5.005537310077644 -0.44370118582026974 0.8106088837134453 0.3798969807965876 -0.04148227727796324
25 -15.857359946093345 -5.300167307888412 4.811492127643712 -0.4337564242529999 0.802148074737721 0.41018234003800574 0.012817118816844527
26 -15.799239339223483 -5.393419144152253 4.826131054909389 -0.21355958124481458 0.36708462061319935 0.8110034607933534 -0.4023860995971491
27 -16.434589824981916 -6.186144936766699 4.835353263693499 -0.019283147045665975 0.4166137369896881 0.8891803982260543 -0.1882003554780319
28 -17.362370257388022 -6.51873798736686 4.963644570540453 0.08460994570379278 0.45102320909367893 0.8439504203004912 -0.27778932668744694
29 -18.179946936377604 -6.944547513836199 5.37889265048463 0.024040848432488094 0.4908642753701923 0.7896153825909092 -0.3673987593171136
30 -18.15719158036078 -7.086516166456809 5.344007196923242 0.5106137905537429 0.6227438731777309 0.5652499911052659 0.1787626159783794
31 -18.5818279333184 -6.210062437782888 5.737576410065397 0.49541135576282097 0.6651818347195466 0.4962155921059715 0.25665307613839694
32 -18.936773415311478 -5.285445237649022 5.898294594155512 0.5015540651191961 0.5008143075260839 0.5680889326689493 0.41821467420289343
33 -18.997717538373216 -4.3152573526029805 6.118645146376217 0.4703890652456468 0.4898452982475866 0.6199510259079299 0.3929967386095777
34 -18.982928927587224 -4.2555058961828545 6.05958744018692 -0.12054877001759742 0.6505468161877297 0.7498376854930128 -0.0005285922193675702
35 -19.89680226342341 -4.4682841733161895 5.893632553132779 -0.05172586052990217 0.7504130525310422 0.6347339981200316 -0.1769673347656121
36 -20.832879339674008 -4.875697256113273 6.017483595454816 -0.10653649678582985 0.6904526169001037 0.6979774565890459 -0.15732968175741135
37 -21.785799553485923 -5.2570880911035465 6.068103955955517 -0.2201478585768703 0.5524682270452151 0.7805674903825092 -0.19242705482204522
38 -22.62724059035842 -5.731365889554631 5.927644925212774 -0.1990293152167359 0.6094687018178969 0.7444216908343164 -0.18647139030999393
39 -23.518741548879422 -6.151703410529022 5.85528622646503 -0.36598753830831476 0.5150366618241908 0.7701718258198824 -0.08732535424080942
40 -24.280495850911215 -6.596726157200405 5.438782437961205 -0.45771597184511287 0.4840182221381045 0.7200704984030557 -0.19421876090050447
41 -24.721232856600146 -7.317173011180178 5.0363918189821995 -0.2582767027066584 0.47918341406436243 0.773345745042893 -0.3249811673753589
42 -24.760092634024986 -7.353583998681259 5.013222211109378 -0.24705417083965245 0.9374678581544643 0.2433132976130084 -0.03028020479945059
43 -25.66153075077306 -7.815478704232918 4.969795327010663 -0.2790764515095549 0.9295931182181599 0.20706254173581565 0.12287421448040577
44 -26.535802057049562 -8.283136438702961 4.671853841596562 -0.20455964151284936 0.916249092635144 0.32209879449477036 0.1220463841923455
45 -26.552579888612264 -8.38087077078375 4.6759017202096125 0.48219088977881785 0.7805613906580189 0.32016143392773894 -0.23603499201106953
46 -27.10649664509986 -7.824867125214975 5.292842092328726 0.43225823233224325 0.7881661057687331 0.40658316496809593 -0.1632088853674353
47 -26.92993933393001 -7.891695409837318 5.216612391798707 0.41965382302632087 0.6981008090176851 0.05918138983607765 0.5770992049598727
48 -26.992598495397065 -7.213442780220391 4.429375735154851 0.4499766640848414 0.7462717256398343 0.13871433825126525 0.47048681772514656
49 -27.102245458973655 -7.193816754334652 4.388356292038485 -0.05713633383884748 0.4048669851534769 0.5986408628050165 0.688801336430364
50 -27.121664185119002 -6.488641042596267 3.8070024707875225 -0.04848800027346809 0.4686265158259704 0.42412862067044077 0.773403527030024
51 -27.086880942339565 -6.523216049365338 3.7702293881074835 0.3840558946911961 0.4030850106925064 0.7826861166080283 0.27825525471590096
52 -27.67577824590174 -5.781959630970741 4.1061027349991015 0.3694437610306807 0.382571276724296 0.782021753242014 0.32495000094989124
53 -28.194758775706273 -5.0266858181050385 4.48441215198818 0.2892283525122054 0.4441345120372379 0.7517718104640843 0.3923399550288921
54 -28.757274635371175 -4.141818476944038 4.597186288767057 0.21242862019886347 0.478146352554696 0.7423474782364334 0.41853359293497017
55 -29.346047561990382 -3.258498604596359 4.457764053825826 0.12120223808788166 0.4730417565635546 0.7089405550807744 0.5088661939955523
56 -29.376034597099004 -3.2949991680847655 4.478581778882616 0.5476779607399135 -0.17448361109033927 0.5029810612533838 0.6454567164427567
57 -28.94804841529463 -2.7680350790512365 5.218538982489816 0.46449729301368486 -0.2595801347865931 0.5330715517512259 0.6577956666934448
58 -28.962951605335356 -2.7778893178689334 5.298600566408716 -0.20205634921512622 -0.582821229186225 0.2619378322208839 0.7422137283849828
59 -28.974918105226656 -2.711183672532409 5.345068318329628 -0.3023181620813369 0.12638985839310363 0.12732698074767726 0.9361715508093665
60 -28.143057201599028 -2.4487464447523184 5.074970126224196 -0.2700035361646536 0.14353463082021323 0.16948302479517757 0.9368945535758894
61 -27.172725141195798 -2.1304972565208677 4.725992685408215 -0.4538839819962367 0.2893849444944068 0.18521545844580714 0.8221562617531527
62 -26.46240955550031 -2.0281463421920605 4.1087538576562155 -0.5514660471143349 0.20198560062941823 0.2864686439740975 0.7569826497602871
63 -25.647512230904553 -1.8659446302415572 3.528831243879184 -0.4656101827256941 0.17247124382506665 0.25992859885350966 0.8281895624152912
64 -24.786526556834048 -1.617350643621883 3.059683822759305 -0.40437973712819036 0.19428627623065886 0.3902820435503066 0.8039961427461929
65 -24.133660990678354 -1.076344627509826 2.4923311904706544 -0.3488830829746092 0.15782355286912705 0.3815617316079593 0.8412983808056649
66 -23.492387890058332 -0.6224106479101665 2.045902625877457 -0.42190738070676237 0.23818627753035734 0.32960928685161556 0.8103204164542321
67 -23.502422181013806 -0.7286061017289301 2.0453653687862285 -0.3673837506445445 0.8552477521091452 -0.22649584546928275 0.2868450701332622
68 -23.474657809587605 -0.7590216561315222 1.9571274823053244 -0.07224690083706495 0.8646949400445197 -0.40920547071251434 -0.28219484176680754
69 -24.218890693751803 -0.6349568588917958 2.5481667228810174 0.006197567510247889 0.9366371263404207 -0.2728141040827986 -0.2196473271661069
70 -25.08295706666949 -0.561335061213848 2.8508409583342336 -0.0045240043406876195 0.9075892505483784 -0.3219812140311017 -0.26942417019416887
71 -25.861108196930964 -0.338689831585259 3.2672253816614876 -0.013474210256526079 0.8720425408854368 -0.3939012764148189 -0.2901758725028854
72 -26.654750990304375 -0.16756706002639873 3.81776797557644 -0.0008268963642236867 0.8426419275293304 -0.453859887126957 -0.2897673222935318
73 -27.438518960486515 0.02683914633873885 4.339864542585537 -0.01665158879986272 0.8137331903344721 -0.48377129057203605 -0.32175512110421645
74 -28.31045490545217 0.32810776844999134 4.934621779538111 0.1354580663014077 0.7435539980803543 -0.5873953541544817 -0.2893877366619657
75 -28.326245500586552 0.3332090308850683 4.873332456317367 0.32820960328571885 -0.5614944039041123 0.2646918181310679 0.7119977051296348
76 -28.331427328778677 0.29712288891668387 4.884962123595889 -0.275430267319936 -0.6080158772037639 -0.2838559919893786 0.6883898871453097
77 -28.32372925379595 0.2590513139555061 5.94985701291344 -0.26183628547668136 -0.5703007090169157 -0.42192229683273014 0.6543549773158075
78 -28.32410791042248 0.0006260718254689213 6.92607941430947 -0.22071922434587482 -0.49366338137477084 -0.4888524137859799 0.6845456941865928
79 -28.335835202798922 -0.055990695849016496 6.9806714882388565 0.7090479567908606 0.06857927990414092 0.6042379050753935 -0.356993601355312
80 -28.332305544232096 -0.05908509583916598 7.028390151497422 -0.14532173305933238 -0.4759004718072662 -0.35018277870447273 0.7935819783318343
81 -28.3007464321408 -0.08841260976488238 7.049662744281421 0.12771227427497064 0.23520898199555848 -0.3412353153113372 0.9010686818286939
82 -28.369149089586337 -0.048932759211545995 7.05368274930402 0.09620130266811293 -0.03918561790130376 0.48414446492925745 0.8688002841810161
83 -27.897984321150847 0.8078294467173173 7.230811110054905 0.07036429057349297 -0.06464116993046153 0.5483411883480199 0.8307781454294472
84 -27.891234426623264 0.7913931211048537 7.079102354362591 -0.5237109940926254 0.4720968847100467 0.4468231514392822 0.5506363568195014
85 -27.69751018589357 0.7477552900133085 6.121242534891707 -0.5005103142220834 0.5084045683597298 0.43715288622871684 0.5476418302962007
86 -27.541941420608943 0.8597331302848248 5.14543947590322 -0.47818036404226205 0.5323594759773441 0.46105408040081736 0.5247533351273685
87 -27.563343215221433 0.8511334762644073 4.120095722181923 -0.49874284588729095 0.5670367210722643 0.47004922263258714 0.4569230339284312
88 -27.569312723602444 0.8037246212073631 3.1371249569264923 -0.47241837817656746 0.6201012592032016 0.49630939064628615 0.38206320557198115
89 -27.532396564822395 0.8188355687048006 3.159402085122353 -0.08399457571045055 0.74407674448093 -0.059182520355955254 0.6601455436933581
90 -27.568037637889475 0.620104887028655 2.216742778377704 0.031165316135642347 0.8050195489359354 0.05075905701508935 0.5902505968079045
91 -27.92394035931204 0.7119912100199907 1.2676907618911302 -0.2127253678976758 0.8048019620264061 -0.08883542481245821 0.5469460549904687
92 -28.20997364652956 0.33701328947688197 0.505529452081408 -0.16746816173262236 0.8614002401615444 -0.1379816718030661 0.459244052004989
93 -28.77710074782815 -0.16626776984750052 -0.2301629506801589 -0.09305568519323623 0.8535547609258851 -0.33348168358300173 0.3893261823569273
94 -29.437862086781102 -0.624534585729448 -0.8587454416331926 -0.12930915658010003 0.8687245819981436 -0.4202073703936149 0.2280844328830382
95 -30.208723953301767 -1.060514255780786 -1.11771197124283 -0.08381783746263544 0.8943309662505415 -0.4393492991765582 0.010903496756882139
96 -30.145379578449507 -1.0990806696333357 -1.1753025238155748 0.5537058151362371 0.7528879455813651 -0.12565731985851475 0.33283607023362394
97 -30.28683371668559 -0.3465433960584724 -1.8267739258495204 0.49484004046437674 0.812532894392614 -0.03512389717414891 0.3060881273922188
98 -30.630981603633387 0.4403100147649919 -2.410006352679956 0.5028901468269353 0.8370261411932033 -0.08232156560634792 0.19927844594867478
99 -30.623028240435858 0.3533093376003497 -2.4534236910214218 0.9452719136353213 0.18057737855485917 -0.04521880322197564 0.26797029589423754
100 -30.594222146306198 0.32089444953824015 -2.4679245139408046 0.3595321414369121 0.2664195385318579 0.12622614027518117 0.8853384834477096
101 -30.56463379930902 0.3120455294279365 -2.610080527480403 0.9040937213366785 0.24171956792643023 -0.10514968496465783 0.33634764347753265
102 -29.723937830440608 0.7796665580774721 -2.9034477576967053 0.8906963507422818 0.25590523700222745 0.049206077104093575 0.372493332054739
103 -28.868074872355763 1.3397862600610237 -3.0159263740287416 0.8383681946304908 0.31167677881040196 -0.125091052913839 0.4293583401580674
104 -28.80744182822489 1.401727042171315 -3.0308948522679264 0.5250471194058867 0.7922304007374763 -0.22953974331344476 0.20978088757204838
105 -28.783609203398367 1.4697759844352596 -3.042117602665186 0.5047703189870273 0.6437634850666629 0.285571985856504 -0.4992235383658624
106 -28.791886432370323 1.7825532031728262 -2.1025079632306367 -0.5605270647601034 -0.6052844024950172 -0.22324441872260356 0.5192322517687813
107 -28.576544511957447 2.1593809384842664 -1.2428821967770696 0.5713123375159274 0.5861377293946729 0.2985429337533726 -0.4908328553469841
108 -28.554840536188948 2.4975283692751615 -0.3918023941701305 -0.5415941121154627 -0.650610931400494 -0.0797751275849551 0.5263241992183604
109 -28.356077265349313 3.1386033639657325 0.4066220169942004 -0.554296670571606 -0.6422490469244039 -0.019506534261119878 0.5290471225127746
110 -28.13155745903474 3.8530133936628452 1.0615508119427914 -0.5121812450669608 -0.5831858281806536 -0.12315164858808872 0.6183836458550135
111 -28.127966658632218 3.8673374358092216 1.051971735958503 0.05637791067432332 0.6885683482165993 0.6508015103252389 -0.3148849872265274
112 -28.891474336900085 3.558456339121996 1.5128189702150445 0.017679133000512628 0.7104009421463593 0.6223948947538166 -0.32808923273753016
113 -29.62943096739116 3.203722235268099 2.010034937527188 0.08723997093649109 0.7824801932757133 0.4768320994012978 -0.39082615519275776
114 -30.353793135328445 2.911975208361425 2.7061092985260715 0.23814123391265696 0.8705125022270428 0.31023007659714086 -0.2987541393043821
115 -31.01222640326908 3.100280968024868 3.368631198473441 0.1421736097273229 0.9334518918376983 0.31104036608044927 -0.10820407104293771
116 -31.920610289254405 3.2305456266631407 3.6293624029141762 0.19433069216289772 0.9005635687931501 0.329582847165284 -0.20638795386470438
117 -32.77110480811723 3.4348944248990723 4.039889411031233 0.32173116134219876 0.9224389235853537 0.1755417741731469 -0.12157539881175757
118 -33.516586628318294 4.004564565561032 4.331073107870003 0.4972681768009777 0.8245285535982287 0.233763104173749 -0.13502531529049505
119 -33.942057463522154 4.73235670114235 4.769441584630188 0.5503230126581481 0.7532755839061486 0.3070926470827238 -0.18818762588819798
120 -34.34569944864861 5.451933998074214 5.39420990832851 0.39546068193495026 0.8191808806583969 0.32363254319655155 -0.26041411404032905
121 -34.90117186208883 5.9338857905708196 6.048337849427193 0.3408624329905089 0.8278654365748498 0.33723648968580516 -0.2910724492715173
122 -35.50285535686106 6.219583762385085 6.715052550640534 0.2188945992552412 0.8909994913946683 0.20962864555631755 -0.33802498681836163
123 -35.51923351103304 6.217018891776428 6.699537819875487 0.2597776924140053 0.7903294039783508 -0.07028486085183218 0.5504135009847747
124 -35.50873694039501 6.224686330540833 6.7205968200541895 0.27444961531515316 0.8790354970703571 0.29871974225438463 -0.2504805763549514
125 -35.6138915397433 6.257584251869742 6.7288753966581 0.8186033563124667 0.3584758486857101 0.31021178425087664 -0.32427189186685945
126 -35.512960811560106 6.171930018846771 6.756622776816854 0.3902123939196414 0.7550777252449439 0.5207662535900219 0.07996515236174223
127 -36.14351549365748 6.813171042678759 6.894975991822947 0.3234443186239904 0.6843383567594044 0.5889653126633072 0.2831689366740528
128 -36.815143469570366 7.599143376125619 6.890046202755127 0.29834618644186817 0.7305323810321174 0.6019643692723522 0.12227383786271963
129 -36.881571898982266 7.524152096604514 6.934432780847812 0.5740363402956828 0.48188476586493845 0.06504980234626419 0.658815509579081
130 -36.35747802149357 8.191161181967635 6.411604701637877 0.5030280271468224 0.5234513257017063 0.1521096823779728 0.6706893155946155
131 -35.91067192033158 8.887190450187257 5.867861007956981 0.5314427976527138 0.5693118892909947 0.1622461587418046 0.605911470025534
132 -35.803397097927395 8.848567051608775 5.928800373257643 0.7983155351340302 0.4634059965382496 -0.3845915429868385 -0.006044319569768145
133 -35.75568595706933 8.782717266434608 5.980652749596755 -0.31453105466800046 -0.3098617693189083 0.8586422472723083 -0.26036395826448594
134 -36.52727523697471 8.527849016483094 5.277797494634514 -0.36728319679732807 -0.3059430101992254 0.8493025810068953 -0.22402467220285807
135 -36.53420806516588 8.444375653200995 5.275945270768874 -0.4350387312909225 0.48348804352618735 0.7520422583487036 0.1068319039509527
136 -37.278602066523455 8.166006033983972 4.555379447888706 -0.4473464914074397 0.4696182650531289 0.7610982392547043 -0.008322977672168191
137 -37.30447272020083 8.216389263749546 4.536070118861503 -0.3516841296652244 0.8913087019009166 0.149612382598413 0.24393278957643763
138 -37.33100514524279 8.207512940154832 4.510846078207295 0.866189655393348 -0.45477113110445716 0.05374158649418965 -0.20002635097559782
139 -36.762774926800134 7.305901666978694 4.338101228347378 0.9073460804873074 -0.416292823506395 0.01551752782700801 -0.05641437451157296
140 -36.20869295882901 6.536599649548922 4.251883753729371 0.883629400600993 -0.4596096489956593 -0.08919306394255878 -0.0016279705632993538
141 -35.78688596549361 5.817936399386328 4.098057959157544 0.8499447128321249 -0.46130429558515773 -0.2542609193055276 -0.011988199085181868
142 -35.312923216123785 5.009188230399659 3.6767292166767227 0.7498768418030742 -0.5583376082048567 -0.35483382952455556 0.0060655433775935125
143 -35.13185788783402 4.216969871596708 3.1562022371461396 0.6943426566912064 -0.599259422430416 -0.3655047290176017 -0.1586906197389468
144 -35.022005516387296 3.4734756155105404 2.454274828632467 -0.6610825052055939 0.6727029273801299 0.3028882085019523 0.13674584438211246
145 -35.15136850848712 2.723818375032769 1.9007545410024873 -0.6340387171116272 0.70875010244451 0.281248539701003 0.12871463166397046
146 -35.293483459368105 1.795177217727689 1.3591463878564043 -0.606925673652576 0.7439664302506694 0.1886961724195858 0.20627392427459218
147 -35.24274385967726 1.8302586267761856 1.372741840119824 0.9716320404898622 -0.028604333586962953 -0.0324865703999911 -0.23250288758894738
148 -34.28332337329171 1.7922564233506078 1.3072758383565775 0.9743174286327104 0.03304321881012732 -0.11132007015140441 -0.19292883645193
149 -33.21640603476597 1.8695448220140913 1.1337909082750461 0.9642722798004844 -0.05364347444743671 -0.13943413415737416 -0.21876807420043462
150 -33.299101667640016 1.8775477168424068 1.130018141846978 -0.49573104072451896 0.008767444280162169 0.8597252090959284 0.12266389863338537
151 -33.68747775685685 2.094363187223064 0.21188539322819777 -0.4592810363980202 -0.007218673855377313 0.8463932392734765 0.26949453587240185
152 -34.08566819713071 2.5663757832374277 -0.5397718565307789 -0.4670718154068692 0.0819668559653297 0.870291043731794 0.1331121819215455
153 -34.513540982624 2.7111559946118953 -1.41063662901685 -0.391199129430025 0.01403962533590206 0.8989160994094229 0.19676375752705638
154 -35.17952023543273 3.0708054338613624 -2.081815535148558 -0.4553150862985205 0.11479513703752739 0.8683627099950301 0.15955078373857334
155 -35.67166785741258 3.157876577313414 -2.9139949287203657 -0.4436501215653565 0.1535801049196817 0.8620954327894855 0.19073328438270354
156 -36.15271697934325 3.3582077218103312 -3.8644578009324606 -0.2936402020918352 0.32486134757423285 0.8891985112499746 0.13253884018863313
157 -37.00260546319899 3.3333707924336897 -4.4984515126288604 -0.3937741548912022 0.2626633020618614 0.8755900253706388 0.09639508369788728
158 -36.970839068247564 3.3224211777973807 -4.5764844167141465 -0.5285758068668125 -0.14290922073943965 0.46359350753536455 0.6966100995490964
159 -37.02639550577664 3.3920087065044546 -4.595448945616608 0.8689741357016518 0.44828152556697926 -0.20607114914181515 -0.038240120400967005
160 -36.46114222442133 4.086434018137815 -4.831264328934687 0.8369173425525489 0.4089524781423003 -0.3235383653210877 -0.16628336814428846
161 -36.38730088131737 4.09607989807515 -4.855625608469661 -0.48580525591200796 -0.1404417119610681 0.45984281166139285 0.7299410712057909
162 -36.33670905591445 4.09538837599314 -4.892631841219488 -0.3322975705695163 0.350068544729165 0.8609488617042615 0.1606156782974125
163 -37.04240914338835 4.169004919031745 -5.520224004405326 -0.4125273542040889 0.3907757550212363 0.8089384093675235 0.15077845061844064
164 -37.62271300691879 4.138352438151112 -6.343609093304936 -0.48006256244618084 0.4651272123108675 0.7377243532375707 0.09465406037638069
165 -37.64471798706981 4.205762966391909 -6.311570582070148 -0.23953658031267008 0.631976358654959 0.6712833758928898 -0.30431355218454453
166 -38.3680480520186 3.406625869727834 -6.318663392612656 -0.29204847998736744 0.6495831969461477 0.6437235664686162 -0.2799452188468582
167 -38.99646942503345 2.714748416779846 -6.235654517698972 -0.35436309438741315 0.6282815241659158 0.6552243560509403 -0.224432989922519
168 -39.128621646630116 2.772404485549522 -6.204211224265301 -0.21403082659517605 -0.7056128750668734 -0.32731054354938455 0.5909053087325001
169 -39.347252207687184 2.5979700673681125 -5.200395572800101 -0.20430964190329545 -0.6926196682516772 -0.2335982098799415 0.6511278228713387
170 -39.342672272049825 2.5825641087582456 -4.164429494021908 -0.23746320609447005 -0.805698528971905 -0.1545839131368161 0.5201585527155622
171 -39.66533236747649 2.7839479750077145 -3.201400082924279 -0.2590308558905771 -0.8158395161865651 -0.042791297262768084 0.5152453827096667
172 -40.01577160993582 3.155782743970309 -2.3212476817524346 -0.20208359445500643 -0.814358534208602 0.05631313822402884 0.5411203462050924
173 -39.95316034304717 3.105352602547576 -2.2896435291476553 0.46252387291056724 0.6422903463850684 0.5176501224625972 -0.32492018811212064
174 -40.29208180589496 3.481742976493814 -1.4057805567257748 0.5003972684603629 0.5878813279378445 0.4718608776931056 -0.4258467213471712
175 -40.39600193034835 3.678712333085755 -0.4379043829801713 -0.4054080592697109 -0.6056409178230772 -0.3193243227428333 0.6057023700155189
176 -40.3268002543883 3.7415860437105084 0.6962026911106048 -0.366835172157453 -0.5423953500254804 -0.3672339267179055 0.6605894971964779
177 -40.18490696854062 3.6965952365449244 1.5817826603983 -0.26481259202810997 -0.520568696906794 -0.45617584061420324 0.6714060808065714
178 -40.06889629391369 3.366867776157621 2.5754252298840363 -0.3733606982673882 -0.4026073507813095 -0.42123394124846614 0.7218525312184112
179 -40.05939226448966 3.410258477054573 2.5471261118882556 -0.5145708376802205 0.006353316625226357 0.21635718879713675 0.8296782841757013
180 -40.00622543571517 3.423658957175284 2.505288304597223 -0.32553171820873716 0.5667404268328967 -0.23936856154536054 0.7180091091184275
181 -39.73931681200193 2.68913776772491 1.6859894070160437 -0.335094630170394 0.5755173496520299 -0.17161489690545043 0.7259749969803376
182 -39.45032028546563 2.0791565088347985 0.9844593185107411 -0.19261224863813176 0.5874138515598245 -0.2227613996329249 0.7538055767263829
183 -39.16849498866802 1.5830899480551397 0.25245640758951715 -0.15108350284516261 0.5705817436682676 -0.23945638966401547 0.7708896720086408
184 -38.85890969385998 0.9806423581315117 -0.5226301687734949 -0.15847495224719452 0.47375669644615087 -0.221701746788612 0.8374297687290303
185 -38.371369694031046 0.46503062259551986 -1.0939322297922673 -0.24709463627970132 0.5472715359184842 -0.1607811659227341 0.7833182771898989
186 -38.349193935220214 0.4243481973333377 -1.136174497467486 0.4437876456845025 0.2933193891273696 -0.4138289529266905 0.7387569689819189
187 -38.33603364135316 0.37005091005050655 -1.1176756181079481 -0.2017850387303948 -0.3373167383157022 0.8938654536933256 -0.2156496392073361
188 -39.18447257237117 0.11349334638972386 -1.6033067347303818 -0.25773332804290944 -0.3929033526408207 0.8650023683427658 -0.17598690252667942
189 -39.96584611301969 0.08246685906754597 -2.1423230799259123 -0.23105990184411715 -0.4553846995547578 0.8479053627509884 -0.14245207260452436
190 -40.91512597367548 0.07978992576841926 -2.6555100284181616 -0.29540247099792766 -0.44169754513708664 0.8150043770646725 -0.2311028431534641
191 -41.61683459168374 0.003928006278998308 -3.3325263085377115 -0.20483220636042246 -0.5450478708773038 0.7747235080190065 -0.24651586523460048
192 -41.63877371284568 -0.013571573374394227 -3.2512729971309122 0.15304591378593274 -0.44509694959020657 0.8590631748905307 0.20118676717399403
193 -42.53101972492606 0.26133121182540425 -2.8035021328235525 0.1015110926829815 -0.4787044835867763 0.8475211763417372 0.20553678772556216
194 -43.452908112595956 0.5094685398047336 -2.4817762601127944 0.16435996721427085 -0.5429375173406011 0.7987061112686784 0.20068184089103205
195 -44.26795581101845 0.6469589299004115 -2.049833286969807 0.20390884243397345 -0.5079290657330555 0.8096238719227068 0.21198687264466762
196 -45.1308869511096 0.8183116363860281 -1.539493882466492 0.23178591962575118 -0.5727533691660711 0.7823726480133469 0.07824260484379426
197 -46.0706499628201 0.6641436882299249 -1.1049581776047888 0.16509103196243005 -0.5635396820906691 0.8082805758598569 0.04301730538266458
198 -46.15536378627459 0.5518491425548528 -1.1177892578650392 0.48492514776020623 -0.32210769640658055 0.5744171347642342 0.5754469465334191
199 -46.16492589443771 0.596990718348201 -1.1063192933759018 -0.1102036296091362 0.13572523282386212 0.7083290914427656 0.6838886747210736
200 -46.20504886166915 1.5493005722469038 -1.5146498754802993 -0.1827610875727786 0.31573636916278575 0.5317361976560099 0.7643072328320888
201 -46.01554394108694 2.253347955500315 -2.0695030365867675 -0.08785124755795382 0.42014951428054265 0.5098558921859963 0.7455223089589986
202 -46.043206445416295 2.277019693926766 -2.0981648469863536 0.3137653006544195 -0.318578323567634 0.4245697873856645 0.7872735760187618
203 -46.05759779560708 2.2949416522264823 -2.137281463854631 0.48627853427318823 0.003907378254621859 -0.1696801618385242 0.8571619229636528
204 -46.014282822299286 2.302935756843312 -2.2400660949677804 -0.17196060996904544 0.10070900786635474 -0.22199826677756396 0.9544653026178614
205 -45.118004346926945 1.896332003155675 -2.298678172617433 -0.2628082968020681 0.055258937376540834 -0.428579388459455 0.8626690887934557
206 -44.43898441764912 1.1106909826155882 -2.201417805930294 -0.27440703614795847 0.16473995788768653 -0.3766192444243957 0.8693212694492488
207 -43.791577888373624 0.4579462197496337 -2.2152952773873142 -0.29610464104648665 0.11141029502743743 -0.43962464842911186 0.8406187936313406
208 -43.17229776991566 -0.35326670700091 -2.2460344007122637 -0.2522091562710528 0.15362104208898106 -0.47562393487721155 0.8285970006537902
209 -43.21168219591019 -0.40144683576472934 -2.312075875584639 0.40155334003394466 -0.3297366496145271 -0.42060408525658677 0.74372095605411
210 -42.724194041132755 -1.3143786022830428 -2.021956902467873 0.38577797914534273 -0.2899269372406268 -0.5872253634479218 0.6498338975401798
211 -42.586457397602864 -2.335081043767829 -2.1637788306818333 0.49145777514547895 -0.3044671672733169 -0.5264299572840588 0.6234103779818887
212 -42.61050146839121 -2.2849860549614305 -2.2561197978376164 0.6700045774739526 0.24046830405790667 0.053920220201844095 0.7002581458011387
213 -41.77698568978492 -1.8959150349921414 -2.5262105988911125 0.7032226075830864 0.25072317678795186 0.18488944195086457 0.6390866506667929
214 -41.04838793658854 -1.3146154969692552 -2.6148893047779067 0.6881443208476148 0.297827643092262 0.016519844412208093 0.661425115516397
215 -40.22827472404822 -0.8181948629916231 -3.0015583884916675 0.6345403334996143 0.3277016143968081 0.04958606528241126 0.6982201939314935
216 -39.45547188667848 -0.2696041086871923 -3.417469701012465 0.6687121471094811 0.3225031929359861 -0.07637582404393103 0.665569296434212
217 -38.65248636876843 0.12938237338671044 -3.9681465971275487 0.818599255298166 0.30748738020278266 -0.10761312255678478 0.47303930713514253
218 -37.818068471232365 0.5515692238899597 -4.4131503690270515 0.8288051563589854 0.35498032824043896 -0.18294976427147422 0.3919188220895746
219 -37.11013466379974 1.071891666391298 -5.0795566192608295 0.8446431175417941 0.37593567625056246 -0.2554308585370485 0.28285234278389354
220 -36.51413145972362 1.571093381283226 -5.835081395298742 0.9121651702288264 0.31204761427492583 -0.15327704323960847 0.21699570655307046
221 -35.75459518012965 2.0287832979211746 -6.276151598389411 0.9061173385270721 0.28692349574378534 -0.19172589730349737 0.2446782718468272
222 -34.98931510988867 2.497644750872516 -6.875426305973188 0.9239372994347801 0.19300875974924073 -0.23287736324182118 0.23421276451714135
223 -34.184574408902144 2.8201986607731566 -7.44136026902851 0.9262592959901759 0.16166777174728625 -0.2960752352435643 0.1680675556004756
224 -33.3773158722444 2.9555493862496935 -8.08587897352509 0.9209606126085 -0.055435382352088274 -0.3604550906709163 0.1372246188432502
225 -32.64245575140158 2.7989708173317935 -8.679169064615406 0.8885432743141677 -0.10415046750478037 -0.41095476979643314 0.17538445475911954
226 -32.64622325277479 2.7157247375177582 -8.656152216506134 0.8605727457023253 -0.19658331360564224 -0.24291361593536942 -0.40219712251505507
227 -31.858924156869502 2.6035782156979663 -9.247606570423367 0.8973883733965229 -0.2609233921507502 -0.25446384013826084 -0.24871920871411937
228 -31.068206956920335 2.25413802168657 -9.792854836357359 0.8502631500505848 -0.2679775141254189 -0.3384233582679106 -0.3011814372896947
229 -30.332742835157298 2.0393350586748697 -10.572244895241656 0.8364706601606955 -0.4650382448635839 -0.16411642366756146 -0.23900222799609352
230 -29.809421435822795 1.3355139050631206 -11.239695861279628 0.8577655729111795 -0.3632605118082445 -0.2134608605654555 -0.2944732305249884
231 -29.168836686528806 0.8160221130325696 -11.852336942193336 0.8302681031029248 -0.39972489033018194 -0.26806934300169133 -0.28109378570689886
232 -28.653483736364674 0.3541881648801916 -12.500477114429161 0.813772991659832 -0.3992336635681824 -0.374326545257332 -0.1956160459539151
233 -28.176616372035703 -0.22150288002151403 -13.341425612016135 0.8045606998349537 -0.3670366454487697 -0.3596087637627823 -0.29773766675348023
234 -27.698555691508464 -0.5350137933259327 -14.146916098547896 0.8788583350116814 -0.27025273804135863 -0.19397857705899 -0.3419704610106155
235 -27.804412483792657 -0.5093220695620697 -14.160374221932539 0.6378430503848914 -0.4403126517294135 0.6296403905654281 0.05323523618171693
236 -27.805640621072705 -0.4877096474074254 -14.132389632830103 0.41598451601691944 -0.715096651959122 0.2335527117065586 0.5109273839260671
237 -27.7567784252273 -0.4969617113386261 -14.12491718440871 0.13218036808623584 -0.2639593940240115 0.5334750991577853 0.7926273444549177
238 -27.456164801432926 0.29997123473421494 -13.550740055426811 0.21654879386868325 -0.3091958591850333 0.5034673522663342 0.7771905594761005
239 -27.40845014304476 0.3105209977744685 -13.572836921116092 0.38100521795378633 -0.27922313765731405 -0.33603837214614163 0.814829844651117
240 -26.80571380931145 -0.44877147453360133 -13.32117266182075 0.34673250399348354 -0.2362546280126638 -0.26693063327918426 0.8675876661376534
241 -26.06557150667689 -1.1375199718841857 -13.020312900288737 0.4234812626265958 -0.1990881704644041 -0.09121819418511999 0.8790374062774156
242 -25.19824986475039 -1.4565786132817982 -12.681525071916417 0.3335273690206813 -0.2249227897863785 -0.07034123885739281 0.9128095874084924
243 -24.37873354799671 -1.7453928775727072 -12.250947350849264 0.2691208615542689 -0.31570657269554847 -0.05305105986499662 0.9083440465376095
244 -23.507979227954763 -2.0470108466783428 -11.77077506043255 0.23377186625689472 -0.38578822079812497 -0.08285570461765522 0.8886242712488206
245 -23.562186829228306 -2.0644925235619747 -11.738294840790553 -0.17702861561553598 0.852734616094692 0.2930379085162965 -0.39450390104469024
246 -23.562588361541682 -2.1010163586905324 -11.732857659184127 -0.06641889853346372 0.8368210766259578 0.12876886297367765 0.5279560545733277
247 -24.035690473520688 -1.99012595431151 -12.646660987042836 -0.03424529880631944 0.8999116832511923 0.08855120248528973 0.4256112150731935
248 -24.74567810006527 -1.967109234538561 -13.396800172809638 -0.06808520514324036 0.873452324622948 0.01738290907581925 0.48181249041866103
249 -25.31726807940082 -2.07434813896252 -14.25612994258412 -0.04501459426255355 0.8671797789211897 -0.015400579983377927 0.49571739879668236
250 -25.286645582646518 -1.9940113489054758 -14.242173344411674 -0.4204717222702123 0.6011674519679991 0.5741207401807019 0.36357475319360066
251 -25.342137454065202 -1.9576390538751614 -14.214588706833705 0.0777641180224909 0.8029102697190966 0.5656863110989233 -0.17113397723153329
252 -26.23575507731159 -2.0526009910907024 -13.904140372783505 0.038336970604602144 0.7768384894340769 0.6208104016502852 -0.09821753011277808
253 -27.17314597722238 -2.1286526858582957 -13.800104465269266 -0.003864936450328516 0.7463683548399831 0.6590494512335945 -0.09259137102554045
254 -28.122636420923104 -2.1799343888154987 -13.690308540963802 0.05454067100525715 0.7988492687961968 0.5817326259267074 -0.14301158303611264
255 -28.085755024124868 -2.14593537855078 -13.656829563045768 0.3816545604474074 0.7072259836155379 0.30917119421599626 0.5085119243988077
256 -28.233275705920196 -1.2268169174387478 -14.129165707657407 0.34601639019631203 0.6846392597942861 0.3891427978460807 0.5100094357444409
257 -28.356632968308347 -1.2990493144658095 -14.14679528390887 0.5347021576886206 0.21795895471407287 -0.001566138785786541 0.8164465958238698
258 -27.441811741197366 -0.9688547471688063 -14.449643507559278 0.47222242237493944 0.23719865376700816 0.028074188881123657 0.8485013979812467
259 -27.448671977923812 -0.9739306132663965 -14.469934837329339 -0.15970901079578056 0.1701008412307711 -0.09665384124335472 0.9675829528552689
260 -27.45782952799023 -0.8994854409941067 -14.445020837853107 -0.15473390715432925 -0.47781925365483663 -0.1698946189755269 0.847869092051745
261 -27.03042051299003 -0.9929488616727917 -13.662919766277238 -0.13121289808310113 -0.43591832800405084 -0.2153301782598433 0.863939408186344
262 -26.92983200943405 -1.0118330382498812 -13.610893709118473 0.13209891695789064 0.946112692092034 0.002025597581743641 -0.29566289411313085
263 -26.93779752943324 -1.0531862252884379 -13.624217315649124 -0.057466265838029267 -0.37494175797599477 -0.29226051015396814 0.8778952674556604
264 -26.891066903738913 -1.0249173002993428 -13.697868923969612 0.22201642932003948 0.8301184936594125 0.2748197704976907 -0.4313769643133525
265 -26.829623299811203 -0.9639974897431601 -13.717665201620708 -0.4323276037942723 0.7449112178347778 0.5049767600602353 -0.056556099056403054
266 -27.425431608744447 -1.6184600176215946 -14.022744114081373 -0.2872816825366997 0.7828636632708567 0.483486034426713 -0.2661484062010288
267 -28.160955305537215 -2.397649500406701 -13.881600689442996 -0.2872811258598877 0.8019383778489056 0.40855340933715195 -0.32779338702409727
268 -28.095167553722913 -2.4837925226575313 -13.887614927679904 0.009072317822218252 0.24039307661231046 0.8598997189070607 -0.4502236501892784
269 -28.685898884950692 -3.3396441266530617 -13.723513108598208 0.021030884502174378 0.266068538061205 0.8639662844055096 -0.42699823695369826
270 -28.77316567572583 -3.3493195942343346 -13.635620494462604 -0.16432650600478177 -0.12571791939990343 -0.34125445407762894 0.9169172273101859
271 -28.763848571191755 -3.304261478207846 -13.646808650111852 -0.763992285708657 0.03653515937792963 -0.3887148024152755 0.5136942396894713
272 -28.790785557960223 -3.269957139195344 -13.610772407300828 0.31979996834219465 -0.22083668111038754 0.8639972349534758 -0.3201061050920894
273 -28.7609048211408 -3.3268999145085725 -13.63779784374418 -0.06135657271043685 0.48818834110250164 -0.23122690119103384 0.8393102136650119
274 -28.39940706100491 -3.6576387803619324 -14.347290921991675 -0.10031574271661389 0.46073741483134195 -0.3076518878391501 0.8264430423488074
275 -28.46682298596316 -3.7243799775159023 -14.380947265025085 0.31597626632194453 0.8675113640269642 -0.17564348719383163 0.34166123252676606
276 -29.105479762744284 -3.2473187073838847 -15.11166853859104 0.21772882616370157 0.9134853414997237 -0.1428419721637968 0.312625750876133
277 -29.834027888143638 -2.8816500928209448 -15.73482135686823 0.2987375420430873 0.9094911435138437 -0.11023278620003503 0.26726480069495134
278 -30.592782076566287 -2.4040613692698685 -16.253572739808963 0.3009439210254098 0.9020050162677908 -0.1006451684048138 0.2927289823409361
279 -31.258974340201213 -1.9363262690206557 -16.7584566661377 0.33162648964437036 0.8740507180763757 -0.00779921483723218 0.35496251329435624
280 -31.793254016320226 -1.4557386988871577 -17.391487831040013 0.11682676735774726 0.9599359647535757 0.07803424098689576 0.24245640275100794
281 -32.62096250049234 -1.1198647059856504 -17.813543310804857 0.24076622975125994 0.9533009404479039 0.10426221017576068 0.14959388718049366
282 -33.36404294285991 -0.6622997877110434 -18.013571746080085 0.27291627209415736 0.8936762731540541 0.23809166419480354 0.2648995784606993
283 -34.07242275245381 -0.0012677029147208918 -18.323699423666348 0.3196627992443232 0.8244427011571093 0.22668010353387746 0.40832102315448165
284 -34.48681238204188 0.6158366571569179 -18.83488908638404 0.23397998082671173 0.8807955437760749 0.1468077230327001 0.384577782892477
285 -35.09318315461256 1.2277046911253753 -19.41594437363329 0.0774214878991096 0.8809559595745753 0.08996807988530764 0.4580701421215721
286 -35.65631637164359 1.3889303804825723 -20.20961032112945 -0.08115990560690689 0.8307731344896673 0.17482945932918453 0.5221721257236458
287 -36.009753930255 1.4302044729107932 -21.082549758792332 -0.1545268888030872 0.8326356676705787 0.20180306695873781 0.4920516311584122
288 -36.52408104638949 1.3907040840171105 -22.050112392760518 -0.2212673273300606 0.7060806432653237 0.15824474674991953 0.6537962183955262
289 -36.49680953723616 1.3961353752880692 -22.07730998570585 -0.6788149014468229 0.3776321717625236 -0.2927082169053677 0.5576075431517576
290 -35.91283319709685 0.5942956717651908 -22.090200536108117 -0.4876507765806832 0.37096853738227126 -0.2841299558234036 0.7374613431065421
291 -35.32496216936116 -0.2132801477201547 -22.43370580952368 -0.4695468382731137 0.4934343042013852 -0.16871220522125607 0.7124496795664921
292 -34.96666456198483 -0.8972580547296499 -22.957939316553748 -0.5621270967906633 0.4494427109587491 -0.1943551501163225 0.6665136549561541
293 -34.408757614881154 -1.6009520413317588 -23.321136034143446 -0.5949884858256401 0.479379689043533 -0.2464795665071931 0.5961808775546752
294 -34.02184954049353 -2.5556286024624164 -23.655529437136277 -0.5750743519638886 0.5099872669584729 -0.2535196722922309 0.587307630645456
295 -33.67279589519002 -3.514486460190229 -24.045485295061088 -0.5935844652862415 0.46938324294347045 -0.2738478535513771 0.5935858884104473
296 -33.67856456339544 -3.4728816382205987 -23.987853207671076 -0.5351198123730987 0.007376249940880362 0.220590868255858 0.8154336552931302
297 -33.685531434288414 -3.506151231249326 -23.969769843906402 -0.600434804743906 0.6091143693471975 -0.3123711707908148 0.4133787391311831
298 -33.65455378799939 -4.519590818130515 -24.160478306611413 -0.5781617036089168 0.5908850229282724 -0.3422451205151369 0.4466007295590408
299 -33.55280706239375 -5.5590253960806155 -24.256161279189996 0.6140459427819366 -0.5814335842379624 0.2986193801200549 -0.442390136745782
300 -33.51633769591971 -5.530388736303647 -24.234046417308498 -0.6087065765754114 0.7422054397481176 0.20811903351554167 -0.18786659290757862
301 -33.616755954137275 -5.573875770230563 -24.239699486365264 -0.5581199515793492 0.6630228143112811 -0.3711333552797588 0.33341100754264213
302 -33.71349668415215 -6.588123558522506 -24.351164272172763 -0.631172234803567 0.6765343361488946 -0.16663195791352306 0.3408176823853916
303 -33.66827092093154 -7.649028599714016 -24.572073716076048 0.7131041419011243 -0.5980910068371772 0.1255263582846794 -0.34352985855633855
304 -33.43054187266852 -8.542219938897578 -24.901238980189685 0.7385762912252685 -0.6164969261848485 0.11383030791374774 -0.2479501220907561
305 -33.21989719903669 -9.56275654223192 -25.01503160559525 0.7485804810665765 -0.5814810067856875 0.19549956976366548 -0.25156911641904023
306 -33.314655520934146 -9.6769811964944 -25.01522340475266 -0.39070512426332327 0.39747244100273493 -0.5559476417116263 0.6166744556027823
307 -33.316801501785086 -9.64621125445201 -24.997043840096993 -0.08532729760842399 0.49349301434394416 -0.16446501406133757 0.8497853589150467
308 -33.30488899716341 -9.77261446709566 -24.915402332305153 0.0566221861131108 0.9391774212450714 -0.29271798986880865 0.17045784778176953
309 -33.34584459808852 -9.802943126587694 -24.919261635739254 -0.14497078020226384 -0.44202245555002073 0.8709093941592856 -0.158481698761031
310 -34.19688949992785 -9.976081404300698 -25.252809404682573 -0.20280497196163672 -0.4299191211983143 0.8762287196096407 -0.0791386347301852
311 -35.13727999434239 -9.839090190277147 -25.713915066905653 -0.3247528828305885 -0.44166143965063553 0.832688654960267 0.07810468436278696
312 -35.97362689341612 -9.490227087166586 -26.20597142622475 -0.2993253876939933 -0.41643404898193437 0.851308781765032 0.11072647930864846
313 -36.760689325274754 -9.015243104302762 -26.55258562557532 -0.18874401664031795 -0.38307589407500353 0.8830174445390503 0.19470169028757886
314 -37.711643759232736 -8.573767743237847 -26.703956550799177 -0.2645912334851346 -0.4352854847340835 0.8222780545937151 0.2537258892509855
315 -37.662542834377874 -8.546491433884249 -26.783208950844372 -0.09225781693512503 0.3079937015804401 0.869850478722234 0.3741503971237279
316 -38.35663369081481 -7.97566681910014 -27.050702466348966 -0.09409201490572157 0.3270463346868251 0.8640896362407363 0.370859121824239
317 -38.34800071530326 -8.024786234487541 -27.052248937886752 0.8037123740521094 -0.3847744121417036 -0.4354015900879149 0.1281426037875099
318 -38.008538256877785 -8.71537234633432 -27.631857815293586 0.7453996944718928 -0.47637941146279233 -0.46440025359155773 -0.042123108618287566
319 -37.996966228119724 -8.658603116696495 -27.652449512575245 -0.539912473682159 0.7252399095635329 0.13285684133444395 0.4060426751578259
320 -38.07373037275536 -9.310515506508771 -28.32373211486781 -0.33337010077264595 0.8500535500021869 0.17559912189243415 0.3680194103985829
321 -38.64232533138222 -9.714960760091557 -29.011512950656233 -0.39732264708836296 0.7593688880676076 0.3119107062976177 0.4101284155512536
322 -38.985871427417926 -10.098974916546048 -29.78187657548753 -0.18655752985685273 0.7537658568291458 0.28268685448027164 0.5631353864182033
323 -39.32682607435484 -10.039184828099966 -30.688538077502766 -0.25045545197727914 0.7219453398713973 0.18812928597616996 0.6169881397327853
324 -39.42051030541662 -10.164552548745856 -31.60889534430262 -0.11378908537448496 0.7687446807161235 0.21843992776160798 0.5902267851256864
325 -39.67589167888106 -10.11683001618359 -32.60848354130039 0.003742841381952527 0.7889692231506927 0.2522969001901832 0.5602319432286967
326 -40.05212248208614 -9.78692865788139 -33.48306451051184 -0.07497307731240535 0.8382336684934211 0.25405285919410897 0.47665553538972655
327 -40.603242226028186 -9.715463185358741 -34.30492617129354 0.043216872109023516 0.8453262414279589 0.13911933225795958 0.5140055047472577
328 -41.02172325154135 -9.560540792971349 -35.21008935390376 0.12156949192145124 0.8210668761394936 0.29573475968937113 0.47287524301020734
329 -41.49704657448171 -9.060954551864706 -35.90189621528074 0.1365884777624311 0.8667968873865687 0.280711480347344 0.388854482500459
330 -41.505358508534314 -9.017421915325725 -35.931858364686164 0.3627077354929389 0.800560022407008 -0.3867039020610181 0.2792970484413623
331 -42.08146954030461 -8.627580240767632 -36.81790484233922 0.46248333549444354 0.7604916061175719 -0.40742915468535434 0.20436038101116002
332 -42.075984967008 -8.599895096385367 -36.73410949827021 0.9138850689727118 0.14500954187269643 -0.17852135712267833 0.33453914348800634
333 -41.157063991826234 -8.423718155398925 -37.14101057995493 0.8672533811481252 0.18394936541974682 -0.2494605364107972 0.38961987195528613
334 -40.32948897225622 -8.32444515055254 -37.75974327462075 0.9160364904509142 0.11737718344017743 -0.28510289073176504 0.2565464610288234
335 -39.655217506405734 -8.261433513536053 -38.34918405276718 0.9256436242168697 0.06172890954730472 -0.26512912308503306 0.2628306884001936
336 -38.80971652052629 -8.311167672481682 -38.77885174115672 0.876622882097492 0.04776576826835127 -0.40435907244563546 0.2564068924497261
337 -38.046649016770836 -8.47476052564884 -39.514358844978744 0.8781221307204906 0.04829453556774621 -0.43917005794418174 0.18357238784333643
338 -37.39017137191352 -8.555861293637573 -40.30496471867625 0.892167974473201 0.01623178548934939 -0.3949646921073755 0.21857659173099656
339 -36.72448467277924 -8.781263217452064 -41.020159143182184 0.8895721882512273 0.18877464390540274 -0.36291677858313043 0.20326550993996403
340 -36.76926434509624 -8.792855656646834 -40.92894914419106 0.9003325247037739 0.219281610097792 0.3726382820086861 -0.04957450166226828
341 -36.78746730093184 -8.815960394202031 -40.96238839242781 0.855193103819257 -0.412883325677405 0.2163439612348239 -0.2266437843726928
342 -36.12006322115047 -9.619603856597346 -40.710413493190735 0.8974137318534218 -0.2932069808276747 0.2260660448473701 -0.23994250069943954
343 -35.38407882208712 -10.240012342807894 -40.51720411403312 0.8792642200504264 -0.23296018294207807 0.31950194062188847 -0.26559837055515895
344 -34.713773483970236 -10.786827902318034 -40.02959190354672 0.8776498902167139 -0.16242889824482587 0.33492064387105536 -0.30195311809378467
345 -33.96152092931892 -11.342276330527385 -39.50595509474235 0.859746367445363 0.020303867559223338 0.34799955724894877 -0.3732562722596571
346 -33.22832652513033 -11.577699602154212 -38.87866494210845 0.8403678466931376 -0.021374708663515048 0.3811210482567927 -0.38480092340005095
347 -33.28766005195821 -11.563748203284092 -38.92474854021165 0.8820403385323249 0.1940418369906654 -0.21919891990966534 -0.3691943122659192
348 -32.49475661979318 -11.098818982290478 -39.188151424754935 0.9001164268028043 0.19494308604344002 -0.19412368730022186 -0.33779225188357515
349 -31.667626355269544 -10.619908391277797 -39.37890648386226 0.8680972262681835 -0.01891100320644014 -0.26246544913235603 -0.42090553300587774
350 -30.855405906759543 -10.468542419742151 -39.78805248446366 0.9064704124094474 -0.042148519865222264 -0.2660133800475628 -0.32522572981713405
351 -30.006625730725748 -10.310962632197533 -40.3249820808812 0.904852403453738 0.02657056897241215 -0.1699186182671319 -0.38944036256487846
352 -29.07397975383046 -10.196234648855295 -40.56380910703375 0.9565550980685841 -0.08158172893349097 0.015629308846980446 -0.2794682281909501
353 -29.063313595202594 -10.201719840616795 -40.50590893932606 -0.47236603994409104 -0.0012433471065130455 -0.030573563350623414 0.8808711799233503
354 -28.024413441434582 -10.20930552707766 -40.4330521528671 -0.4252530568091212 0.01463358398443051 0.04179011468131785 0.9039907533869974
355 -27.93468451595604 -10.226548974351422 -40.37505890563044 -0.3047004921970362 0.6996063307780314 -0.2171988011662768 0.6087144427086597
356 -27.932862416291275 -10.197197660610886 -40.364258642890896 0.32578674258577783 0.2103220833113837 -0.6486761611440169 0.6548639993085338
357 -27.843056315598478 -10.899156625043044 -41.09277929634777 0.37764506663037245 0.05273070394765772 -0.7005264987695173 0.6032133130432764
358 -27.93902270269039 -11.712553782814116 -41.65670294836053 -0.3651625706565841 -0.012454894000808292 0.8160089853775204 -0.44791797060405236
359 -28.26004706878081 -12.40737580793327 -42.29352970989953 0.33214419621050495 -0.08844585651305197 -0.7582543510844295 0.553992691694465
360 -28.404570464357523 -13.226472306251747 -42.6625401072077 0.2795897817054181 -0.13917163204700167 -0.8009369017910632 0.5108433127179213
361 -28.78451287630373 -14.100328665311988 -42.9428228147791 0.4507968855209106 -0.13954555356843992 -0.7251878779629551 0.5014097607142359
362 -28.894338277413965 -15.04282540577921 -43.421335894210905 -0.45591994566292315 0.13374608948633124 0.7670134719421313 -0.43120681876926265
363 -29.181285184913207 -15.806887593037624 -44.055257768937395 -0.5035523979320968 0.2096210417251897 0.7579516602957344 -0.3577754631858089
364 -29.384746464261763 -16.542418846263956 -44.67023110109133 -0.40026027197515746 0.23136220521623097 0.8199338562443487 -0.3375969728242929
365 -29.821808589605048 -17.332173662145845 -45.180871115506974 -0.32509012237642837 0.286964176234367 0.8781402527100076 -0.20208332554125555
366 -30.65194783622915 -17.83418281618916 -45.57794656058246 -0.2808233074567334 0.1863075662197077 0.9019099620214804 -0.2701595476098543
367 -31.400996169557104 -18.426100139190382 -46.01863731440708 -0.15843768766546396 0.20144839249929014 0.9512116561969526 -0.1717918199499693
368 -32.32099311862222 -18.845030626472006 -46.2447537452611 -0.11310172037849801 0.3210574438015903 0.8940595757198322 -0.29118309307149964
369 -32.35962323277664 -18.844163881102425 -46.326365892925395 -0.2690453581096646 -0.007903595204371356 0.7757991965149768 0.570690577414068
370 -32.55245830092694 -17.91355616487833 -46.69084308025868 -0.2884542436434575 0.032107123584747474 0.7662409319445256 0.5732696714042853
371 -32.76878624280573 -17.095146788386213 -47.25653630155146 -0.11665966523379835 0.1315398116908485 0.8331632670145609 0.5243345982724157
372 -33.133316740190274 -16.326901125864204 -47.571132602285 -0.14375473248552795 0.21497069030847832 0.8292258491853741 0.49548629672182176
373 -33.172031391245746 -16.293984446046927 -47.48187717950465 -0.2100707547646554 -0.001959735900304549 0.15429434746673526 0.9654323859119412
374 -32.21392124790345 -15.889103164567192 -47.56618052967729 -0.14168391182939927 -0.012147573721133705 0.135663056394996 0.9804966296275458
375 -31.28368466892328 -15.584010202323332 -47.5784185227503 -0.011191837877198121 -0.13409063892762565 0.09933003372010679 0.985914797392794
376 -30.30653492364595 -15.447923801099883 -47.291753649162935 -0.1194524157979887 0.003974924611571316 -0.026805687830662596 0.9924700375498908
377 -29.324951455927927 -15.409460288534875 -47.272562184354825 -0.22863165414679912 0.0918229650214989 -0.06752298743179327 0.9668178504687658
378 -28.35969343376233 -15.630492835972163 -47.41515604469557 -0.2911229606256961 0.21340667748768694 -0.1286710708289498 0.9236605260223731
379 -27.451796111078554 -16.064442874440953 -47.71998812487036 -0.3260421950762914 0.23167841845616693 -0.0784658145027932 0.9131619316451468
380 -26.653138850231276 -16.388647934567253 -48.00738878130022 -0.4315287824377804 0.20844302266064188 -0.030435547506309793 0.8771591039713679
381 -26.639541839778683 -16.35782421838246 -48.07727104793967 0.9235601817512336 -0.17992102766112666 -0.127808044183755 -0.31357633573169275
382 -25.775403647425847 -16.645148445639318 -48.37063633312077 0.8954049687166381 -0.21296738949313984 -0.17929084591252772 -0.34749046833259045
383 -25.77060953584793 -16.587659526402387 -48.397446632465936 0.6707562107112505 -0.4456404924770937 0.5925465408533118 -0.01947444941022143
384 -25.839758926093104 -17.191038473086998 -47.682586316717874 0.6116144630166012 -0.47301166347877754 0.6197184574827651 0.13467274519046032
385 -25.951853248704982 -17.55489486063171 -46.75030357353636 0.6558564697779591 -0.42422117057215386 0.6151894819481838 0.10691394104188777
386 -26.030570174363877 -17.98499663462375 -45.8217058420267 0.6883971716358552 -0.45631781757853696 0.5389962881702066 0.16542788393391883
387 -25.967575693498972 -18.349804085595544 -44.94451773980088 0.7338059899730761 -0.35406094200736177 0.5786571292775529 -0.03640803703516162
388 -25.921649144494005 -18.308650869699736 -44.899660813871165 0.953247336033043 -0.257541729449734 -0.12188931782081398 -0.10067158555979419
389 -25.888229536800072 -18.326904591542203 -44.87580958578974 -0.5651298994837247 0.15780679620664745 0.7802820386385992 0.2165297946207383
390 -26.1367472374949 -18.143043316954152 -45.87349363870062 -0.5882991137045042 -0.03024396043175552 0.7739286853739644 0.2324303027301375
391 -26.172974987017508 -18.177732957222474 -45.81523082465858 0.9686276852737973 -0.21718328733128006 0.1072709678985188 -0.055540674025604475
392 -26.145496892876558 -18.183878577162943 -45.79246894535534 0.7764895897286339 -0.21955394834942155 0.589689855805893 0.03355375935512067
393 -25.973375128425847 -18.41047981415275 -44.8151063195155 0.7845529347806571 -0.34396674893434787 0.509229814705998 0.0827560509514989
394 -25.80101529021788 -18.91679283870456 -43.933195353117654 0.7821723796501207 -0.34237392040611553 0.4591754309141269 0.245243533621254
395 -25.427143075799897 -19.17311444072435 -43.03921734050257 0.7589406713029901 -0.4587319782414741 0.4017546364881401 0.2284014922042148
396 -25.189367372224964 -19.742668405838586 -42.21995584721703 0.7300380349185566 -0.4654505179349396 0.4127966708839382 0.282841283113844
397 -25.023238146901885 -20.251831636867436 -41.31483405115404 0.6336640634097571 -0.45067288229730895 0.5508997574861104 0.30310602947914844
398 -25.022342783608597 -20.576429776400392 -40.30390027823632 0.6097926746596404 -0.4447388201797858 0.6155636642400247 0.22680751976935457
399 -25.12756411416786 -20.76649176340554 -39.37276304427246 0.5020889437961317 -0.5526313706624869 0.5626358959551923 0.35488886888726473
400 -25.400048191651713 -20.946742333157488 -38.348057898551566 0.5444011934573536 -0.42134711818271986 0.6006611553456375 0.4065711782949799
401 -25.460044148783957 -20.934467693303027 -37.35513264353147 0.5593434278013804 -0.46088108775118697 0.46578853495789624 0.5077052229694536
402 -25.32300012068212 -21.03135270747066 -36.37930171828785 0.5698578046909529 -0.3779347574937657 0.4148390153209816 0.6002799287652846
403 -24.973046050660567 -20.7925326251133 -35.48022355084698 0.4709720724698741 -0.4581306441262595 0.4365507814232776 0.6145933900593268
404 -24.99253118641415 -20.76410299551639 -35.4667209491509 0.7810235491227556 -0.13621081703328056 0.6074139469998575 0.04997125202427685
405 -24.779855471957706 -20.967512079840436 -34.51874163664473 0.809060066138597 -0.03641996015255458 0.5865956696359952 -0.0009572077061588152
406 -24.458539315302506 -21.089001973286212 -33.59540187177405 0.763821858211669 -0.026183038782092962 0.6415435391461126 0.06566966406254443
407 -24.398599705688984 -21.076257352343188 -32.55858386517896 0.7483218553435895 -0.08982043249886008 0.6528095834699874 0.0760679857140045
408 -24.31972880281781 -21.098322296503 -31.68878537049428 0.8433621785123311 -0.005102272156777684 0.5256730363747893 0.1112747118723824
409 -23.908550884133735 -21.000014785344785 -30.842089311678503 0.8200140981493793 0.07880957139181148 0.5662252527086699 0.027475325080900177
410 -23.565097479692675 -20.8534474741634 -29.864258535130325 0.8246472346467745 -0.018738351408984093 0.5645889983514181 0.029070182600776918
411 -23.591832716110364 -20.859090991115046 -29.844196569891654 0.5669047383605978 -0.3617596858549489 0.21995830923472492 0.7066592456856642
412 -22.852345632550783 -20.979800386708348 -29.055345754998605 0.7197386202428745 -0.29201415319682145 0.20883482564590483 0.5942155067490849
413 -22.881229189199864 -20.994253661989166 -28.99351305715336 -0.5723976306924484 0.6045577521439048 0.4679837956016876 -0.29641532307662155
414 -23.103813619463306 -21.95096590262674 -29.15369518498885 -0.6130701516850113 0.616174961941328 0.45188920631677915 -0.20067274504503957
415 -23.218003763448042 -22.801404033251735 -29.428062932171713 0.6508856039685844 -0.6348687832438102 -0.26163567731174636 0.3237843896277254
416 -23.216936510533152 -23.793462784592947 -29.37065494196181 0.6631279412303368 -0.5398566716273342 -0.18258721168876046 0.48526077297345555
417 -22.82660234162199 -24.805883551799138 -29.010945585532397 0.5930168727312132 -0.5309992158364641 -0.17527060444893522 0.5793539821674281
418 -22.39604776155114 -25.63688736692249 -28.569576961625835 0.5071311633982909 -0.48799646327004637 -0.102552350389307 0.7029654688360238
419 -21.79874549696064 -26.253298255355805 -27.9934276621269 0.658595041617187 -0.3509335999958076 -0.12571569888571046 0.6536770935293017
420 -21.12159332691051 -26.93387646496315 -27.739634417095377 0.7562767518083664 -0.23224184420060037 -0.09717532650991388 0.603875944540087
421 -20.192052570000104 -27.383547803517928 -27.4824230456482 0.7799078453780391 -0.26578244283396973 -0.1366185944096529 0.5499443657866881
422 -19.50971416944522 -27.94868418198876 -27.51886755740476 0.7710515188755469 -0.17159651257572583 -0.03806863155857542 0.6120334724529519
423 -18.48889249186845 -28.29293885744508 -27.427841722931994 0.786867463318582 -0.04576569521946558 0.07055012398903585 0.6113655014120365
424 -17.540407221592055 -28.258421709320046 -27.2672078223744 0.6947560873039054 -0.10132562347342615 0.010629792836835792 0.7119930510097239
425 -17.543135436101817 -28.28496551268978 -27.170546523942424 0.9635417485321165 -0.14921408879038117 -0.01165285383477965 0.221780669896257
426 -16.61685475739782 -28.64594462553759 -27.13519220522816 0.9366073275111563 -0.20256987756589795 0.0005436768939833585 0.2858878506876101
427 -15.656918208077938 -29.0214698543991 -26.975843274606174 0.9127850635724687 -0.306605063159487 -0.07307663782928 0.25976252225357543
428 -14.930512497511494 -29.63461817823222 -27.035076737353204 0.9601538403424588 -0.21977334129970405 0.09753710590838681 0.14244575915276547
429 -13.988682096293696 -29.966649696498735 -26.721881384279634 0.9666767162471549 -0.17656658448171847 0.039678780788593944 0.18106894229880513
430 -12.965616895310077 -30.283283536674897 -26.632084732014107 0.9519893241178673 -0.25111117439082065 0.0824915243223092 0.15444951691944694
431 -12.069321005295325 -30.707366433244342 -26.403776536953153 0.9692261552570518 -0.21934573274671676 0.053578047521885594 0.09806886516719425
432 -12.108392087702711 -30.673944601063617 -26.356671670270064 -0.5301310158210879 0.8162618099612935 -0.19098105418142994 -0.12729493551184112
433 -12.504060512681667 -31.467002045985822 -25.944442546520236 -0.5212046164208086 0.847559190604307 0.06059946928062157 -0.0794787428606948
434 -12.959535368376399 -32.344674984415676 -25.814896292393886 -0.5151973246102336 0.8389601066109036 0.048480991720530414 -0.168425798711695
435 -13.316644948169609 -33.3023565692664 -25.607298293575287 -0.47700415959073256 0.8649642405042013 0.06450618013722338 -0.141925498435738
436 -13.739287006598287 -34.191542541920654 -25.357002599156793 -0.5316024519157184 0.8200754918516883 0.20616988371950556 -0.048672372332700074
437 -14.255006933746738 -35.04301984395979 -25.541914683133182 -0.5784937433364007 0.8073008133410627 0.1165354206359209 -0.00546639156169539
438 -14.493104024507865 -36.034348913530096 -25.710606806338323 -0.5744746234820001 0.8056020920261926 -0.014317745634478131 -0.14414984723606938
439 -14.761323160423352 -36.97168378360041 -25.47570314318399 -0.49375143456017506 0.8429786441126719 -0.20739414652580487 -0.05083497247528416
440 -14.726710769233298 -37.02403079914367 -25.436281959208223 -0.5263251554545471 0.7062196284184721 0.20504848167925757 0.42683812778763447
441 -14.687147003460767 -36.961612697398635 -25.439555817321153 -0.4967552722303695 0.7993998432100621 -0.29181169246640126 -0.17041134447845213
442 -15.145356001961563 -37.63287087691733 -24.851037451485276 -0.5177069818922408 0.8330186960318703 -0.11505775412198549 -0.1575469649907407
443 -15.179262957085578 -37.59380034693219 -24.84317506933827 -0.37836265356680393 0.7016501760243601 0.3090239018853516 0.5186838737944527
444 -15.153362522174199 -37.60548032745395 -24.808788081563787 -0.48127395462006983 0.8594333570906346 -0.10638163020311585 -0.1357668371864341
445 -15.164643125928379 -37.596439411605665 -24.84553915881286 0.3652972211848887 -0.4463041854643187 0.5284074517082984 0.6230217325348862
446 -15.146719519188531 -37.26278734065152 -23.844971172618617 0.35766230437491425 -0.47771856552544056 0.6161542883725611 0.5140199812280103
447 -15.342372643006161 -37.08837395708733 -22.9913489900538 0.34970427814121685 -0.4706512266309483 0.6438107805849398 0.49163199603272706
448 -15.529136967012759 -36.859898147023245 -22.056765271379383 0.35434206677161123 -0.40130303595457295 0.670875153303301 0.5131511490096645
449 -15.697061475008937 -36.44960058080255 -21.169919309447696 0.2966533638580557 -0.5544063034623847 0.540894936307153 0.5586260826976793
450 -15.905495122920234 -36.10086219694342 -20.19869503339763 0.28663579561484 -0.5281998313317554 0.4688597149444355 0.6473140092378463
451 -15.768737221156531 -35.79912067998385 -19.243430612809398 0.32846574115088295 -0.48116755347276474 0.5190439925758885 0.625444942537803
452 -15.746543119808699 -35.52117257022144 -18.351022411504278 0.40859604976494074 -0.317325585090007 0.4639037081238605 0.719129397780888
453 -15.456265423342845 -35.089089129029055 -17.46412205556043 0.4737906614390199 -0.20813239131752076 0.4413398098826995 0.7330910509822971
454 -14.873819346127267 -34.60741769283695 -16.74857635249662 0.5041520768240185 -0.13817392092142985 0.45962745918111353 0.717970229033169
455 -14.25872286011003 -34.03533704520781 -16.11557619965186 0.4560481278077393 -0.2295155722765172 0.46150856235406623 0.725501587923501
456 -13.737128769036397 -33.59956447460582 -15.341775568071432 0.5147708197041039 -0.20896659430986433 0.4030623427504488 0.7272446036239946
457 -13.727591049915013 -33.710671701263976 -15.420119597767485 -0.171122018943208 -0.4311358057168047 0.09980096155202131 0.8802720827874833
458 -13.162498181907045 -33.405183649998335 -14.684448096585841 -0.2244432836905154 -0.3949840720016714 0.21516849122797332 0.8644740109765444
459 -13.164545380656916 -33.50077516627807 -14.654023253064707 -0.275531217409535 0.27533600312768186 -0.1460075968201959 0.9093703400074602
460 -12.256093859012532 -33.818442276139976 -15.13727188146127 -0.4121718590590921 0.2966949157255262 -0.0713582061368534 0.858483833277788
461 -11.462924886850724 -34.175155957881586 -15.568488812042547 -0.47789815424028365 0.34353765262705765 -0.12003895837714444 0.7994910155048341
462 -10.720917883427413 -34.641747452361436 -15.999338891803733 -0.469102082840182 0.236098787239426 0.04578735381157574 0.849767095603265
463 -11.620463835762981 -34.539227451451325 -15.570774821678652 0.04467596867128942 0.7506211268913774 -0.6004212366320782 -0.27215128199001004
464 -12.43926881887103 -34.114500917187755 -15.25189521295916 0.1964438387734098 0.7909152343433119 -0.5176133653782438 -0.2606517106666264
465 -12.46838024622482 -34.1264394880627 -15.245741406704283 -0.5174834787541233 -0.3483114448139458 0.03180007523639808 0.7809473361521321
466 -12.442507887233129 -34.09983914508456 -15.135955615277007 0.01758829722245251 -0.4776940551986906 -0.6661812448152682 0.5724522604418831
467 -12.820121324255238 -34.79526353407622 -14.576532763434816 0.13045854826796846 -0.5318461963153919 -0.5662936149948683 0.6159803018479609
468 -12.990527296890589 -35.66936404290164 -13.996183627113428 0.1559677490076567 -0.5288892394272615 -0.567433776092319 0.6115301655986778
469 -13.232652377417585 -36.53934546243051 -13.532286725069332 -0.029152092297878483 0.5678322972701538 0.6851195684788373 -0.45533264167960347
470 -13.175497208891002 -36.54572462784008 -13.543926540835917 0.5229580914765369 0.06530971639812583 -0.46080215439988387 0.7140804226441436
471 -12.588131021520304 -37.070559193927274 -14.09862493467648 0.2947433618331675 0.09444627313245348 -0.7020420133045412 0.641360478749648
472 -12.607387486129761 -37.8297418574706 -14.653593478196537 0.2960329543658032 0.09255518998458294 -0.761460118357841 0.5691893488873739
473 -12.482985686217221 -37.01066769724457 -14.109565954171893 -0.4307017376146606 -0.7186617353027966 0.1739519622581629 0.5174572815738635
474 -12.58028967315136 -36.179210112980726 -13.51589477602826 -0.5408178547081145 -0.6204116099675818 0.07924860339515144 0.5624278985845739
475 -12.378324032140652 -35.32953286845036 -12.910173777570412 -0.5153440432841351 -0.6876010320899342 0.060315800301314976 0.5079245435637272
476 -12.379378254037064 -34.59288355078632 -12.300303923992061 -0.536447424552866 -0.6258834233176622 0.08214419974884266 0.5601307272006945
477 -12.139235243077557 -33.85427745084601 -11.649207879565557 0.5403036512232666 0.6535957538461366 -0.21185090920555494 -0.48580216888964867
478 -11.992393298469613 -32.94773072681787 -11.177321045030421 -0.5649196935248877 -0.5457896301645296 0.24659965560451147 0.5675984754457547
479 -11.963842421238853 -32.878631663922086 -11.173203022532501 0.8200351888926137 0.5549166090806006 0.12829357072691866 -0.056130256141227304
480 -11.619567792059486 -31.974451489400646 -10.903639846555853 0.877130078964111 0.4432511274759343 -0.10728128156768077 -0.15053899558892003
481 -11.074893971391248 -31.205021400923215 -10.974676815985017 0.8728660611324982 0.4208333878339507 -0.2034529146746004 -0.14003931775628758
482 -11.120428837173362 -31.176691877256715 -10.873343419828343 0.7194651300267562 0.47792713255263847 0.2653420385592439 0.428426405837478
483 -10.768992465446505 -30.29863018253891 -10.825759162322656 0.750062724079444 0.3193994360370257 0.3912701455785881 0.42696321080938976
484 -10.319029695448027 -29.531532681090777 -10.414369788698696 0.7915334626941511 0.16511255999434715 0.46853511997088043 0.3559318211699982
485 -10.274368384197865 -29.51828804343436 -10.489727921767484 0.8244475959745251 0.36373345526654827 0.28181221486420005 -0.32949356680369
486 -9.654162668266144 -29.168313712120852 -9.771154511099512 0.7342686757229625 0.5526998661184293 0.32797817954105135 -0.21863824823130787
487 -9.66207708896428 -29.15574749426847 -9.823508666996094 0.8429750577414719 0.4748522750010398 -0.18640200619750077 0.1707707850823583
488 -9.196614784149675 -28.469433324677343 -10.273790286486754 0.7892630054749176 0.5622321869929645 -0.18164944945532516 0.16721947736548198
489 -8.954064541426511 -27.69929520082089 -10.713456950878495 0.6957114070497592 0.6590210623877737 -0.2538932147020501 0.1312063754487264
490 -9.041279155308008 -26.73984839783986 -11.186756404718947 0.6178504460034238 0.6588648777577623 -0.33921946724335994 0.2628460619331202
491 -9.02468664632557 -26.68913883700107 -11.171048487448903 0.23951406182450694 0.25114275086737486 -0.5878018779280971 0.7307867576655285
492 -8.894297575910922 -27.45821367541471 -11.829098584555545 0.2323440083060343 0.19183231621084054 -0.5746971197758696 0.7608809662376822
493 -8.870161282008672 -27.46131871963646 -11.787786907722277 0.6712572894210163 -0.40825349895668533 -0.515603699129803 0.3418999231243513
494 -8.775766154245357 -28.47951537099689 -12.175321717796285 0.7128662842645132 -0.340020011744709 -0.5335497228636721 0.30254379121729247
495 -8.579808548889476 -29.309091164243142 -12.766614719015958 0.7494461550957782 -0.3336765203930498 -0.5656838640826599 0.0836194132187714
496 -8.469361575183756 -29.8302307208296 -13.502787576153377 0.7471018652722942 -0.324983504254036 -0.5750455971208152 0.07447876275415999
497 -8.30689574944178 -30.399214986979004 -14.320316247511213 0.8538543714188348 -0.1857203968815699 -0.4640365061037062 0.1452954493236561
498 -8.348225898900584 -30.367428292646025 -14.32522808814157 0.5323422068293082 0.08632429104848263 -0.43624589325584867 0.7203120242092901
499 -7.857619945620905 -30.902433647338825 -14.851229202891117 0.6457099931594504 0.05789798728831714 -0.4496363474372079 0.6144376151126403
