# time x y z qx qy qz qw
0 -1.8925699069561945 -0.4997800723070153 11.003535722712925 -0.070737839503651 0.032058796253603236 0.7556059550127974 0.6504060519354994
1 -3.3110195126722832 0.3621729113653692 9.720215937975082 0.1056615258518038 -0.46404290540682924 0.838382303974447 0.26573471033862817
2 -4.337624804225785 0.9767065173390695 9.930174563192775 0.29004775497752655 -0.3085236700365638 0.8032081205786362 -0.41897751717270065
3 -4.590771451778892 1.0195613791543592 10.082901566997197 -0.14130790992729242 0.2672805153409346 0.9532013161164766 -0.0006720601767652645
4 -5.8075578237312735 1.0248093991138063 9.924897089345116 -0.5292195080435849 0.3932828822837482 0.6886821387868329 -0.30161597856328415
5 -6.01456800427482 1.1068195696886443 9.96048328222244 -0.04656177130087873 0.6423258007090645 0.7620593318242751 -0.06719480617073653
6 -7.168607641332258 1.030957839190566 9.889482123136002 -0.1559555229416714 0.6765878001774309 0.6025711432074279 -0.39346517112540946
7 -7.460768757329145 0.9732906032098373 9.848679410211608 -0.06613980734314993 0.9219987329631101 0.3812431920453575 -0.01405314264134877
8 -8.6495078224932 0.7941471321071376 9.724064121621877 -0.3315862315133626 0.7770220741444827 0.4260504502679463 -0.32367928755089276
9 -8.81051465937338 0.8327525617522582 9.652297239263078 -0.06048538047241426 0.8013905442225027 0.5898134033654666 -0.07896115241252367
10 -9.970509365931918 0.48198561128764256 9.641004511658997 -0.006124061813788767 0.6733713812608493 0.5954551986091086 -0.43813991511290423
11 -10.198978167664064 0.42995013305938223 9.603868284045035 0.37696830590298935 0.7929275489389563 0.46984989820557327 -0.09166172393372247
12 -11.004478198044971 0.9182764260096795 10.214375013859218 0.3337161978605467 0.4604371391255777 0.8191513874131963 0.0749809622396833
13 -11.736588659411556 1.297813777193449 10.845590176656536 0.16760121904644423 0.06949964407910908 0.7458188604596272 0.6409632268934995
14 -11.878743849577427 2.3817822375922315 11.027247383967811 0.2597078132942423 0.28037300522965014 0.23943348557543292 0.8925325964006113
15 -11.149531707662243 2.8746766747007313 10.658964438256621 0.2714290353552217 0.29927321224198294 -0.071838742397742 0.9119216075360917
16 -10.234662812449125 2.965606082733079 10.043951952051694 0.45237146852802274 0.09032925783604859 0.21898016601407225 0.8597955376326618
17 -9.344418350921138 3.410325675048058 10.075962374341255 0.2567732846840966 0.03751404158473063 0.34921382899351455 0.9003942906283933
18 -9.31037019374794 3.4462019571554356 10.055395098975664 -0.15080689579394044 0.032598924024822645 -0.22190815182239615 0.9627831336745507
19 -9.252800719978474 3.4251710052330258 9.98153558886676 0.23158445829348404 0.5322811637263156 0.6567137013244283 -0.48142758117066975
20 -9.220087242081053 3.328628741668382 9.930923549646852 -0.04157770093756985 -0.1655268322885737 -0.4304155042938031 0.8863490600439352
21 -8.631348062075093 2.5283986215622387 10.352989447632513 -0.13850019147863124 -0.30449936464539945 -0.37562316964003456 0.8642945495145183
22 -8.071182016494777 1.9075027609739843 11.000266393343784 -0.5913818790650555 -0.317163566480142 -0.13466506496808017 0.7290679429848934
23 -8.098822397705081 1.8982130907267605 11.080078205562504 -0.16505366523037926 -0.7696263820262521 -0.1284828646499777 0.6032616954312073
24 -8.135504791216482 1.7811389286421029 11.2155956111044 -0.5647377434436845 0.5878391348234197 0.3121369564905708 -0.4879415467994015
25 -7.974211558023369 1.7664201259324357 11.391861133625449 -0.10058565688199038 -0.27458473602763733 -0.5690748288935865 0.7685307980100642
26 -7.71803877328615 1.0021718535549575 12.031075980448326 -0.12871577175354185 -0.4090110669318589 -0.4535077450293943 0.7813276664930703
27 -7.423072720698818 0.45432322517058094 12.81827571316742 -0.07515020050157106 -0.4104204865280225 -0.6890369158296356 0.5925669584331053
28 -7.758372513705632 -0.3140050016088114 13.441525667804127 0.10081411216165301 -0.37100199298193054 -0.7169541837791208 0.5815244916201787
29 -8.055645782969291 -1.3478894224695133 13.72394420183715 0.10530804634502106 -0.21630758538958655 -0.6873326661838002 0.6853430162149386
30 -8.141850585439038 -2.4366171099233465 13.8038134762604 -0.02212438073781441 -0.2863830792221232 -0.6608298737953203 0.6933967995396892
31 -8.117349468554021 -2.5124728445203712 13.926979655414097 -0.20347431010241843 -0.23706706504308406 0.07089897434673281 0.9472965466192644
32 -7.287005046204663 -2.3084803628824955 14.433244966941551 -0.2776585082750992 -0.3412261578807734 0.07539836265655647 0.8948662184198724
33 -6.439169345331802 -1.9169180032507185 15.007227623175606 -0.5417636632432627 -0.08246446879003708 -0.003825348030484467 0.8364670413643702
34 -6.516285549487448 -1.8231543029719537 15.03324148298794 -0.3532146122433843 -0.36732402632832656 0.5678846298301888 0.6463896228918988
35 -6.486389211569352 -0.6767346367266719 15.143099225707175 -0.1746320144282943 0.0776168644133288 0.5132413485449345 0.8366974363765768
36 -5.968609776231427 0.2430806351526037 14.78967548012055 -0.12544852834413875 0.7141157976266521 0.22858312504617828 0.6496545614866901
37 -5.921176383350154 0.2609360493444874 14.846300668705425 -0.00026111060444334845 -0.80346753308972 -0.03999358329719283 0.5940036770820717
38 -6.24814946780403 0.15228961236895283 15.901147535647436 -0.22581858185480125 -0.3627426078647207 -0.11564531591921086 0.8966883123106567
39 -5.50708851608263 0.08450608687624203 16.659356710688616 -0.22861328598638844 -0.20842569053052223 0.01120878851021122 0.950878046890091
40 -4.464361868531359 0.1003601075910783 17.042391836794152 -0.2679162369696999 -0.1945878596369088 -0.020723554527183812 0.9433594167323932
41 -3.5992667079548024 0.22061245689692063 17.39317898134607 -0.2862020138844188 -0.15337553693284886 0.05943992193205699 0.9439445151065682
42 -3.504691330604186 0.21602069900317622 17.439582617778072 -0.8123799633297064 -0.09337993823566228 -0.15327580759280762 0.5548202493801958
43 -2.5510353164157547 0.2156850171547189 17.749597403315057 0.8756268611875566 0.07624162192764866 0.12032318313554219 -0.4615053051188038
44 -1.5388934413028588 0.18889120096424464 18.062988430614652 -0.19090672213397092 -0.006330925936293185 -0.4785036926290475 0.8570582004515317
45 -1.006113939133891 -0.6734660239339346 18.24256512100946 0.5170142386751572 0.32821203561050943 -0.3704560731715737 0.6983805800119666
46 -0.919864291633083 -0.7318036529235129 18.242450170732564 0.710504316090705 0.3716323718183115 -0.3524555252096889 -0.48254336570129963
47 -0.8870894870211168 -0.8024248861997229 18.272486963314286 0.03488000563272869 -0.5542923071212577 -0.56275803049075 0.6122473540909973
48 -0.828340861442964 -0.8560976581024666 18.152206963597234 0.4965830161937528 0.18782089562637388 -0.4161398631960556 0.7382115099706789
49 -0.28379546176040393 -1.2645854150794176 17.511355012563424 0.41712321606674874 0.25942669634127996 -0.4281904642533296 0.7585241842987605
50 0.28270812258591727 -1.574947961342936 16.731570303724148 0.4019746412144847 0.23084013500547212 -0.5365211718426665 0.7051767523505823
51 0.27456120012879964 -2.3174556234555377 15.470096818779908 0.467323888330502 0.14582013325149598 -0.43413080902619366 0.7562243799220174
52 -0.05450726118752136 -2.467199790734097 15.061096377959897 -0.3247374419361545 -0.3642082629325342 0.8231928935728272 -0.29026090847309216
53 -0.9749169512828237 -2.89355053885771 13.803582517104417 -0.39113996789886285 -0.20360567430010787 0.8832625292333837 -0.15937866656840036
54 -1.8012023025406523 -3.2102446815028087 12.651058938624006 -0.3791060182780877 -0.17583988483944957 0.9057967292405625 0.0699374513553514
55 -2.4634603246203346 -2.9083569268720826 12.016671941577211 -0.2886424565507336 -0.16599115257568625 0.8510939559717223 0.40592061742581814
56 -2.970824129178085 -2.0975763972121557 11.710438243037899 -0.08551068749724776 -0.018100570964259762 0.9049569814602846 0.41642904961206345
57 -3.5278471278426036 -1.2586680081590063 11.672336982742818 0.02156449797761991 0.016071752785697602 0.9973829720520507 0.06711093986815594
58 -4.549885243832073 -1.0937212937174434 11.671574445634958 0.22655588924362202 -0.03612979397795574 0.965751836370069 0.1212041978810183
59 -5.368085943442127 -0.8583821746851552 12.226953048103672 0.15849158975473682 -0.14337549439865654 0.9746483195034932 -0.06621583550762972
60 -6.181886067203343 -1.0418617564422945 12.494200790243372 0.01974450856191138 -0.42982923141297313 0.877140777907469 -0.21326284706076018
61 -7.119614620761742 -1.3383188044364318 12.314692303794065 0.05005272028198101 -0.5278795711578144 0.8054685771885969 -0.26468519926205436
62 -7.949069345523498 -1.802536952036973 12.194767084626104 0.06478080230601724 -0.6562922550044944 0.7403937327133717 -0.13000401621667143
63 -9.028507679892519 -1.978143371641155 12.062124681612307 0.09789727665740396 0.7656685861486343 -0.6357213441794856 -0.005109986579521185
64 -9.956150161133925 -1.8030342854440387 11.998902063111295 0.13072868248525982 0.7563844326433438 -0.6348971774990542 -0.0877392479692521
65 -10.898886464416321 -1.541295915529477 11.930328704123863 0.2724195237769791 0.7717299863150289 -0.5746427397175131 0.0024805195583079837
66 -10.899296417881635 -1.5168559279773182 11.80564042898707 0.12791262264277226 0.7712610782302606 0.10909287009261312 0.6139164893295336
67 -11.036387019069013 -1.235660983527087 10.82930728923221 0.05377428876920707 0.7323228963894051 0.22947231067066728 0.6388692823470724
68 -11.008890781668851 -1.1539393516521717 10.783653757509953 -0.33619741962292776 0.5471448161450765 -0.2601556636007598 0.7210567771686943
69 -10.7449625491332 -1.882619107371465 10.193585920657497 -0.4091415239236101 0.6615485572999872 -0.22792327156707787 0.5856685940136565
70 -10.691328717209354 -2.7132506337937117 9.603556308106572 -0.4320811444263767 0.7108361799620195 -0.31513981399559343 0.4568421034920256
71 -10.690589714726586 -2.7213930038988936 9.602073986680551 0.14046369133980816 0.8486185569382265 0.041017463047005216 0.5083641056963655
72 -11.110757799087766 -2.405679766553194 8.689400821740795 0.20963447015871653 0.7890161825889063 0.06824255247728936 0.5734542759152547
73 -11.142927765685632 -2.3962164181650105 8.696213254136149 0.14665610896053446 0.9637808208619599 0.19912674863707078 -0.09983512919023635
74 -12.155946482103271 -2.1365508204293953 8.873843902086866 0.13630415268483773 0.9718487685952355 0.06592573113980811 -0.18051301037452705
75 -13.073953679024259 -1.7951252476972739 9.224215116437266 0.14941897647754723 0.930495851599515 0.08807463824945942 -0.3226364792172795
76 -13.851912684944436 -1.52924921167311 9.86245759684809 0.22337940127956013 0.8941241678205873 -0.0655642922494683 -0.3825505707549696
77 -13.826380500605232 -1.4751734876454456 9.9331327565132 0.4484824364519396 0.7222908094424789 0.2964569140942451 -0.4350549262734277
78 -14.082204393909562 -1.132840135796032 10.90248544564989 0.37366617715668776 0.5790452495558861 0.5444097878487265 -0.4782239746294332
79 -14.358784385401272 -1.3216333738452546 11.875116942166885 -0.4482827639796967 -0.46230998822899116 -0.38200254556141483 0.6628620471010787
80 -14.061302353327635 -1.5922213341877391 12.867925300911036 0.7137354662034958 0.5083958532102848 -0.4013336587276025 -0.2665457467193589
81 -13.825688232708464 -0.45753067291711713 12.439967161658643 0.7598971102989035 0.500026326948671 -0.37033469938504293 -0.18810173988824944
82 -13.51568941018465 0.6048811790607704 12.0651261817618 0.6105143267400971 0.5979119086313877 -0.49891429802803033 -0.1444234384892336
83 -13.446527023514987 0.695821976403894 12.071277765613237 0.8700577864838641 0.4410444416957397 -0.07733408507274285 -0.2061520989804717
84 -12.809503614722495 1.4686568919890675 12.08383877105284 0.9311029226716522 0.2229682494768262 -0.2413462106578969 -0.15838091336591398
85 -12.66061599650945 1.5609764237727415 12.012789315312883 0.6553604263002721 0.6986128698609637 -0.1556411293787057 -0.24128532601439998
86 -12.614547893936045 2.624770557782312 12.247439847585799 0.7549586312938089 0.4508964297415409 -0.2582876118092145 -0.40002172974377614
87 -12.09321213187012 3.635180732042069 12.324037574629271 -0.6272785925240771 -0.27287019653745587 0.7192643019213777 0.1213354325173629
88 -12.138691702389016 4.15227211680208 11.551097011436191 -0.21391131889521303 0.1893771140214052 0.8825723582216876 -0.37342240001966087
89 -12.06252437039342 4.078467292182073 11.607210225751228 0.26821144968273897 -0.7015948709206408 -0.08795834258679415 0.654286317544785
90 -12.006577520087683 3.4935882194352774 12.554500703921974 8.622393043293091e-05 -0.7559754749694537 0.10127116604303668 0.6467188142759006
91 -12.022315331809422 3.4415440699774096 12.685937486008898 0.05953409667781402 0.8287470516701492 -0.5523187137155168 0.06766131952917473
92 -13.152809815034871 3.4667907167468326 12.497531408885479 0.005622598298726012 0.8700474966859091 -0.47218155099189135 -0.14152852292681534
93 -14.168524349428312 3.6746197441685142 12.710019376843693 -0.06251742281436551 0.916482118105816 -0.394074066342496 -0.029287015437169956
94 -14.253972661899242 3.705458305809338 12.680756993531073 -0.1661808306846786 0.885546583042298 0.43246477206185 -0.03413798032326799
95 -15.289762865249282 3.1949725363751984 12.588286279937156 -0.24308873032441006 0.7925542427032533 0.5521417299535346 -0.08891091949955952
96 -16.376974552070497 2.6914541970310957 12.47255581545853 -0.18773899048744414 0.8444249454225938 0.491195878114581 -0.10211362456621778
97 -16.61673332957132 2.5850581244886413 12.479240081291692 -0.3064140549461701 0.9449656379256604 -0.1017701188539529 -0.05285085599729896
98 -17.711130566220803 1.978441827174603 12.623993755732121 -0.37447646271057006 0.880060337901016 0.10583311748134769 -0.2721406470439652
99 -18.03609474199791 1.807501715797084 12.619290387805714 0.19612792051038364 0.9593008136103672 -0.11079173983521351 -0.17029673569110343
100 -18.92413835293194 2.286007009428689 13.268725921851399 0.6671928685633092 0.6721236365979956 -0.05464456464497973 0.31641343969450436
101 -18.932098410372365 3.191643577494842 12.564023827337124 0.6783421197842313 0.6526604532641587 -0.1002508145789683 0.322236055474726
102 -18.734381872251085 4.200699032120265 11.996640305928477 0.7567698566680082 0.5380562745121678 0.006750511127207775 0.37114587441636654
103 -18.21721234439755 5.053927600769552 11.562655887567981 0.7957287996797248 0.4910284121681969 0.03198033756495424 0.35310626419404584
104 -17.62475899864027 5.970873420200509 11.261572208799253 0.7359330542614648 0.5867061617691486 -0.08512911832430294 0.3270037501326732
105 -17.250608401972656 6.85389593634535 10.73469847548987 0.679616488274719 0.669090474906593 -0.0879569811473832 0.28758117935957894
106 -17.164297988878705 6.820075517703626 10.785396446963697 0.9551286869790342 0.13189877360614494 0.18350519044359817 0.191462137017112
107 -16.276537292519997 7.31672192291289 11.039928343512901 0.9005782484410562 0.03807900959468946 0.40978975863112665 0.13993270233997795
108 -16.315825243344023 7.333713029312236 10.97913395453166 0.7456930025087427 -0.44652728143559717 0.2535582994651749 0.4245745184482464
109 -15.852344460523215 6.954683417738991 11.79648824481332 0.8961828174354992 -0.4100263793766737 -0.16901142536136465 -0.013033190167654793
110 -15.254599312714937 6.250256014642412 11.483346817440887 0.8633072060499336 -0.366676099635809 -0.25545480732472264 -0.23450404549349876
111 -14.69191487156472 5.763278660984292 10.875154127416563 0.9415012359706245 -0.15016073419113213 -0.08143439767952125 -0.29050923470268414
112 -14.707421588203454 5.848083314703886 10.839765493308544 -0.417351474570658 0.02052477519981092 0.09079465340349374 0.9039650497613467
113 -13.764217191445162 6.012277191509615 10.749709840893257 -0.1887442528537185 -0.22858068004252757 0.07620715826291177 0.9520078512047465
114 -13.762591493851628 6.042923356146757 10.69050733869558 0.14815206792620247 0.9646100509850478 0.07744166396214364 -0.2039146953767369
115 -14.585213192247343 6.268049823027352 11.130502418991307 0.19179385121935427 0.954232719754577 0.17324435555598636 0.15047068967816218
116 -15.504394540946054 6.7961223941955335 10.67024453896852 -0.23613893328531613 0.8384239732095997 0.33335831749245964 0.3607712259769295
117 -16.091331011910345 6.7216404253774575 9.693207279055548 -0.5687039728102001 0.6908679411121826 0.3526059690898854 0.27376323678589876
118 -16.03768379212707 6.764463312266117 9.523499512482664 -0.03281182206654642 0.9501996868313678 0.30018687345745154 -0.07701805296216586
119 -16.056546284892345 6.721354583393745 9.452075660826685 0.018707432354463288 0.7908042137303869 0.1969949939649944 0.5791991884263131
120 -16.05272050624109 6.661419396929379 9.34605729157271 0.5420717691029572 0.8228833847212924 -0.057791434573820064 0.1602538061361415
121 -16.362986459415477 7.594218681559478 8.89955533696851 0.7208688288499668 0.6801460497738984 -0.1293001988651723 0.0321082721874812
122 -16.31485787337697 7.665449436169239 8.732259374109933 0.9109908161531829 -0.32067638503925394 -0.028842555537138888 -0.2577411413662955
123 -16.266502141060798 7.691736113041313 8.599832083006618 -0.2889771898406699 0.3652232751297441 -0.20047126633996687 0.8619254111739268
124 -16.29296294836928 7.710483153937908 8.515112043901585 -0.4171537503327773 -0.253763508508196 -0.21534603544774622 0.8457026163787408
125 -15.512661468981443 7.479520837699278 9.079899817077086 -0.2935533342241451 0.09572052618541249 -0.6356017121813892 0.7075835528789242
126 -15.383389001117433 6.471050884130612 9.28503044981405 0.04123803313826745 -0.3413369876728871 0.8045559881256763 -0.48422943677599983
127 -15.904048185723067 5.673748451446243 8.986007502576697 -0.14560665588324065 -0.48888134554544005 0.8405151699556406 -0.1825595267703663
128 -15.880885041194881 5.625069218069957 9.044773347662355 -0.5281063458043344 -0.5007455427131244 0.6834471885795259 -0.05707477023056804
129 -16.34836814172419 6.0880359652795 8.205643977539971 -0.48711740041493995 -0.5545694005646226 0.6740551389310849 -0.028619710882222548
130 -16.952095370311824 6.606496463413057 7.474258137064843 0.6928888462876848 0.44240610491052124 -0.5003589311286656 -0.2717035610142065
131 -16.83651248986083 7.440140845164911 7.009768065363955 0.7783534373835914 0.28206687656239743 -0.48420979149474946 -0.2830990665475447
132 -16.470003180709675 8.128262648771587 6.427928867264833 0.8388956870140645 0.1793247309771167 -0.4324222306833704 -0.27768269946109797
133 -15.755617495016931 8.662550686443454 5.784434080788362 0.8732064116499105 0.20348841793547232 -0.32078357303167915 -0.30528826654923197
134 -15.018506485279865 9.236151016561198 5.278684566913381 0.849937248932997 0.19431769147651679 -0.4208169722323398 -0.25052022580352884
135 -15.013863669297782 9.236522417027414 5.209424378557441 0.8952247639599257 -0.03427688779478953 0.21596278453501502 -0.3882754082502277
136 -14.04638068790334 8.992976026792013 5.633674440076457 0.8742158900048231 -0.10085540243083055 0.19108748842646492 -0.43481069125592514
137 -14.006851342206712 8.98349761705892 5.625429403770417 0.9338621370942588 -0.03214199065269732 0.07845027879875802 0.34743913869197574
138 -14.013645418397365 8.956598054289346 5.689776539076089 0.6702809277228724 0.6114926846245515 -0.08652436582478644 0.4114774704649589
139 -14.054824498451678 8.928499165708175 5.703228048261484 0.6698782149365038 0.4399648020132094 -0.5380511836070643 -0.2611418655864998
140 -14.050160293075107 9.927551815038843 5.26029806674182 0.6745272789189944 0.561328304663709 -0.42299386702637026 -0.22583107145735928
141 -14.080507309042838 10.913115026788706 4.949985842090589 0.7487522415143552 0.4395042519176704 -0.4704793067070394 -0.15765568601855126
142 -14.080537438739528 10.93951895069966 4.987688326370754 0.18060786277509386 0.8125441376058433 -0.34200693075865746 -0.4361010016718953
143 -14.573513650519924 11.627412213823643 5.5656415295037 -0.12020234892820883 -0.7344968230223082 0.4394702504525176 0.502923166347983
144 -15.00369861798612 12.373057613976268 6.40451661611473 -0.12844798603908364 -0.7133532786851716 0.47065730520403837 0.5031003038457579
145 -15.5485681080784 12.988694611480769 7.130881792260617 0.22842260917644405 0.8123778803239803 -0.23506447153527837 -0.48229657411097476
146 -16.021734165034392 13.685429863937763 7.945434500569812 -0.21936510628231912 -0.8066912012614673 0.2186857080041067 0.5032939668502091
147 -16.57107767552069 14.311172035056094 8.782124204983383 0.15031580958763527 0.8314363800290467 -0.22714658090613532 -0.4842758863859118
148 -17.22699939645506 14.843806414583803 9.597862963808037 0.21143342932343495 0.8357699980509857 -0.19613272552875124 -0.46724337266466476
149 -17.18509540408599 14.857090382847074 9.747894175840175 0.42293196439327857 0.6395453975045405 0.5959635578915687 -0.2386161681245105
150 -17.870701094292965 15.237152004441533 10.669419119251515 0.5122456241636932 0.6883241704733424 0.44699313762858245 -0.2530047267943589
151 -17.85028013568159 15.386047851096333 10.751500403607915 -0.399328021800441 -0.5042919673383738 0.5067228652404198 0.5739849131514512
152 -17.907208516130883 16.510800741895668 10.986219680625297 -0.30586172171997716 -0.47520281826498917 0.47088230747131193 0.6774221292591478
153 -17.835973879380266 17.486499025809536 11.272751328234083 -0.5681192685744743 -0.48750698896605194 0.1485370499255581 0.6461533697065043
154 -17.359692087719775 18.30729910436588 11.651859244834963 -0.43811516110558063 -0.719807252066328 -0.12395653688703676 0.5239917961620447
155 -17.34290547218087 18.299497442861988 11.737041255769519 -0.5122165715774352 -0.3246991454992973 0.2219063390080809 0.7635196300171431
156 -16.654159328156833 19.013886993262073 11.971470861611696 0.9114281165657023 0.03552829795821211 0.03704189327961497 -0.40824554684644154
157 -15.643302044150955 19.01455031219731 12.017139011226199 0.8978566514637221 -0.2519472137579829 0.3007408904102963 -0.19982730478381447
158 -14.9601729755961 18.373493538330045 12.461336993639334 0.788949242549009 -0.1783690085931656 0.5491803611169187 0.21010597425662644
159 -14.588057133921206 18.277874107390318 13.483388703946652 0.6546222170287388 -0.186792357544926 0.7017256388618659 0.21014160915699914
160 -14.588497100580172 18.344710354243517 14.583464041810185 0.41635678018281175 -0.3598621823959155 0.7685663891046345 0.32626974548019916
161 -14.986575449841046 18.564351792311594 15.468744664739225 0.150408377469881 -0.3104805874663267 0.7880158437633699 0.509911908834599
162 -14.923169732455246 18.4753795135647 15.530175521448598 0.38052024218096214 -0.6389879646117167 0.6550991991513336 0.133205726765774
163 -15.60098757560816 18.125874478393918 16.330827436939778 -0.11850619326439246 0.7533995441735464 -0.6464309876822751 0.021734469425156333
164 -15.584278507136204 18.07405400718309 16.458843280841528 -0.4741964224687474 0.6091126205955589 -0.538945907928529 -0.33713035561359095
165 -15.990928130497382 17.845445704688547 17.502523407534593 -0.5218145541535553 0.6221772450659188 -0.4943636223215433 -0.3101768136415607
166 -16.368275683036718 17.524873242636563 18.42276698374423 0.8448601156519069 -0.36106375968309856 0.3105417962766867 0.24373784931643397
167 -16.445975386850506 17.522281814735127 18.413501571507215 0.799093491815659 0.5269004610627487 -0.1362044321371942 0.2554874715830586
168 -16.43018245929593 17.739468898034957 18.44074005577054 0.42420550251855377 0.47792406697427936 0.36172366787169424 0.6788182863927532
169 -16.455619188500776 17.895069851006042 18.462100114896366 -0.18077807872219623 0.592410779752384 -0.1111604145329228 0.7771821643138449
170 -16.11215144360026 17.546944602279762 17.566909262850892 -0.2332746520229255 0.5044526868977226 -0.07840445874536618 0.8276250142752437
171 -16.175637994292952 17.54402655586192 17.492270775622163 0.49146507813876306 0.2232561755758202 -0.46359757622417885 0.7026350719657988
172 -16.24745411682242 17.61501203843974 17.418507112671072 -0.1471111858309416 0.6213595066892087 -0.16449371014299474 0.7518061464059392
173 -16.27152883930919 17.812542258127966 17.38598710601033 0.30838147221470363 0.6442311741988228 0.46834990865447074 0.5201109735897194
174 -16.639167774929867 18.7861943087709 16.8797993409959 0.2743285856909477 0.6612569430896388 0.47747242232904213 0.5094145347394258
175 -17.062189365545887 19.721057381970827 16.397371355930662 0.17368371330326624 0.5608135237036697 0.4770869813972691 0.6539955439798524
176 -17.187380850894396 19.841559677706623 16.337203055819938 -0.15076472543876043 0.8887405158980828 0.3986883427270703 0.1686946897152575
177 -17.340510180871718 19.914100680039077 16.32829862032085 0.5192682375797472 0.7021147467512738 0.4337194565396461 -0.22199732623203308
178 -17.793146264617253 20.51297007619124 17.212462353389373 0.45654490241545753 0.734820980047925 0.39972559220982257 -0.30302529645620935
179 -18.220781555260753 20.955081061151258 18.06529479953768 0.4671146048389302 0.7215309764112108 0.42433043565916273 -0.28485202719756103
180 -18.657717576242487 21.423989167053286 18.848315341663124 0.536080171916289 0.6147836810306083 0.448031306231163 -0.36596041241294724
181 -18.830102363800524 21.392416679576044 19.202413749987397 0.5279707596627815 0.06462909485481123 0.8218864887554715 -0.20389349337474186
182 -19.479566633046666 20.893700476269046 20.37441031481126 0.6715614404356371 0.07090159620236995 0.7284448219433903 0.11552634660470854
183 -19.50315421119249 21.256467321986666 21.563971906737024 0.5637980793051681 -0.06340654694288476 0.7704397609696146 0.29074715870265383
184 -19.67190609398058 21.697054509873542 22.663294996490958 0.3675130501552899 -0.16114575402325254 0.8272741062159401 0.39317140932480166
185 -20.09608130680088 22.296035743125238 23.56484714919733 -0.18126282061778487 0.63406563863923 -0.5716872753266551 -0.4881374959868332
186 -20.60560170977357 22.688952853138257 24.518082867430497 0.12027825064551283 0.8746074432215166 -0.3409622706914435 -0.32301655166277826
187 -20.5141743060196 22.78714898014524 24.538269840997547 0.8723999924761066 0.33330062914693964 0.3573563084326502 0.011198774992454245
188 -19.770961412073596 23.393848729501936 25.181010611800446 0.8252411521247186 0.1522681543341878 0.4893827087210572 0.23726781159771257
189 -19.205335211727487 23.926443740810427 25.986324555594866 0.7521867502426138 -0.08944776836389239 0.49928650726801516 0.4206271189001974
190 -18.603497102113145 24.207054092325144 26.82067603371272 0.4736852641705785 -0.4888417914844928 0.6085379363520048 0.4078450115256086
191 -18.476566979671283 24.159805402545967 26.323790814935155 -0.09693657168271327 -0.19122166517716022 -0.09106806014914302 0.9724937965138638
192 -18.5328408895795 24.207006896194443 26.30733409430289 -0.0780109568074747 0.4426452684787352 0.7851554874267161 -0.4260402768226104
193 -19.18744805416293 23.490339101149413 26.472625594193957 -0.19541192389768025 0.5794460424849439 0.7563359582995898 -0.23240564113244716
194 -19.949532078526 22.92755830548368 26.385064798797703 0.10340240366220547 0.6399908766239693 0.7603858794832302 -0.039152714305336345
195 -20.86964873399166 22.992663224912487 26.672112240394842 -0.20893966255935506 0.7689830759685128 0.4985749409576278 0.34122173807171824
196 -20.809903409082125 23.019598244861474 26.693018797886726 0.7388873508490484 -0.30324820039885936 -0.6006252957491645 -0.03654128919945094
197 -20.95810571786782 23.05789840001176 26.75388559061345 -0.2877807972422737 0.22806017580765608 0.08228874670510836 0.926498424777336
198 -20.17517767302254 23.165295859561212 26.38081073372534 -0.1564686958324695 -0.25359825088327137 -0.5886867210667698 0.7514342411768878
199 -20.053633028473605 22.38173777229309 27.05283859582992 0.1168870335953755 0.41462987224918 0.7878673507217852 -0.44009604415688247
200 -20.79788784286294 21.800356160745075 27.613555688488642 -0.11786149572371848 -0.33384809194124426 -0.6597619076510325 0.6628486588548157
201 -20.665318328315955 22.501127089438217 26.859483716552443 0.6522640939768102 0.6081225592252052 0.39240523890934964 0.22529232820159115
202 -20.172411759562486 23.473082556249995 26.414284091255073 0.19848915128211034 0.5759680805572113 0.7924510084398403 -0.029735941640204766
203 -18.19958759292544 23.07386844021578 25.719981202868645 -0.04677489457887155 -0.5318837539873501 -0.04900480441137999 0.8441032582723881
204 -17.371032444736862 22.894028955880085 25.16835048883619 -0.07779926831610474 0.27831971525192123 0.03093668860142332 0.9568324468003512
205 -15.697437221800106 22.80220590749059 23.790422804235707 -0.1811553545350608 0.15998917306653576 -0.09436561888221058 0.9657542813768624
206 -13.978239202485309 22.368473803440455 23.33409175538444 -0.011470742944972998 0.2588701502043994 -0.1256760828782173 0.9576325963446678
207 -12.475020598315245 22.02187662567356 22.548917562414246 -0.09315945177519944 0.3675223375417108 -0.1724985163060203 0.9091165545874976
208 -11.220587275290722 21.743153268620627 21.631283165321918 -0.11574494464537856 0.40172845397942863 -0.3525474551829409 0.837214219239239
209 -10.370388266483713 21.180144196706742 20.897077968638094 0.011374746711279481 0.484192758842652 -0.5460950641559069 0.6835262747884318
210 -10.122112219682094 21.192522455172693 20.782895940062186 -0.4095312741088105 0.746027404791705 0.03419241311097459 0.5239829441043042
211 -10.168644440283629 20.592789136066067 19.66808840004443 0.1332769735080656 0.4196410069350477 -0.2114584874713839 0.8725961160281335
212 -10.218087905637054 20.53346999131942 19.39253819274948 -0.20350244121467156 -0.41381963785053977 0.8304744516522277 -0.312493598177385
213 -11.015798518396009 20.19953348938863 18.52627534695663 -0.26111327402168644 -0.3025737582128464 0.9013078458933412 -0.1670722774781476
214 -12.109793961740818 20.10377920838055 17.739891734104656 -0.07833900001327976 -0.08761772786845527 0.9734591728534367 -0.1963755932584056
215 -13.27756160463523 19.961877465670003 17.45781696263016 0.010743672930413742 -0.4063853085621691 -0.7475454885236994 0.5252725931025299
216 -13.845324118213766 18.699922214262095 18.008650241067247 0.27891572156705946 0.3352795938673523 0.7543429256271296 -0.49067337889391477
217 -14.377894482027374 17.765356253570637 18.701291507055807 0.8506092405340966 0.2423996259076386 0.2030742461856587 -0.4200799826389854
218 -13.278263290732136 18.15558343169639 19.309357860427028 0.8849277184775924 0.3260480544007269 0.2026558401736386 -0.26367823143949504
219 -12.337817616129636 18.80162217723983 19.84585806346416 0.8909518614200682 0.3366556025387415 0.1824136469066695 -0.24411687228375334
220 -11.496144071023915 19.521091884977746 20.52545139520856 0.8339876344933702 0.37992418022131524 0.37298966404851447 -0.14491705665066065
221 -10.969922281790689 20.243092586544897 21.373360484852196 0.7709720916564339 0.3360630851403966 0.5266454743630766 -0.12372623418544482
222 -10.76310986844752 20.71597653947516 22.50144396882445 0.7107214914501958 0.3987554365805234 0.5456799895686122 -0.19519839234144512
223 -10.641345442020148 21.15656315887534 23.589442995199395 0.6740693898499515 0.4094086989847656 0.5139725397856458 -0.33741251193340216
224 -10.566832859177728 21.42499846415852 24.75518684282391 0.8422600768076738 0.17876557911725924 0.2682072168568162 -0.4320945724777431
225 -9.70485078032735 21.525808878357434 25.550414152048674 0.7264802858943852 0.3662545744036901 0.32854779878255996 -0.47972942879327113
226 -9.086987730056517 21.747932556576536 26.630908392904693 0.824004087987015 0.2964305155427785 0.06044874174693641 -0.4790534020930677
227 -9.011181992200829 21.713812699504704 26.713765600861276 0.9394131519937826 0.013778703767318783 0.3034544873738835 0.15883466648138037
228 -8.234760121913391 21.865023877850547 27.34441297476826 0.92017697474633 0.13268234019559305 0.27116214032198094 0.24928061577851438
229 -7.390642096893365 22.19818320962823 27.843082181111487 0.8466107127896542 0.33037631160043385 0.38967444422092723 0.14918318016518747
230 -6.8425811328872665 22.815393331490128 28.458911739111144 0.5861328523884506 0.6857745070525427 0.24082417827595126 0.35800184355046677
231 -6.971679622991239 23.78066883744339 28.11399885464215 0.29353117751665886 0.8824177475875263 0.1636115428702747 0.32925617626378534
232 -7.677030917891528 24.432712034566396 27.507196441141776 0.3718770388546243 0.8784583327413649 0.18436367420244096 0.23670331904000433
233 -7.750749107094532 24.50886222746548 27.444473150845372 0.3071837184636481 0.49548175809465717 0.7001190529990717 0.41227333425041696
234 -8.223843942426203 25.357603777321103 27.303394817737388 0.5081665736632489 0.4687111937311021 0.4882137529343061 0.5326573774278545
235 -8.238363690950933 25.292702894523956 27.251778829401374 -0.27936494560003594 -0.15042379595899452 0.4802053934660622 0.8177595544322795
236 -7.743496054542275 26.111815192803004 27.33585682176268 -0.3136119052007059 -0.19803438609456842 0.1295429794981339 0.9195915241580238
237 -6.730352989383392 26.422865538735216 27.62939334870558 -0.1093029288864759 0.002597444496597831 -0.05346331079864197 0.9925662685268792
238 -5.703492995965026 25.860822103211813 27.60758493174025 -0.019319227556016512 0.2842982634433013 -0.47289440460678756 0.8337698405083709
239 -5.282734511200131 24.81588994807655 26.824202079591366 -0.011351237288553341 0.15585602852188055 -0.47710654732456126 0.8648406733528679
240 -4.813443417715859 23.921339196643437 26.2187625616114 -0.2845058133970325 -0.44235463476377396 -0.3251138944732252 0.7859260619592364
241 -4.688237112853372 23.716002306794877 25.844571609724756 -0.08163799276798098 0.04228598971660241 -0.2311262570824204 0.9685699698512098
242 -4.630834773796309 23.91652408973419 25.739535547126096 -0.43972376047059386 0.14601442884719168 0.4309299734117953 0.7743527355548878
243 -4.014402999059959 24.663719361625255 24.984949128120608 -0.7256307930159258 0.0379357760824823 0.16457023761451964 0.6670363303536021
244 -3.887402050909193 24.776651877654885 24.913695853749527 0.800347873166201 0.08105684064560639 0.07030407851383468 0.5898562596490875
245 -2.826739830723063 25.112928391201002 24.876562828994135 0.4576871882136594 -0.07044560425949102 0.23603831063784422 0.8543101137741622
246 -1.6893533746348017 25.575342213907344 25.21832060084369 -0.08666164234004359 -0.2878493681535149 0.2079939551431048 0.9307905326250782
247 -0.7411722584373363 26.005666696276965 25.66188055042197 -0.5452587963396448 -0.3969196626791048 0.17951114376740146 0.7161866905048336
248 -0.015929340991123808 26.88897532517661 26.148547658883 -0.531532161900102 -0.3471315992694537 0.15538199361438132 0.7568551048350375
249 0.7857509261595584 27.617574460857696 26.705808477534266 -0.5170658329839585 -0.16831873815677112 0.29254750513036837 0.7865924510112686
250 1.716793655839798 28.5139570146987 27.16235966054052 -0.38924975336872203 0.11055478119756364 0.6315492539657412 0.6613681347570839
251 1.642117133074825 28.60005018662391 26.949655460496324 -0.32827346121368817 0.25527798433672944 0.8734238850034561 0.253377983418511
252 1.1809466206138024 29.059190216767057 26.01416022245469 -0.1858331120575877 0.32222772153911455 0.9208445197975864 0.11696461128673002
253 1.1945087760166349 29.203838013666882 25.785786905953728 -0.38944229350938053 0.12186030602114302 0.6573892262335227 0.6335015162370775
254 1.283960588837601 30.11156282928154 24.928893730418938 -0.4222299341039715 0.28461485397172037 0.650557662210109 0.5634633934737321
255 1.2488458964325138 30.61613106915848 23.84765715559712 -0.431668028990692 0.4481548983214424 0.6081567605864351 0.49291505800776947
256 1.1974406942809472 30.935007054435946 22.63480252102458 -0.3981465581449216 0.4999162495317602 0.6289935845621838 0.4426399578337518
257 0.8321593903740431 31.19059458035219 21.529960206664033 -0.03445230936259674 0.6183769532400623 0.6714476660313312 0.4069164703746956
258 0.16176580819986652 31.612122009681684 20.76655470705412 0.2605867477340448 0.7726102229907937 0.5718132278696121 0.09054072381445187
259 -0.602496747494254 32.15962471455658 20.83064341087441 0.6539525146846823 0.6819235264854316 -0.26717665398713475 -0.18958651884428118
260 -0.6838159886903368 33.18223732925874 20.662584831889255 -0.5552585925635666 -0.19441315878885723 0.533373502063155 0.6077862505609626
261 -0.3509341579298514 34.162924138800356 20.221263727835765 -0.531217285320953 0.10574272381682161 0.660954107276136 0.5193903543683175
262 -0.3203954706945869 34.71804197970753 19.363237208495722 -0.45261469295085327 -0.003239427241191966 0.6820707283944181 0.5743770253967901
263 -0.311521833894404 34.681053002124884 19.322699206725922 -0.2494555903102106 -0.34297341022670325 0.24407671854970422 0.8721053283878377
264 0.44553939592706304 35.21019450859339 19.727173700796815 -0.2867826433535248 -0.2976108722032528 0.186795521629291 0.8912300024779378
265 1.091911552239964 35.73397903011392 20.20368216102429 -0.38449681763856364 -0.2951215522600617 0.10450499286729127 0.8684147471590037
266 1.8333433517175777 36.059123853013354 20.660771346947687 -0.29144196673826334 -0.35157324185911304 0.03684979008285215 0.8888756541852502
267 2.6360329878218556 36.302185276739955 21.27756643744975 -0.3049620440633742 -0.32534669847633896 -0.08385223451739172 0.8911321339945468
268 3.444686620700241 36.187888570597906 21.9349113460961 -0.4087876277029591 -0.3024722360734118 -0.183377343258398 0.8412942242885237
269 3.5458033886672538 36.09035057392995 21.886434956588296 -0.12798987386131785 0.4101216738491013 -0.3989097991977288 0.8101171377845323
270 3.97978938001458 35.23576149640367 21.426671502075802 0.10345031538394271 0.6910475970418412 -0.24936937753232358 0.6704969533255178
271 4.014137807412411 35.125582890131085 21.418889606172307 0.7494121408328042 0.13759768544249956 0.36370189148743187 0.5358817539921694
272 4.778761300999583 35.59558193186581 21.86592025099963 0.5254121350902314 0.4226938613578887 0.4403884166770361 0.5927309932228748
273 4.788465717245955 35.4567939419218 21.8029444370093 0.5999466028670039 -0.0006411059746487196 0.10652923362182319 0.7929156229230306
274 4.868052040165029 35.41227789966628 21.765851389912882 0.49073398787674094 -0.4548928288218654 -0.1864465899373225 0.7193680118894472
275 5.475489989138775 34.62905172160017 22.322613606790917 0.4784265006314631 -0.515929255394746 -0.16127424956801137 0.6920373569018011
276 5.969615462923186 33.90614117922339 23.00057509304707 -0.36174756770251454 0.7797484036934418 0.12217533111130044 -0.4961897950045812
277 6.119760672218738 33.89347474837735 23.067362424427156 0.37280744703062074 -0.2576001965864658 0.050224644662219 0.8900192308178959
278 7.105708383898264 33.69036546659171 23.56653783424228 0.3966757578219018 -0.27471807108328344 0.2532208603317103 0.838485253579077
279 7.214321310302793 33.763471325874974 23.626742139491785 0.30391564227868345 0.09583852522162375 0.332192921079403 0.8877489074318329
280 8.019970501693651 34.37027420320455 23.728296931625852 0.1955885972561469 0.5379940475866442 0.370504435594162 0.731460161997743
281 8.211152637069048 35.15205860412267 23.09574519191379 0.24506215023131098 0.5394529907075196 0.501448229520943 0.6304638660946655
282 8.008343687800933 36.10909850210653 22.693201032684325 0.16429004336008704 0.6095212678952396 0.5692654850953366 0.5267156852755509
283 7.664416856521515 36.94273002938818 22.312120601983835 0.0005665559810256698 0.6992799579551819 0.5248932865578007 0.4852775052926618
284 7.673428549479678 37.13058530179311 22.381170052611726 0.3888989090299986 0.6584057347871722 0.6020332702361387 0.22981616236335647
285 7.074935150939314 38.02040956251133 22.51742105208625 0.25658530992273887 0.7743798776602907 0.5667110677897056 0.11549177222355204
286 6.13511813181568 38.67076559899315 22.63206119083503 -0.13133650077440828 -0.7496731966732808 -0.39353048757721243 0.5156302717075861
287 5.756353158197766 38.60659566537006 23.553688948342234 0.16022038601786648 -0.6752304408819092 0.1090045312181967 0.711696067000942
288 5.765232334375402 38.54263695107372 24.593338760450127 0.3599055261020289 -0.35358994084339657 0.6517652010787058 0.566254614708277
289 5.672115295293242 39.06982345712262 25.500513435924976 0.35453104646264266 0.2424426535637683 0.871497230672771 0.23668940355823617
290 5.576082665583931 39.00309585602598 25.5568190773434 0.051822387824657125 0.43169447476336614 0.5575753517644935 0.7071520682877446
291 5.6067737242323865 38.95990458009845 25.653405154660437 0.36697615148914275 0.30815466738860464 0.8715780473394833 0.10354183985582556
292 5.543633240913756 38.942911462139364 25.70177319628088 -0.5618942492112181 0.04246265644387963 -0.5513287358724872 0.6152303637763161
293 5.966716625880599 38.10770890790072 26.33256325507684 -0.34757457072743636 -0.18430078431241412 -0.3100361003823748 0.8655072242015993
294 6.664214813226817 37.709297196055516 26.916079823680008 -0.052039006170785274 -0.35337832001000247 0.24006936789126615 0.9026529805988308
295 7.225329978440965 38.09989008180334 27.499871325313496 0.13197828505009637 -0.0391101573854513 0.9264999794024897 0.35021410027539884
296 7.2222945797542 38.07014187034526 27.56857150249556 0.12965018892086994 0.3124254573893622 0.8412332429413555 -0.4217911723331829
297 6.5356551429561005 37.25157520318657 27.95857904269971 -0.06875062432360224 -0.3303268001549477 -0.7587379441502148 0.5572021974662454
298 6.194216718950916 36.348093852807516 28.481116881518975 -0.032394148146842876 -0.3712091593278718 -0.6460379864550081 0.6661751265651487
299 6.111018822882243 35.403831667476624 29.122517140024023 -0.06082516993630334 -0.36783713399780477 -0.6139057395828885 0.6957843663533181
300 6.065222135840722 35.29968075767004 29.143672006230332 0.5396613217680722 -0.19784687422909253 0.7294525646781641 -0.3708385471195834
301 5.797470516934558 34.415050051352814 29.794564556510235 0.22151560761052602 -0.19761002180259696 0.904394398394287 -0.30651572067538857
302 4.98556660347656 33.729262951287026 30.082379109783503 0.2882533984073027 -0.3352989056285546 0.8606539017365719 -0.2525064031199024
303 4.864497649317156 33.64274387770113 30.09904869131947 0.07495227460689129 0.47522711641537346 0.8179584000453827 -0.3154130627446785
304 4.016561015835343 33.15481372137545 30.60702769544442 0.004263027595959325 -0.4382213266073781 -0.7439768652979978 0.5044227586098204
305 3.8840939714296 33.149981521129575 30.678462593361598 -0.20696377467280044 0.8998426968860495 0.057584558889047274 -0.37964869999985773
306 3.1322935982530953 32.75121988793453 31.383161737752527 -0.1884966256053582 0.9079242494633946 -0.05280642274325526 -0.37061308812397054
307 2.3200789213523465 32.41682162882452 32.07924575865011 -0.22770079702794102 0.889665156760299 -0.1125828841215937 -0.3794382032457697
308 1.5845763232576262 32.04501049862933 32.82920993929449 -0.27397915056562766 0.8881867108519717 -0.06841085918293116 -0.3624634410077061
309 0.803662035396334 31.606731007287056 33.56927582684687 0.3429962151769254 -0.7814926251952018 0.14293202174403433 0.5011918896989297
310 0.4478441672157297 31.214703316217268 34.55187815681967 -0.38195420075447833 0.8083258856868079 -0.0880658294396076 -0.439277430264474
311 0.15668643116894582 30.587096703448886 35.35951634930637 -0.3002367084819923 0.8931003541847548 -0.04786121218290548 -0.3315704760731088
312 0.20739728538168659 30.55747535448166 35.37722563669919 0.14952283694036064 -0.363069312519618 0.17257368217049163 0.9033503859311494
313 0.8757018178312201 30.66966627709008 36.0975745891976 0.23460971851095472 -0.5231546648172931 -0.31092570468801356 0.7580189198327297
314 0.952758282456265 29.770479880952188 36.830202782186426 0.09984316711109233 -0.5736399597526014 -0.008004981145205647 0.812960305816419
315 0.8770489621235051 29.74923829308844 36.77431201861074 0.7929309721517911 0.1275494470074516 0.576303359972321 -0.15121524147758028
316 0.9219389706564344 29.82688319755196 36.81430780627965 -0.29311915911869546 -0.6457077548036171 -0.20265844771906827 0.6753311835774501
317 1.0601836131025226 30.03271827877066 37.81555070951974 -0.46557815325301716 -0.6579672457610287 -0.09637337902719206 0.5839762482618963
318 0.9842272720401364 29.385379675192755 36.98031530851597 0.5771007468520688 0.32913493326099524 0.6710870389214094 -0.3290396782787163
319 0.7713069197312102 29.147154936877023 37.92365302982341 0.7692644717500322 0.39190713087893486 0.5044922451599723 0.011337894109415665
320 0.6369330132606517 28.47991001412862 37.166868315065344 0.9133078578765955 0.0734459377829989 0.39491379419745626 -0.0672126931212386
321 1.3120712168271658 28.392062667495328 37.85769377624111 0.7411379452587824 0.29788169496575184 0.6014036574686533 0.017166324162398897
322 1.2568724487072405 27.87755329154056 36.96284461193884 0.8818660834746936 0.06106400001855341 0.45226913889535686 -0.1184737300906494
323 1.9096685212115894 27.78720638255284 37.66590385982193 0.7005735143442139 0.09930681640528849 0.7041839962955514 -0.058820120503712
324 2.0977965996734276 27.733447888562903 36.687603671503275 0.8805168047737533 -0.0994736750944421 0.40943178527570573 -0.21716527733543267
325 2.8319654210015495 27.279314575476644 37.28412300472236 0.7332889766400404 0.15970028719092455 0.6201992853601649 -0.22833296180814813
326 2.8018578061851667 27.389627055194772 36.279023163879685 0.8750688505395378 0.12588013249843205 0.204446621481387 -0.4202502564216181
327 3.8209539236196504 27.41661353186822 36.53649452393658 0.6549633690187298 0.4052558072522702 0.5703215211784814 -0.2855242168584135
328 3.9689502764766234 27.236142232019954 35.56098048083568 0.8333134074797032 0.08409886896358928 0.3191861849830813 -0.4434369453141654
329 4.810228907001595 27.124400996888884 36.12213298965479 0.5877199451182242 -0.12373569389950108 0.7472029603972556 -0.2845390661034434
330 5.034815300653214 27.756223252430143 35.38929474564812 0.781217755348243 0.02104819669881777 0.5621874864113884 -0.2705568743662347
331 5.415886045939593 27.439492209787158 36.23261695599092 0.7852972894054464 -0.03764788844829621 0.5798713375301294 -0.21363528654897562
332 5.0452651094300744 27.68602308431519 35.32429041257328 0.7469492658097178 -0.13697803310736645 0.6504095900008118 -0.016467482726207697
333 5.08694155193423 27.486121410394873 36.210887965801355 0.6733451974946745 -0.16777435929411175 0.7200384328211666 -0.0016323708978376503
334 5.010710316370237 27.689658226777176 35.20861075694356 0.339404577302458 -0.2474195795382431 0.8846795471607893 -0.20231209405925407
335 4.352468369021114 27.20596821755856 35.62557461206724 0.7247485158297121 -0.10512045691450726 0.6652642666177592 -0.1453022157513443
336 4.304651010708084 27.697067679609322 34.7081940582574 0.808896011478248 0.05583377442613016 0.5828638233390806 0.05328785687624704
337 4.62677053384184 28.04869972807981 35.52759243761115 -0.641542489449757 0.27891505996406174 -0.5075467673192463 0.503016801448661
338 4.4533785591045465 29.073028752884134 35.247128334044525 0.8525856302048187 0.14495921826058045 0.2902472893519096 -0.409684121285416
339 5.319838506539816 28.915109964290124 35.88592239525955 0.8533006175423111 0.475956385647425 0.018258419593375125 -0.2121560868259584
340 4.970584835454629 28.087924580294487 35.66277711974549 0.8402054446356603 0.158323621808454 0.16046965528603174 -0.4931915766864119
341 5.868434056685041 28.15077937244374 36.067206403920984 -0.7076977341713793 -0.26712588816657223 -0.3081250089400457 0.5769459730214047
342 5.18116705762669 28.063687216045494 35.25032991337035 -0.21653031360288474 0.2801773474174777 -0.5588468687220742 0.7498702918536481
343 5.453430766422579 27.07378176741102 35.08450301862032 -0.03717373926680932 -0.5777708511197511 0.650695024952033 -0.49131959172004847
344 5.988192690684032 27.7545109498433 35.72920300062609 0.37817126828674175 0.7934729915278032 -0.34889144284807616 0.3250567099225992
345 5.65299081446735 28.100729381352824 34.84597322188511 0.6374935828695149 0.7520055068325187 0.05180992102504602 -0.15939065711996958
346 5.814665310848466 27.144876441125348 34.47560892191355 0.7181571707818677 0.5550694026782127 0.09275816161338038 -0.4093215847217705
347 6.165085079547853 27.799487028774994 35.161404513337445 -0.810680398200618 -0.27787803554063717 0.003922835158682951 0.5153306712215798
348 5.369615549832062 27.378415483743783 34.88089847279477 -0.7987103988019065 -0.1694302752910903 -0.18042695603765496 0.5484534567267026
349 6.176464305478515 27.50887233731494 35.3960134472468 0.86587534634029 -0.11500249219764468 0.12987100352823305 -0.4692204533382828
350 5.191583299454156 27.877484141809898 35.37424111727431 0.8855987089325018 0.13012402259588587 0.13878113556923108 -0.4237009108919476
351 6.161182613440895 27.965789643433983 35.62071013706079 0.8890467746429311 0.04698082632049604 0.16432703023206863 -0.42471786116238874
352 5.164243073261627 28.05386733083882 35.35029301309766 0.8647842942755691 -0.13249136360591798 0.38129550085655184 -0.2986769223939172
353 5.827579294747533 27.53497499321264 36.05081586809416 0.9049096664953798 -0.16439530284687576 0.3895573859350743 -0.04855638936882694
354 5.1394004118159495 27.76178876991595 35.386776357424594 0.6557160843869232 0.028919418694357966 0.5722410272570039 0.4916709169988722
355 5.098338991970501 27.657519570086492 35.34305571099765 0.8148871895820573 0.42377732561402565 0.1658554869088842 0.35897577078780263
356 5.641620903000117 28.402312745332733 35.320268819422864 0.5613674796489012 0.16946547780210447 0.3904035613272919 0.7097415472754242
357 4.908852664988601 27.587567009624518 35.137042037181686 -0.5833375073712385 -0.47902063258900207 0.2827891020010566 0.5918504117066911
358 5.327165331561819 28.522729081469034 35.344688064761016 0.8275183602776124 0.06788802795335279 -0.3797586060543215 -0.40790682783171894
359 4.651566573347176 28.19817565812301 35.968603020941636 -0.7384472426957146 -0.096084859311181 0.12712832614919836 0.6552112317846446
360 4.590918110476209 28.250529949781413 36.000195452088164 0.4653065014560472 0.5817023899766076 -0.5667988055456423 -0.3519251386733682
361 4.206520021288783 29.173526401253262 35.936922924774805 0.5403133903173927 0.5800546566051094 -0.564504149327077 -0.23007194741421003
362 3.827191883481595 30.18027991840456 35.640612498228265 0.661018983041509 0.5172906011315789 -0.4898145458897752 -0.23568209239247057
363 3.803494018675696 31.214132027938067 35.25273991760175 0.80225839024941 0.3764143403008117 -0.4467266232791575 -0.12300017782073809
364 4.216043563225905 31.71276419020581 34.67894254003713 0.8616555763313433 0.267015648785052 -0.4231428547655541 -0.08486716409693185
365 4.291148505260087 31.506821485446068 34.67793876756968 0.831949980710038 -0.28879630432315395 -0.4088655134859775 0.2393426750241219
366 4.580937815639842 30.754672307828574 34.36690126429007 -0.44285609187057395 -0.06937367769030083 0.7854257218429112 -0.4268163659050401
367 4.4510540081162455 30.770168258807963 32.93339988929153 -0.5974138125053775 0.5470065811157809 -0.2954481105812546 0.5065480735308114
368 4.214915614220639 29.368679620796712 33.14925528085115 0.7440669142544459 -0.595530701646679 -0.2607872373459631 0.15394033696709736
369 4.533227698528767 28.199452695748274 32.99523458510465 0.7093170787109713 -0.4758784516799624 -0.4944947557048739 0.16088479622385482
370 4.695031398318875 28.20950044661109 32.99446076755448 0.626002184026295 -0.3400101755564165 0.035793884933705465 0.7008802636069565
371 5.54503413824942 27.831305191912005 33.592248849822305 0.3157171256079897 -0.7041895980207235 -0.04107775409864202 0.634627705631776
372 5.60458911701555 28.3241137916755 32.894547254665014 0.6625664968619971 -0.41034789956363293 0.3803169154364024 0.49797518250679573
373 6.1277470941109655 28.178968937248392 33.73985406724534 0.4636679236662493 -0.3910197914289619 0.5979765791573921 0.5239652565324397
374 6.211929547555802 27.90344278078437 32.80165724883265 0.18745365137604433 -0.012868072142963002 0.6982744065918207 0.6907303340696368
375 6.360195913774739 28.81102698428434 32.915165029623886 -0.4122092211192837 0.28795383408905656 0.8337414916113494 0.22812556328331482
376 7.09033066538928 28.62791229545498 33.575033388310274 0.8967259129305926 -0.013955056447048197 -0.3216414101475774 -0.303701657480881
377 7.948511910579578 28.77809919335409 33.01269520568069 0.8856488397827113 0.24677391072112823 0.19135983183445002 -0.34367162283090846
378 7.284513382061249 28.50349914913384 32.401010288982704 0.9104989844263454 0.16156847529235605 0.10020856191589561 -0.36721311423891967
379 8.312289212859875 28.80164634436115 32.61064021588597 0.7213643068014071 0.31271444270046184 0.47835609693913395 -0.39117599456079066
380 8.01496417888319 28.732264332672084 31.6688731530308 0.8751489070550083 0.15369098168496464 0.1391841434436608 -0.43717416076775606
381 8.094293795731344 28.71060039327027 31.66254010485172 0.7766642443883759 -0.4514605920437481 0.4379967116189909 -0.03368777123963077
382 8.246829592077974 27.94272976227584 32.375323562466434 0.5845786114149348 -0.3087606395656948 0.7098950092044559 0.24286578688192562
383 8.065689307891539 27.92079342744406 33.400508957062996 0.2942358764901294 -0.08060446159656254 0.896196759934589 0.32211727249490885
384 8.126863079336724 27.923250279584433 33.50223289751192 0.6375348647176322 -0.5725428600767738 -0.51478117528955 -0.027282067591939095
385 7.9319821831703745 27.09197293104489 32.786613924518356 -0.5309251765176775 0.8296578348842107 0.15077962849879764 0.0839752200633179
386 7.47817643204216 26.199007931503623 32.52028297699816 -0.5263785485409707 0.8431444736999596 -0.09086084536511424 0.061459961638907816
387 7.472281367236318 26.060184371396574 32.559199254662055 -0.4492078143555508 0.8582643768189544 0.1471650692623538 -0.19984254150327493
388 7.376467638088791 26.052627649038694 32.67759344766074 0.2796769658754877 -0.4925440424809827 0.7391016077768842 -0.36456820261344447
389 6.786042614444818 25.23862680196609 32.68589883349554 -0.13995675487850678 0.15323095006473011 -0.7483068721903924 0.6300549243826081
390 6.545940322559777 24.268549022144576 32.75649893017172 0.16730361528657028 -0.16794779857998748 -0.5013878798267051 0.8321137129185296
391 6.9924202857513125 23.40119993944078 32.78540617025368 0.31153206468723793 -0.45178952851155074 -0.10935905603459098 0.8287789762429069
392 6.8956626310030265 23.566364103727743 32.76533011137109 0.2668535883027517 -0.051996191073542496 0.5530957961703824 0.7875091102853605
393 7.391459919972978 24.23001352105589 33.13619192998843 0.21536635497720488 -0.4305553304509901 0.6832426404109481 0.549016333899409
394 7.38018383051894 24.198133207023325 33.30293640056564 -0.2127151656241466 -0.772673454936527 0.10486584870763331 0.5888388099682054
395 7.167745264508003 24.59655111929867 34.23685023422569 -0.1230130222543503 -0.8086455837457589 0.19205063029421512 0.542288365768556
396 6.804780487472155 25.06114123850176 35.09929784063008 -0.18467071891398634 -0.7847313903315807 0.1892071492878878 0.5606193229477634
397 6.461202394063168 25.589816184483347 35.947147183166535 0.0314054646987297 0.8428349991495353 -0.2650570782776112 -0.46731959754604074
398 6.515281886383073 25.59929096698085 35.929878843765295 0.5563712928484082 -0.5654929441254676 -0.15034249132551314 0.5899710585618149
399 6.777652719875305 24.79062021322645 36.42055198830966 0.4006111464339688 -0.6216705323458153 -0.2193941958707665 0.6363196094604917
400 6.79431164372339 24.861513732983692 36.389116766900095 -0.189653031305001 -0.8038733477535145 0.21689807809852113 0.5203600601559976
401 6.291385440568605 25.84833511231655 37.18485956779549 0.1536491550973268 0.8585700857412798 -0.19659008243625561 -0.44788579403213546
402 5.761337932372094 26.29005596430612 37.91744332160178 0.025087076111236107 0.9452511075752005 -0.08599605614154769 -0.31380831819463767
403 4.8856481980348185 26.448495361896647 38.5235237838446 0.18257055325671467 0.8454441261198773 -0.20098147700851338 -0.4598898439761539
404 4.876540569747846 26.39923749900567 38.38758496628816 0.18738200699833443 -0.44359147474169686 0.6549718915054721 0.5823456090050881
405 5.01284680230501 26.279955509368243 38.267353309040494 0.2967865802340803 0.8195556771941676 -0.028731660098180862 -0.48930635544592327
406 4.620056721713418 26.646444649359516 39.0764110935521 0.38049114447074367 0.8304527814922176 -0.1275067132740194 -0.38641519737355073
407 4.539539551966598 26.654703109879158 39.091258311394164 -0.5511592706365818 -0.17067465152557615 -0.355573145267008 0.7352967836750692
408 4.466455800883878 26.562376681252957 39.099193597237274 0.8570182091926734 -0.23670636700147968 0.456872010107627 -0.027529099392458997
409 4.888775747526559 26.123306977057645 39.8146363541203 0.8557547088024764 -0.1836173375470519 0.48133520791535456 -0.0478013528637383
410 4.44137291891052 26.396680721002934 39.068595015952575 0.6492668986214433 -0.30581061492094724 0.6780655189691074 -0.1586175089368132
411 4.217628264953737 25.752634266579022 39.798453043461166 0.7449893492666882 -0.11641158091749183 0.5775172082340253 -0.31291067016173213
412 3.8439306262524013 26.231965820879527 39.059689322755965 0.6707781869699938 -0.08796721073478919 0.6869688516616432 -0.26531526636715125
413 3.7162905696685296 26.274550252277628 38.968926691243 -0.051265422167576784 -0.15632813906977314 0.981203809364304 -0.10085858373951337
414 2.7195877142292835 26.07905175785612 38.85468182900163 -0.10572726991401729 -0.1546503422971977 0.9296847078493696 -0.31716141003426157
415 2.6859174989010737 25.893231357536184 38.73477194004208 0.6157610830770784 -0.222053805211465 0.647743027420724 -0.3898196590561931
416 2.641344683233029 25.020333050280996 39.34343870960376 0.8165196147589069 -0.05161362109344106 0.4907651206921696 -0.2996353603024671
417 2.0137591853470984 25.21382955504599 38.52640450643222 0.7306159570403885 -0.21316499356509172 0.4604981814128783 -0.45683961491072944
418 2.391959424958246 24.419388561036698 38.97554111696754 0.8475132879209532 0.07542032604127392 0.32918402504661043 -0.40947634714517417
419 1.6386114900042337 24.55545590879974 38.38780521627497 0.8367929723034669 0.10655022897044333 0.2765217723355073 -0.46039144174746033
420 1.7270465248253553 24.576442848864687 38.50489882127684 -0.2863903202729467 -0.2582181173152623 -0.14786049157410996 0.9107366597296844
421 1.7276129757518375 24.60726965911079 38.53752615281217 0.34099655376029314 0.849021275793502 -0.08968566503972379 -0.3934980369200857
422 1.2738965531815045 25.236405932075126 39.11330356875354 0.1480311031213168 0.9402606053476971 -0.09403117254938828 -0.2918131681896056
423 2.103542744315732 24.89642852898242 38.72610842026049 -0.16121299989155768 -0.2234098429431654 0.2329416145744024 0.9326503176118826
424 2.1401630184762497 24.89505074079133 38.87235011863053 -0.07416423265455761 -0.11524888345517782 -0.36151160871322224 0.9222400545534084
425 2.2476566576257224 24.810622898369346 38.97688653660854 -0.1724505416079342 -0.587381266878749 -0.08237723757618744 0.7864210378342901
426 2.474183351672523 24.746029095984046 39.453998794747584 -0.5271977726308823 0.06933219589365186 -0.027376679139409617 0.8464668171788541
427 3.4339612861896103 24.57675055811575 39.73788338705809 -0.27561830527940645 0.7114655380950168 0.5397431471344969 0.35570869123403004
428 3.5928427179438063 24.582673647013372 40.04284897105104 -0.5600777903914235 0.5132231557238883 0.6077597054935442 0.23139360733925723
429 3.8449137501424318 24.601462149314425 40.38668761658357 0.036119312301390594 0.6322768112435659 0.66270988227575 -0.3996711663062604
430 4.070118432394949 24.59507066275808 40.46796109852689 0.4344133016283861 0.2124484018666257 -0.5124739365406183 0.7095922944051769
431 3.9129918319945407 24.654744990402627 40.50220978841869 -0.2610066902452099 -0.5317098774460433 0.805551492924243 0.015713246675260046
432 2.9307512712874666 24.950611397336026 40.15347135336598 -0.6008982962809525 -0.3652800237572618 0.690673855911042 -0.1687049688998983
433 2.8520855529916163 24.99754571961502 40.204605560377935 0.4780389532047215 0.8338672423697296 -0.25753934589233207 -0.09908413918981816
434 2.2799453346227416 25.704547621151942 40.118887399288276 0.731349603986277 0.5656274383456369 0.35098892742519094 -0.148324409874381
435 1.993110465854623 24.928506762295985 39.39543987719579 -0.308808031697798 0.19470547644984706 0.8933264869155355 0.2620976245113974
436 1.2652936964011825 25.224200726153 38.75999586856345 -0.22166767163390508 0.06439827303915618 0.8154048977934105 0.5308777245623475
437 0.8758145914192282 26.119591218756796 38.19509814601644 -0.30967913543534803 -0.4058690523575836 0.4926705261325034 0.704730372621115
438 0.5352633585148993 25.13986649528024 38.07481122510934 0.4409015627639915 0.6437134701121394 -0.5784219740134059 -0.23804789502722343
439 0.38857421590116775 25.311461767986696 38.116616109845054 0.4066315530464415 -0.517245051229822 0.6084498723721962 0.44373087548147466
440 0.2911217065546416 25.30133980764179 38.30314294879814 0.5362318416438514 0.26100384222070117 0.5439469534751109 0.590300023850939
441 0.6101919088414388 26.108241127712645 38.82157818309412 0.14957947554915513 0.8254832979172666 0.18122753834932315 0.5131860137395753
442 0.045267273278894474 26.500179429379624 37.88511762403006 -0.11458772175721835 0.8765825562040948 0.21283301780137956 0.4161427431960608
443 -0.5332056263198603 26.442813339945026 37.03177118800141 -0.09736282255532679 0.871829488307213 0.3742732383063197 0.3005883683540392
444 -1.3079201074117606 26.481056512806365 36.34775555316487 -0.359225322118578 0.8514287726704867 0.3590066194410505 0.13092158040270277
445 -2.0671973084065414 25.918505768043307 35.938734933172164 -0.5703518828064056 0.790933208147406 0.039122158311714283 -0.2181578482610089
446 -2.4266579497455663 25.06847940824936 36.22211872027163 0.7033623125014432 -0.5187184554244993 0.24145168962042157 0.4217981779643999
447 -2.146232146289503 24.481979883078086 36.93106110895911 0.8112226028709688 -0.044220840151755134 0.1915330942975789 0.5507063461376845
448 -2.186401907235908 24.49009929793459 36.938174893148336 0.7694704566101029 -0.03994691577981687 0.5990447075272812 0.21786440440667046
449 -1.9451380707198582 24.702849997454237 37.86069962379768 0.7561282600414728 0.5038484232448901 0.3751114074157776 0.18357083860691809
450 -2.1383372920229906 23.830050692696386 37.64369821652196 -0.2792000197389431 -0.21526095583490862 -0.006430404083220509 0.935771724179643
451 -1.3076234480660358 24.18753498293819 38.041730207718885 -0.34498313040632267 0.12641601507385253 0.3814882943415425 0.8482171373818632
452 -0.7216517493771262 24.84021685330833 37.377131486174314 0.13563181849149897 0.11800680325029736 0.2879548818082711 0.9406170263407522
453 0.079400789085197 25.57613521873104 37.14652573713525 0.010596526904561742 -0.01921559477750816 0.7202647727852219 0.6933520978691557
454 -0.2718994470713174 26.8058524178991 36.89602700174833 -0.18924456482523716 -0.5099137667732023 0.8380612345828653 0.0427529207039146
455 -1.4763651668352553 27.185252177612796 36.40161885152266 -0.14666216161185422 0.1350587017224514 0.9535281037048857 0.2259059824027445
456 -2.6518878611699934 27.775781676760037 36.00546821552056 -0.10447339585572776 0.604353779964869 0.7872774896078801 0.06352930471255844
457 -3.640973266836303 28.090130686601103 35.66089749111248 -0.070927912621186 -0.6711821960642379 -0.11864637330929106 0.7282902779785962
458 -3.685024028915442 28.34935602837185 35.52858690177222 -0.22442161395596896 0.04577962329718991 0.8498172463578428 0.47471024117132515
459 -4.170038937733252 29.849841129039444 35.04044431291395 -0.08197331281026886 -0.06253775709914368 0.9937698607215494 0.04231865836000585
460 -4.573995531411895 30.405294569852142 34.06622126950133 0.7536179376405633 -0.20666295631929749 -0.6060334595288885 -0.1485727851364379
461 -4.997500829295212 30.6840325863201 33.05736332652165 0.6373850173015266 0.5632743765781427 -0.4868802940165846 0.19851925777707924
462 -5.923737804896522 31.788477075355477 31.85083718269256 0.8704279505008278 0.22939761744543374 -0.3724105473816418 0.2259254308310413
463 -6.606690100674018 32.54492630650058 31.33141114150753 0.8753897529511104 0.2790482109517328 0.3089446137748196 0.24571955968615855
464 -7.097089232169402 33.036091581562395 30.57729511790186 0.43523368987306815 0.7417558146432022 -0.15272724880926436 0.4868719894526966
465 -8.039197199689122 35.6899381210518 27.68384498207131 0.5559975336101431 0.7785665826718894 0.11710238127264787 0.26643545422171094
466 -8.854412473007645 39.05154652637196 27.322863414947072 0.4606376462137618 0.8759261366457939 0.12690973379617268 0.06678533895403128
467 -10.713303748356847 41.70167616985669 28.518535603293273 0.40986342500002554 0.6539078548496617 -0.5482345923619896 0.3222659180720877
468 -13.035730565214937 43.04060821545914 26.52052861500115 0.7545865681854446 0.27681390754661034 -0.4886626931249386 0.3393846550019228
469 -12.699178397976166 44.24052444414516 24.921278907660547 0.5123731068860664 0.7294943211428235 0.15785325846867976 0.4247283644296799
470 -13.536387513885632 47.17948938786951 23.97252927269629 0.4887210879974113 0.8232068181687614 0.2297589956428251 0.17519428240753449
471 -15.001841444599867 49.39936702443865 24.317115577187778 0.35631143547688243 0.8331358377738831 0.10657571390818665 0.4093512598858994
472 -16.242227097518867 51.084867484915065 23.322654879929505 0.31096051418246196 0.5763470644717568 -0.0828251492884569 0.7511774853784638
473 -16.308506566393973 51.59317075405069 22.51521957486861 -0.5683159959269048 0.4970844941749936 0.2485933365975627 0.6067332918372723
474 -16.602220491779082 51.96194390422938 21.508502554660627 -0.5341848320724263 0.057361556499908394 0.83149304745014 0.14133481192452704
475 -17.628313119636406 52.38719914898576 20.239094216315102 -0.6113846722317052 0.14560083734758808 0.7713121841289562 0.10043253127363398
476 -18.054203309407743 52.01064084052942 18.32444973226747 0.7590987365308605 -0.20746301717323626 -0.6139548037451459 -0.06154432273482827
477 -17.78422978700949 50.6659428762908 16.05299734076175 0.8322507651510688 -0.2065649018457007 -0.5021946469461772 -0.11175930301116412
478 -17.383796579952808 48.9331400563405 14.21921041393497 0.9362121668021703 -0.11367326502947014 -0.2507166309325457 -0.21846358626315449
479 -16.960378923116984 47.83591311020257 13.02433578132859 -0.5631877201635754 0.7801065672217999 0.2495792452221492 0.10937795019434304
480 -16.307882865349416 46.207961243578175 11.367349815021138 -0.17910417629280367 0.5653480546014185 0.790727323170618 0.15183402643773455
481 -17.467684551956484 45.939564237891325 10.050994492327511 -0.09504528273810958 0.7380270076334264 0.6222975086659192 0.2429574879296224
482 -17.79805020467408 45.295332581249085 9.216835660853986 0.5770188425363344 0.5802487867904738 0.44126892707279136 0.36829653105376736
483 -18.04039054971774 43.64371607438393 8.407370729347704 0.8386882895482796 -0.11135040875504905 -0.3454296759853904 -0.40605588087514777
484 -18.128350141301883 42.79321343000443 7.966748122273318 -0.5121860287147407 0.6510867794516385 0.5600747212973369 -0.00823311462489115
485 -18.457646522731476 40.48045888442643 7.428416650422982 -0.016868728308724112 0.6938075110084928 0.7085641012780289 -0.12760681037274826
486 -20.21329991955867 40.038680404226106 7.549935109499817 -0.1376609092995723 0.939131683297478 0.28308652685228924 -0.13763420284351305
487 -21.9061255817125 39.318490791575016 7.92590324956717 -0.24172321367939711 0.9339987335229415 -0.2525992847051406 -0.0735517172640977
488 -23.432744866240043 38.6298525326492 8.50605928498001 -0.2859341004405142 0.7617694995009168 -0.5812554096689729 -0.009542985169798842
489 -24.825666297025894 38.01532855165368 9.31167240477009 0.3812635987450159 -0.4840372365391129 0.7874658893514075 -0.015604327078597973
490 -26.097164132172587 37.495158725845016 10.354348093018949 0.5330689282937853 -0.24691783498760128 0.775809249546651 -0.23019363321042102
491 -27.094565250418764 37.05317802641852 11.435565949136791 0.810846427051341 0.035263598503388754 0.37772287712800434 -0.4456567944649885
492 -27.623184826596614 36.949544079190986 11.971210295274556 0.4651715056139464 0.7173638662996014 0.491434376944046 -0.16582161152925567
493 -28.274504223564485 36.98522235869201 12.91868662300364 0.4217841713321421 0.7922531363428258 -0.03323430043234124 0.4396914395839285
494 -28.509019153037084 36.60350027138415 13.801821105322373 0.4262088614109479 0.42851691405250025 0.78508004311626 -0.13553075933630662
495 -29.97525462088162 37.51518645943157 15.07123864763031 0.040104549328202864 -0.3051509031346482 0.940369831878106 0.1448417437510092
496 -28.999876199840163 37.23891957512878 14.921432862684592 -0.0608107170966657 -0.23939968942085618 0.5750438388397909 0.7799451447401816
497 -28.679816206641807 37.942304986930964 15.213962419877497 -0.18836497342008496 -0.2922230178084383 0.8975076441505981 0.2713012593826713
498 -27.759359718742843 37.140903631871005 15.363906644223238 -0.38266539648466974 -0.25122457860436553 0.8875841999522488 0.05145574247269151
499 -28.534879978474045 37.35152910324735 14.701071914900027 -0.3061041599746245 -0.3362259375205223 0.8877670754517829 0.07156802308617718
