# time x y z qx qy qz qw
0 9.186764034270574 13.114002899922305 -0.3972282443593951 -1.2328494616304488e-18 -4.493425531322706e-19 -1.925189004368482e-17 1.0
1 10.183045035731665 13.054468232307348 -0.4730776223989906 -0.054813213877326565 -0.08276964789310969 -0.08570064575715931 0.9913627470754058
2 11.137385005655672 12.905556277464479 -0.21489634468804528 -0.10634236604034636 -0.1916089474675897 -0.03796348130984955 0.9749544022784553
3 12.0187916178491 12.892377279953635 0.09666974489320333 -0.04002489498898733 -0.11017586107550134 -0.003812537934966828 0.9930985610561959
4 12.058983158027594 12.890957462673462 0.12758809666896745 0.012698302129142778 -0.773708030056493 0.028962598882136984 0.6327525623931761
5 11.840717278345243 12.867852113561115 1.2134882071469884 -0.07036909190138124 -0.7000514953664833 0.04039063920975077 0.7094678928636259
6 11.864574236642515 13.086898995411191 2.200063596477208 0.01667166051475494 -0.7858116801309535 0.10273078349764576 0.6096461639569368
7 11.562558921673178 13.178618735331085 3.208819060829496 0.13821512378922224 -0.7777213698181469 0.1285110547534149 0.5996090053445495
8 11.262279053385667 13.070314949526107 4.208571481624797 -0.01977389024792797 -0.7676934206748882 0.1556028809952689 0.621324028621881
9 11.042655207437498 13.23985436192644 5.192697634093239 -0.07214246488606096 -0.7190146962775926 0.12438510657062578 0.6799571137655805
10 10.939145792953267 13.478676751097693 6.227214198290357 0.02879827606715073 -0.778459431251531 0.21862717257401154 0.5876850624300368
11 10.947555956355838 13.468529988734621 6.3011780410127125 0.3504064827049974 -0.3071187065267362 0.7411812656709973 0.48326362205114864
12 10.67644569714844 13.975337759155545 7.227433403361564 0.25629119989893057 -0.4789743761147106 0.6966677143552773 0.4685642577650198
13 10.257600292944781 14.47059399285788 8.159091931291998 0.41067315932767245 -0.39072359173704013 0.6819354335856573 0.4622193153561159
14 9.965681751185722 14.670855838746728 9.1414299694473 0.3857524766655207 -0.2574260578500133 0.5763778457046129 0.6728413115045241
15 10.142145707825485 15.176244874533326 9.8919896442363 0.282453254082696 -0.33116166307765843 0.6038753760558818 0.6677474390509504
16 10.160701549239093 15.787607075132762 10.72356164327876 0.2168565158603848 -0.3625653000030894 0.5529169387373748 0.7181939248001576
17 10.332308988924948 16.373894715569623 11.558327424619042 0.11328021128803997 -0.31976241733913097 0.6695444385062993 0.6607797174953669
18 10.361038281755121 16.34771925998527 11.598204690705616 0.5437953688643683 0.28903401926171973 0.6183009309500591 0.48831331263582367
19 10.336845898090393 17.295302920020095 11.957592483479766 0.656808096277116 0.30289611409147776 0.5157771583316486 0.4591633605553067
20 10.644138836483437 18.16005046222323 12.463221066002669 0.6326572711286521 0.22704035646573253 0.4777701255744833 0.5656263439166378
21 11.097508006134545 18.921971267417195 12.76293928366747 0.6665997725728467 0.19890092484318092 0.4241468652865915 0.5798125576166098
22 11.118369907401606 18.97510293614506 12.765475748410644 0.33639968311417134 0.5029214694407916 -0.05225041248046951 0.7944653190491204
23 11.073103992288045 19.006893189693514 12.780631535675834 0.24334809528622695 -0.14060391242742248 -0.217706408905938 0.9346743624663874
24 11.939841170431702 18.573115814310984 12.918223170432748 0.3216003402408847 -0.0383421084374475 -0.2782019044122776 0.9042714217860145
25 11.952887693421193 18.577543414790203 12.876017865376749 0.3483240171750834 -0.1631806146256556 0.40612265914782014 0.8289190863987322
26 12.696256982835981 19.100134910015193 13.309091780489098 0.30160825361814997 -0.15761248650339352 0.3388769878675725 0.8771277857538367
27 13.470618846466738 19.573330694932366 13.77989386465474 0.29134939676637284 -0.16122011625558236 0.3281125979280114 0.8840055012268523
28 14.153265120048355 20.0424533604448 14.280204850196943 0.21761881963851012 -0.12212071693773825 0.3431775358410216 0.9055151896726188
29 14.982031590522855 20.62540789061131 14.613165238258198 0.27375274864597804 -0.08498970417406637 0.43515125023539003 0.8535101476911412
30 15.483331719177281 21.28403403171827 15.02785751244333 0.19879834539118255 -0.09044900893388926 0.44437663016441553 0.868808152135052
31 15.456130702904623 21.334465091339453 15.105209476732655 0.6347562840781686 -0.5566087713858315 0.20804637188911337 0.49395125527060585
32 15.738826726222632 20.814023369581115 15.908971718935778 0.6812750611904165 -0.5797082596854214 0.1542998530727435 0.41951660276349517
33 16.047546438769892 20.087507849523575 16.65074480865838 0.7210964487028906 -0.5222474107002676 0.08596602486698462 0.4470876829588513
34 16.45274274069972 19.45741064165943 17.208313640990724 0.7394630980372888 -0.5526272497094789 0.04703287418853876 0.3815564941986934
35 16.410797154246772 19.50498418630384 17.226782684766807 0.30577357348244166 -0.30724664851398903 -0.5344245908980435 0.7255979433406342
36 16.613178797880398 18.507244981118735 17.297931152560196 0.2754724076231039 -0.41801090718228634 -0.5008227978675287 0.7060866513758158
37 16.532192492119716 18.37312021124269 17.243593085272032 -0.5031430345328234 0.17953938843409345 0.8355360691125162 -0.12842185177693974
38 16.540872929142868 18.35248403173921 17.223714454044845 -0.4051053409924353 0.7615501144269966 0.4907237810791468 0.12296851873149003
39 15.844251881872193 17.862260792513325 16.594174252314627 -0.372577998625624 0.8318826295072024 0.3902995664307442 0.12970417922442004
40 15.13281799392293 17.291280635944112 16.027333931865044 -0.48760456349221326 0.8038540539432265 0.2768109744460135 0.1985853319025783
41 15.124176780921513 17.266099334449308 16.03045784495204 -0.1732623713734448 0.7247516683768218 -0.5397685610053162 0.3916185266318667
42 14.468556160070593 16.568649564464074 15.66224752949935 -0.08296107098609452 0.755844484228617 -0.5756666284026839 0.30070668317398996
43 13.663401745987693 16.118942718136058 15.390972751354981 -0.014130606859632024 0.7345859944137031 -0.6290192350536786 0.2540050091897692
44 12.773523619260397 15.752525667446632 14.963093774541058 -0.021891210321884753 0.8309242645553913 -0.5535814889307941 0.051314487202841326
45 11.816165558645165 15.66098572795826 14.890611049235138 0.07441492295410854 0.8239167610916175 -0.5234762308408569 0.20395152801262026
46 11.732850260077587 15.67210736621117 14.92582483463717 -0.6069059591270465 0.635307791606596 -0.4272095244340674 -0.21340381658453986
47 11.643615704486887 15.065686195679847 15.716049067128816 0.6299385307957459 -0.6113242688949063 0.4142119541330828 0.24060037974254886
48 11.439185217414922 14.460163616301548 16.552541615062946 0.7061347380683978 -0.5237765307172135 0.4250466782835025 0.21533044105067042
49 11.540809054884802 13.919753861430392 17.437818740679145 0.6838415265611815 -0.5961699082698839 0.2844163266296221 0.30991863475832443
50 11.721629684093292 13.334846809614907 18.189267070143785 -0.5906608159209467 0.6571374116219912 -0.34716695270113473 -0.314269517666858
51 11.693944076108917 13.339531739158847 18.143867616126375 -0.5920332324686826 0.7210036839446747 0.1973672476254083 0.3011586109605063
52 11.578462874551914 12.569367149594212 17.452304136384193 -0.5565589496399397 0.7610703000654249 0.21376933512718643 0.2555715267655856
53 11.345279703703266 11.865497935991433 16.83772764781068 -0.5397783934117529 0.7703321479614904 0.270854830386871 0.20461018713388374
54 11.062252141201395 11.193359956683988 16.21732699204831 -0.550407936483246 0.7531491419478689 0.29922006912037 0.20071079610983886
55 10.766872615428818 10.528664785835332 15.623881638724045 -0.6339353967571923 0.7057087628310863 0.3014215642193299 0.09615661924845004
56 10.82833943999543 10.514995675293912 15.693214195450478 -0.5733530710180713 0.26499186652566037 0.6593232665678382 -0.4078460454530712
57 10.79941198082415 9.635041691983893 15.222514917865315 0.7538100192847738 -0.16068995881569412 -0.5645876243052422 0.2952795394927703
58 11.126638451074331 9.05314943055349 14.502362733997323 0.7174818200167818 -0.11324022957822265 -0.5472256910828974 0.41586119243002617
59 11.43118049396589 8.455092249758524 13.831790471117603 0.6778279357605359 -0.12627497363612042 -0.6026155267159622 0.40181892376623013
60 11.369722836450352 8.388921540741224 13.921963952023287 0.019763453801578172 0.33436128486733857 0.8863164166913838 -0.31977358643115095
61 11.474873128999205 8.428330647777555 13.967111140052168 0.13534676556155725 -0.3491205329390712 0.8562082587447589 -0.35595438498441356
62 10.738392756575653 7.698336194811258 13.939897223633631 0.19660483435966158 -0.39535944404873663 0.8186568979380797 -0.36720339400158697
63 10.029422508792015 7.0147982161396225 13.930391927283264 0.19393254951464428 -0.4676845710465216 0.7521536980990475 -0.42181290008688477
64 10.019418274629693 6.995277309196596 13.910689525572524 0.4333774449703606 -0.0028583269216482894 0.8729517209311697 0.22389978356729293
65 9.540148414494693 7.434693275409465 14.65334683589823 0.5275139310392518 -0.013608016586352677 0.8362097748835992 0.1493220909082834
66 9.582513554167976 7.516905469865581 14.57381301134671 0.42525357946007125 0.516634382423494 0.7253193744795357 -0.16174088245989962
67 9.551585712917534 7.484081329640818 14.446555627483608 -0.7017324519238576 -0.029695754531592705 -0.3470535094769994 0.621484987461024
68 10.350567643893598 7.05794826353886 14.955817799912518 -0.6689253190478988 -0.0021541289131172263 -0.33176595271401066 0.665180900120454
69 11.146988469386052 6.563647050360685 15.37492106669654 -0.630770752929318 -0.08268720504103488 -0.31928731535281724 0.702386427564111
70 11.182504090763654 6.509527669514711 15.401014391746862 0.6845379604326822 0.5998949101646633 -0.24846906682078512 -0.33135630417784834
71 11.1871322855503 7.491125844284212 15.484387344043405 0.6661407630314842 0.6196059342885925 -0.2890787278713095 -0.29795714308352866
72 11.295871331339805 8.399989486274741 15.481036132556405 0.6877789431182374 0.6402667180050321 -0.2367213923662229 -0.24694460434361037
73 11.356078963512026 9.407591012346003 15.49791467472899 0.5973249168147268 0.7636629815350854 -0.13028181447222287 -0.2074811875882956
74 11.149028938066479 10.423360161092535 15.662719241730453 0.5734617745501138 0.7888772355616144 -0.009012925199194244 -0.22075567381576772
75 10.934145281876434 11.241791486060261 16.093655918170075 0.674209870191643 0.7211658178192717 -0.09899268736133024 -0.12474518826075627
76 10.919014650493382 11.24202026493926 16.115238873936498 0.9818635139352674 -0.1063937950170333 -0.07309135734147283 -0.13885983532520813
77 11.943964093846763 11.085106346487622 15.918990108796871 0.9462096434349567 -0.24649448557629558 -0.1320011386853945 -0.162798890158776
78 12.727630989543389 10.708587471200984 15.6919093273655 0.8984053888976818 -0.266834898588611 -0.2336582795434704 -0.2589801198848984
79 13.464167881941258 10.424322257952028 15.1136926094603 0.8867977893248803 -0.34176044107653514 -0.25254729335049925 -0.1816847445027083
80 13.527064072175936 10.482312243396581 15.037542868157685 0.8244180022425488 -0.4265364637265975 0.2579591740087858 0.26806466987411676
81 13.544063345088794 10.466244111055635 15.062985269635366 0.26711722835844537 -0.5494412667541275 -0.15909375762086844 0.7755332726503709
82 13.85399269375715 9.852895421158545 15.84851880202539 0.2183255088371165 -0.40308944331124463 -0.2984274418746608 0.8371343588804554
83 14.399863345919881 9.13773507086354 16.339848476099153 0.1278515422217347 -0.5090990878949692 -0.3288194896614974 0.7850795151287461
84 14.411185593003633 9.161558591951408 16.369369082380576 -0.22983713866070982 -0.3280038154164146 0.3164926271701033 0.8598958097999422
85 14.982415232861376 9.797853602350193 16.691287933838666 -0.23707220993278738 -0.4802245868898853 0.3547288719889558 0.7663866783820467
86 15.326377155372928 10.53337322324443 17.223743864320802 -0.26007182444519095 -0.4208084188282533 0.3284374814724393 0.8046190039621587
87 15.352276310444884 10.490914897104602 17.222092195420572 0.2128505938721815 -0.45227609414263864 -0.45496781900424776 0.7369838824735974
88 15.557597487723063 9.737474579405042 17.666964364364187 0.2242923152291351 -0.48102479412489585 -0.3823527009416896 0.7563825201899176
89 15.76270122385767 8.885423302597609 18.17972434814459 0.28177623045269606 -0.5341138786869954 -0.4004537466218525 0.689174373698213
90 15.880874334163016 8.067304465215138 18.694716543355078 0.2771153702705693 -0.5460183178272535 -0.3432862383026033 0.7121977441335728
91 15.9904040970041 8.040562623627986 18.73837318002247 0.06314255507795635 0.8968157171578471 0.4320400748758405 -0.07124577810763146
92 14.943649487711392 8.076735449901419 18.98271961298952 0.047165382651708415 0.8228144790549434 0.5616342962278286 -0.07292926050312003
93 13.92076902756132 8.049264816755713 19.11568120572709 -0.005704836449663451 0.7218206518484029 0.689277503498998 -0.06195905564498377
94 13.906340574275013 8.104226366472902 19.08361792298399 -0.4500336874005528 0.422642793301051 0.6316569650625857 0.46888402400089346
95 13.807117668922123 8.3211269754364 18.14096391760929 -0.3425704190677374 0.43616491748982184 0.6867598070701935 0.4698581063722995
96 13.563726772957633 8.763159582542798 17.278764912023643 -0.26023654037628463 0.4027693417640612 0.6047836276618614 0.6358384732776764
97 13.477765442002132 9.385887045613634 16.489948201249288 -0.21338075189046174 0.3718172827326731 0.7065595323534776 0.5630223709803978
98 13.181578113852277 9.987889577137748 15.681993865858129 -0.33315094754791286 0.14352884521616205 0.6003418762224053 0.7127408704379209
99 13.46098944355184 10.84200262690746 15.032904201522864 -0.28901914309287 0.3236722359173704 0.48105037030690595 0.7617708053277588
100 13.824929857654391 11.343592047101252 14.313528105890528 -0.36934922613918647 0.33481358828295876 0.47138650116330827 0.7275134203384073
101 13.80993652964 11.260554932813692 14.380182457850132 0.012294746898761916 -0.1700520088328381 0.646973140508983 0.7432071776769621
102 13.990350288847802 12.23494910101558 14.621624057533246 0.035295529779091596 -0.2286950291576998 0.670303499150816 0.7050858304081458
103 13.991562339305439 13.213832341909818 14.986121441866985 0.003351126547972828 -0.2445836035722551 0.7569468594258719 0.6059695395148003
104 13.778246499632534 14.10935619367849 15.303767650924849 0.2440470950394057 -0.15738421522364265 0.7567492307206629 0.585663577495606
105 13.646107853932339 14.896093551448054 15.911916404974418 0.4203935872047457 -0.11299694007293397 0.7644672215000091 0.4754900531276504
106 13.461152894840511 15.53336687419313 16.582015154989556 0.4810873076901602 -0.14441029655075757 0.7285176455918397 0.4657925597203953
107 13.40225767905531 16.112598478303692 17.444916338904523 0.49575439237943386 -0.2242692612529329 0.7220629538200751 0.42726569206313564
108 13.33735214504303 16.484650039723814 18.281086995403378 0.45244848287053785 -0.38472583451787157 0.7376346145918016 0.32120332806289614
109 13.03696023453635 16.63424006205204 19.194341035830774 0.5113369121041605 -0.3267026829513994 0.5929922208337547 0.5293015636693262
110 13.009809603505849 16.625342424022197 19.267073168550443 0.08335308411292602 -0.6199135295294109 0.23374960195675973 0.744392774588999
111 13.100662129687334 16.87350468876107 20.228445653446567 0.02701457995921143 -0.6865750999403135 0.19716518053220305 0.6992930259893059
112 13.02518769239307 17.155384914432624 21.17816842355833 0.1283400584971541 -0.6940762926950612 0.11073197052948214 0.6996608892930095
113 13.089049130342932 17.06771763420898 22.10409467694808 0.11645195317932365 -0.6573168505231164 0.19571072020456373 0.7183806892004427
114 13.170316243364844 17.245548813338324 23.096919362322307 0.236501923326384 -0.720148166160066 0.1451021458272101 0.6359236010053054
115 13.131432804536638 17.098654911994842 23.990370521358738 0.12803905246820535 -0.8278878203980019 0.21853303531610258 0.500450867074104
116 12.737274210750678 17.016054659658156 24.959156071404962 -0.031004359062076155 0.9071754139417183 -0.20302633260245326 -0.36722174000026214
117 11.935719939524251 17.106317366421283 25.592622793107537 -0.054460634011859896 0.9338670466424583 -0.22041659764558394 -0.27630219329687544
118 11.867238052975193 17.091700418663827 25.5959656075501 0.10270575438374394 0.9015732742327518 0.361450705449395 -0.21440743162455045
119 10.908654231693822 17.059967187685697 26.012722206496402 0.10974589443517636 0.8882973087438201 0.41700766098004804 -0.15807700850237172
120 10.035524151296551 17.13705942467546 26.332186673217656 0.029778241109041582 0.8858992005971522 0.4497313765854386 -0.10971577667931408
121 8.95816283731656 17.052453507234816 26.499833971786288 0.06396253694209504 0.9171019071813922 0.39263756520298193 -0.025857844141740072
122 7.970131813245446 17.199661189736805 26.55896551828033 -0.0021381291931967753 0.8854725353674272 0.46311231757375126 0.03822039802255817
123 7.028313769407186 17.20085919625681 26.54755641703205 -0.05232546202835058 0.8654368003763351 0.44037707061514014 0.23312920506517243
124 6.136129708166114 17.337386510287672 26.105405021987266 -0.08384196332705278 0.9271449354700869 0.3097390737564666 0.1934799731396505
125 6.114305930003599 17.309718947977284 26.125295130565668 0.6975010199661997 -0.5462035482379706 -0.1684018333717735 -0.4321976787945388
126 6.535327697791452 16.649478933086915 25.39330070436224 -0.6351736574455052 0.5043736039050681 0.15528933141375456 0.5639564842434055
127 6.852633890948342 16.18113520881275 24.611005869059134 -0.5492599751030557 0.5488693255214141 0.007485830746250513 0.6300792851613972
128 7.25230844025163 15.600493471721204 23.97460471481373 -0.4729908494873626 0.5371616889562167 0.05646249909609884 0.6960955124225056
129 7.656276027931405 15.166080797418479 23.174392695131274 -0.4897721336251951 0.4629872122219771 0.1331419535617459 0.726663139731821
130 8.178067087187022 14.858114860857787 22.37702867874219 -0.5157640664793249 0.3682509651218931 0.16058865791948143 0.7566967274695489
131 8.890188485220413 14.71837972002451 21.703149492521213 -0.3605316071548088 0.31445268465380294 0.31226806145036584 0.8207466887867517
132 9.535663688599701 15.026675685748875 20.923359748790133 -0.426828035439712 0.3756001714988955 0.2173889732722647 0.7934005127502167
133 10.123992226556592 14.989840840384694 20.188149581029226 -0.486523237327969 0.35373214110269063 0.21411852632689038 0.7696245633907611
134 10.790210679993859 14.97487550452351 19.33658621638431 -0.5550418318599746 0.3118986099146536 0.28112994377650286 0.7180625158933245
135 11.488298020724333 15.07734288007418 18.51818391920026 -0.5630666847020328 0.38023472241756257 0.19756709159198876 0.7066432683940205
136 11.409367097146395 15.042514008560406 18.56951037832332 -0.019101202937702403 0.3755738659887367 -0.2654629990379638 0.8877549275415919
137 11.975409258281235 14.597022971769105 17.908444718668058 -0.022071530085674487 0.45749853233751314 -0.27742542404744697 0.8445371954868495
138 12.39783485331969 14.070003995944145 17.149923675983622 -0.05666618018244207 0.47826677796008527 -0.26851959684987337 0.8342344150362002
139 12.40041844020795 14.095276071317183 17.09818817607974 0.45677741483241163 0.15057769033481838 -0.48059678516946513 0.7332854032075271
140 12.893007437470475 13.36721318996684 16.363438834679776 0.43127282368758024 0.24371153650890567 -0.40833496217460846 0.7667274595231809
141 13.393429133703952 12.923616200136523 15.717218584456461 0.45046267375991933 0.14533244830647887 -0.4903150765364842 0.731814856872509
142 13.80263118518176 12.330429587510984 14.964563566243543 0.4760104961763213 0.17586603296108583 -0.5593424523670971 0.6554549312961678
143 14.162000910894905 11.747774654129007 14.159862155783623 0.5038448466938059 -0.07898016673582263 -0.6234789878956855 0.5926014304530902
144 14.373448483012412 10.975341840133645 13.607014336541198 0.48618614418600337 -0.25555565608142977 -0.6164855459912202 0.5641452928370875
145 14.427653597037672 10.984255717309884 13.604110473491053 0.1917092353327882 -0.5173382361509212 -0.03864069267013649 0.8331360125299732
146 14.447169332194173 11.006905448383744 13.56945733170964 0.17393708451169196 0.22691923259204855 0.15062441509010852 0.9463434038921448
147 14.509549438236698 11.022844951321476 13.546077266584248 -0.6136706664468463 0.0928602630660176 0.24719471805944768 0.7440968055632976
148 15.363403417435677 11.21701517630697 13.126610580601126 -0.6535109888450439 -0.046036907383865115 0.1896212591959524 0.7313328713234787
149 16.212961850224794 11.593209870805786 12.969817520218992 -0.6244150265190523 -0.16239647879862212 0.12888194841938447 0.7530754953539806
150 16.275116225909002 11.592437343397187 12.926039978718668 -0.6034227863253777 0.3852883787608119 0.6435206112388934 0.27076748151486746
151 16.35259059534969 11.553303760343459 12.910291546880208 -0.2843486524338668 0.7171857718809925 0.02323794176104056 0.6358068972048192
152 16.24084090633002 11.24853098940793 11.975706501822254 -0.3069135592640963 0.662701302359171 0.1096492855692552 0.6742463089742908
153 16.275515456718324 11.230637822247932 11.929688987571646 0.16338435507341692 0.6169288772568169 -0.37256308092847834 0.6737217998944128
154 16.17483312681099 10.951478390154278 10.93478988992229 0.23148173001554384 0.7203205741200008 -0.31765542289212617 0.5715325987865152
155 15.903851829009506 10.88702581005 10.077012767866629 0.26625786130361456 0.6833419146203397 -0.3105408357887538 0.6047437211949007
156 15.801651284511792 10.892335546040064 8.994673473583264 0.3230334828288027 0.6159367553846775 -0.39094355384885277 0.6028552231188836
157 15.778927673561265 10.79863561443429 7.954007615991311 0.23627737412942781 0.681416050276267 -0.39418298902807264 0.5696182406325214
158 15.449421007422034 10.655940993587867 6.905477769635675 0.16437195286486478 0.7202316367614827 -0.37266999397781014 0.5615739720712181
159 15.184638456312832 10.433432618531986 6.04098709667519 0.1952603882725783 0.7310429007139567 -0.40170737695270864 0.5158302447405932
160 14.812593685830244 10.360606304296502 5.104610780640922 0.06404835969179916 0.8272263983156927 -0.3571637210180053 0.42898527939663567
161 14.2406164499512 10.16290805800329 4.424352835061896 0.15605174486158394 0.7042002292739687 -0.3975123364142932 0.567215860510437
162 14.137356574066821 10.186433395635337 4.445724417918171 0.46370567465040313 0.3776495365781227 0.19086300542989965 0.7784145347933901
163 14.750215828827217 10.843373773337508 3.9982455784646427 0.3205272381583566 0.25888512012777654 0.3099426164519603 0.8568409179549702
164 15.414004378164005 11.472354157948777 3.7177910309976014 0.2790919905090771 0.47211203984512307 0.37102005240548297 0.7493744080097685
165 15.452909016672322 11.337822874568134 3.904570663675334 0.4766365773250098 0.3255215312017084 0.3857599015377353 0.719751765712035
166 15.942938617694622 12.15373304388381 3.802405661264455 0.5277718499115368 0.24223602833995686 0.5253103978699722 0.6219546341211151
167 15.633023172933532 11.294696621700922 3.637039924671039 0.5208249293121954 0.26238561232689134 0.6009755061682359 0.546556149390548
168 15.816459611074082 12.1712282774633 4.011878641683625 0.44871902827200444 0.2691580259882023 0.6843187798290377 0.5078513545182889
169 15.91317376493412 11.208793294095859 3.7187412012914187 0.40414144312800304 0.28271046174973347 0.7634930007766366 0.416920767687045
170 15.896441137546569 11.134192817041145 3.7624358130477984 -0.23611951809543 0.5040244759496446 0.8274282100513218 0.0746288016072477
171 15.868653179569032 11.120730398425152 3.7198598603859203 -0.08916891749363079 0.9300117221916686 0.26854573096471696 0.23454272770590587
172 14.971873552238785 11.132244531121273 3.2413841955786413 -0.16579968635503833 0.8836722718776722 0.3441911273047784 0.27049260212395887
173 14.155263771249823 11.001114187672146 2.6590692096541613 -0.2057639865722742 0.8943590972041405 0.3523451321508606 0.1834009131047951
174 13.198433319370007 10.78281215497751 2.180795797495084 -0.057194949000305716 0.944434523435016 0.2931139044900125 0.1373186358348601
175 13.192634246477418 10.841838862462106 2.0983417719494333 0.22125240799119344 0.5987515156372345 0.20640604161977819 0.7415797600144353
176 13.372841398628651 11.4171385510222 1.3075729361070787 0.26583646956448304 0.4959145641170791 0.3046026732709148 0.7685160557738996
177 13.682084387727667 12.263008382577729 0.7435867131238026 0.24076471273598332 0.4395996573351344 0.521683028394171 0.6903849015277483
178 13.70810007193825 12.103033292487897 0.7315792897387046 0.43218345350246057 0.7736367313593916 0.3790731346969374 -0.2664718164483459
179 13.189333618143255 12.59157640381089 1.4221068998382904 0.48996944231367134 0.7784527518611146 0.2926446879586543 -0.26134334758755523
180 13.525223226975601 12.001110905250936 0.6506055856895374 0.5807302991545079 0.21629518955741975 0.777496002244641 0.10709190964697997
181 13.52037943213776 11.988579665751772 0.5910857658805722 0.11712270936848836 0.5985017739878392 0.45691266705929134 0.6475405100565982
182 13.453461419340464 12.650290689761944 -0.11170285564430295 0.03876587178484831 0.639413640140364 0.4829159173442386 0.5970256449791607
183 13.665525195112181 12.129783013323307 0.6233908989818306 0.4151339761472244 0.8671941738787255 0.09575248311021872 -0.2578168121306632
184 13.103099531076545 12.84596646339378 1.0786202991665368 0.3286386294342644 0.9321761498099653 -0.04168638418873924 -0.145967538659478
185 13.84501493334196 12.253866340009507 0.7623737734085098 0.3987894964838901 0.6224691718203575 0.6506748942145558 0.1735547454444291
186 13.90900284382233 12.266189834070007 0.8049333195283893 -0.13992176410461873 0.6985595577219816 0.6801307728072903 -0.172796342917549
187 13.993488778744384 12.177276324179898 0.752306557535355 0.09223687007871534 0.05151768965583293 0.9532550204546789 -0.28309566126763114
188 14.023791492877022 12.125478481322233 0.6948358349169365 0.2524701792742122 -0.4767780291950658 0.8409577576207167 -0.0416121298620059
189 13.156661955162429 11.85707951393268 1.0408139367551954 0.2536185495230966 -0.5013675166743354 0.790590985448154 -0.24346280678930768
190 13.074509567027452 11.834462607230845 1.0207560642272162 -0.06835157365783881 0.14758781651963476 0.9270371125603779 -0.3378580925909293
191 12.357990380118723 11.20871967081291 1.0183747215949068 -0.0993438082846597 0.187574334378845 0.9188444956810202 -0.3326732174289447
192 12.277157406840578 11.31548304102256 0.8797546955869066 0.6108984395704764 0.4542653330199181 0.6413040321692499 -0.09578748389075584
193 11.974020382467401 11.78101775776079 1.7630111780412725 0.5267223812186077 0.4562582221772286 0.715610544477802 -0.047890671860584946
194 11.580973403728416 12.195694217428251 2.5694442743362496 0.6033956448876053 0.47293446138410583 0.6400457412908562 0.05087376555195451
195 11.566901527069678 12.151309165143804 2.539505161186838 0.34783013950681 -0.03884084342214123 0.7929801768852173 0.498686296182299
196 11.318961616869775 12.943845945263664 3.1955153653793382 0.3084831039186043 -0.1335259173365083 0.8152669583943284 0.4715387476620009
197 10.970232343268941 13.696965890657161 3.870543567261825 0.28100249994813903 0.01764604679529228 0.7970503180381251 0.5342630462335196
198 10.609638033607931 14.536886068544275 4.379304045317498 0.24219459777783217 0.051442756385229875 0.8201411235019409 0.5158138784132322
199 10.33890923684378 15.379962371855827 4.6747333827644635 0.3159651396635264 0.1201248584899174 0.8318915396005014 0.4401051183879746
200 9.96017663515063 16.189546485614482 5.127507991627515 0.3357149648687988 0.04888833315962022 0.8421455065787634 0.4191614712652077
201 9.476187436914563 16.88958880438258 5.653562890775534 0.4548234156858238 0.15454532097914941 0.7232497215383191 0.4961463943253809
202 9.487879976861707 16.89295972580514 5.662491154231455 0.8611427097521984 -0.2149240961188297 0.22638114619990393 0.40123863596787757
203 10.249309630012457 16.67871625263591 6.236391179953354 0.8701706747925452 -0.2727156068690294 0.183152148350017 0.36726623184812013
204 11.034525691802509 16.348808559767726 6.705030512302098 0.831670547148535 -0.2812549224964751 0.2534034666206395 0.4062098628563823
205 11.75332836666183 16.140480226958065 7.367371555992785 0.8651129317908163 -0.2311278991350293 0.2751205121851314 0.349954587432023
206 11.68168980033671 16.099468315160973 7.338124729036236 0.7116967251307545 -0.06437044966960473 0.5974485910942633 -0.36386728026434606
207 11.999583379994263 15.50359310505484 8.125803105999854 0.7418059112713371 -0.0816828435487582 0.47245926696318424 -0.4688647396993094
208 12.065079757917843 15.515920859549457 8.13633096734584 0.8796349334993795 -0.40640725732921956 0.062325921550416545 0.23914640800266154
209 12.704928834237428 14.869959532528421 8.442607866490453 0.8944517731762274 -0.22841057204770115 0.027527265102637137 0.3834408503468482
210 13.620829761001195 14.492295402503064 8.58876243501233 0.8446890460256977 -0.1463577120615555 -0.04948626351589077 0.5124753119590663
211 13.645926398364834 14.533439572035638 8.70199782505999 -0.45313924208295536 0.6654304040598772 -0.33339272226884675 -0.4906286756553893
212 13.484319210485774 14.231602908693391 9.60767527946423 0.44347298654557177 -0.6670879678439249 0.3180751503822984 0.507103098069314
213 13.390541621671211 14.003013451010567 10.567288507642573 -0.437143248793308 0.6216132509573898 -0.4298846356810331 -0.4875468657206228
214 13.28210229595151 13.76577464243303 11.628857211705405 -0.5204000600594754 0.6372991130279893 -0.3112113278467521 -0.475585037026707
215 13.208078851381757 13.376759043404212 12.53619260088173 -0.49010107380367895 0.6105641013297562 -0.3985805746121927 -0.47764625107466563
216 13.04047876742143 13.074904096198686 13.43546737546161 -0.530365044020609 0.5859435516468939 -0.3630511378302197 -0.49353515141742876
217 13.066460878566613 12.83923194180677 14.391582798997675 -0.541783289393165 0.6652346116571927 -0.229054830351102 -0.4598561334596443
218 13.018482713687812 12.3502090256088 15.1735988903027 -0.4510385258612224 0.7442378557255048 -0.3192168493028815 -0.37519976734425053
219 12.75398039749739 11.89608146700657 15.953054290421335 -0.5096044541614574 0.6626950946336729 -0.4176711975798863 -0.3559343795694006
220 12.544729208165318 11.541966531120014 16.86762055187653 -0.5368339084928062 0.6743374793532345 -0.39453308627173245 -0.3184681498498164
221 12.317976301541467 11.102367201819263 17.78125556140314 -0.45572089416205763 0.7529053525493262 -0.35739336973929714 -0.31260514390057603
222 12.289281876096851 11.09778067490274 17.83099530272206 0.22191548182293716 0.8394861881230563 -0.49599963878930053 -0.0009039904856951739
223 11.358519842170736 11.542734455177566 17.597869990550617 0.1335263993699638 0.7645360502529297 -0.6283340311830965 0.05340106545886996
224 10.428370620014963 11.757184107618494 17.35868330719523 0.1387458872788341 0.8413792474903207 -0.5022266176287897 0.14352339600558725
225 9.419168892518794 11.850784889609933 17.0451183547648 0.02589939363082152 0.9008775077680743 -0.43166309492253707 0.0376285780894807
226 8.401937137918079 11.877558635293965 17.00199704703631 0.09412456555759852 0.9240067769159959 -0.35697024482187323 0.09962071412973618
227 8.368073037718585 11.894752217671702 17.044123073891818 -0.21181261864277737 -0.6650391965253445 0.2374061260254962 0.6756453307721295
228 8.367553595040302 11.878596066346633 17.026026720811103 0.38736961345239906 -0.656918280837672 -0.14833696145673728 0.629602494230129
229 8.465103253100597 11.256468250250085 17.775827548797047 0.39951558450206714 -0.6115118357147823 -0.1431310583831616 0.6677979280042918
230 8.726112738092297 10.543278493300768 18.481428644178138 0.38353956546568824 -0.4873599623355454 -0.24339192332821524 0.745746632907772
231 8.71160099195019 10.448511478184223 18.60376329657122 0.7395505488540737 -0.543834429633001 0.26296980166169315 0.29691073111188987
232 9.006424006860819 9.714377623034151 19.31310189324497 0.7185283933115851 -0.5814044880251751 0.3500113113778896 0.15224273781296255
233 9.079257550830578 8.969048435183637 19.98892315370897 0.8137908761978032 -0.548131793129227 0.19296838562265825 -0.007690860051721488
234 9.444302469526061 8.09384827990149 20.315606721749898 0.756411581091679 -0.6095754777468364 0.2094740659102214 0.11126487599931485
235 9.576527165874428 7.251697090095271 20.7360960002028 0.7080385962789991 -0.6798483187505103 0.18450259793171309 -0.04946110621304179
236 9.669486864918179 6.254549874648888 21.02083838694669 0.7027987753274603 -0.6963617110604963 0.09288459193896156 0.11192274722974221
237 9.664922475228062 5.249791163094481 21.37608213781245 0.7137766178943297 -0.6724634362384888 0.033544489398413306 0.19284873320988175
238 9.758585308439338 4.2707943323060125 21.687143895934483 0.7414397083736237 -0.665933151817524 -0.03763369160457085 0.07337507351564698
239 9.8569012981325 3.311838168639703 21.77109614004167 -0.6592824333605543 0.744832874369979 -0.05280857499285764 -0.08821517288519702
240 9.707926388712753 2.342530480706104 21.957748853512484 -0.6624487635908 0.7284718225086494 -0.06142272755719479 -0.16345546172392605
241 9.614240716509078 1.365836056778 22.379228779649615 -0.665386131640253 0.7191836379617622 -0.02230102903534031 -0.198843795007211
242 9.527801836267619 0.49339578872447587 22.715784872442434 -0.604166083868928 0.7935237039678579 -0.031469022362817824 -0.06567476665465447
243 9.209809693983201 -0.543142889698216 22.85508405165278 -0.5082301785112617 0.8052475047507279 -0.10810594471406902 -0.28564251514894645
244 8.813114842648721 -1.3127335060148304 23.40844166158995 -0.3751343896961372 0.9049946670537351 -0.0836866714182317 -0.1823605859239949
245 8.186022827233849 -1.9101134580180126 23.793808263079715 -0.5253904004457912 0.8320541569200605 -0.029437197598620825 -0.1754544341673888
246 7.76519512617492 -2.8170662662907504 24.140545092559563 -0.56171426671038 0.8192766299034012 -0.08369101248644814 -0.07911195040661385
247 7.40179610863115 -3.7120529781276352 24.29921732766185 -0.5912134663797071 0.794859746910738 -0.11883609935689164 -0.06739882344616657
248 7.587181942178783 -3.1313654002153264 24.16454991622259 -0.6739332046312037 -0.1969182280161846 0.4973493058853026 0.5095889668211909
249 7.915185461337755 -2.363628451812885 23.751482339137652 0.6601070281486637 0.055922590686072825 -0.5731070670382138 -0.4823688059468123
250 8.300940224958174 -1.8177964825300792 23.05353414829887 0.719709931986066 0.07762693628246628 -0.5010890044443803 -0.47423779076424305
251 8.784195650990693 -1.1922460024679675 22.465671347020745 -0.5882441059070402 -0.166915770657169 0.47178060832278285 0.6352409424636725
252 9.245385019288918 -0.49684897784435295 22.129629501488118 -0.47863944042137985 -0.10014351954175871 0.5675234987717704 0.662414250985549
253 9.631420224973908 0.3556617598404712 21.691433616790157 -0.4630120620600535 -0.1789172921594272 0.5083954666668092 0.7036636145388452
254 10.053900096473242 1.2014646079747033 21.50497697596342 -0.5602154879265177 -0.04402209725592748 0.49503632370790773 0.6626912556011304
255 10.62545951646107 1.910600570512825 21.099035370664176 -0.6116228075051469 -0.02543980291532559 0.4114366872173276 0.6752704718694448
256 10.692955238378563 1.8030431149681847 21.086306881326788 -0.3988151793849517 -0.4628279139469497 -0.153482519258904 0.7766465676519816
257 11.17952154708983 1.9060007214143988 21.932274946295557 -0.37713422496040655 -0.577016846355546 -0.11495293384606836 0.7152671937014833
258 11.159686034345846 1.9265727367790935 21.8868476758682 0.24585043360710665 -0.370062876485437 0.29309886066066626 0.8465837759028585
259 11.75963872551871 2.224503108902634 22.64599040789462 0.16490463716586048 -0.21004014756984304 0.278057328526487 0.9226991487493351
260 12.480137989387035 2.7827674575461425 23.138822026585274 0.14924969743364117 -0.22793977823079964 0.33540061854730935 0.9018172821553947
261 12.523578834365258 2.8708282329819976 23.14638795103262 0.131364611102359 -0.10276687489501336 -0.4314645017489685 0.8865780800948967
262 13.118346170666817 2.0673549860606006 23.22485991316885 0.1982597495645006 -0.18001663523457356 -0.48714986798425725 0.8312473090869917
263 13.658060040160233 1.1599406320283658 23.33150920782089 0.2390948634032526 -0.06202783374660674 -0.5638055334283452 0.788105014963401
264 14.00052063594658 0.21761781728966426 23.18231332570648 0.2889856888770344 -0.09534030001492601 -0.6003609774887404 0.7395702776113261
265 14.056339919667879 0.11483682177193774 23.1394433753612 0.04012614810712259 -0.11501429093399514 0.24908472335515153 0.9607905108347622
266 14.952192367662594 0.5775495773419904 23.398192783181745 -0.0004292121121586436 -0.11517950492110925 0.26844500476813277 0.9563842202996284
267 15.71051581409312 1.055660286344462 23.75538951725159 -0.007883546862160338 -0.08616961883374535 0.22856758302542274 0.969674948871443
268 16.552165522631235 1.4341609212305995 23.962620559550167 -0.02641561084108181 -0.05927035402056768 0.12363476241203433 0.9902038609102113
269 17.518165243661034 1.6665021156853044 24.10814845065008 -0.010494295139870052 0.02371134303888253 0.08741145533253593 0.9958347651380011
270 18.453100833948326 1.8792941006683646 23.994508609944628 0.11487957105487516 0.009040781015851923 0.014257904733165716 0.9932359541345104
271 19.41396050694556 1.9464112658205093 24.023551870930113 0.1005677432984484 0.13761078973435567 -0.10674357935569291 0.9795688887581513
272 20.378484676192688 1.734425169917883 23.703755209776325 0.17846951250852744 0.20570320075886428 -0.2652571505890333 0.9249180884618453
273 21.15708183754609 1.3522428564942617 23.256445049619856 0.2412751058282592 0.20999458892524495 -0.37764465897880234 0.8689494274550527
274 21.819079435410956 0.8159297001679671 22.70580607127699 0.25654128433046425 0.23348492990887248 -0.26911014168671765 0.8984715290875274
275 21.789240035967342 0.7375557276584378 22.700319666647946 -0.0012547144599008376 -0.5012943002423433 -0.30000000309785807 0.8116048597547014
276 22.131848779846205 0.27197140080729454 23.58086956452966 -0.11649030800098407 -0.4947634021661625 -0.3645136615379483 0.7802364863110404
277 22.29553006925921 -0.176196575283149 24.483040399330697 0.014230291021791025 -0.37824005253523874 -0.27860850276405663 0.8826716624335154
278 22.280160519189376 -0.19245511904042123 24.435406034452072 -0.32414506360158146 0.1445430690460639 0.8008730835583598 -0.4823272571244505
279 21.871047444136433 -1.038471764669419 23.948731297570266 -0.3388428214438479 0.10928013136116219 0.8108793669995078 -0.46445456981295513
280 21.92627349447858 -1.0825337987770487 23.969316390600014 0.26041367411894945 0.3422159988274681 0.8459147414706102 -0.31543807417795744
281 21.25719352886398 -1.3724853820626641 24.70578997555529 0.20798760329263236 0.4600340875873062 0.810438070174573 -0.2971530406137801
282 20.43538996665645 -1.6380281841854036 25.29143290752893 0.31400594903752715 0.368935133992605 0.873359667877013 -0.05029931809333136
283 19.635032869955015 -1.5031692883893042 25.81363330975264 0.24353463550689533 0.35580958695206716 0.9018511361510466 0.02747630551201257
284 19.627014556968984 -1.439884479942315 25.918167967670012 0.2762871994463912 -0.448715709752659 0.8160804821605276 0.2373441422910581
285 18.9295624790524 -1.2736350345420573 26.591506644419447 0.49745125448320227 -0.4145144058985134 0.7551639964327793 0.10221250025003843
286 18.42454416621913 -1.5292660683099997 27.37597871736508 0.5002758218267085 -0.35508291933076935 0.7891201132326087 0.030490480266874596
287 17.866513903465957 -1.8755115546975276 28.154313316709242 0.5847941003608974 -0.32768198323113185 0.7360859927817258 0.09390308450387518
288 17.514334072219192 -2.1044615572914185 29.167362409273952 0.5667703294827667 -0.2514965542713404 0.7535248167929999 0.21845188780304603
289 17.233061019312228 -2.138351130868318 30.076690537880644 0.6005499535665397 -0.18137409225891363 0.7342535651665971 0.25945113984838014
290 17.14846117328971 -2.0185697517000274 31.140616661257752 0.615383210081104 -0.18480789039439563 0.7071304461293466 0.2951543334514336
291 17.161132665337664 -1.9109405270717004 32.163255177083116 0.6080870759235129 -0.2357774263010715 0.731017914153833 0.20062881779000227
292 17.234396343511442 -1.9369311659334305 32.215747400317106 0.6081792671219131 0.2712715824110059 0.3436836667579783 0.662126305792991
293 17.252008148292667 -1.919934442723204 32.3042417093063 0.6309506931264435 -0.2693745579832215 -0.17577419985614706 0.7060042500010437
294 18.06958820439701 -2.4755370147098406 32.412010789383764 0.673763711171733 -0.28581669899905465 -0.28069038197614293 0.6209381495346088
295 18.69554143358037 -3.267688574801372 32.385414513715 0.7930524047131289 -0.13771893891711082 -0.08922101632287222 0.5866353104685942
296 19.702688377970414 -3.588646703608006 32.43215340960678 0.7773842569503446 -0.15570513183490042 -0.03928536742380865 0.608182775876146
297 20.652671336655537 -3.893933961866715 32.458532101875115 0.7921681292732483 -0.1259527694021798 -0.19474783731230244 0.5645164609697626
298 21.575739208553756 -4.351887335515308 32.25421066517166 0.8390065577640198 -0.0703346341087975 -0.20450461469775572 0.49929840560638195
299 22.465859893891885 -4.6974781430771335 31.989794778887568 0.7999647246825761 -0.25932818362374105 -0.1180078993065124 0.5280903977002495
300 21.569489248093504 -4.228998038644625 31.846443970843477 0.07510789882302694 0.6335531366906085 0.6881970624914282 0.3454765255441407
301 20.82964833052312 -3.7104816004851515 31.44003628371518 -0.06210470694012326 0.6930905218638129 0.5603979877604127 0.4491354241122714
302 20.269278881968305 -3.244869595249767 30.733710017299714 -0.0714649374164022 0.6149598856306494 0.559925045815089 0.5506369446869485
303 20.20155651740042 -3.2499963014610467 30.755633803130507 0.4719565899936862 0.08568580445216692 0.5244724291638595 0.7034512002433985
304 20.649304261813082 -2.4856619609026533 31.214944795945325 0.5164776829858871 0.10838368732557468 0.57691826928331 0.6234333082747454
305 21.019651409290184 -1.5978654973045163 31.738169750725525 0.5082178870791256 0.1262746230111062 0.6036817333964891 0.6011136860857894
306 21.351874781616406 -0.715867620165092 32.15410061078633 0.42712445374899244 0.09725531108121349 0.5821453002125562 0.6849912079118644
307 21.668515859828695 0.1656350785081275 32.511420886007414 0.4364087795917171 0.22992999046402723 0.5273527663864624 0.6917937816755991
308 22.004571442900037 1.070545880063294 32.55242946770267 0.5300620705508425 0.2046266726684916 0.6273334792077663 0.532555003789336
309 22.03959940435741 1.0449667849102835 32.51700756397057 0.7635733563611053 0.6028686680160781 0.1852078672029748 -0.1385754108999209
310 22.30571610127119 1.8602328529783105 33.015871185398694 0.8685839505302693 0.47240731456102747 0.0232574750831307 -0.14782536955214132
311 22.887600505213097 2.617094856761683 33.18208131579078 0.8131724880233541 0.5222341019525637 0.03918203088222598 -0.25394254455615
312 22.428611591196102 1.7921074492540565 32.90000989390967 -0.44191812053688334 -0.3819505007428064 0.4194925358620933 0.694872795610433
313 22.534720438552434 1.8608829078788331 32.87565944007914 -0.15168455473581582 -0.5982873227072014 -0.0796892987231451 0.7827475269915963
314 22.890612001568126 1.882374063970809 33.76489980297781 -0.1244959560521602 -0.5217277158527286 -0.07430609150111708 0.8407018212205686
315 23.356961307162592 1.854930776178666 34.60571890472003 -0.05395334749654385 -0.48995480449787726 -0.14654075353244747 0.8576474412003493
316 23.784864578068753 1.670935263700979 35.430477367954886 -0.035212132126349716 -0.4634178270354996 -0.04240590842114523 0.8844239720110427
317 24.38378647200905 1.6393370119052808 36.29050714355441 -0.02544693985958242 -0.47862115111066766 -0.10704026063898946 0.8711008148105588
318 24.940017718376517 1.4276705518124724 37.11909391958901 -0.037952939491436105 -0.4749863176045284 -0.0600634070997727 0.8771202651860328
319 24.944907456199036 1.4871531880354134 37.245062949460035 -0.6676812871931445 -0.29883931837574085 -0.24593820021523063 0.6359333001185918
320 24.931191869805076 1.5467677878211126 37.25122834538829 -0.718256912335535 0.3120600693145339 0.15088217026291598 0.6032910505870162
321 24.908471156999504 1.5352741475040006 37.23891564480656 0.6270792692818564 -0.6096288962901852 0.4841624958722466 -0.02666226613962687
322 24.920705941952683 1.5457712990058876 37.37472389003067 0.4770648946371353 -0.05930877211539219 0.7560456562173162 -0.44416947392853456
323 24.774246310798446 0.8336550215817905 38.132508937927355 0.5493419191384964 0.07954585937362255 0.7064030062727354 -0.43919324318867564
324 24.69244614845225 0.25959756954762675 38.922972442299255 0.5719019492230614 0.0837350698941589 0.6755652793785246 -0.45774245143191494
325 24.790402327793313 -0.31712534354558636 39.85543318097225 0.6143442975553837 0.05517662215629553 0.672386272706266 -0.4091861736481064
326 24.919440889261715 -0.8168259133256291 40.75236356097036 0.7005516853473165 0.07265944259254453 0.6419264350742657 -0.30311448911594485
327 25.055006317340755 -1.1346067653493808 41.67666995803993 0.6380736823352043 0.11312991794284878 0.6822360267241121 -0.3385522137235756
328 25.047860249217077 -1.1137881193155412 41.55955257158485 0.8732721690560357 0.43673359415154 0.018792016347420257 -0.2151890950146947
329 25.64501971462977 -0.32714270211028784 41.735392903562875 0.9052605513699907 0.35550301704197745 -0.07668783515687505 -0.21963586898843318
330 25.72840519064173 -0.360617201238761 41.77447218687692 0.3707365227689641 0.9230104227019704 0.019647173090599587 -0.10109490025839714
331 24.999556165175406 0.32480926032231977 41.9512586570669 0.3970161004108907 0.9012914439202718 -0.029594560275265063 -0.17081016109340574
332 24.373552617964016 1.0368307181181504 42.279796997420505 0.4174010997453176 0.8783169739434273 -0.025818686643583444 -0.23166573038380334
333 24.43093408175643 1.0214353469165467 42.27463380898019 0.8753757885532593 0.4217582674744215 -0.1915093716726355 -0.13842453970769278
334 25.02843248093719 1.8979700263266717 42.005163415767036 0.9119425430984153 0.37501128756967855 -0.09569178435802898 -0.1362733087912074
335 25.759617274740894 2.6046749519187604 41.86113234224708 0.9176092477422528 0.36095007800749035 -0.1653787683279653 -0.01892544928420169
336 26.39508063676365 3.28945272502428 41.58635517534063 0.9291513976968764 0.3656725074544098 -0.04273405478743221 -0.033691215641036346
337 27.060687716422944 3.98725235120784 41.49104187719564 0.9648599354510355 0.20851966649814604 -0.08191774343661072 -0.1373110955282908
338 27.08573388928137 3.9720300209821215 41.568745447352335 0.6827036319289378 0.10668696721297458 0.6358910939597909 -0.34376759387783457
339 27.241692057210596 3.669923581997427 42.57700687861932 0.7245513202521496 0.22651273261838148 0.6119771872543811 -0.22181363475412635
340 27.481137378314212 3.725750381412665 43.61826396881679 0.7633847716067319 0.24238052194275664 0.5562132584154722 -0.2216352504105301
341 27.764843603428112 3.9152414150385417 44.56869696900369 0.8281641932617261 0.231838917213516 0.5046585215052739 -0.07559472294102561
342 28.141030792792076 4.16602579610753 45.46986512708722 0.7690016543552769 0.26988610055218665 0.5679993930770274 -0.11478082501755782
343 28.112336119429827 4.171537474875148 45.50418955850254 0.12647550051199236 0.21818462282816825 0.944099720251718 -0.21230905857310695
344 27.30936763759635 3.806476148855763 45.83171966689768 0.04740704475819272 0.18469998382767958 0.9703299682603223 -0.14865477044909078
345 27.361999477073365 3.8625476254897197 45.74738074565888 -0.07457765677742793 0.2406627600575962 0.7457504180611642 0.6167462387340896
346 27.121226639637698 4.726540047419122 45.28781964198296 -0.07934434630939066 0.0958753733352749 0.7368093204853868 0.6645482772097298
347 27.15958551521052 4.8071147104603 45.289436910820854 0.3287836031346122 0.6095542525759863 0.48997571296257275 0.5294041520267599
348 26.951398381182894 5.655389869266604 45.05945436616153 0.4038346327163276 0.6858537096134282 0.3766663498528332 0.4739670234487958
349 26.771093017928294 6.570059927542535 44.68770512024916 0.44291410338177695 0.7098745569250119 0.42821513839838177 0.3413751685499245
350 26.368885139969198 7.529243608057866 44.62189670861036 0.46911734267515187 0.7639400033675169 0.33578551966293546 0.2890893890147732
351 25.96199547587311 8.455701490626538 44.50297549262358 0.5477764684776785 0.7533369068465278 0.1662905930484123 0.323684852949032
352 25.700231497625275 9.504075400542781 44.20717729731508 0.5589694478946818 0.7298345688065239 0.09880269682962317 0.380962840175395
353 25.544159767513456 10.488162495703758 43.81235281010679 0.585068538858306 0.7159135545168459 0.08203412198377563 0.37206584111903257
354 25.46963261450076 11.262179397949081 43.29740856065087 0.6740906441622009 0.6904667193063695 0.056252569438246504 0.25630677208158914
355 25.425140533206264 11.287538642230217 43.37706382411484 0.4782499160772134 0.3697292152485172 -0.3235155946912585 0.7279525981514288
356 25.93648923677176 11.183144760623978 42.555658585579 0.5424589561928693 0.34991226406945336 -0.21025990937503694 0.7342277976279116
357 26.573599881779405 11.282406333770552 41.807545687103975 0.3935734338085939 0.24252396131917453 -0.2640968981093767 0.8464838502860959
358 25.763576521508547 11.541096647112663 42.46388115364239 -0.2157583836144068 0.8507491376748846 -0.19049932776545353 0.4397547393336988
359 25.29217765846443 10.93230089664747 41.81116534848269 -0.38075187063450916 0.7893227105153647 -0.23868224970845292 0.4183640225295572
360 24.901211077951302 10.146825159919041 41.370483970300675 -0.28054359963319087 0.8487307773843789 -0.18642414599121598 0.4076731460579737
361 24.384182683294988 9.465685400984999 40.78985950439621 -0.1801049130631624 0.8794840008296266 -0.25096928055594464 0.3620559801915388
362 23.782906394940287 8.9558113015806 40.26646412697687 -0.22400455182553014 0.8727746311966009 -0.30208799059183045 0.3111739864469248
363 23.11640901291262 8.394796476793355 39.851456292315056 -0.12416227293862353 0.8167894493308785 -0.48134089552255904 0.2928304419591929
364 22.310867215757476 7.875607102214874 39.54038577398871 -0.02583388655207479 0.841911923522154 -0.47345903081736307 0.25759167198169464
365 21.302194272494905 7.55111530949289 39.16849954506917 -0.12833722762906427 0.8317713879986829 -0.46373225960737846 0.2768362431306019
366 20.472825661634914 7.123496211017054 38.8613388905254 -0.20693447462480272 0.8337017128003774 -0.4450706225668216 0.253044893671965
367 19.734976155730262 6.497400908484527 38.576223626116835 -0.14736001612635347 0.886063174933136 -0.40548206309916 0.16959178099041494
368 18.756318193160748 6.19049777077205 38.46348682714474 -0.03560862530986288 0.847690066864882 -0.3448861626325218 0.40150605371123316
369 19.486394876129417 6.520707531582031 39.05245610263553 -0.1329037138480662 0.8525627641201544 0.3896358541271544 0.3219584402679894
370 19.426876112468722 6.499494057411671 39.08350034182689 0.7872687660056232 -0.47358456920993186 -0.03846008887031968 -0.39299665067569434
371 19.939400973426604 5.806421188432961 38.7140554067048 0.8443139233924228 -0.3763224750434125 -0.09568220553037765 -0.3692699677576515
372 19.297993529077353 6.304080422633378 39.1569226637408 -0.007671646177647462 0.8176539992571934 -0.23079427728164084 0.5273680734721139
373 18.914846410903696 6.0080484662940155 38.28795030317551 -0.11520989157715679 0.8859757584071536 -0.14203392643298626 0.42614551521713584
374 19.517841643816972 6.406628297295638 38.990069068968 -0.38068765226495677 0.6734398652720673 0.5361309127335667 0.33781548763608943
375 19.499231249167057 6.436914468822655 39.07417837848934 0.1847591868568141 0.3295340134989537 0.6138773012380725 0.6931277197197796
376 19.453087964122272 6.386805300524694 39.05665513605491 -0.4192386553197426 -0.28918587200814694 0.5545415904887951 0.6580988571139896
377 19.487002214813327 6.4395845985563 39.087003122701866 0.8076553123535283 0.5362625845022722 -0.17058798428190544 -0.17611097781996637
378 19.989103733861214 7.407292632312698 39.03204349418694 0.831896336441426 0.5267185830808974 -0.15014700216893367 -0.08928548253925736
379 20.344025407131866 8.370948902769626 38.822595871760264 0.9210199149083387 0.38667646181784426 0.04471140178265998 -0.014301075795183641
380 21.119320965924356 9.06906953983317 38.966372313380184 0.929900149521634 0.3535501670570779 0.024473045646862184 0.0984330296715571
381 21.852157338309937 9.752070203669991 39.13640452046902 0.9540062883493667 0.26138532724407465 -0.09572859107386997 0.11129128152009411
382 21.911339891754093 9.81210629507988 39.05970071597229 0.7154212381116838 0.27136850455824996 0.6399314634093434 -0.07084708131843642
383 22.001342696282634 10.069305510254459 39.998240305636784 0.6450491481427741 0.19367516251761904 0.7213241450740681 -0.16153329575421957
384 21.85667914772015 10.064254412187417 40.968996091185716 0.7100179159939078 0.2312397703367211 0.6535496201043688 -0.12359458581881419
385 21.88648799727533 10.20402022451168 41.90398740806275 0.6553636336261284 0.26266876851248033 0.6991959057246981 -0.11237753862010837
386 21.692157251235923 10.323972393957316 42.918085571719786 0.535699344639888 0.29010839235346986 0.7440106353668174 -0.2744294213446225
387 21.648609299156426 10.334128296223223 42.94963974088483 0.008818759706888562 -0.7875975118194056 -0.08263341448583401 0.6105604864905078
388 21.40668583934293 10.21033717756127 43.90698257435954 0.008205387004396705 -0.7249404087579813 -0.20078361696547664 0.65884748958479
389 21.30636763835771 9.919322575650767 44.83141405580681 0.163757837757469 -0.7091431534298203 -0.18218509492232166 0.6611413991762681
390 21.33543021472793 9.480848606357133 45.69151129284079 0.22741391253550397 -0.6609795798900664 -0.25920517627010775 0.6664844964051508
391 21.352848652817862 8.812627726219047 46.418326888983984 0.24322091331599632 -0.6437789595542084 -0.19362935127490907 0.6992137819622058
392 21.480759040601107 8.123128305011482 47.188479155704506 0.2585917404882398 -0.7420323604838654 -0.22865578531699177 0.574660612524536
393 21.210964197371386 7.485351852224845 48.05501738876539 -0.22604683137084922 0.7782028224458988 0.39453541281993887 -0.43318010710954474
394 20.694861587978757 6.753381911077322 48.525464010947964 0.3065363166823992 -0.6902697344377956 -0.41935380891241547 0.5036919328563938
395 20.693683797091133 6.725925629943837 48.46451144386246 -0.1454725654677146 -0.4289858469252262 -0.7322528349278428 0.5085417009196246
396 20.238110863660626 6.059684402242396 49.25910287313872 0.20985905009688946 0.4666412120256901 0.7050813866470075 -0.4909841102678976
397 20.188125316565586 6.011781550751408 49.27225587017267 -0.46225336647930676 -0.08797671134476173 -0.03211613884594102 0.8817882268805456
398 20.179122741247916 5.890578202317969 49.32714765066072 0.9440181305786832 0.033500067655403046 0.24564327824382579 -0.21763936789891292
399 21.11425633110281 5.858359404342499 49.761890131662774 0.9726619154005575 -0.1342141945560429 0.1724994679842302 -0.07848109233534618
400 20.304698190520334 6.101981328567296 49.36064327894661 0.2633016257616803 0.6129765206995621 -0.07527751466839402 0.7411243719698236
401 20.576938155158793 6.328600444015043 48.46911625212387 0.26208742530488505 0.5592343315250305 0.021894210939728518 0.786185593526195
402 20.948725204133485 6.68416906109608 47.520666156883046 0.23777107026928448 0.4568949912391442 -0.09230431503676158 0.8521688791250099
403 21.4804610780013 6.712369945495947 46.717842408912645 0.17318933883148774 0.4810666426166513 -0.12493093005508561 0.8502779551371579
404 21.588445682043155 6.665493218878809 46.67719422785828 0.2823508966751675 0.9452023232451982 -0.11137407272138873 0.12027616224364698
405 20.784062576930662 7.180550391568143 46.4564416259312 0.3127907057886126 0.9154889806146187 -0.2383083463838756 0.08515299636096767
406 20.026066515545907 7.70952376265984 46.21989249578233 0.2782955376190303 0.9241304993279791 -0.23061602050676067 -0.12389780078266353
407 19.224443284573567 8.272356032698355 46.38527936941803 0.18277059591252692 0.9368211430942336 -0.25561273067926366 -0.15369836380418583
408 19.181427204501066 8.112503272284037 46.38606333033142 -0.061873162585121676 0.8042606454959229 -0.2326002846444247 0.5433540590089772
409 19.272720417392453 8.03707699864964 46.3873133835224 0.6734542646663206 -0.5229531487815319 0.48504733641006137 -0.19418660876520571
410 19.25061806098278 8.021972867044676 46.46782433359471 0.8466096350106089 0.12781639434358652 0.4518949340998265 0.2504117884188403
411 19.274993777727058 8.060594264005172 46.449339456228664 0.9029760637121861 -0.019773814099705724 -0.30190983172128716 0.30511256635678047
412 20.13595409706572 7.872352985183423 45.98049854509002 0.8619495156555925 0.028633080756704628 -0.38052194955838675 0.33380566959198626
413 20.827135941625333 7.63554784767534 45.19148232963414 0.9102538775619583 -0.024013516762957352 -0.3729578963221087 0.17822355895639083
414 21.625682356506204 7.4631979637897095 44.538154109385296 0.8410633667565871 -0.02050944446083598 -0.5270337549630532 0.12011326703377607
415 22.074297408816058 7.220536116010609 43.71855194936831 0.812295702695842 -0.14595370985467893 -0.4806371296932335 0.2964138247817984
416 21.55530336923274 7.808114954477282 44.44339029252467 -0.1898748310678142 0.8433395468340041 -0.34078216227040137 0.3695855451057244
417 21.53272050171255 7.877241465431976 44.40955009742922 -0.16724877860319892 -0.32934714082696154 0.8551877168950321 -0.36361006003231894
418 20.8349093057775 7.4142126767784955 43.78993809043208 -0.3044961086968805 -0.3081982650015032 0.8101616169591875 -0.39488492455979646
419 20.789410540016792 7.450331599290997 43.78028074730342 0.78477643865724 0.4623043251600791 -0.409632996830068 0.05100451131773587
420 21.046628699361435 8.087800832548691 43.11540177454639 0.7138977779595833 0.4372691619775095 -0.5460798703217081 0.030698824688948786
421 21.03333852536551 8.079283052930537 43.07046195152742 0.1650095620172307 0.7752411724846813 -0.5220842420825655 -0.3149619232487192
422 20.210015339456927 8.65005744278704 43.351315274870935 0.19248543654311231 0.7417434121650318 -0.6001208710460286 -0.22939269248068847
423 19.346327156410037 9.19780201238365 43.47323774706867 0.31256219563912574 0.7462593364099938 -0.5869804650927969 -0.02925423520807586
424 19.361274698344946 9.141129179989104 43.553929806299266 -0.6215864212011593 -0.4702546786085232 0.2200448774669221 0.5865757496911176
425 19.80108845827179 9.99082832675871 43.84392703784078 -0.4987006965731944 -0.4227963370204272 0.33445537112414264 0.6787344674950078
426 20.319581380051574 10.902220833043096 44.012338036931375 -0.5148568505041883 -0.46239702371777963 0.32798985539413483 0.6430661480006403
427 20.658697746354523 11.795127033233232 44.386544265477205 -0.4574131869921663 -0.4176346807034984 0.056887185366226174 0.78301870857628
428 20.68188587690373 11.812217295748447 44.39005171984913 0.24972449402770874 0.8508931582590342 -0.3558066360158178 -0.29499177628821893
429 20.706353429460222 11.854943634154024 44.41217974678731 -0.41145601778651614 -0.3482404842292794 0.01696667663320861 0.8421072630342546
430 21.42570285187555 12.181704934601619 44.98191751804034 -0.4099545580925906 -0.39257627829436725 0.18139943964300104 0.8030662297201007
431 22.04198157490721 12.778772570366518 45.48108374545426 -0.22501673715373963 -0.42592779518453455 0.1842773991109335 0.8567349773803073
432 21.992089495161746 12.720428285248447 45.44980903818004 -0.26202099705499865 0.12521915146208037 -0.04829340565300009 0.9556845233547815
433 22.849473500038645 12.603124699144153 45.222432417079766 -0.09859230261463309 0.25365021724359554 -0.20744835169530096 0.9396309416661013
434 22.87760689489742 12.573034984280651 45.19385940256666 -0.6440328887397422 0.2617591270477162 0.015946352683245492 0.7186442175825687
435 23.785874062695413 12.255500551101628 44.80940955264876 -0.4860991497947384 0.315922914050565 -0.07611434811230919 0.8112379028115428
436 24.62440403977469 11.821284286700207 44.421277838605064 -0.47027558296301814 0.3657255483320942 -0.16323648849334335 0.786409275244351
437 24.042935260048484 12.537033510251675 44.90585612521579 0.4133972211842661 0.7410670597432566 -0.008797775277611372 0.5290037330972029
438 23.913923241128504 13.193519567942122 44.151935535229626 0.5019391761918608 0.6000058199016852 -0.09368463672303519 0.6158516609785312
439 24.143489737986815 13.736622496320098 43.37245649574871 0.6018892314208671 0.5595744886139615 -0.22753979719214595 0.5223326387329991
440 24.457157199272466 14.179038310890546 42.55166663280627 0.6565637517899836 0.5886754452122189 -0.13960426343384183 0.45043968483111096
441 24.52618859884338 14.238416065037327 42.530776496113816 0.22000674555085392 0.46922820208600025 0.3139153184700609 0.7955369878950331
442 24.91182414309958 15.02459604636567 41.80473230608717 0.3697732034140137 0.42806663214535157 0.23968172188330839 0.7890370135017288
443 24.92585230728164 14.98502511064585 41.77438980855397 -0.031255461707293465 0.8917544501129756 0.4007641828034165 0.20781041022787675
444 24.096126437345845 15.112874432848617 41.391896155676356 -0.06646988237542786 0.8278395385170054 0.39755432348423714 0.390146143238581
445 23.41038264495186 15.291753821696542 40.700106925347356 -0.02687757995963823 0.784699470594862 0.5317317543085261 0.3174676015023172
446 22.640933949398597 15.584846556174647 40.199432549268685 -0.06515824929385729 0.8212095834866101 0.44932812108450665 0.3456493340675996
447 22.006485342678985 15.787690306893035 39.552628264386456 -0.09069708252104157 0.8180229353014121 0.4185151928517859 0.3840020180874912
448 21.41636377087532 15.986196448653523 38.935301580486744 -0.009038406177433162 0.7897955901116515 0.370001993192273 0.4891214144644512
449 20.95179919562321 16.29690638163589 38.1651518898209 0.04620159721782719 0.7420687435188841 0.3720310220446311 0.5556908411547321
450 20.871447597449396 16.34508283600255 38.17726578883493 -0.26547698500511785 0.2768182643060454 0.8001958353767087 0.4610642515148541
451 20.48032298582022 16.952899061273516 37.56200397450868 -0.3298313039966855 0.3168813410556404 0.716566080872636 0.5266218551650259
452 20.301490778051072 17.503809416542172 36.67095005529692 -0.33129111062034466 0.26783347401265545 0.7561405774073586 0.4967523099295238
453 19.986641724439043 18.070333384965906 35.88820599379467 -0.4678422402337381 0.3468909757289319 0.6200293136473136 0.5256937696310898
454 19.901994294587993 17.98638499426278 35.87932149860409 0.005664253024155832 0.6444676629683735 0.03721895837512634 0.7637041945434317
455 20.056094048698913 18.074144330030542 34.895500545712636 0.04753338162054101 0.667706770947517 -0.01899470888340734 0.7426624042571367
456 20.017573192067463 18.00709617026343 34.95524869046808 0.12874120321064841 0.9857431181989427 -0.10544395458179469 0.02485517977107391
457 18.997786387204748 18.3135734318792 34.86418658878266 0.22190621103271124 0.9715135642766496 -0.0779381278575392 0.02906331291590875
458 18.066305427507015 18.809413439003826 34.708473673217306 0.052210563984359255 0.9885454010373479 -0.14137847602104595 -0.008010843545520382
459 18.0099413033643 18.868232137375617 34.66870517071222 0.6750034541803461 0.6333360312775688 -0.2981068230324501 0.23321262914276053
460 18.022630005654246 18.81429554083803 34.7326844379164 0.21745402863405794 0.35816016203462603 -0.6760525014087165 0.6061254483200359
461 17.7520615232664 18.190151562092176 34.06536848230582 -0.25897109241454 -0.376823519615326 0.7436620788028157 -0.48775477538309464
462 17.405514268632448 17.612320280943823 33.3032976796478 -0.2957140186749467 -0.40045399786234426 0.7690246535544499 -0.40098740252112336
463 16.963205774497887 17.250592727711897 32.61130923821032 -0.33370961055876147 -0.41895883617115853 0.793824278020162 -0.28801806374010114
464 16.3434494850931 17.069990679703217 31.859842773369174 -0.3417149854718366 -0.4340982878843101 0.7772706465973678 -0.3010645895783879
465 15.752728384832537 16.913533911195564 31.053681171941026 -0.3526651425477524 -0.5399458394099709 0.6819258369671541 -0.34505498201342105
466 15.208951969905685 16.837435483926374 30.13071283193423 0.3605779103290856 0.6409588309257087 -0.6088262513266812 0.297465869196048
467 14.636371828084219 16.910548130946097 29.420115092590823 -0.42588692645291387 -0.5852917786373741 0.6107137334474283 -0.32106478398400123
468 14.224717012598948 17.01299372983102 28.5587389655506 0.46147275003732685 0.6142373740127935 -0.6127764728381838 0.18509549879683776
469 14.751403337704728 16.68427410893225 29.35629780705136 0.8394973990162755 -0.30936803935680196 0.4450363596895279 -0.03844700019155641
470 15.176203375191648 16.04133731071694 30.08730929695244 0.7555937285009561 -0.4556858849057924 0.46507329226755745 -0.0716611789399486
471 15.31754285181351 15.310455273686435 30.709342171326522 0.7048524575076577 -0.5409515722804721 0.4154182877841994 -0.1948898554752004
472 15.406763970292957 14.439562472203695 31.15851269946982 0.8359711348392164 -0.4002533896216408 0.37256820565551774 -0.04628626088427928
473 15.86571050093461 13.701983536273099 31.756807157851245 0.8974158885478601 -0.3133139326227612 0.291091712427035 -0.10837304813749024
474 16.52231881295148 13.110654977310098 32.17756247125218 0.8614511403594971 -0.34505268088062246 0.36589883460083356 -0.07041749092497614
475 16.57090745274478 13.036744866723485 32.21832844028735 0.7927933231564215 -0.23217924941468696 -0.4593506472477188 -0.3264483508503785
476 17.059754404186453 13.048046948614914 31.32612337346365 0.8458387305837908 -0.21522791574001582 -0.400246554829845 -0.27935010556190876
477 17.689856130033174 12.851397982344334 30.522702692593352 0.7418567869562449 -0.1820688095497823 -0.5834408587582566 -0.27585543418158276
478 17.942852888651043 12.938561462248389 29.669443626868663 0.7876356973638081 -0.1360973616088958 -0.5474437730051427 -0.24781612497821567
479 17.911252351844674 12.927519732456956 29.66952784189844 -0.6738500347932189 -0.43455128063744725 0.2322111671686301 0.5506081083199846
480 17.93029557439021 12.927410858347052 29.678022831960362 0.7414038301106464 -0.29112350278526045 -0.5892861341089627 -0.13531193210584705
481 18.086527771307896 12.591694252297343 28.69487928549974 -0.665593638973989 0.314817543753502 0.6684036724005719 0.10541134959672947
482 17.86739323105668 12.291220332517673 27.703319985410346 -0.578289185877979 0.29350634918053 0.7432304998395693 0.16445079688321648
483 17.875628529102062 12.276378171030277 27.723161042164445 -0.23915851963423213 0.6245809359387277 0.5931996598803791 -0.4481250054014711
484 17.82235042723353 12.308975575906175 27.76321828501781 -0.5419917595954775 0.83371658456742 0.047282537801368346 -0.09447724999647318
485 17.840656553971925 12.371770089344912 27.759880312599172 0.18440108954582007 0.9762138398207566 -0.035988422854260585 -0.10820171226552454
486 16.94896358331408 12.780127376771185 28.00098995330918 0.10827123520601888 0.960662455597344 0.019646802054774207 -0.25498821384853165
487 16.914643071590945 12.774044207357882 28.02371172815857 0.19308997462625113 0.6716935859152043 0.713450676761748 -0.050320176543921936
488 15.887814495836237 13.036975437628842 28.436895826041415 0.019099546933978206 0.7497871740238716 0.6595689178141235 -0.049226452540470395
489 14.830893314780532 13.004888405212618 28.57455426672584 0.11205936985621741 0.7495764405597142 0.6521595608282895 0.016302288351920036
490 13.892158781656006 13.220393064926549 28.71832630292086 0.0757467918537694 0.6763319866025096 0.7305725819393658 -0.05568814901406871
491 12.94433904990139 13.292381572240938 28.943706538089423 0.20644010571416552 0.6524087438574613 0.7210415737382885 -0.10883180891662986
492 12.941908033946381 13.267230682456647 28.90104055225342 0.26577328884629764 -0.21653319542734073 0.9388749021849824 0.031493686049542516
493 12.889344923844776 13.314065188503436 28.864992953586082 0.78738342105924 -0.247688539083789 0.5253098289141461 -0.20670587677610003
494 13.303702997318311 12.75882587555602 29.58141292171909 0.8220608593614397 -0.23628596457920453 0.4720557457306384 -0.21342038180899406
495 13.314484747702396 12.835382443504578 29.53467463595327 -0.32987618472723956 -0.15681079123915567 -0.535814897388347 0.7612453443125057
496 13.705028373295104 12.110476766436634 30.0576918304642 -0.3413296675722382 -0.2683693164095132 -0.4783428247254291 0.763321760516896
497 13.726543643550194 12.073894050644052 30.063453914807116 0.10098751313366143 0.3051726726918436 0.9377429846159854 -0.13156464888676975
498 13.728419978015916 12.032980920560078 30.105498950292507 0.6167108575644854 0.2325487296381326 0.7309428428996043 0.17695018202763138
499 13.629254492646151 12.548116732143253 30.856817379169634 0.7577101633460542 0.051201129286589944 0.6107738820677384 0.22407368811571302
