# time x y z qx qy qz qw
0 -10.879660743926395 9.8689623867926 9.132548791271105 -1.7844391007182687e-05 -0.00017769819381447053 -0.7071389237165019 0.7070746146411971
1 -10.871054153201671 8.854933363497771 9.089966355656363 -0.07766840604863556 -0.010760344171584148 -0.6236803773241152 0.7777368582213542
2 -10.668206876350464 7.857111321205452 9.152286233188143 -0.08372108924211157 0.012647948908171619 -0.7020561944240722 0.7070699459567775
3 -10.635554812982798 6.877642455696995 9.272283600881455 0.016815318425531623 0.01640941510617763 -0.6987999787607151 0.7149311616135817
4 -10.575232252151556 5.821236693203059 9.14485789767373 -0.09277444450966615 -0.022479906046932313 -0.7204124772440462 0.6869449897198034
5 -10.61132437179866 4.788743257476241 9.227638461987004 -0.04188974325562076 -0.014840699921165776 -0.6935459255894633 0.7190403689182429
6 -10.571122659198881 3.7404688031182074 9.218365873001762 -0.0596884364081046 -0.028932288848587073 -0.7615744987942208 0.6446739455007229
7 -10.731417099823734 2.834226205851588 9.294017160737992 -0.08523523925078781 -0.03756921444398904 -0.7995729821374354 0.593301402620768
8 -10.75395689383978 2.8596306351348875 9.29436355446267 0.4644551316919587 -0.4436408331429863 0.6528756487019732 -0.40151915165428914
9 -10.757709752131635 2.867285608489939 9.232701353714186 0.026727464822230356 -0.04028412047933376 -0.7849556113189008 0.6176629505809408
10 -11.035091019697015 1.9392114763848551 9.255357263430785 0.020379307933434013 -0.01070016089414901 -0.7211181789207928 0.6924296082598962
11 -11.114610278898773 1.9457384501917394 9.27353129525781 -0.08892232339196823 -0.11738882116622006 0.07277528565869766 0.986415958338608
12 -11.120992734460248 1.9089893966704015 9.264153986944942 -0.023050315567922967 -0.029569560907491226 -0.6884237085434384 0.7243390929221313
13 -11.078846268012372 0.8324402745411793 9.321773498975574 0.03438270184017423 0.030449008993703647 -0.6379474366069621 0.7687091490232683
14 -11.07796112157653 0.8742879654450167 9.378304563848578 0.535977969811266 -0.441469940918663 -0.47320187444447537 0.5421364156413968
15 -10.888329622183003 -0.20309156796013625 9.356815246572387 0.5109866998446629 -0.45612759457735236 -0.470931138562333 0.5559353134846924
16 -10.805991724779583 -1.0753084646787792 9.283166479883933 0.48933970960324497 -0.51545494967681 -0.48458549803515755 0.5099311115759736
17 -10.850518687571169 -2.0299079387923515 9.386000857070556 0.5058646898455984 -0.47787377127157193 -0.47296250284774766 0.5404109965554901
18 -10.774055517059795 -2.982870428917565 9.351411098997202 0.5249156603477187 -0.30823986399227254 -0.6004011223928449 0.5186233970784156
19 -10.783333726876606 -2.9452333223474576 9.362692355999746 -0.19857467505475504 0.624836130713495 0.7080129387369516 -0.26242253478493843
20 -11.608281186117871 -3.586422285779858 9.341648332171419 -0.06830510067367146 0.6301315371532158 0.7397985029060152 -0.22575835356616133
21 -11.697775328848198 -3.5219581606596106 9.321561117787635 -0.08323277446453352 0.9960229940838454 0.004860412375213787 -0.03141459696910088
22 -12.725633015545437 -3.62735105502253 9.378952228336592 0.038779505670405015 0.9985102830630146 -0.03141226417373985 0.022059787325730894
23 -13.755880385069851 -3.5910204755332775 9.358874403696401 0.019222410053267656 0.9995247276465845 -0.023298010138958714 -0.006166076412901432
24 -14.734039549479226 -3.6127017489465856 9.367677316151989 -0.06564153545209549 0.9939416967182712 0.08190329976376827 0.03260278877798746
25 -15.817502312422535 -3.8015254759039485 9.280725854316834 -0.05155566108565963 0.9913913974018016 0.11962599178712054 0.013218663195321372
26 -15.842783637932785 -3.8601298943713758 9.278137615302441 0.012013361260247043 0.6484472860586944 0.7559610320891493 0.08885220490822467
27 -16.757465988136676 -3.749263260003288 9.145970523455029 0.1076367441495222 0.7145537078543766 0.6903549520121216 0.0351762722981465
28 -17.662616162305326 -3.5574666555374326 9.276167347454237 -0.01322099065069379 0.6677038922124415 0.7403817174621042 -0.07636511100257218
29 -18.63134077672458 -3.7039914738252184 9.263519365273392 -0.0008760998803557777 0.6972651141655232 0.7167106509174406 -0.012101069301432529
30 -18.655120803746772 -3.805232520053323 9.210608156168327 0.5150636868155124 0.48705288333570157 0.5156520195557308 0.481239942322421
31 -18.575186731969847 -2.7973528270139245 9.217142220014523 0.509922378112995 0.43159527180401713 0.5869048453488098 0.4574356699713023
32 -18.626580672648046 -1.741212810850224 9.484140527993814 0.562447487742179 0.44368616022431745 0.5202002922174715 0.4649592140551361
33 -18.671000712839305 -0.7593146297126913 9.690833815351498 0.4711100921924785 0.5275562446262904 0.5130992029516944 0.4862806779222635
34 -18.67363728376988 -0.6109673441779747 9.683639443117434 0.035054978414516616 0.6267755969673771 0.7770303567664233 -0.04633922957916859
35 -19.660130797642086 -0.626643188241634 9.83048795368878 -0.11754529481043834 0.6261211391032707 0.770739724929616 -0.010756358648248192
36 -20.687185384222726 -0.799852602848029 9.618730808661345 0.018376826927739284 0.6892707874605605 0.7242589384699861 -0.004130839127283133
37 -21.703326377893625 -0.744169428347406 9.597703909640328 -0.033774472419688756 0.6616197706303183 0.7485537652387881 0.028032564468673294
38 -22.77174310942506 -0.7143160430613418 9.4881431050179 -0.060721783571762805 0.7067535665373577 0.7048300313138552 0.005185377970686148
39 -23.77711153146326 -0.7259185897808579 9.462832887402119 -0.09002611553964422 0.781011293252125 0.6163712268550948 0.044756776454866594
40 -24.785761381445848 -0.747040604603095 9.23706492609209 -0.07778023729541993 0.6975324113514787 0.7117616465515777 0.02818028208955768
41 -25.811521343496462 -0.8317158574095567 9.02725862688102 0.02553515980036847 0.7573736004632292 0.6488358916505296 0.06888519900092367
42 -25.780484171845277 -0.7467520337154682 8.965887194297023 -0.030849001947975414 0.9993785917859872 -0.01609712343537449 -0.005626008867480302
43 -26.77134579772286 -0.7837503821567537 8.990649687210697 -0.10950536543846494 0.9807182332128648 -0.14712499843395097 -0.06748745675927548
44 -27.632837082509567 -0.968255020585875 9.201135903688476 0.012495163721063515 0.9872054871563818 -0.14644340141902987 0.06183467629687498
45 -27.688196734369438 -0.9344116285845114 9.208933258950912 0.7120303568890176 0.6997080995969805 0.05697500990293007 0.013236104919528396
46 -27.658676750086954 0.010242975701825535 9.21330414327944 0.7358619284045395 0.675752067105048 0.03632056961473689 -0.023391929182256962
47 -27.62015540997856 0.021329583374810803 9.297167793103311 0.5027000291980247 0.5306394475946234 -0.46269156314022686 0.5016283232629839
48 -27.681431110403164 0.05621752571589667 8.284582051279719 0.5327391942424613 0.5110369312878046 -0.4590069141407201 0.49431048800207594
49 -27.71905945847725 0.1535860778508242 8.372875522331775 -0.012856709801958348 0.7231098024503062 -0.005099302547438248 0.6905946102648626
50 -27.70015352209283 0.106261737086159 7.371961309228187 -0.004040131332814619 0.7095950651136477 0.011307273495038487 0.7045073927726242
51 -27.659899691188897 0.10510153063982652 7.314896876204334 0.4777563735326599 0.5667326055604617 0.48457015246918966 0.464494099725236
52 -27.784709163197576 1.0890599412720727 7.237960467969619 0.4925879133984494 0.44429258557969253 0.5303082604544505 0.5279530233519332
53 -27.792030784292823 2.08026108251062 7.341553077727848 0.5012739313943645 0.5035761360253461 0.504848761797461 0.4901665519410626
54 -27.783151770545278 3.088880735477826 7.460873525290833 0.40988708143172586 0.4757892907150146 0.6324704283195177 0.4534294748002284
55 -28.131384885967933 3.989347694559844 7.614932514712593 0.4408384809549809 0.47917124975706343 0.6238172051926213 0.432329089492283
56 -28.184144068365956 4.034163629536102 7.543429030027201 0.7576960800710272 -0.023895594807215235 -0.07215694083411366 0.6481658944153661
57 -27.10053923034267 3.911010133926282 7.489269390240014 0.8059001628939283 -0.01788604099002146 0.03335602483486166 0.5908404121185848
58 -27.036719209909716 3.907478696225775 7.495971399146705 0.11343229232690806 -0.07758546937051346 0.028647016269230215 0.9900974489710043
59 -27.00219932592011 3.984854256358283 7.519041909824983 0.01586486368938586 0.6836526388875154 0.0483659145810902 0.7280302972740822
60 -26.90392520219341 4.089224768974285 6.539996406429208 0.020806876025764014 0.6794874743444211 0.049255157834852736 0.731736137925244
61 -26.844272691336023 4.229024653949769 5.559117725156478 0.006783034369203332 0.7081347875478855 0.003100490508336408 0.7060378885498033
62 -26.789370082157927 4.195531030359995 4.547701262797459 0.029055084359104734 0.7162888051626116 -0.10460209964747576 0.6893072975247998
63 -26.824479218220556 4.192447285962219 3.5872904713210234 0.04196638113069215 0.7070628205797298 0.025892494581337088 0.7054293510572025
64 -26.79417358676951 4.3240383696219356 2.5883688435602203 -0.01426900636842708 0.722726117681968 -0.007003210441306398 0.6909517416731235
65 -26.79125966742932 4.326062536421325 1.6055294637757915 -0.06509788710803457 0.7768997175663869 0.020211564657674194 0.6259237865694413
66 -26.999982768410003 4.234530764971995 0.6902305493397265 0.012732459352221347 0.7078194839582749 0.027180434012261778 0.7057554014067413
67 -27.005230821445608 4.151832488909767 0.715336017606463 -0.0315267921488838 0.9975693061310076 0.06214129595915642 1.3364801567831793e-05
68 -26.941145447400206 4.089868393253269 0.6702240118729798 0.007606929367075107 -0.772694086170371 0.010123055753024298 0.6346522729535917
69 -26.999436455539698 4.197493113632553 1.6520565488609724 -0.032011732178952125 -0.7972899787277394 -0.08615908511194743 0.596557248615668
70 -27.33503930765621 4.190136401770709 2.558880402343899 -0.09381026540425036 -0.781549297477144 0.006206038957958607 0.6167185863894644
71 -27.594377793550386 4.376179724381291 3.6141371257767063 -0.033783041196269764 -0.6345512963518586 0.027666215355028573 0.7716462524717113
72 -27.40486562846188 4.538336559763124 4.581207311662666 0.00503320272063089 -0.6208264551677437 -0.02502751302830298 0.7835322603606342
73 -27.20295635406201 4.5168992200860725 5.504177494880958 0.02253274908833453 -0.5819195766052081 -0.004648617067233866 0.8129208275973127
74 -26.84419705027534 4.454680671836706 6.517909885312388 0.010897437176922518 -0.6849719552818434 -0.006878760257116787 0.7284554543674364
75 -26.818983080119356 4.3436537957677865 6.454546114092975 -0.49948349312641527 0.5336990680629607 0.4814245928520407 -0.4836444006087614
76 -26.832934131326713 4.3455018642996555 6.462572359360892 -0.008507132810828637 0.0017847162865640988 -0.7041857802362541 0.7099625556268254
77 -26.7762736918475 3.307387200681644 6.4624522733171155 0.1026269886457554 -0.04403866915095624 -0.6975852306199088 0.7077451114927498
78 -26.776550130465562 2.2471076124510057 6.378321440878747 0.034170828742666574 0.0031741579738935703 -0.6890153870156196 0.7239337508639254
79 -26.812411635908482 2.2422145344179643 6.391496241297016 0.4569074987003803 -0.48445127742791094 0.5947345526661527 -0.45037019139239054
80 -26.76034544526623 2.2016789023588053 6.427810619188755 0.03599516174297073 -0.12301235196544441 -0.7148137029398461 0.6874690390733624
81 -26.73175400478609 2.21251992424907 6.522882316624132 0.5394121637002802 0.5418348470468763 -0.49600670540934994 0.4116149467242803
82 -26.65495885933579 2.1747939477549894 6.461665490548835 0.6738215372165334 0.02848029955544156 -0.014424741226763975 0.738204128517933
83 -25.672633989472594 2.1186990568668795 6.310174348781454 0.5740013190321173 0.06990167762947819 -0.06617232088838489 0.8131773884966421
84 -25.692620355334522 2.265028298162808 6.278670830290975 0.48059430289399474 0.5870815351536771 0.5048178832059099 0.41173206324373307
85 -25.88069993850309 3.228101571647848 6.254473165770329 0.35090188881194684 0.5251441851101369 0.6621099892266866 0.40336312602846547
86 -26.319858908069417 4.183048458869458 6.377380024482005 0.4114289499507624 0.40575912106587114 0.5672192393340618 0.5868118006171585
87 -26.34604476804891 5.1419927507258745 6.350927038300819 0.4296553742771513 0.3947330013070239 0.6122639230472258 0.5335869240983431
88 -26.29987231608561 6.1732107346578005 6.4478556857009215 0.3758036471683698 0.551565625446989 0.4823041918209428 0.5673884437950523
89 -26.319199567994794 6.128053362084315 6.414229416877188 0.7593460956020668 0.6469188077582176 0.03204749708494293 0.06214918497593877
90 -26.2098996807825 7.172484873529027 6.415276714710458 0.7022499316035729 0.7116201294409112 0.020945085865382847 -0.0017687044325001985
91 -26.09510915387346 8.261386019713411 6.460591107097691 0.7679824296229542 0.6355749822325226 -0.033886193349365504 -0.07140837241418062
92 -25.913537432477046 9.292228244381958 6.47902167178627 0.702038058049539 0.7117691717112737 -0.021491658913384032 -0.008082069575942711
93 -25.939716538941674 10.265325323855311 6.357896059290477 0.6829284795491934 0.7282124390312253 0.019622354845220274 -0.05413223301461543
94 -26.032248033016643 11.353054624722946 6.5174722269081995 0.7146244290857242 0.698179416923402 -0.002165141678781395 0.043043458270824016
95 -25.992750994266125 12.346534515983397 6.415129549643175 0.7266322143680125 0.6786079005181735 -0.07008893720170552 0.08114482903359156
96 -26.0015451208526 12.328867173461472 6.442658094150415 0.9985615495929172 0.005480844930622089 0.006925842321632347 0.052885014149326365
97 -24.998898468158135 12.44455368281258 6.447857340207685 0.9989492139235362 -0.019027759207280195 0.0022265984186146414 0.04163477681675421
98 -23.994819945273377 12.364386610371483 6.476828718187985 0.9990362260454532 0.013661429022718498 -0.03070478595516349 0.028234739690019425
99 -24.027963754455225 12.337776294890226 6.429698437272745 0.713930863413281 -0.7001303265776858 0.008220109413742105 0.007257952425871671
100 -24.023477787216006 12.298198323928885 6.441923621149862 0.5064733501944793 -0.49197620719339386 -0.4956317512326282 0.5057601449980629
101 -24.055674610045507 12.31838159051643 6.4802281156921975 -0.6957942987125626 0.7108694662759834 -0.05841403491320155 0.08439606815930836
102 -24.09055158982115 11.322606245149329 6.399986889723004 0.7085767604060551 -0.6958614687834829 0.08849478064687011 -0.07657979285174288
103 -24.062678446794713 10.318207675957218 6.387065137414955 -0.695705656063861 0.703540864914577 -0.0017542142478929321 -0.14498556565525636
104 -24.064224305588795 10.314293231262557 6.403942307402525 0.9935303260117683 -0.0071126910586141266 -0.04018405181453712 0.1059818045733391
105 -24.06917368641362 10.306342031590857 6.426932616888537 0.7115918924912085 -0.03986327169554973 0.6995418415314644 -0.05185662982950663
106 -23.98424031091415 10.135282172972266 7.442403835934564 0.7496542213141612 0.030860330262627543 0.6600102777823267 -0.038113274638058525
107 -23.857687174848085 10.155896809846793 8.429950380260582 0.6965164768254755 0.08609968540793425 0.7122692379278603 0.011143356089942345
108 -23.932897511584926 10.269734523017384 9.367932731344986 0.7842263847277822 0.15806176279539186 0.5949435076772072 -0.07776682654928524
109 -23.735542968217434 10.400628907288976 10.383106658664154 0.731327400438256 -0.04218522865669449 0.6772867895564127 -0.06828795313796442
110 -23.660009215829053 10.240845076122346 11.322184566837825 0.6298955894016174 -0.08369392874148318 0.7666844241642824 -0.09177072783893214
111 -23.67631950080031 10.250345291980835 11.363245478400998 0.5565760398676659 0.45014236180352407 0.4736381307925486 0.5130905251654064
112 -23.58459297042454 11.254799078103911 11.513901628825714 0.4400486613498039 0.5090628871850144 0.5983028068208633 0.4350240267909116
113 -23.67953087512928 12.210894615145776 11.503014685091614 0.5913418603827827 0.5304253730892416 0.47195137930028686 0.38239459112116786
114 -23.77323865850027 13.242483108770568 11.652168789654423 0.49356545632713517 0.6149898519679595 0.4250415578969272 0.444432555465469
115 -23.934647517214344 14.246585534579342 11.52469085008789 0.4619423970404749 0.5450884803412331 0.5031080271366178 0.48617906520796006
116 -24.00993890930676 15.24380594476486 11.392983331688086 0.5074122076898674 0.5142025108218816 0.47709152543193467 0.5005120435242262
117 -23.991107809191917 16.314192873029253 11.43027546526853 0.5100758912341546 0.4666892456924028 0.5164890464339289 0.5052353887550943
118 -23.938883016537254 17.30743887225387 11.437873178322013 0.46476775511394 0.45096800381270336 0.563078865979418 0.5133819085543117
119 -23.938444627020633 18.291815565887955 11.4871312118192 0.4719763373852873 0.4775383939335212 0.5600162139713246 0.4853630181183832
120 -23.99810828768317 19.331701193469343 11.55317454457608 0.3493989142334739 0.6025971686339974 0.4399375627487157 0.5667909596751523
121 -24.046436106044723 20.17038433054063 11.097771082181149 0.5687830515304526 0.5352391182445227 0.4131503618839605 0.46830727633433616
122 -23.97678257013003 21.219983284973207 11.001247646389556 0.5131729342987131 0.542351282773703 0.46251355978998016 0.478110690726915
123 -23.93585572270133 21.18327843142367 10.981930408349237 0.6613646455506432 0.04659316036224808 -0.055045216695079724 0.7465895171659735
124 -23.909045391145803 21.242035686200914 11.09190317758361 0.5508915273091227 0.56199310481617 0.515222561237599 0.3394524821972467
125 -23.85813448804056 21.08654520579829 11.072881354862439 0.8314821408401563 -0.11206024786960524 0.529943937744496 -0.12344785603294581
126 -23.850540173545674 21.124124725744778 11.072300767824315 0.5344250458917287 0.4970014068855786 0.5717376193994831 0.37482738219184447
127 -23.982995812748314 22.045187316076127 11.381602300136992 0.4891368605667703 0.46284275859155866 0.6330211632388799 0.3818454128910478
128 -24.120152503102688 23.086363887695438 11.680612778865818 0.43600010567247277 0.5461338975899226 0.5931059627375088 0.3998337038345381
129 -24.115723088624897 23.136785196319426 11.684217764956522 0.7025780145388539 0.07716333473894338 -0.026080510927817515 0.7069298127879114
130 -23.076671627274166 23.215244335813455 11.590729660916997 0.6146591992234397 -0.004978304302807104 -0.01983568597871507 0.7885276348093465
131 -22.114651444012505 23.171632456311357 11.725212699244628 0.7056446094616404 0.026878713906120535 -0.037738419505874275 0.7070495255423628
132 -22.158643708555193 23.097777167235005 11.721212451948583 0.9995415979315221 0.027201772055513055 -0.013281259645221545 -0.0005155034193502283
133 -22.10449291484495 23.077095790531587 11.742874269347585 -0.5974234917446527 -0.020513097981405094 0.8016436677585748 -0.005640413585205077
134 -22.355256273218348 23.100522195292506 10.736996212405941 -0.6563015791569103 0.01410897451769693 0.7523896259187872 -0.05458044378705926
135 -22.31121345217349 23.07782322858185 10.690008458206462 -0.5273308078130363 0.41828666004587617 0.5616043172659771 0.4812058603000715
136 -22.255180527648193 23.205378465902186 9.6442737836808 0.5136557201858859 -0.5124024406732633 -0.5029690038887559 -0.4697059942555065
137 -22.22551250001005 23.240920321262422 9.618153776853354 -0.13786464200247553 0.7137310930724179 -0.04452625535642531 0.6852727047322952
138 -22.22597875618095 23.243539594945165 9.594078961855352 -0.5030648851361821 0.48558545810294423 -0.4659243583995262 0.5422609855704754
139 -22.104386333515084 22.254128836228016 9.563571551056487 -0.5214892841356963 0.5022005326859698 -0.46988403840253135 0.5050272685272517
140 -22.007651907032702 21.215900176314207 9.636743516283282 -0.5302715335654434 0.5521355296818183 -0.4237071523616555 0.4841804483771603
141 -22.027674612897364 20.124702196448133 9.57058131209899 -0.5020383306415901 0.5777012472356485 -0.4655248500160548 0.4444157935160622
142 -22.115482637921613 19.10293877468066 9.486524065712489 -0.48074520589322656 0.5196181241058409 -0.4850779874395773 0.5134008163345419
143 -22.13847168310317 18.021031049527135 9.429391150731494 0.5762488174065953 -0.480787485078525 0.5220716623882371 -0.40524298138345455
144 -22.20996190464196 17.025625734416607 9.596577212776541 0.5999876470816156 -0.4843007430285743 0.45786500353705994 -0.4425237306489292
145 -21.996415825184883 16.064024084913203 9.7151282468985 0.5882617070985743 -0.5487401353895536 0.3449736872093482 -0.48355514980952474
146 -21.84037832771154 15.116236377956836 9.623629140935824 -0.6283763911206766 0.3481980980480805 -0.4251660218214176 0.5505770150364094
147 -21.84122006924915 15.19563854677019 9.580027357738755 0.669551888746998 0.15473536388817316 0.7221798179191162 -0.07882604917179424
148 -21.894863338449884 15.268392571100529 10.56779539765738 0.6945103351711361 0.07501130299424888 0.7134624817711904 -0.054772126747779724
149 -21.97055772798926 15.243646127696085 11.482920339778817 0.6702513257969619 -0.07308956656922581 0.7371816365386451 -0.04454559772124011
150 -21.93385631696715 15.235137231699762 11.576221012136573 0.9999094225874069 0.01142360890090201 -0.0064827457637192075 -0.002936288126333924
151 -20.86953866607359 15.358338517801629 11.598334852186813 0.987731835756227 -0.1267159177300121 -0.0843361200889391 -0.03487571756707956
152 -19.861182569271662 15.12739242636356 11.452634170336287 0.9730109602209529 -0.016487271064339847 -0.08663713039342028 -0.2132412924832889
153 -18.963710176523794 15.193543526371794 11.287587050948263 0.996792774092572 0.056714624423173626 -0.012878238269152026 -0.05497060916940872
154 -17.977177400105354 15.324756751559582 11.256907733043603 0.9964459750336618 -0.0160571133739177 0.08087049877209876 0.017249648624372175
155 -16.96767578412198 15.329068013209834 11.372827593842016 0.998442161486556 -0.044421187402627585 -0.020247571953280682 -0.027019328374173597
156 -15.988403372278668 15.26801694106058 11.350204984375424 0.9954190480949613 -0.05686124837221035 0.0074346554591885015 0.07650126156788596
157 -15.022699297478121 15.185385932266021 11.334934532232218 0.9735252187332533 0.14441529624357743 0.04582641740980657 0.1711514246760264
158 -14.964355367289459 15.19403622965384 11.370514303072909 0.5833571174492767 0.80721060668271 0.05959086035810856 0.06748658638561107
159 -15.043650459041457 15.224080725323624 11.338926913931202 0.4553345518444231 0.5689209295885024 0.5092184174314371 0.4579257856044092
160 -15.17661983404326 16.237636352265188 11.299644560706579 0.4763631930830837 0.5085359814215363 0.5077703531102103 0.5065950378533696
161 -15.215346502139445 16.22901360874611 11.334732822122232 0.6700077455140513 0.7400050691574882 0.045464138255007794 -0.03761822304586837
162 -15.185921766114811 16.271767020823592 11.305408080857886 0.9852226037577929 0.0414441165752541 -0.032870208485286476 -0.16290597177557775
163 -14.182876070999408 16.311232724772918 11.262291476511498 0.996597397614685 -0.002696957437395761 -0.06333850456631174 0.05267435170480829
164 -13.195184971348198 16.32232138377938 11.130000953124723 0.9956572580789815 0.04396726994207099 -0.08153096248687305 0.00928470594309653
165 -13.115689253235953 16.227056728146906 11.168511625217954 0.7117676659103458 -0.6994223110164756 0.031097528013131356 0.05681693733723909
166 -13.060506393602038 15.346883375659996 11.342209160674937 -0.6312810368113743 0.716042091469013 -0.21783195741551228 -0.2032663625284909
167 -13.168958756114954 14.640997786100344 11.843551006236401 -0.5293788837318494 0.8108255550168736 -0.2311813753179685 -0.09420768809652841
168 -13.17720107858144 14.6257600497591 11.956655429830981 0.1732761529434488 0.9585393281933056 -0.21065117629457986 0.08248522930534284
169 -14.144156430502466 14.827004606623705 11.715655652337258 0.08394846322906571 0.9773205482929388 -0.1829700613562119 0.0657203016819913
170 -15.077502866300962 15.00157444514005 11.468770427114237 0.016878507822712746 0.9922032039453511 -0.12328852673061771 -0.006917892081583254
171 -16.082456141552306 14.96225227815278 11.48430414774734 0.020027914435470275 0.9825417782608721 -0.1849541934631232 -0.0015757333956818089
172 -16.953983006163742 14.96853076886123 11.502629405810893 -0.010848929187526578 0.970922468651319 -0.2382030678761153 -0.021240505123916474
173 -16.961297915415773 14.876733115247987 11.52906542593767 -0.0071631404478349646 0.8131954910322893 0.5818921183570447 0.007958980941654521
174 -18.02371509633785 14.890150184655583 11.562351945922043 -0.11193740822072668 0.798605942698941 0.5910141183378262 0.020021909302660214
175 -19.024174073486336 14.809899640079593 11.415446002794544 -0.10329859353129547 0.8579080520457864 0.501054178243569 -0.04762231907543462
176 -19.98221770394256 14.65161585530799 11.451834393984452 -0.08359192526801693 0.8267714608226141 0.5443457203051426 -0.11466943090772969
177 -20.981559600049128 14.28280370209319 11.513320025920798 0.011258815665986441 0.7411063151864576 0.6694067830515342 -0.05029142536403779
178 -21.90849736345027 14.18146880551086 11.632987823217679 -0.03545959342340496 -0.8179834325642384 0.02921955652804445 0.5734038182650836
179 -21.945918205223926 14.221181662171754 11.54095052733624 -0.1653986185681883 -0.035334170962818136 0.9691191188391807 0.17945173958052213
180 -21.95318958499167 14.156156259851494 11.609186499398469 0.275343343026076 -0.038467063960725266 -0.7676568241243117 0.5774160794581676
181 -22.182244691361575 13.117898132345452 11.163830189411614 0.007781014971148761 0.0012561406338023726 -0.7006682660276418 0.7134436620354443
182 -22.25432313341136 12.10811381898057 11.166804669659637 -0.07875620959154594 0.013666309342583642 -0.6722435768841275 0.7360022179163318
183 -22.102381825812817 11.096150242482706 11.274087797140737 -0.011723467273363172 0.007930404057625833 -0.6835238151128994 0.7297909722516989
184 -21.98415603798239 10.070989154520879 11.303553565385378 -0.0035933683771897096 -0.014925175574539108 -0.685871915668023 0.7275603357355674
185 -21.994173736210097 9.113394277198303 11.224903178904473 -0.10789215310318717 -0.04946464212928301 -0.7025573927467116 0.7016592067198458
186 -21.961265396547937 9.062662971025404 11.242341001936133 0.3613414910388566 -0.5618985228609168 -0.5018676628686303 0.5493916870751825
187 -21.94017338924767 9.129057961939262 11.27423199858842 0.7228761020898709 -0.06923057035566423 -0.6855512919166972 0.05173678871877757
188 -21.86187400324938 8.949538110851767 10.335632455617057 -0.6468523186469669 0.0007299525341047698 0.7612670492510114 -0.04532134988059245
189 -22.012927565870655 8.927300100125061 9.280083576998756 -0.6699593321759767 -0.06255583224492975 0.7333524556059531 0.09713617729343814
190 -22.049257074821725 9.181330227491413 8.255071260749881 -0.6665459082052003 -0.0449562105936378 0.7340285601907283 0.12205557835794185
191 -22.118249848308064 9.336904837210598 7.241994734258523 -0.6855167033421715 0.15324014804305172 0.7075346333464877 0.07732431106628528
192 -22.095493770003053 9.243086808202667 7.223359540810355 -0.49110518896949856 -0.44529024299980025 0.506310585985846 0.5515268655061885
193 -22.01065373038531 10.246291360645015 7.171973860820554 0.4690603744905578 0.5351718275419147 -0.5260427955366908 -0.465674196571131
194 -22.148905542966027 11.226716785354245 7.213858873050086 -0.5240759325663434 -0.4965391882072103 0.4457113581818107 0.5292774666155424
195 -22.034656791368228 12.14855724316912 7.293729956569511 -0.47309793363105157 -0.48424334145844355 0.48734883203943924 0.5515232065443706
196 -22.026978686896292 13.041902706649486 7.318440624684672 0.5191138639003695 0.5387095338331728 -0.4716722570698598 -0.46673131068559987
197 -22.064294254613326 14.004256171003554 7.29606774025681 0.5160103919860808 0.5978324446146736 -0.4823839364609061 -0.3789925874906991
198 -22.041634045625326 13.995437604802989 7.3372113203556095 0.192586847942635 -0.7693907674751554 0.201613799907023 0.574717346711027
199 -21.973001090130136 14.055424415204884 7.436059535771588 0.01260347401842088 -0.10744675927783572 0.10316649008377991 0.9887633800293937
200 -21.01796000219708 14.19409941825274 7.622209356467914 -0.0013051449179702385 0.0075513135812144035 0.012243721714388691 0.999895677327651
201 -19.954383852806117 14.26955059792827 7.6710631432989445 0.1356037364301235 -0.14267685313858758 0.07000329974483152 0.9779337811270734
202 -19.971901995052807 14.23855389224011 7.632585125356831 0.013036449866706832 -0.7874561769441556 -0.061641632747591546 0.6131420141203652
203 -19.915299916947568 14.22061976589787 7.760492458088952 -0.3611100799087723 0.6211605467440737 0.5343141127852226 -0.44527240452943373
204 -19.911313445818354 14.233700783290272 7.762122707291734 0.05657929694377671 -0.10197425140729019 -0.7228384640870692 0.6811054177170508
205 -19.98727609817783 13.226496206732353 7.809107557675232 0.10304763395997517 -0.05313286849777137 -0.6919598174827049 0.712565572007062
206 -19.905129337158986 12.226869991790537 7.742852074405238 0.09291488669703718 0.10641936679388334 -0.7530077068413872 0.6426672044213397
207 -20.075224422885906 11.334222423689157 7.434731245140879 0.17490535177709315 0.011604085739182108 -0.7167732276770453 0.674914515475345
208 -19.995285085924614 10.40112378850517 7.159997857808761 0.07619139237602651 0.06317425179380975 -0.7748757785550733 0.6243167573009417
209 -20.030234527699577 10.358973928901728 7.087109299891945 -0.44262384199569776 0.421089761462422 0.6215367983842344 -0.4903667561558013
210 -20.215384675250995 9.40132957831653 6.942375051554595 0.4669004054041783 -0.41842476654971994 -0.5165195653666277 0.5832085945566106
211 -20.091052768163472 8.4024419337282 7.025670253230593 0.5641470027921314 -0.4223848918980466 -0.5472045611664487 0.4515488130596347
212 -20.027770830665165 8.427734403956501 6.974880461374358 0.8385876675043691 -0.04410018181312107 0.044733766089591454 0.5411328746667251
213 -19.01822280708381 8.299754879988573 7.120950182654961 0.765845442944677 -0.048562878818761736 0.01981431806800092 0.6408820461841672
214 -17.97277055504788 8.185397529328045 7.241762983597317 0.6790086848745231 0.022409930361114758 -0.034783659359732905 0.7329632309520898
215 -16.919749637292714 8.171328318530012 7.099442674501275 0.7153491150884381 0.01303593137539 0.012176201898224655 0.6985395107957016
216 -15.75342477034053 8.22465096918881 7.061494350851417 0.7438269673187082 0.04043841266356848 0.003843952540607871 0.667136718746293
217 -14.76401452760915 8.246369999340684 7.007166235768809 0.6799801770835642 -0.07108443867471273 0.045527355597438215 0.7283551477431941
218 -13.783129506105348 8.184431107849901 7.142297652968345 0.7175351845165243 -0.03450233498613376 0.015338023934816123 0.6954980897767565
219 -12.694580087419213 8.09291888643294 7.211073112967401 0.708943859261613 0.0960829535907014 0.06151292929907419 0.6959761705501019
220 -11.716945413524508 8.33628234196135 7.17632450808409 0.7010184558426377 0.08116095416056045 0.1713486844815554 0.687477746850174
221 -10.817934255368616 8.65302606419449 7.236907706085111 0.7274258213490514 -0.00335856013379557 0.045024542284515946 0.6846993391997361
222 -9.821506579442465 8.700052083078987 7.249531793073151 0.7325919421860867 -0.04375755569289 0.08172327672631967 0.6743260551134846
223 -8.830125477682339 8.696156457577635 7.41780933369179 0.6946457059566272 0.027828824247169568 0.03596455359399147 0.7179132612104501
224 -7.8613122817040235 8.770791571970255 7.459133000595733 0.6851473060058095 0.012656282857349377 0.11650547326242174 0.7189154764484599
225 -6.883480806170596 8.908221936640563 7.522039220273404 0.7419505952521752 0.017117194557377605 0.10995416319030837 0.6611553507705638
226 -6.8938224058741575 8.828386005769705 7.557975396765866 0.9996961928177281 0.017122051867711832 0.008818739392797686 -0.015381392690558264
227 -5.930494892045762 8.909081097109992 7.616608156453498 0.9938082550038854 0.010644103914434927 0.03184570214172635 -0.10591367519395951
228 -4.92690804260496 8.894218502765897 7.658371253408516 0.9982439671971116 -0.01572255642354441 -0.037694980948172085 -0.04290537944591123
229 -3.8734898649922767 8.82259098694026 7.547672486650838 0.9995908258079619 -0.008002910481771564 -0.014554837817483146 -0.023287144103213298
230 -2.850095706311201 8.739621712548125 7.401760740547277 0.9994949907471762 -0.016641623973486005 0.015319047902050971 0.022319197884372612
231 -1.8840745488520718 8.752264326855233 7.393915935926999 0.9937446497340793 -0.017973692556036928 -0.05649354623242241 -0.0946414113106845
232 -0.9232430622438503 8.753905969913703 7.2562720983135955 0.9935716482380609 -0.07832244419056768 -0.05600969956419076 0.059530564487896495
233 0.08103355925803847 8.691272443861916 7.135242073054533 0.9957261571263493 -0.004942243135400497 -0.08117252910584503 0.04377230592217268
234 1.1077330328696098 8.77084758370189 6.991043074808493 0.9989586014574557 -0.004125488349647366 -0.008444317178744432 0.04464735633187486
235 1.1044972815070249 8.740970127905015 7.096997188561151 0.7317727594867064 0.17367119517334537 0.6590447000225452 0.002651002162576817
236 1.1793208497687524 8.749126338731394 7.058888550131771 0.5489541991391393 -0.38242824155687793 0.5741560885076142 0.4719562621015398
237 1.1280713542438188 8.69880037146945 7.022610515778913 -0.037202301701939465 0.025679381676911528 0.760330153894725 0.6479618933110136
238 1.087918131365298 9.76480829289755 6.990858829295826 -0.021402771243267983 0.06478568386079968 0.8272832870095526 0.557626308188978
239 1.0623248027838867 9.75637387135519 6.985593695296846 -0.07130766295843574 0.04899672120105682 0.07038595070761111 0.9937607138833462
240 2.0759227978443437 9.84836578259771 6.824419063776577 -0.03573870588373098 -0.03141341230278212 0.027105106795397297 0.9984995020603975
241 3.1102632798906535 9.914924525763706 6.885917881401895 0.0175450539922306 -0.10328897297364958 -0.08398641547942032 0.9909439142339875
242 3.98923947458951 9.80784452973698 7.017181545071447 -0.027248902618788047 -0.17367445520827496 -0.058897093807679504 0.9826626141536017
243 4.855991755788303 9.77460187487888 7.446013451448598 0.004236445091300715 -0.011807967928638327 0.009302170179337958 0.999878039590999
244 5.9078429954957565 9.854797945105132 7.484446054461958 -0.08180315644125238 -0.10608265285345621 0.10502957213484905 0.9854052482796058
245 5.904561057044643 9.862734320005492 7.53324319870741 0.08928733166194998 -0.8148470359499549 0.032104380086597814 0.5718578400157835
246 5.8952783007163445 9.836604401423564 7.549187846841682 -0.0810345626211324 0.9904076775687619 0.040671572563250366 0.10426818814425377
247 5.049362995085527 9.704084204400951 7.370541163273143 -0.0138387915936307 0.996426964258975 0.08036897371388878 0.02196863238910471
248 4.0600746816078574 9.70311901052384 7.329087880108998 0.09347890451046294 0.992679655278866 0.06763238267250207 -0.03570234195393438
249 3.1846679933458706 9.92972812810292 7.374127827508285 0.1659605434691019 0.9821341383837638 0.08380500558672639 -0.029092151368207336
250 3.1376959826813517 9.81776355889939 7.323442650837591 -0.0035088731963689225 0.7089677529269738 0.7051599103836182 -0.010095241767139135
251 3.0718422486006696 9.811859255653461 7.3282085891856825 -0.48060848409381846 -0.44843498268644355 -0.49511030316249527 0.568143766156413
252 3.1938403257895094 9.698285748058522 8.349361234603226 0.4889923084734951 0.5414461911130839 0.47085815242821605 -0.49599913777624927
253 3.121580644172913 9.82514249798949 9.327135305019024 0.5642106969313073 0.4941787190970974 0.4418293958129081 -0.49217930478174354
254 3.203234137044418 9.89264268528778 10.223471760398052 0.5020424628169067 0.5264280627172023 0.48033555443377846 -0.4900047096297574
255 3.223245282628572 9.869449568446662 10.224715551817319 0.7413552500357354 0.6704871657472589 -0.012202034350169576 0.026276684919852147
256 3.3503055132427955 10.903024278439768 10.205627588513128 0.701889671063082 0.6938606622167749 -0.14229901533251363 -0.07522806204106394
257 3.2786278922138283 10.879764684538667 10.196307608424428 0.3587961746104698 0.5045171270666556 -0.5764094523952951 0.5333665876024273
258 3.1202852925965345 10.587899672547183 9.253733777220189 -0.4657488098424625 -0.4963875857999668 0.5491662551001767 -0.4848647595497715
259 3.101425421026847 10.578104399923122 9.234151288981082 -0.17039336103039088 0.6860428173513625 -0.11288950310631989 0.6982602060591593
260 3.106981310137008 10.53291952545554 9.301774127771335 -0.13195822782166086 -0.0008720457666792378 0.03312119082047876 0.9907013941470865
261 4.054445703299447 10.549736327905023 9.263915076717973 -0.14163211221382138 -0.04913417370797537 -0.005346253023716736 0.9886847805759389
262 4.088612073536921 10.584116365820032 9.22982267856452 -0.2629609110375997 -0.6693162818698625 -0.024495882305110763 0.6944546247525986
263 4.052876563277886 10.628393787135103 9.257811632585602 -0.03325923075011557 -0.09238092735885022 -0.11848375799679949 0.9880896654257574
264 3.9846297417700507 10.679424675863057 9.188949650286693 -0.18650236427679676 -0.6712861625432365 -0.05294572648837242 0.7153939517103559
265 3.9690086014563013 10.715584420906264 9.071840671636402 0.4314043340204067 -0.5016590883467651 -0.5016328954865118 0.5573086199165779
266 3.9839974671759837 9.726853373617542 9.199548745916326 0.5115746895315054 -0.465735293289412 -0.5086681761583564 0.5124828389118047
267 3.969694891743659 8.654556783208614 9.15101091795398 0.5387872664910056 -0.44336727481941796 -0.5324770354362567 0.47916797453436777
268 4.010806114006389 8.695859682887038 9.176769806063731 -0.019953158899619235 -0.014816129829777607 -0.6965667213440498 0.7170614732802165
269 4.047413505867995 7.785306970717462 9.281702491977898 0.0448570035430058 -0.007079496354193836 -0.7071086323525599 0.7056451743029251
270 4.081682043913143 7.808698486689851 9.265647263542222 0.01745691200871542 -0.05274115502660059 -0.05948183243006376 0.9966822655191282
271 4.064803497794242 7.8309910534719105 9.26417052383772 -0.6985250978429317 -0.011453396421429772 -0.008433880656407499 0.7154441816459268
272 4.088087072061479 7.830320640395575 9.280961033961079 -0.4019990868818142 0.5267292111920493 -0.4978052490786027 0.5595918210740575
273 4.023773759410464 7.8970848455235885 9.264537140984574 -0.026249183301889027 0.6849088812389362 0.007236114916149358 0.7281198001819019
274 4.120428003076186 7.940203063096626 8.172138650241818 0.01766673858030054 0.7295689654854746 0.0029318458584757837 0.6836727398604187
275 4.14032900594361 7.9248217630298985 8.136276958762664 -0.0072558998118798165 0.9986556147210619 -0.009495736671467758 -0.050439529033133014
276 3.1460441762287563 7.942290947966407 8.189373780241713 -0.07703615897063133 0.9965063227510396 -0.01887880131067808 -0.026156639488365045
277 2.087401925878975 7.822270298201511 8.231995729603904 -0.052120437551816334 0.9981311734604573 -0.024968404984977786 0.019854453111678154
278 1.1124350535667817 7.73554964020409 8.210985389532262 -0.019711865992880863 0.9956327661857518 0.06530380549662686 -0.06373578448599261
279 0.07294792086238881 7.670754262363552 8.226854856064497 0.014720864533235522 0.9920750999046429 0.12475688821016387 0.002451762774737572
280 -0.897985509102204 7.71221220252766 8.243880169365674 0.030871842345204414 0.9993486794885731 0.006768847755181965 -0.017416338729060205
281 -2.003030941996017 7.759457327989276 8.342948200731964 -0.035571702067181514 0.9992247578288607 0.002653329278082189 -0.016658247135900285
282 -3.0048362429349735 7.6630830304992354 8.272742200045363 -0.02081780764024948 0.9888896490393491 0.10969831479163371 -0.09813338188283319
283 -4.019503635519428 7.639689104898673 8.452780349616807 0.07666617770443968 0.9850334809005626 0.14117926337318226 -0.06244801273473699
284 -4.965490539307823 7.780748815355517 8.637369359786792 0.013351772263691651 0.9897423684131563 0.10139845863479498 -0.09975032296600593
285 -5.978852556085012 7.831588334112721 8.782404519636165 -0.010208704032150764 0.9998312985749744 0.008339871250684226 -0.012790750540375727
286 -6.985758097104902 7.7831994159598334 8.75570074141997 -0.06456058801905422 0.9916948348620422 -0.0790438045064603 0.07826469160308082
287 -7.9448763154485516 7.6492739026807275 8.562522527738498 -0.09168708260907761 0.9863686230049036 0.028627189941129737 0.13360726937603806
288 -8.901723037390802 7.485203008720476 8.276719361430375 0.04155353896734343 0.9834384315938739 0.029163363572154086 0.17398750785222902
289 -8.939139002528457 7.548140265474761 8.272503731114682 -0.6629989733815616 0.7370941733242886 -0.10706734630885414 0.07524044325200771
290 -9.118501944973906 6.465574065443822 8.353356797390154 -0.7005843098946811 0.7079538153130994 -0.08826527753690364 0.013865817478689422
291 -9.201259069097935 5.510688903859531 8.441137540012196 0.7179721451954775 -0.6536260153660286 0.1478995392565959 -0.1881880895482471
292 -9.170931677689666 4.575307368054433 8.34533535264531 0.7155508297898063 -0.6079615130705245 0.2583398912663191 -0.22722303842837957
293 -9.002075638337878 3.5196555039287443 8.344352646001079 -0.6861081519890804 0.6984000169577226 -0.1662684859755703 0.11767672097306699
294 -8.97295575148617 2.503291077361057 8.392122585707645 0.7743243838086444 -0.6110045488444688 0.06241369923261571 -0.15231454322825236
295 -8.729993127799311 1.577082823929384 8.276054070412277 0.7468770027522125 -0.6603105541237629 0.054384507010541254 -0.05663073608793358
296 -8.665467502631461 1.6308905269893814 8.221979086740626 -0.5142126982726803 0.5345231512667968 0.4512047075051538 0.496270705986291
297 -8.653599822504798 1.628290430501757 8.309088539823506 -0.6845037378777532 0.7279574243586544 0.027144511728412653 0.028209867697748383
298 -8.792167825051353 0.5893050399462914 8.280967880375494 -0.6970113294489828 0.7159535758788867 0.03838526092987383 -0.01059507193661428
299 -8.804382904789096 -0.36962453563034925 8.395519905202526 0.7124106364327439 -0.6978878790371622 0.07349281056736118 0.004732883414327157
300 -8.752263946707462 -0.44145322711882723 8.309738402706127 0.506327638098985 -0.49234700513697843 -0.49722864036560765 0.5039746309388202
301 -8.741372523964777 -0.40858394266947784 8.32869741226926 0.7088742711112492 -0.7041761735332898 -0.03225532557496895 0.02434703999590894
302 -8.700818458718128 -1.4292121188676123 8.305510125658563 0.713414175292876 -0.7000229860984959 -0.009204875509072051 0.03038591271943561
303 -8.697811532262518 -2.3983229075828185 8.371340595077182 0.755165149937741 -0.6536426809370767 -0.04297525282502666 0.025099195635026997
304 -8.60330346705412 -3.42587107219572 8.226634505066668 -0.7041643414996756 0.7098896669495514 0.011853256656796558 0.008291032819369631
305 -8.663309109692934 -4.409334008905842 8.26057705965231 0.7192736226164143 -0.6890745686674679 0.08843033973899639 -0.001330277282554588
306 -8.710760914118366 -4.319356851565983 8.27555677231177 -0.5156971924603047 0.4248469723040657 -0.545473225152437 0.505984601005236
307 -8.756738131425708 -4.327406656487418 8.225063337566873 -0.06018491493682006 0.6179512036662361 0.02628482291448628 0.7834686936858752
308 -8.743829105321453 -4.324699434177121 8.257612635999557 0.06446245011689355 0.9959274656243158 -0.062288871029510105 0.009652579236842065
309 -8.705247645572488 -4.3049088724215725 8.257058126060222 -0.002405682828332232 -0.6580616317962964 0.7515087518009502 -0.04673004830195781
310 -9.777792916009277 -4.336140180461003 8.218455093384298 -0.017807532256822536 -0.6909068359450468 0.7219030827020727 0.03444669831160533
311 -10.809394850626111 -4.327107855480494 8.28534546381171 -0.11119597891862648 0.7370763132822273 -0.6659874178753932 0.02854333376245632
312 -11.8110389908637 -4.569563194136843 8.372441953004229 -0.04216056471708128 0.7790815915900293 -0.6166094622507915 0.10510533521697643
313 -12.804857327703964 -4.788610865423702 8.294275011809289 0.021815952321615546 0.7602799664578699 -0.6491008353637414 0.012905129104918079
314 -13.778925144197483 -4.798331940322618 8.261486181519896 0.029771613230250675 0.7477297114897143 -0.663332149999621 0.002094845592643026
315 -13.807062140290768 -4.791574931849899 8.32689547228643 0.02760474681530251 -0.025885307608626947 0.9986383910697794 0.03590672200065682
316 -14.723632022800002 -4.74736573549859 8.31801402450974 -0.056553155245078035 -0.04391649280158891 0.9944086395262537 0.07761790983644869
317 -14.664401327510399 -4.779009565589936 8.282978508518216 -0.705739842465873 -0.031101314596994223 0.7077880614156665 0.0002076151157016324
318 -14.645545772765235 -4.825441080440464 7.205477056136632 0.7216831525999023 0.01872278244035473 -0.6915121173139502 0.025176899712520923
319 -14.675190785644572 -4.797128145768602 7.252207610087862 -0.5541616730723509 0.4454967717343929 0.4639544794348512 0.5283783752995804
320 -14.467380764335806 -4.7771831907857445 6.3171947230395675 -0.4111807309060683 0.4479884698129919 0.5573488328017029 0.5653308907363414
321 -14.562869109324781 -4.505668335641743 5.3464387651006815 -0.37889935916568734 0.5906223192311775 0.48700444944409294 0.5200261703717168
322 -14.74767997492283 -4.430114893653425 4.312919453694108 -0.4710471643553106 0.456602714716995 0.5047502869873678 0.5611200207193298
323 -14.777938728929344 -4.3968470805552755 3.3001071013609695 0.5363915192655497 -0.49023131192534175 -0.5205109627291297 -0.4483589371772888
324 -14.716293356231601 -4.423959920395659 2.332004155522452 -0.5101708787910926 0.48521021074917253 0.5004833699325407 0.5037986921769811
325 -14.736522454201596 -4.509041998103072 1.3275431767512864 0.5398705997916422 -0.46057931990557854 -0.5040146883629484 -0.49231658459808936
326 -14.608444256348909 -4.458042567858411 0.2771795646037693 -0.5315955052418576 0.4187395898040076 0.5834632814403342 0.4490367178174888
327 -14.673235644340586 -4.398980243465953 -0.6472342303614256 -0.5159321639303276 0.4963242715241351 0.4755100581662676 0.5112400652344428
328 -14.700900167521818 -4.495971152069431 -1.6318057822809575 0.5781498942911654 -0.492415263569937 -0.4720185190329647 -0.44773700497545493
329 -14.637195070475377 -4.735669071159416 -2.5743627859629377 -0.6881277735960027 0.37568233055066136 0.34457207746461516 0.5163458503266507
330 -14.643563987395474 -4.66501639520501 -2.590202586368364 -0.08519315274079466 0.678966047030592 -0.08435068592588488 0.7243149836152558
331 -14.605977818479584 -4.899200596245796 -3.647184047176807 -0.0954629030941435 0.7080340726897884 -0.06278272241566484 0.6968736727766572
332 -14.600998654480218 -4.902852354294583 -3.658291513880418 0.45509470787798645 0.4919633158931586 0.4223721300430112 0.6102972115615382
333 -14.450378707065598 -3.8771372734555287 -3.936725207450977 0.5451542687420322 0.5475509702217066 0.46771926977367284 0.429224233896445
334 -14.433611058719737 -2.8752277981445595 -3.831197527300739 0.47376721655555754 0.4676779372148089 0.6416783378898021 0.3808817168658552
335 -14.760722957485994 -1.8859509543445665 -3.5815205305664413 0.5490358610446544 0.484448438982057 0.5370171538172883 0.41890560960767986
336 -14.776247693331905 -0.840127577562474 -3.3996993280557652 0.4758069972126129 0.5447616914519441 0.4928886319043197 0.4836353972461296
337 -14.785823277945505 0.15022957432965595 -3.540005564434187 0.47664646017884543 0.5181318144543112 0.46761864714270274 0.5344907629638588
338 -14.685068080299388 1.1424646656985584 -3.6592690846338223 0.5658840788980574 0.49502937179965073 0.5334062302706203 0.38755505907396726
339 -14.749311511231829 2.0704638071623322 -3.4066454368836956 0.4654004070362278 0.48494391656173375 0.5910107326635891 0.44602485670277114
340 -14.773811488773006 2.0141681103847353 -3.4946939846758878 -0.12978519641443154 0.6234051515819194 0.7705550429990093 0.02769016940334742
341 -14.781191428410326 2.0957560030638076 -3.5520481406769058 0.39088968451587147 0.585829906561452 0.599030723564244 -0.38101281782032126
342 -15.25755050450162 2.1227978606181304 -2.686246953162353 0.5465828245009771 0.4315132584845809 0.5274588394678743 -0.4866525417376927
343 -15.20591410470544 2.096360444121744 -1.746440063641738 -0.48806284354702345 -0.4583784387029141 -0.45831858145731985 0.5844894743038774
344 -15.006150364695763 2.0187060710437055 -0.7555278945001505 -0.5180055376747869 -0.5793460316318387 -0.30963104900441674 0.547865907009297
345 -14.910155255564586 2.2655527465431975 0.22292069492079325 -0.4504347188102378 -0.6436501693583199 -0.36192772291623543 0.5018280053564326
346 -14.963500523323932 2.477298552922907 1.1469253422003622 0.43728140849380487 0.5725700883199004 0.4989362907476288 -0.4816752448714937
347 -14.835251522057876 2.469818264712478 1.100347943949653 0.6722855502426923 0.7358301232189559 0.0009353313640569597 0.08114982349762824
348 -14.874177375436975 3.448067038639963 0.9835223884410069 0.7019062236045596 0.6922556181877405 0.14429375039607795 0.08537637816943254
349 -14.885984572096863 4.530320096613666 1.1186619756496639 0.6788773440003649 0.7020147714434797 0.06512431954960476 -0.20508445938532094
350 -14.846095595517738 5.340553855745043 1.4653718993870615 0.699070592168211 0.7150322728473532 -0.0006715347383483794 -0.005357704119344287
351 -14.869898758301966 6.300474008308389 1.4935188928003023 0.7531718348523244 0.6460011874129873 0.12236216456076741 0.021027451823686486
352 -14.762655191696112 7.236413931558799 1.6659059378909638 0.736516753426372 0.6537692626356076 0.17081556582512833 0.03083610914191404
353 -14.816214972527176 7.30843663250663 1.646122519158806 -0.47756073287366924 -0.5565311405488629 0.38433429027033367 0.5607994198810691
354 -14.72061332953642 8.263907430859069 1.8793352112635502 -0.46539792723313084 -0.5191926178143631 0.46823304531211407 0.5427721531286581
355 -14.698886554850178 8.287814841679246 1.9297200286089935 -0.5979412424441659 -0.13181928356264366 0.03113372281430294 0.7900130621509246
356 -14.751453659026247 8.248802231556478 1.8637050896245302 0.03932171625405892 0.026049374615363836 0.007007330672607093 0.998862417968475
357 -13.670987089720656 8.212264893491785 1.8607083286275001 0.0612781780891268 0.12615862565569114 -0.026918781417095985 0.9897496477745081
358 -12.68293171678947 8.17676605867072 1.6118950851987401 0.12756273397257778 0.13802645187858137 -0.04081263330388531 0.9813311247718853
359 -11.728436684582046 8.207858062727047 1.3677913258415046 0.12223890655243204 0.11766000995659874 -0.013386514392663687 0.9854108650782647
360 -10.754243459103012 8.250667180559875 1.158936313906208 0.13891682092334026 -0.0020361710730274728 0.02192847470580666 0.9900591461468303
361 -9.809331838663054 8.241963689210717 1.207885422513705 0.2580679456137838 0.03444026153820947 0.04249194530114592 0.9645772329971225
362 -8.823054880836779 8.399057401349799 1.2029804797933523 0.0953771245299653 0.08139846451325825 0.001297944272807173 0.9921067530422036
363 -7.83916243298041 8.422742950344526 1.0497851785074244 0.061324006829132006 -0.010393854371561853 0.041324884280454645 0.9972078960361928
364 -6.828016321846873 8.543434967778671 1.0749950572549354 -0.13953845370450535 -0.01970864214768768 -0.0601736782661794 0.9881901222975102
365 -5.779774653655198 8.445681351886034 1.2164830583635182 -0.0002457824899862546 -0.002937494158602701 0.013812042062871871 0.999900264132923
366 -4.804525163625614 8.496171656719651 1.22857980703687 -0.07284595642666666 -0.04939260523287539 0.12313002118919004 0.9884800630576942
367 -3.8869706945786047 8.740197467443831 1.2902249462959938 -0.03944148876540549 -0.07638964223902837 0.0008911218866082602 0.9962972435093579
368 -2.931601049109257 8.71731589672984 1.479100947493879 -0.025470122910807115 -0.11197381082725816 0.07459198650318029 0.9905802209196584
369 -2.8634275441692396 8.735713766050017 1.5515517948007214 -0.013071956249258578 0.046138542187577986 -0.7002118273080408 0.7123227890377769
370 -2.859662199677746 7.70513314901407 1.4141249370960634 0.06272688204040465 -0.011990045937043949 -0.7242988687264817 0.6865221961666322
371 -2.9559577343629075 6.7193345010939725 1.3015318604750046 0.05405493377425608 0.07228219655315152 -0.7164979628746708 0.6917253916060618
372 -2.922372045818081 5.871946491148936 1.1111195353752754 0.07217433215185816 -0.1071576746491129 -0.7826479847522521 0.6089090494527609
373 -3.026027510870972 5.884014644200075 1.2379916210271285 0.010114185463902981 0.004332119488958642 0.9999204845169433 0.006161220377179109
374 -4.0421230685179 5.789260539366637 1.1895337894204634 -0.011633424975483407 -0.0037722895426269888 0.9988180836016669 0.04704114289895494
375 -5.033178712211566 5.857628381496862 1.1193345680535103 -0.01552586480820347 -0.04583762386155456 0.9987042197066095 0.015739799900137137
376 -6.095068217315967 5.754020922612432 1.073211237584763 0.12570735024583 0.007914193489999532 0.992035516187858 0.000749838292631436
377 -7.089210117262337 5.688893041587061 1.258244930454184 0.13904374140008838 -0.012773707334919275 0.984522721208615 -0.10591827888693632
378 -8.003675379003518 5.474942866989421 1.4889740682769876 -0.018502868391093087 -0.006157176779657332 0.9998073270226594 0.0022454102545380657
379 -9.006453155428979 5.542031928065504 1.5219186955916575 -0.13526350544134724 -0.0222366670370774 0.9902856888636782 0.023314569834991427
380 -9.908412724663165 5.627586256686323 1.2289456363613465 -0.15827551331832462 -0.05169931458941911 0.9822649746689429 -0.08620650957686159
381 -9.810546765517758 5.582472282285945 1.2118582604845656 0.03199421938057784 0.717896057065902 -0.6919307670276255 0.0695229085699165
382 -10.802880253977166 5.516639638877457 1.1625131433783351 0.11704627036741598 0.7708534965619248 -0.5965608059782713 0.1902636649544194
383 -10.797089096436554 5.47096358701966 1.2471566956606708 -0.48438062563234546 -0.5460827201870957 0.46173727850846524 0.5039521384622493
384 -10.8162421275467 6.495033123130259 1.3396925127664596 -0.48588995710219307 -0.5181482033944236 0.47571914276487004 0.5187722873413897
385 -10.910063525599439 7.520349879579767 1.4490818616153862 0.5387492702860737 0.4842388002439885 -0.5030311096254587 -0.47140397840224685
386 -10.941388392255934 8.550822080466757 1.3206820354692452 -0.44436929147769755 -0.5826566738647476 0.4420562029466656 0.5173330132795061
387 -10.997638709724294 9.479146266055803 1.4824636437942718 -0.39137747128794037 -0.46957182347100995 0.45971408896305377 0.6441963473811675
388 -11.042773135470467 9.50639275397336 1.429644317377296 0.028740980853099053 0.7130620583881682 -0.7005110137035123 -0.0008812416856257163
389 -11.123435667786545 9.532377814057938 1.4462858536228693 -0.5021604931579363 0.45763804554930737 -0.46022795429350727 0.5714827105556229
390 -11.034478930484942 8.535517113893677 1.3869188623418245 -0.45349140453323233 0.4027006785206248 -0.5365733364719645 0.5867425023984951
391 -11.124429598607016 8.543332008162704 1.3836109033312205 0.027756393640675447 0.7686939909917909 -0.6308389932285396 0.10188864238755244
392 -11.147143336589233 8.521293818753486 1.3591609020570483 0.5525951831942828 0.5640783732672179 -0.4703144051449155 -0.39402856829914107
393 -11.198731934107578 9.533994684650693 1.2206205228465115 0.5708985893753384 0.6224259245673391 -0.366216095826815 -0.3905720679120655
394 -11.282585831589875 10.640370530292758 1.37420932635857 0.6080433945639331 0.535451358858102 -0.3953274455006915 -0.432771629682537
395 -11.260404529606154 11.594154732828985 1.4069944056654387 0.6689034474503904 0.4427693885166662 -0.4349322701825964 -0.40909334745919945
396 -11.011634789445111 12.650776615728207 1.2082742976864351 0.6265985494232245 0.539514720605862 -0.42151596098374844 -0.3723203173965083
397 -10.913431146928549 13.67719354775183 1.0675974084138542 0.5606552651158953 0.5871391191840579 -0.4607689618626644 -0.35864368418472947
398 -11.048896943580923 14.708396979929057 1.0380349873619246 0.494439762038871 0.5338789362026506 -0.47089705476001614 -0.4987570220181496
399 -11.038209147415591 15.665787512457815 1.0445312488149456 -0.4160137531113206 -0.5190892393949175 0.49907984366481856 0.5553361400216447
400 -11.112955256910578 16.65844641009138 1.2685026010411398 -0.4936717030108623 -0.5048559713800304 0.5054869663637184 0.4958746057671096
401 -11.14664733342262 17.60264981991126 1.311189077364249 -0.5002938929173387 -0.4978651073314136 0.5121181611043825 0.4894602585282691
402 -11.16139267280258 18.552067442940906 1.3154101217478513 -0.5430648132887308 -0.5066058883173775 0.43145310473492215 0.5121321127447822
403 -10.942524091066627 19.529984482852655 1.4042321886375244 -0.4189143032284255 -0.6004092720451573 0.44069909697211285 0.5194264322508173
404 -11.026607863721654 19.60666741589344 1.4375312073830648 -0.0043027994643095365 0.004845658356589272 0.7103883301015065 0.7037800977346933
405 -11.040359258770295 20.591963824254083 1.4153703859655093 -0.014957511812177983 0.01926901922923322 0.6984721756449155 0.71522136264809
406 -11.033564761374306 21.53012165417376 1.3921872792621113 0.05954396304898451 0.06505696538163426 0.7536902140532299 0.6512857813280978
407 -11.237427385455677 22.537750012685887 1.3780147093976443 0.010013730433999203 -0.0027801078949079095 0.713260910079918 0.7008215681290463
408 -11.248217668653936 23.55823386247002 1.3709794655539 0.015663061877533354 0.029409010789330673 0.7264681724344207 0.6863918509254069
409 -11.297554065581112 24.50661840668743 1.3490917834570741 0.03927925414227969 0.019084484369473267 0.7181728835676587 0.6944930755295489
410 -11.320386466752884 25.498291063200586 1.4097616106372524 -0.022295454391105904 0.022621779671729368 0.7328345516217093 0.6796651291241789
411 -11.29887419175988 25.54541916837197 1.4098941779245175 -0.5025611900293089 -0.5018846299057574 0.48593473210280685 0.509324557307872
412 -11.263795880948882 26.544227184757897 1.4860813137738027 0.5081556460298373 0.5480179638993364 -0.4764232562867038 -0.4631144907264269
413 -11.306114522778705 26.519844922152828 1.4601060321354615 0.013238913562595224 -0.7010442337359173 0.7127612132085148 -0.01825284796486975
414 -12.314401288769533 26.48596704458348 1.4744160256127068 0.021455936058885978 -0.6831396987349101 0.7290002035254912 -0.03766295368137645
415 -13.351010038891639 26.356295545693303 1.5265627849578776 0.04075863069891384 -0.6896460516618093 0.7225003575971817 -0.026838232482246118
416 -14.351705406195476 26.300201989764858 1.6328303168170086 -0.05011791406016762 -0.6790206401862586 0.7306892246283746 -0.05012406511133852
417 -15.294523489682165 26.344404090753425 1.5720006762090097 0.001097130406970839 -0.6293038000671141 0.7722401123852835 0.08729680606485407
418 -16.352782071344823 26.452755347401062 1.7300100170758972 -0.07347217490222366 -0.6428829911038436 0.7610680108607467 -0.04559366303532546
419 -17.33554835842159 26.504915916674072 1.5658804300238174 0.05638557148612258 -0.6753522348283473 0.7305110434835081 -0.08410494390448332
420 -18.308968751119735 26.266233322556126 1.5611235321635002 -0.014947883947976448 -0.6958908999158406 0.7171831388816815 0.0340699498622749
421 -19.311918095598674 26.37328706688214 1.6399366722450892 -0.007072835035000372 0.7781373155022359 -0.6279921980347594 -0.008836992418975191
422 -20.37571213676592 26.375364578301408 1.6755226872837619 -0.021069127427956517 0.7276535886636445 -0.6840375594173215 0.04657213846001312
423 -21.357428290568823 26.219906338059424 1.6369370085674178 0.11708612235160716 0.7277214172639508 -0.6743879478473179 -0.04374099457367874
424 -22.294663528035663 26.43352077331283 1.5291472632944412 -0.13765475890642404 -0.6052788012913134 0.7840166666558064 0.0025703042005418807
425 -22.29907806155299 26.400355308122855 1.5421053910323093 -0.03988958194381282 -0.04500102930060307 0.9981710063958457 -0.006194401096037552
426 -23.253603789020772 26.471119659600966 1.442025043181064 -0.028579749638901992 0.0009998722750960936 0.9995133739410732 0.012458470168680728
427 -24.21844940420445 26.51799119373104 1.4713758978799873 -0.04393304158053493 0.0867011072466448 0.9949787487061151 0.023876672358223106
428 -25.26878857270185 26.46739901805413 1.3556213418801113 0.02720667487002223 0.1293400798738858 0.9879048715052533 -0.08108579059812426
429 -26.337098678133056 26.293162234617622 1.4660888499076188 0.04665699092735028 0.07780670670503843 0.9946364778783713 -0.049674122669949895
430 -27.298807388217405 26.18613781520444 1.572638321555939 0.0033410334738425093 0.047788071418748614 0.9980544097019026 -0.039906553346406665
431 -28.340954111495595 26.085819963935528 1.5062097031506854 0.08386333526239294 0.05323219540162731 0.9937257045813306 0.05140523733753746
432 -28.327659839173474 26.080154361128873 1.4350948536832657 0.01117767030549991 -0.005592965181442416 -0.7042347459405833 0.709857169462296
433 -28.321987819264184 25.09433551287681 1.3583237048225532 -0.04973731341157738 0.019076839940318984 -0.7180180436540737 0.6939829701222263
434 -28.357703769940347 23.973021268227647 1.468040406898133 0.013007670298280219 0.023667133621824685 -0.7191556957093053 0.6943239536616921
435 -28.32606972243107 22.96768223173927 1.3548503001127068 -0.011912443681527727 0.03581032834894547 -0.7254054638988278 0.6872864228360703
436 -28.37381911425699 21.885062539054566 1.3221808986880654 0.006537088135572532 -0.04347820214998592 -0.674988831367714 0.736516795426527
437 -28.340115685292066 20.879020189557064 1.3597765992197517 0.018565144629485362 -0.0019074864361116664 -0.7041462543774466 0.709809657124073
438 -28.398022780214276 19.974831303359114 1.3907434751173284 -0.016932559132940356 -0.12281945230091698 -0.703006435734963 0.7002932399309132
439 -28.427386982207434 18.980858153823633 1.6607665781140661 -0.09564405555289344 -0.13402891352588212 -0.6093509238307404 0.7756158305521423
440 -28.371421262671433 19.00259530855691 1.6358524853106389 -0.3797199140823565 -0.6400995242776611 -0.4182372657098449 0.520733113447141
441 -28.34765703271918 19.090824611193582 1.633958538347882 0.02705744767158292 0.01051894962833511 -0.7188272110875813 0.6945823830362141
442 -28.395855659709724 18.067261374756256 1.5957928876202814 -0.0008623228970193745 0.14544493787850302 -0.7154141121637843 0.68339423070556
443 -28.45892042003469 18.048654607143042 1.5874546873757258 -0.4975436680134242 -0.41882495081879 -0.5138455159241315 0.5594629073996311
444 -28.410767839114392 18.03942234666003 1.4985546872513538 -0.0548900739604663 0.05109251931836408 -0.7494039763578482 0.6578528060815448
445 -28.403583603044755 18.03416540284555 1.4593346339560702 0.5669448205526164 0.4510318957195482 -0.5076226552765482 0.4663293249863013
446 -28.300727525034286 18.003601468754354 0.4319048490710011 0.5929012842313852 0.4652384651964896 -0.49511393221815997 0.43230016398546545
447 -28.165861698833073 18.18694740785699 -0.5461454359018049 0.5108172417666467 0.5434561341832992 -0.4633165644076097 0.47860102055677683
448 -28.250534053256327 18.237283898295214 -1.506791553381732 0.4401055884151918 0.5494410560846479 -0.37674729847995037 0.6020656691942862
449 -28.143781862760598 18.200643566337508 -2.522679072831784 0.4805940037187096 0.4863872757622116 -0.5147907872362759 0.517153040156288
450 -28.160439833248265 18.1499310520049 -3.487715045291552 0.4927393803231928 0.5075697507233548 -0.4965779343908292 0.5029823121199052
451 -28.15359206181011 18.134650991221893 -4.481390086209804 0.5052661927849564 0.5173947256016941 -0.48994925481784274 0.4867838329809067
452 -28.234954027800477 18.150013161937153 -5.356220214266304 -0.43660658479813236 -0.5205552490997057 0.5471142412916874 -0.4889406198317708
453 -28.301074177425644 17.97199584734614 -6.427427372716627 0.49876014002540103 0.45976311526985003 -0.5239314360388924 0.5151233356094727
454 -28.24666269061858 17.883928394774077 -7.477905424315645 0.5062432347320014 0.5624338330508005 -0.4263631412252211 0.49558091421323497
455 -28.16343562363743 18.018349572246255 -8.544337358546905 0.52422042252819 0.45088080948407966 -0.4794420283119674 0.5404024294277857
456 -27.968524138627778 17.97506269282611 -9.504822371526487 0.5078031745976017 0.44563511358211083 -0.5185511464114662 0.5240705963576009
457 -27.97112064310217 17.980409311475597 -9.50842576006342 -0.05882599950184536 0.7336672467707991 0.03578642397431733 0.6760112459548987
458 -28.15331163423408 17.899397539891925 -10.503499820259387 0.012963912402881092 0.692311757114467 -0.0188889657379684 0.721234757141972
459 -28.175729343652133 17.9040978453226 -10.407175188033726 0.096195754035045 0.9851228943090433 -0.13115574547086126 0.055474592777102746
460 -29.246254885469323 18.026522364891836 -10.51603683387618 -0.013585906104623182 0.9843295194348347 -0.16807840665462143 0.05157973963629247
461 -30.211874730523512 18.02680308709667 -10.612424051176337 -0.032822321996101585 0.9881513783191695 -0.14533029567428818 -0.03685992219109654
462 -31.26101087839711 17.973697933027562 -10.515192905484177 -0.06506908503662417 0.9977405506681797 -0.01534032114735118 0.006669503126194366
463 -30.375459319780195 18.104187107682172 -10.456009544350467 -0.1315999932148513 -0.018916983496878138 0.0771439902983287 0.9881155773906619
464 -29.3350949959566 18.254103442475376 -10.38639398590987 -0.2548568629528955 -0.03277537984945833 0.06831489525569834 0.9640056166681478
465 -29.416543017458867 18.23627954467303 -10.388981617532659 -0.11548285282559918 0.5917753849889799 -0.12243784546702821 0.7883365895490312
466 -29.46419788702124 18.228731219707292 -10.428834570624309 -0.528466957675057 0.43501364788315067 -0.43937286230312483 0.5817536322814173
467 -29.317410092106435 17.32353551356251 -10.429524537893087 -0.5344941477266709 0.4538848074903772 -0.5078087266558496 0.5004346957471345
468 -29.262802446408113 16.32709792051372 -10.322241587749536 -0.4867467310697096 0.47106262278792055 -0.5094919737300116 0.5306557772321098
469 -29.292504226163338 15.317992026399892 -10.30847348264202 -0.36257070376847006 0.47094757865794057 -0.46233989404141146 0.6580217969815555
470 -29.32629662776971 15.260356404708297 -10.351532232413845 -0.021588735080560754 -0.6854028489552985 0.7271729461565394 -0.03124688047789928
471 -30.320505338685717 15.28330647388268 -10.355591395012219 0.0435983700923374 0.7169234719649893 -0.6946671828975122 0.03946419232913579
472 -31.27404125095944 15.295364352841725 -10.448921078348233 0.012587931030970554 -0.6414354664636681 0.7662558246359388 -0.035413239987237964
473 -30.195849642780384 15.339353838922829 -10.385277259682683 0.04833018206924847 -0.12348895878428255 0.03753696760375314 0.9904572916701869
474 -29.198239888778716 15.384101646711082 -10.131022705181875 0.06782577850971834 0.008129596776732887 0.016992912298023532 0.9975193303176786
475 -28.114633195334918 15.427573449581002 -10.133497852639893 -0.0313295493707651 0.03187312850385649 0.019082987688465818 0.9988185033310523
476 -27.11393379873933 15.516428258268395 -10.214998883119774 -0.050017179436186644 -0.0010781790834958887 -0.07687591401375171 0.9957847222847228
477 -26.088072446537883 15.288674060296218 -10.250478077935112 -0.015811678893273607 0.03169744086729109 -0.06968197881223397 0.996940161133983
478 -25.05474097166671 15.116306875109267 -10.352814865357988 0.07892738163432506 -0.0418504688269063 0.0692661300978769 0.9935900612972041
479 -25.084273177213397 15.000521966667801 -10.304925625993567 -0.6258037006343615 -0.07752911691360913 0.026633458831329376 0.775660765524217
480 -24.098346458056536 15.16913209512139 -10.272668104939704 -0.569472098066883 0.10178819137967088 0.12015412234497982 0.8067860190301177
481 -23.1157435209317 15.314148422153842 -10.477756870292371 -0.5770603444353609 0.08969962400887849 0.12184287747837941 0.8025644208040854
482 -23.12269068104886 15.306680595186522 -10.455243819763822 0.9944305916244497 0.022074750938771034 -0.06663583166894901 0.07861405567852285
483 -22.101362127096497 15.335669661122202 -10.64465195476909 0.9883835776308645 -0.09008988372864213 0.0935994297128864 0.07887244814759473
484 -21.20343119394087 15.136947135250871 -10.404061475010224 0.9913876830311202 -0.11127535392411667 -0.06840294232126372 0.009449604491390404
485 -21.196316941064666 15.148739919383244 -10.423463477217794 -0.7148497208283827 0.018024161197957026 -0.01976603377168968 0.6987662772012042
486 -20.21725327046938 15.126103236846829 -10.390525120676187 -0.7537740189736637 -0.0760053738571628 -0.0011835003281037092 0.6527223841665744
487 -20.066218182468752 15.119979888424558 -10.300515555495968 -0.4666295721115757 -0.5007795610965632 0.5742666009270658 0.4491041579395317
488 -20.213314710032286 16.124184594768508 -10.289631993598801 -0.44828091527071806 -0.49614987691986173 0.5944474251081254 0.44666741477163174
489 -20.454681351008784 17.211798603828637 -10.288137562674992 0.5459879828493703 0.5614037275823718 -0.422084334027744 -0.4566922291971364
490 -20.405490926171467 18.303928651228308 -10.213325774669391 -0.47923375275254615 -0.5245588308181021 0.5325296344100072 0.4599839472292496
491 -20.387601076522703 18.28138365926142 -10.254471682710191 0.05776920903711281 0.7214883198068999 -0.6890381268911747 -0.03665763985507423
492 -21.396968941528566 18.405396251506936 -10.335701851023249 -0.022210360675269457 -0.7002866877144499 0.712544368471056 -0.03722603724253942
493 -21.36317397221129 18.40225702964021 -10.321255769235751 -0.009059645394883077 0.0733917677178637 0.9951273886083324 -0.06521542530818193
494 -22.32980968984998 18.303829156750183 -10.438942745412495 0.030817930459569737 -0.004619105898830396 0.9995143254100485 0.0001797859292497811
495 -23.35642976628035 18.32747676570101 -10.409788993257349 -0.0007453559666008604 0.030216521556901563 0.9994231345997627 -0.015485615785908612
496 -24.388969237520286 18.23467835065839 -10.41380758703913 -0.015185041517935666 0.011861533937062864 0.9998137459441366 0.0010917636704635449
497 -25.456764757209385 18.230991688205453 -10.44490222903451 -0.05080070429036771 0.10263530445759228 0.9901855511494583 0.0801115286169446
498 -25.377335920495987 18.227279862899124 -10.459313512786226 0.002672332649596101 0.7080426010683538 -0.7055043871751981 0.03053020450501406
499 -26.31168001358617 18.19935128147828 -10.439045443083911 0.031570397027257356 -0.6989959429507129 0.7142961406055011 0.01374791933608857
