# time x y z qx qy qz qw
0 4.005007103393081 3.1539932746861323 -8.89905184405394 0.040757461718632454 -0.003943633498069593 -0.7043827231847755 0.7086383113746301
1 4.092195470243491 2.512655137937759 -6.608069949417652 0.19369837807534485 0.13907917638735146 0.1607389263894477 0.9577582777348178
2 4.813678185330784 2.180949156750029 -6.023629973647736 -0.6348085170132632 -0.14610125652592498 -0.5504465460073552 0.5221888255770506
3 5.297962741623226 1.2000379517965494 -4.119827831373782 0.7025598151159523 -0.04335607202996734 0.6214511369994067 -0.3439890136683377
4 5.854606364043554 0.24647456614524949 -2.51979401771118 0.730277690706195 -0.1107862726502018 0.6150916707710823 -0.2758317110071657
5 6.296824053773633 -0.530128472994957 -1.0195385506046022 0.7396002780910397 -0.22380619850500988 0.5947332606209882 -0.22179847355092536
6 6.645152484002652 -1.08363072246455 0.2604029027089449 0.5545881498721513 -0.5087548681772739 0.612626297789205 -0.241432158968935
7 6.799728657154416 -1.0832957087022772 0.6786118140371541 -0.1393958456841805 -0.6301385839643332 0.7233396217927296 0.2455075452000773
8 7.006791998234563 -1.1500399263169085 0.8275927125764545 0.7315835321144981 -0.16329270854619432 -0.49068777179561585 0.4442370284935471
9 7.360107427371991 -2.045435889268223 0.16383311444363408 -0.48387057421598056 0.20254740109241062 0.7587438436726488 -0.3862014984531555
10 7.012984597605567 -2.827739346481051 -0.4433599582872414 0.6731183380766368 -0.25461642648168675 -0.5526312307347281 0.4203342730818677
11 7.043150044689543 -2.785393593370631 -0.3723708307256454 0.8913394552196849 -0.4429520927577075 0.0932704761803175 -0.02465841364198702
12 7.678504259302477 -3.5229412495138304 -0.12168112402283146 -0.5740054633799287 0.7363420220359855 -0.3494623742415622 -0.07870326285104111
13 7.710163923037018 -3.4552275766030607 -0.08889913326106288 -0.26271901326485747 -0.3729430949107978 0.5826354835957883 0.672627728600745
14 7.821525895580334 -2.3618358596276043 0.07756415258440665 -0.6081175809111813 -0.31548671828567204 0.4545039011223445 0.5692866959947689
15 8.332478905252948 -1.2623406844817369 -0.01939698892080377 0.8539257548620546 0.10541239997333532 -0.3868548082211189 -0.3317263759054036
16 8.437942237169736 -1.001785442054368 0.017161680418442578 0.7837639696173375 0.5809429455046992 -0.09891443103531417 -0.19604915029389242
17 8.86874400208889 0.2061139055820687 -0.006793085901365276 0.847773502687231 0.5063008311489304 0.08856737624822598 -0.13074928827274854
18 8.868870651197279 0.1274898724960213 -0.051705217442682326 0.32473566319116665 0.9180821493163331 -0.03205435708194804 0.2250431833016899
19 8.207068072280046 0.6510908056551264 -0.4525533478266136 0.5406206956909443 0.7678049127138594 -0.23005272895346965 0.2555007266215951
20 8.175655498659783 0.6563190562265387 -0.5418720118919464 0.29232073251618906 0.5681040593899099 0.19513528724011775 0.7441294153032932
21 8.529304622437195 1.2340639908434157 -1.3364137850255007 0.3230624778388902 0.5315495978606605 0.06195605335853386 0.7805428289844197
22 9.041647995306944 1.7402710047621004 -2.278996273879423 0.3052568748173596 0.5064215982048438 0.04070456431482164 0.8054182414698162
23 9.657407913664942 2.160415213141584 -3.2830159433909105 0.26971897205413625 0.5293668434322868 0.008240680119929912 0.8043348260393539
24 10.456701330709665 2.3633242031413757 -4.574016935415785 0.34929641256938093 0.6305747713942563 0.3058859498926353 0.6219334847920011
25 11.100928896719893 1.9383844629104332 -5.514022329232752 0.644020918349926 0.24835723998667042 0.7218412302228625 -0.05000976328943809
26 10.695037642305802 2.5877624346882118 -3.4454463140753564 0.8927962719215758 -0.03195595214283145 0.4296758354964369 -0.1314241619947394
27 11.493890217609279 2.504573040042671 -2.1396707838546103 0.9339666973731355 -0.04641857002776266 0.29848812438334504 -0.19093549737177767
28 12.5995651949684 2.2727073328567333 -1.3372061502847514 0.9718804981994864 0.02710777428489747 0.17653280767776258 -0.15345889875221697
29 13.802385538289112 2.172458261521606 -0.8244851739121553 0.9564104677807653 0.20633881912186122 0.1067660663434427 -0.17693025722109
30 15.044697588273957 2.4661359143104318 -0.5262408878007776 0.6833520495435194 0.7031347712449821 0.10133571488630204 -0.1684118248206466
31 14.987702199113949 3.529034288111642 -0.046935897778220666 0.5431271118035841 0.8083621132481443 -0.18285638095933726 -0.13463720968344936
32 14.54130526546181 4.787964217220492 0.07671185910680886 0.3551133999742347 0.8783551530606464 -0.18585502186139924 -0.2604699773475748
33 13.640312388908772 6.158274105747999 0.4457183289458655 0.2773424854318103 0.8944995101343353 0.21041913197445752 -0.2804916416634479
34 12.001506384294338 6.993164496618508 0.6019595730360792 -0.035702558522808965 -0.5965416600818969 -0.5777713505837252 0.5559169376321565
35 9.842259406751904 6.868825807367959 0.9966724582922684 -0.018371466204036815 -0.5335240739341823 -0.35654352447024323 0.7667406777526051
36 8.492964487928097 6.891317489108195 1.2844806544973995 -0.3326262498992457 -0.5624624461557431 0.46370645540015326 0.5983076948884142
37 7.945965525075579 7.401109969755272 1.643422702945781 0.8564957855984062 0.2206742960755094 -0.31363403252025795 -0.34547289032401507
38 7.921864440581925 7.4648081128380035 1.3093993946228866 0.9919121829323038 -0.002810158471781794 0.08962522216359102 -0.08983119676349953
39 7.920154635870237 7.485797997774224 1.0230813839611712 0.7037833719266032 0.13496390065603037 0.14446749447822863 0.6823509756412113
40 7.941645956458577 7.467616326248444 0.7415776392105783 0.22184681161233732 0.6328865351178427 -0.378137647462305 0.6381618489189437
41 7.823244182973621 7.192114289115206 -0.5122058679454009 0.051649458199176414 0.6742355724440773 -0.30139182599039854 0.6722363375665672
42 7.770330069322112 6.736462894407785 -1.607310842853913 -0.17659624310452604 0.8859512686551012 -0.03829713065414115 0.42712696739194933
43 7.783305104162061 6.525872896140317 -1.851057047198321 0.4972043599398011 -0.6421111401501827 0.20820658145017823 0.5450973560683583
44 8.19652900596559 6.134067008743428 -0.6713692853428319 -0.1297088840562771 0.8654430896099055 0.3601587538573116 -0.3232174748730098
45 8.672764185918092 5.818300214988243 -0.38892816515856204 0.4373394442768992 -0.3991185224665033 -0.16260395251862664 0.789302584646122
46 9.702616523373926 4.701385271006899 0.20965391452569854 0.5197215762397638 -0.43691826070999856 -0.09823311134294878 0.7275590508576529
47 10.740528527773888 3.6070175462352374 0.8641424198018907 0.440461742445 -0.5251413645415441 0.12230203955466644 0.7178176730970951
48 11.143156379130955 3.140275444183574 0.9629250707616778 0.7001753185033223 -0.24979125562507432 0.6330687247977576 0.2158305855409774
49 11.393127800080324 2.874886483092583 2.337884561899632 0.7148123802964256 -0.18536891190079657 0.5404296387380517 0.4032585188798023
50 11.839053811706636 2.706130580255484 3.32266124348798 0.1566173822264199 0.42829071821544595 0.7364172348756949 0.49972763827216576
51 11.072454648565047 4.856568812994249 3.681800326818485 0.3327233119423204 0.55323785168496 0.7139807107590203 -0.271025131338752
52 10.310644215164002 5.9792067469968515 5.129429202169429 -0.4799298317973927 -0.42727553903038 -0.24060995488448939 0.7274680885837594
53 10.16712076192966 6.668419408436126 5.86054040257358 0.5386910402000544 0.6692018541179645 0.23742441827064192 -0.45344292613526227
54 9.919328958237248 7.248819990612201 5.726659228248874 0.6235068523384288 0.7412792531313331 -0.18909564524600755 0.16120518264954747
55 9.493439852087432 8.443753260984476 5.175230777988649 0.768707868105144 0.49648324462983034 -0.054171723786020046 0.39957230341595484
56 9.334285948439192 8.798009557949753 4.9570124150822465 0.1416550571426875 0.11369169318961925 0.5015456401803272 0.8458486948040325
57 9.639775780938674 9.718200606295232 4.731543988343085 0.38722509023371576 -0.7251635885638539 0.11991769257133478 0.5566095995606356
58 9.787173157563384 9.645163954065035 4.987537862798559 0.736657549517655 -0.4749480684749168 -0.343804771444814 0.3369840739892148
59 9.97783506644167 9.58039500358609 5.296427790875022 0.8296026778536858 0.02488984362768942 -0.5575927284249639 0.015173720367368823
60 10.390567776792357 9.482841181096195 4.587552643609699 -0.6376270739035924 -0.42774531252317133 0.6389471793760936 0.04703364973007133
61 10.48899749550662 9.213774992925298 4.759325400585717 0.8228530907766637 0.2812675982644429 0.08919823754641674 -0.48563875832192027
62 10.657381750812693 8.984672082596402 4.839021514519956 -0.6062668667262266 0.24026240918445493 -0.5524807658386035 0.5191141150279327
63 11.12096730599519 7.960389275381139 5.20372269544094 0.5074621672271207 -0.36228347058285976 0.7457859427499781 -0.23459787589003916
64 11.314622633841992 7.756156977451144 5.2321215997876 0.8824226171093552 -0.29306231261121046 0.2917138549777258 -0.2243832269909667
65 12.238162091065675 6.8452654437563645 5.766288769774335 0.888023690406407 -0.34185629903617587 0.2928048633731768 -0.09388028585006299
66 13.074882080443192 6.070256730692019 6.364836064089902 0.8229798128594328 -0.5308455441633965 0.1933944684214507 -0.05920992696925548
67 13.147429765942249 6.113308471444689 7.118577128948204 0.7221099719519237 -0.47402137951541007 0.4254053621179419 0.26998369960277624
68 13.779533828408084 5.299436347866116 7.849565668830102 0.138455349245979 0.0407700496322854 -0.029206383128913486 0.9890980267408697
69 15.373232466271768 5.09499071833688 7.975872527503733 0.7619209282908688 0.11206184643253186 -0.15767964796207465 0.618106601020461
70 15.503145283151992 4.956208935282468 7.897995542625809 0.5539834208331346 0.3342839400141088 0.3419539697318274 0.6814866832707047
71 15.5573444689124 4.712258328470061 7.803256598477764 0.167391345895293 0.33012670882818207 0.901616373976008 0.22379545932835632
72 14.788469263060868 5.190842862581237 7.928485220290111 0.42666683015946205 0.08254972767830192 0.7728686352905558 0.46240137444219237
73 14.588233926446083 5.974067489855873 8.493336661505953 0.445364979555806 -0.14532505176126193 0.6070279662154997 0.6419094270597034
74 14.437860273250953 6.3753437282639425 8.516154565537503 0.40470814658725 0.7412762459700553 -0.5121666030487114 -0.15622488267877946
75 14.199449293506845 7.482058123376561 8.59737583729377 0.29228148140402765 0.6641553517750467 -0.47275646583637654 0.49997052747809956
76 14.280161835850734 7.783093463484224 8.899463751762548 -0.431800463144032 0.02272639798351923 -0.18605506286023019 0.8822785186364732
77 15.010633277646741 7.6099201360366555 9.062636744463981 -0.5657907112399813 0.6922932041487925 -0.3359696093342501 0.2962016410618703
78 14.550668589862438 5.941500597035889 9.121499470275815 -0.6662571209417203 0.7064811265632875 -0.07644745544889305 0.22614520370705776
79 14.620022682975337 4.001590824964306 8.924862019644937 -0.6191533184971131 0.7778248020972368 0.034695246215581815 0.10214688113910346
80 15.288075258454693 1.7266151067013693 9.07104744112242 -0.47281874431912035 0.8673160292489227 -0.14673447849561466 0.05171395603694917
81 14.324413604667498 -0.11164749392857459 9.65093747579636 -0.46633084434278416 0.8552687256473406 0.06591451178539842 0.21611623650298004
82 13.102427984061112 -1.254998934615269 9.166186804786411 -0.478344924940063 0.6115703505611847 -0.3528684645421507 0.5221605939078702
83 12.57362039296725 -1.592886999953731 8.803782412087397 0.08596158616822866 0.7405385567895575 0.07743966058211196 0.6619791164231763
84 12.216103056643757 -1.8577312757030124 8.270096698789748 -0.4452001423535076 0.40131015485563104 0.6326629796148986 0.49039223799216514
85 12.153835476928915 -1.5104647984977584 7.194384727211529 -0.2778596840267383 0.4783778694705411 0.7969538715761123 0.24251419870439037
86 11.500658617070465 -1.2945983812098745 6.045636562593301 -0.076005832824126 0.2717917490598406 0.9527944682232986 0.11196008147007352
87 9.925097756591384 -0.8673588350571146 5.49773881628467 -0.211131929803659 0.31962129810428613 0.8428371764078962 0.3780092962881716
88 9.080501402162788 0.046160816689153526 4.348318564140412 0.031171913600533816 0.399092369058889 0.8516492311212629 0.3383004284537729
89 8.11842294824289 0.9638726927243463 3.926119955251863 -0.1965518708408616 0.3289592327580154 0.7244045729734542 0.5730542730905701
90 7.840939627608695 1.960424616554845 3.074744690245399 -0.24564713116449008 0.21449080896744024 0.7530166166004173 0.5715042912724362
91 7.809755444288132 2.8717976516668724 2.299245989718524 -0.03149820617086408 0.25541161335355556 0.9442703649914191 0.20524679917388108
92 7.824379485974879 2.9816257301923845 1.9261622676866317 0.02582805265971847 -0.05057772176643505 0.5028732018761876 0.86249252089019
93 8.29610828747912 3.8066125616779054 2.1495087425149606 0.1349699416630385 0.2180631394876449 0.4101160439612948 0.8752350613005657
94 8.399069130780427 3.754347353450176 2.360040697025986 -0.05765280787182543 0.9127692476414374 0.2779335278520737 0.29373697145623073
95 8.514004148877722 3.5864682122064604 2.6740287954717323 0.6697200134726802 0.7009581819714397 -0.0009889182848266934 -0.2452177659185255
96 8.548338747835457 3.2019610394634594 2.992022607537802 0.44110722649904216 -0.6691020878669613 0.02827811981242018 0.5974338111307961
97 9.140058663460172 2.13639804595608 4.0862546072965555 -0.5460370760598972 0.783618690710456 -0.026527258226921653 -0.29509585511855574
98 9.75494340518195 1.1535643365530652 4.500398544274907 0.6460793173194924 -0.5743802724032675 0.3515734501740844 -0.3592560751589564
99 10.771777541332785 -1.0597946986942943 4.690846849835012 -0.5360497179484878 0.6051726111644286 -0.26710937453066297 0.5244705831804196
100 11.854151493632145 -3.934722118337254 3.6501225097711725 -0.3492524164854081 0.36780898461271816 -0.5126887227412442 0.6927406253362187
101 11.325130779881551 -0.07736031925332562 3.5697773968185267 -0.3179265085037261 0.06726720694139929 0.8044308709885909 0.49728144130006413
102 7.394992364368942 4.330776789923704 2.210845498615606 -0.2609342845003309 0.39930475731625886 0.745069002135176 0.46619866153196593
103 4.470861995599541 7.452940216098459 0.8037527850244437 -0.28879693664698974 0.521936610017651 0.7172296069127571 0.360222425002065
104 3.142435211103518 8.766793286221246 0.1025526558401581 -0.471724444166723 -0.35351008641408715 0.8077781189625822 -0.0010854051650755175
105 2.45549103817466 9.350016715651675 -0.3253747150066684 0.26774349765824906 0.8915924001805721 -0.23464025990366327 0.2798577492840158
106 1.4210728114007531 9.919667636381797 -1.221083323000803 0.18974651428118447 0.9155026449535975 -0.17090360488354303 0.3108747742080678
107 0.3880880998386415 10.292881456431601 -2.0145782829644565 0.09835273433993673 0.9509891436921499 0.020601601332085197 0.29244138258817426
108 -0.6338912940929025 10.584634161706285 -2.663418574899985 0.11661722889115683 0.9243532080689518 0.23431489478589793 0.2776114168038809
109 -1.6424151483445464 10.906520045582093 -3.1212884806302377 0.35578672192550664 0.8113001936502852 0.2910612712766988 0.36123557500238535
110 -1.8239368976707158 10.88227312684375 -3.140616603303077 0.02990405410886948 0.724293785006409 0.6879732983628627 -0.034597706407602305
111 -2.9824885005548474 10.871821978197712 -2.97124825220339 -0.09475700211973058 0.505784660498399 0.8346542253691838 0.19635506570284297
112 -3.1433554753230646 10.936503151197336 -2.8139243404168015 -0.40444596805242483 -0.4669055532724031 0.7863402843984724 0.009571853616591575
113 -3.3599070206484845 11.022810285582697 -2.562172081527607 -0.014927694913013937 0.8295386391458776 -0.3476584694456678 -0.43677957680194374
114 -4.203323894966534 11.36004316874525 -1.6133093230236966 0.0956501091877962 0.8887916975670146 0.007734555435186958 -0.44815237542662534
115 -5.026449759539757 11.705908861999509 -0.5817641938275055 0.2508365056468018 0.8478986808337621 0.31529319038571807 -0.3445853719641368
116 -5.934610000523417 12.087314344547757 0.2876088006169013 0.37949650665618395 0.5722208491277527 0.7188283597509141 -0.1087726550061019
117 -6.863561109660857 12.530930969896733 1.2177863274713732 0.30088378730198617 0.15598873447946826 0.9082768712989244 0.24529489664023477
118 -7.6380913674086 13.179990999968743 2.097231004979188 0.03636287428293192 0.00604641499530115 0.8639599211685866 0.5022095547218863
119 -8.058769738400098 14.216906307024525 1.661116985848875 -0.5565436160853057 0.23244151154235027 0.5509678038787837 0.576770861084008
120 -7.581055359596059 14.313422501709134 0.4093518748333203 -0.2688707457923166 0.037545214103408574 0.6858859992961397 0.6751735146794101
121 -7.3603493083262155 14.170702664281258 0.04154832872508604 -0.5191147163147009 0.5238891697682364 0.37600706812267465 0.5609623283491008
122 -7.223911918821457 14.015519777522847 -0.19583596091177768 0.7712062672798977 -0.1523258439990453 -0.570965846256363 -0.23671867895656248
123 -6.8151109190268215 13.892227564716878 -1.2380563148969859 -0.4118483508874947 -0.1498214442330734 0.8090756199811273 0.3915751675876822
124 -7.15402580851532 15.01020758061848 -1.9575182611630513 0.1821662260091665 0.297732510836651 0.8679742621642129 0.35325840161696204
125 -7.705880822636541 16.020319165288523 -1.9567632958156547 0.45479009221584443 0.5443776298194385 0.6956775253060022 -0.11336555455071186
126 -8.053814541820755 16.52401425626861 -0.8488132782538576 -0.7587860703581296 -0.0246565640145562 -0.043683143104466055 0.6494055252998534
127 -6.233031366024956 16.560745265486783 -1.3605396833388543 -0.32767858730194827 -0.07997561958819847 -0.508585282961123 0.7921942019799421
128 -5.07791390830927 16.23875084893683 -1.9112971109844379 0.09911093264704034 -0.09129858748075352 -0.830130821939192 0.5410401181247243
129 -4.399714751908784 16.074245509916924 -1.885926491361236 -0.13409287899689679 0.2822698288405474 0.8209526185183199 -0.4778908261063033
130 -3.500124534207306 14.77360511702879 -0.624525186612966 -0.20741439003340795 0.692110029596028 0.37306797071798714 0.5820509144087114
131 3.0773379320294376 11.366202689781952 2.816793996212664 -0.33250119544921863 0.9318025772117488 -0.12889194452571573 0.06762971804438749
132 6.209713882078534 10.222191190249832 5.098592013224795 0.37238593578579765 0.7656880032612002 0.36614989598695186 0.37547949366051464
133 5.2997669792082736 11.364994815619 4.663792743464232 0.444395725649364 0.6443225807214245 -0.6210824392169152 0.04021759184019955
134 4.428392015931214 11.753083692086335 4.257875839838548 0.2707400351702464 0.9073001255159319 -0.21932830201507872 0.2353750444077931
135 2.931910954473152 12.245148910217951 3.5045887831953313 0.5364221728003945 0.7160522788515632 -0.33205095874708046 0.298768383994577
136 2.4500547556313848 12.322336787203389 3.34160759998303 -0.009082821911746653 0.9208252712251808 -0.38984715724529784 0.004185236785628897
137 1.1547505656578136 12.249691694654775 3.3483834003166066 0.09238984671122918 0.9060974504227973 -0.40525637439265205 -0.07885935313014102
138 1.0401946700185665 12.165370168166424 3.5039963122765196 -0.5717762797021076 0.6264188657371028 -0.31427647136169584 -0.42649922645545213
139 1.2160951615367186 11.578568300149971 4.751377701504262 -0.5064593297461729 0.6039244753763706 -0.4944281670270909 -0.3664900585345572
140 1.296827245601593 11.03847282313725 6.022829966314565 0.04147387904933443 -0.683376182141184 0.7074424356021698 -0.1755053029056652
141 1.5702204064770395 10.813758306383138 6.678913358670785 0.6011130759609815 -0.45491806730736356 0.6556003016654157 0.04359892661839449
142 1.6446763598271497 10.267299192845627 8.131134756392123 0.255322985150638 -0.5915814605066326 0.6545714410941208 -0.39544630146528353
143 1.660651910634168 9.986828656959105 8.79285685008456 0.6562273883534847 -0.09671833921127311 0.6976219382028046 -0.2708040047213853
144 1.7840808419357759 8.917242247689275 10.097982970766358 0.2285938646257214 -0.1449979526220186 0.8601215804345562 -0.43233240181793126
145 1.9486070092854144 7.853887093147077 10.011982680832588 -0.43085045624937807 0.15934152055128606 0.7964133260592369 0.39332426603677795
146 1.0782427615838641 8.441632821067207 7.600004477050295 -0.3795173521705162 0.3934567684681802 0.2590591369412956 0.7962705032307101
147 1.8168928191112232 8.510370212307087 4.636042795891121 0.3746615738773821 0.4134423152454582 -0.23255847950867056 0.7966245732042245
148 0.783949442011204 8.902970119960564 1.777000898588324 0.5027994785837023 0.07356190398514412 0.4418846916859717 0.7392694027698093
149 -1.9252411663255116 11.158557402214335 -3.613298496045539 0.41015331380108694 0.770922430060466 0.11301593764687895 0.47400449770592873
150 -3.894314369481205 14.510573576895537 -10.044959534526052 0.6631761826861241 0.6804948301066448 0.00023473467744231763 0.31164736773414353
151 -6.876483155376316 18.158650941014162 -5.5471070325311995 0.15415320114614456 -0.33718271468101535 0.8439207313310695 -0.38774012782580297
152 -0.5262923075423404 19.36161718934899 -1.373685209872773 0.5665414644563519 -0.32570826594760416 -0.4870834939474941 0.5793915467703675
153 1.4925978282834258 20.803538503240368 1.4601717859931134 0.4248645865546495 -0.12319267040038007 -0.5936561137067884 0.6722247151882486
154 2.648453842119451 21.176811491250007 2.6669613886471497 -0.06171586498228355 -0.4012958633811874 -0.7615399070662406 0.505182889643121
155 3.485136228814972 21.449941650632017 2.567904745827981 -0.20749897302151532 0.22630965181651558 0.9484754419698034 0.07824610961505045
156 2.4953510137699233 21.597671884275965 1.0542102349428524 0.15923875100215668 0.026450791291647315 0.9619402613388336 -0.22048652891887843
157 2.0493255426533707 21.492521093777995 0.1610632073231824 -0.3916916293141814 -0.2270556766439814 0.8702159154749862 -0.19428753867136422
158 0.9975879008785109 21.305115250218865 -1.151879422883383 -0.3132116972362545 -0.43934525910534333 0.7765886413572267 -0.3252449202231765
159 0.052939961042852215 21.064150563093218 -2.3264638489970957 -0.20764109895736496 -0.5936203768570637 0.6387153525566504 -0.44333138915746684
160 -0.766532977403257 20.73885212695392 -3.4305621046615657 0.049064524346948996 0.7152317634231758 -0.4930298362441725 0.49290747368469306
161 -1.4815214842856426 20.234236188203106 -4.50354167582488 -0.10651185270024938 0.7982721785982184 -0.251109996055762 0.5369921079413454
162 -2.046068480034267 19.526611133408203 -5.744995497550696 -0.14857453652386735 0.7903215184883767 -0.2182639663979958 0.5528818549049679
163 -2.4321340513650407 18.89596979956568 -6.88295485822554 -0.369436816813797 0.7440001033761854 -0.18227231823420834 0.5260770728365213
164 -2.56283973623176 17.934097037965078 -7.817345196275815 -0.6254154392404274 0.6733347866371056 -0.004870964541041207 0.394274101569589
165 -2.4065509272900965 16.79400956610345 -8.555022233632839 -0.6249990523867349 0.7291437645932147 0.23009793791416217 0.15741821380694293
166 -2.0615629237749387 15.72191331765454 -8.931455215097406 -0.45192503718189087 0.6534791151608336 0.5921157130324158 -0.1346394785970081
167 -1.433514712940965 15.382485327588663 -8.916021497618429 0.6742131694726149 -0.1158319176552075 -0.22069728089150323 0.6952066449402685
168 0.2572687818909325 14.481577475559362 -9.134841530830405 0.4744692583421853 -0.16563271190210735 -0.3853147804133004 0.7739362038509505
169 1.868946698254143 13.402057061585948 -9.54686108320252 0.3177702436601691 -0.5063257272975499 -0.40089357639046347 0.694219468561367
170 2.840317779989265 12.749249399363858 -9.856942610604731 0.39206680470629235 0.03284321720262457 -0.22947876238288378 0.8902496511352302
171 4.531498915230876 11.746732015073695 -10.054511789581374 0.08907217160653097 0.2634859870966856 -0.3289409429150898 0.9024628185820808
172 5.864600021817889 10.701363462662167 -10.276665666822959 0.00895644438008736 0.6669443306283921 -0.3022848052268988 0.680976459560569
173 5.975398499908942 9.69305537579304 -11.175892885615912 -0.037336956868013714 0.7138364630335942 0.13789918138477905 0.685585349514509
174 6.248307156581422 9.139583069936975 -11.24221974696255 -0.5774039424599663 0.3797240574109283 -0.28420835562509467 0.6645599582038847
175 7.219213628979753 7.75201136614733 -11.554683848614033 -0.4282486058927352 0.3260734199926828 -0.3552139994531423 0.7642658378585994
176 8.30799835820212 6.203684215418533 -11.932986228382081 -0.3139806993094956 0.31906813974985765 -0.4658023033687481 0.7633084938830782
177 9.552165036356675 4.342808425452892 -12.47242478905752 0.038826013585291065 0.3076688173983502 -0.5917612055862627 0.744077358231567
178 10.90786809250903 2.1902799568687588 -12.630773306820958 0.28167494183164826 0.5519856538117773 -0.5394719033694487 0.5700360783363327
179 12.170768582513139 0.711502008050658 -12.252095826229445 0.41141961323551846 0.09325340204481392 0.05151443609131868 0.9051983029847096
180 13.390377084887241 0.7427735322960678 -8.197409700872031 0.6151703799609177 0.5663936437370706 0.39416435944905814 0.3813110301225199
181 16.301506795537993 6.259057217787956 -4.878095738330038 0.3781603001975907 0.5812358044812989 0.661137282968384 0.2864563143179565
182 16.84334076110214 10.738782813365784 0.12313508748916402 0.39302091750124013 0.24855449448566086 0.8812706579844377 0.08436378994057353
183 17.09873214718935 13.1156299894091 3.0614633770912505 0.576931950088091 0.36159659485220785 0.5512178207600047 -0.4822409580649826
184 16.955143196688788 13.30845052956359 5.353484484549763 0.018576226903325516 -0.6623723946737686 -0.32281296144136284 0.6758028754700806
185 15.829073740406756 11.363935449692745 7.024458810159432 -0.473463590764347 0.5826677369498627 0.4685449859468874 -0.46561371616640296
186 15.328770738655011 8.224810494466618 6.78049195347262 -0.5196048729722446 0.5205720087995356 0.583939726937873 -0.34355487908285526
187 15.342857642516103 5.118780435727317 6.50180425996512 -0.4134451165432412 0.12434467933669717 0.853859723085782 -0.2907320237247192
188 15.456656727866017 2.2784829720702167 6.202006527032483 -0.2764229677973063 -0.08301354886031732 0.9427421540257738 0.167141630369543
189 13.098623437300217 0.7582451501960241 4.012532852999819 -0.3074503968448015 -0.2838418968509955 0.8291451706229738 0.37071055704498335
190 12.094776370313863 -0.14270414507004395 2.3668305409169994 -0.5413898196232846 -0.1404544556255035 0.7341559975215947 -0.38494750344207085
191 11.400586900916899 -0.9862027127317564 0.3712745794191238 0.6834830290500535 0.02308697641317992 -0.6555244534530053 0.32032113799404344
192 11.37171627229599 -1.854293836498956 -1.4030151166572387 0.8776440753079039 -0.15358791849552217 -0.44045617505666645 0.11022697593419709
193 12.181133261663158 -2.905551555411095 -3.0467919615164005 0.7832308620849749 -0.45324301306593123 -0.2794139825225597 -0.3210109252898173
194 13.739412404514738 -4.101469605974423 -4.7816766729137035 -0.5630971928604057 0.6232741289745952 0.22352229472744237 0.4944579813325576
195 15.12161440919882 -5.442374908084888 -6.607524850473125 0.6295814814066165 -0.5982968653194289 -0.3190513747790083 -0.3793075789783528
196 15.492436543310976 -6.59013243971586 -10.246853016976878 -0.33242763032536826 0.6158479033618959 0.13279551883176732 0.7018465506784359
197 15.74704248339159 -8.149523140533555 -14.186040167146924 -0.10941689534762519 0.7091201139557801 0.023489527893109555 0.6961500190872557
198 16.246478724592855 -9.701647100065559 -17.743440354772588 0.10641620807495415 0.6415664530226949 -0.22046792080153998 0.7269539001286613
199 16.684501617855897 -11.851096124648809 -20.930213587229268 0.28781524354411503 0.48467094822082557 0.011561235731952443 0.8259072559087475
200 17.295997182992075 -14.624195779919 -23.58395681321609 0.5374188282092569 0.1619959932290495 0.5745381842380142 0.5956879855397504
201 18.700847112730557 -13.326396320037789 -16.271022451308355 -0.06991371851444908 -0.5519907479134818 0.11130961282590898 0.8234248334085773
202 14.783633870456809 -9.682871111045872 -10.697517105165463 -0.3417785790563619 -0.5688539964885578 -0.4671260131050304 0.5842823131481981
203 14.589774007643495 -9.440081760616518 -3.396462234636594 -0.4133183332285502 -0.5796258308581647 -0.4613265380718215 0.5295089016152819
204 14.205331216694214 -8.906323381997614 0.7380122621959263 -0.17796652478683828 -0.7116036106624347 -0.19588635847810654 0.6508277436539326
205 13.393091720667421 -8.087655598057353 2.9238975980304005 -0.01702385356750706 -0.3371301784502928 -0.3508702111356318 0.8734663852292329
206 12.538782424141937 -6.535051375771951 2.2489901470035534 0.362934072055253 0.5549058492451578 0.33072412924645983 0.6715503764789895
207 12.690451198560996 -4.814402410627665 -0.38658663445653924 0.14676613707957126 0.674592270646364 0.4667291633983493 0.5527647396717675
208 11.60279321581768 -0.9127719504264542 -3.830724041468839 -0.07261917222518273 0.6144905493980493 0.45014520255811863 0.643814505226251
209 10.835996393766216 1.3350696385987701 -6.636922608317399 0.16652155484573805 0.6104032315874311 0.36664178202565695 0.6820940333358946
210 10.105321012474226 2.663839834635026 -8.865318746572527 0.3781642041731305 0.389297952724618 0.26567508036974696 0.7967783194572077
211 9.881834989159838 3.537061391645801 -10.350171873296357 0.5239507008431245 0.4479707617804894 0.15773291441757903 0.7070489285651611
212 10.066481700536682 4.3037244636510925 -12.570457194549322 0.5345681635739038 0.49846864953624587 -0.1897656482250746 0.6555569255804189
213 10.858179865939588 4.992123236299779 -15.23170163357508 0.31956799664204827 0.3299601052284554 -0.1581711117796491 0.8740620823935814
214 12.12426361887886 6.0175226765570216 -17.938498644703483 -0.1888478709382327 0.2590760060156477 0.018150789176274603 0.9470409989020302
215 13.555038608456858 7.946795559010632 -19.11007584552416 0.036666016065010396 0.35894071339323463 -0.3242525787678769 0.8744583653308245
216 15.109236122743665 6.78655231667172 -21.116025752901763 -0.32544512636570627 0.4369393404803335 -0.3332591363290797 0.7694854322978548
217 16.501306342707526 5.309482646064108 -22.17900966830246 -0.2815005672276706 0.5564781676768266 -0.47503968701725696 0.6208274923906689
218 17.429040477064834 4.411056049224932 -22.574025180291393 0.7105507967338746 -0.6725358111432227 -0.06922172013655441 -0.19499102915806024
219 18.312340404475453 3.954036155315365 -22.184555132823427 0.676762889189764 -0.5111710687339995 0.37384759917621974 0.375411910965862
220 19.408095486999365 2.8917420504051314 -21.62569482167693 -0.4686413926704844 0.19110094025516594 -0.5076282744688106 0.6972583528859856
221 21.709068888297967 1.609867389092375 -21.224797911026414 0.1585368423931496 -0.4633377567531873 0.7224646815396369 -0.488087058524156
222 21.34803585269115 0.3249300991570726 -18.852080478607643 0.031093357682910383 -0.4056492561674423 0.8844543097015382 0.22852233617127696
223 20.845244099320425 1.3163747485477968 -15.943107605792491 -0.6783582678757626 -0.2698859075895443 0.25485537110211554 0.6340665557412457
224 21.394176744579955 -1.3259701672479265 -9.866041166658974 0.8909954979982297 -0.2932975197632854 -0.33686174492670595 0.08141100817779863
225 20.031732811983492 1.4075595001908283 -3.5887603872854554 -0.6910339433954757 0.34172754016033113 -0.25832004628853 0.5822071204105623
226 18.700400707390585 3.175077978115532 3.444756864185029 0.2570917608344541 0.3871852644091485 0.8580091046817753 -0.21865903552937416
227 13.518790896943981 4.438319317676389 8.734619003782989 -0.1836552953594481 0.4327899326361584 0.7611148940161541 -0.446841946108466
228 7.732290925031452 4.4051773896168855 5.809031859321321 -0.372134016750326 0.8915356487600545 0.15748600555310655 -0.20464266080703505
229 1.8729058326459276 4.131813877051795 2.243572945983333 -0.44866402137781636 0.3742906849023357 0.7537688466287743 -0.30073178243802895
230 -2.9937703610530892 3.2111131853361274 0.43310707708643537 0.7344491540241675 -0.015432730851064592 -0.543291162108698 0.40642463526002365
231 4.299768587276535 -0.3788422615182397 -3.8521380219370736 0.8713199635832524 0.050919369675880004 -0.3016688454643296 0.3836725772443349
232 11.051819943779961 -3.6681640089499865 -7.384780796716588 0.8226444927597801 -0.02857780353941945 -0.08441914604733085 0.5615271635971903
233 17.65121627457258 -4.378204043040399 -8.638638215117913 0.9243966655845146 0.06984645980098697 -0.21128254676159894 -0.3097934184959912
234 20.033168387974076 -3.1197469899470276 -10.233720124169407 0.8061668614117038 0.38274421819084553 -0.3945205790441995 -0.21898714052133425
235 20.96218615857822 -1.6806908725672725 -11.243781762782117 0.712000588359829 0.2462083266159064 -0.4925312225537615 -0.43571735894952546
236 20.16835301397531 -0.03312787576301118 -11.14466180724095 0.02648419779472846 -0.22877437211800214 0.7086311540718194 0.6669353502462021
237 17.951597276082904 0.961798032558672 -8.857436125185632 0.5162522425703927 0.22251127311213897 -0.036503495467054094 0.8262202189475526
238 15.40004541137636 1.8237807979781318 -4.892352231372728 -0.05649765258871207 -0.21648273611214705 0.33917762155884323 0.9137295996360465
239 13.912486889605232 5.124913995767613 2.1319287627534176 -0.6124728035612799 0.4158438347436396 -0.0056852186567433564 0.6722489481526266
240 12.687429923420225 8.008469500541436 6.8047107339030966 -0.510565733486626 0.30218302518643564 -0.17508641257028607 0.7857180150739221
241 12.926472862811778 7.960274568053234 8.00472794603919 -0.7187705952875343 -0.18806513281493598 -0.3798379566615527 0.5511111175148578
242 13.41407853791747 7.881609258109735 8.954786403534184 -0.36289068576059363 -0.3233266096556776 -0.5799311639723211 0.6537966799628746
243 13.454166382015199 7.205019813043714 10.05272206863 -0.006368240422996347 -0.5585920784668909 -0.5974648808202883 0.5752999666038153
244 12.867655394792392 6.091889693381763 11.142147708953305 -0.12705877106242938 0.7066022789334673 0.5300466308282845 -0.45124257029863557
245 10.820190864984887 4.2526340939222775 11.88027207608453 -0.031591478800384744 -0.6802388704235934 -0.1637066924296004 0.7137766993155477
246 8.163574151231627 2.274960749251306 11.819651168534898 -0.24435232146074734 0.31344261591737815 0.8568851412646425 -0.3283192412934208
247 3.8899144680149207 -0.29558136184035544 11.094517283436241 -0.15970667810152764 0.3362698972094063 0.8999298078762346 -0.22703011715715982
248 -1.235204062928722 -3.419393237148787 9.909352620620249 -0.27247531041791956 0.07356828478203303 0.954090764089576 -0.10027824572586364
249 -5.843298153961842 -6.236931055873283 8.01153911921176 -0.0695343826627396 -0.15121539713103296 0.7953001589707551 0.5829206896648107
250 -9.104714264310617 -7.2455165726859025 5.884044402761266 -0.04125066253320558 -0.1385203361326404 0.1663012587699004 0.975425235807347
251 -4.250964835569918 -0.13045931718471904 9.078990513560736 0.2128430507874325 -0.4255597591501013 0.3760128440829046 0.7951170154186683
252 -3.849080709458393 10.75541530872398 7.386568693212342 0.06475370698744731 0.9716133922071233 -0.1203396589981446 -0.19311328278334533
253 -2.8430184882671723 17.62723519826254 5.6334698031515344 0.46544855772019433 0.8779336205153966 -0.10901461520092788 0.026570881760150697
254 -2.336038049061293 20.81456081753257 4.119013052615309 0.29777262081232075 0.8967371591201867 -0.022606816418680824 0.3266234308787886
255 -2.5203852441904155 22.220400069883546 2.466774772306299 0.019397349731024596 0.9526281963891134 0.01162118870836985 0.30329558229694215
256 0.6763686275157068 19.66638606365694 2.605008034814486 -0.43394956638562554 0.6720250734662107 0.5963005262623662 0.06705040526115193
257 4.857510439068486 19.248763201650238 2.685769288164527 0.8694949147036272 -0.38744651403028285 -0.3032954168195505 -0.04330914691573129
258 7.205750375045016 18.827980280395778 2.5976241444663954 -0.6664713546441242 0.4226444837096061 -0.07847958312726926 0.6091211118167188
259 8.771217566712226 18.516942731523393 2.1238879203639947 -0.13023100794494766 0.6648572105845518 0.44032393254916663 0.5891685739479058
260 9.711085945462994 18.013050402167902 1.0254826130831773 -0.18372887494308243 0.8528585342423444 0.442196105469036 -0.20817931066791048
261 11.865445737131848 16.73675733633353 -0.5116690966564708 0.7724900358956291 0.060127132224288844 -0.4968125164328437 0.39092351672432835
262 15.414833613598548 15.316038306055546 -3.5296034394534224 0.8055030186464404 -0.35250677850693973 -0.43923283118310796 0.184332249129122
263 19.14693412955973 14.05327565075424 -6.743809867803398 -0.4867449030162081 0.6311087460689265 0.46135578714274555 -0.3897845400897087
264 21.71749673517131 15.353326658512982 -11.30147008707868 0.8663929966056662 -0.1375951268471495 -0.4790741951025118 0.0303096038814588
265 23.819758802045524 16.80332703526083 -15.540305133412893 -0.44086651043842867 0.4214560354258056 0.14963631425451246 0.7782162319261462
266 25.593054967352405 19.084042644814804 -20.645708593206663 0.1133860535477155 0.5597409518460182 -0.0916514741135827 0.8157411825942071
267 26.91253769910459 21.408216407463588 -25.314516057737222 0.46302307187149494 0.49188651713388776 -0.3705535545276688 0.6374538041328854
268 27.624941101137882 22.84400901604687 -28.134794103642644 0.17752349484013355 0.6281448485230798 0.035784316621155485 0.7567291065748815
269 28.670379773780745 24.35678518565059 -31.274741687846667 0.14491653493072895 0.7719638518143954 0.0756210084721908 0.614290218441741
270 29.71954166795595 25.194492465842966 -33.25653639190997 -0.018637278392269748 0.9730291883042093 -0.006157503594305419 0.2298454604982793
271 29.054205427862588 24.044713282778503 -33.05465585704359 0.764437830812813 -0.3977209009022955 -0.40550515939354687 -0.30498926786508385
272 28.04757926193012 23.080756556940297 -32.91860354854652 0.8219975005287455 0.20050071930605365 -0.5222743147870618 0.10653220544020645
273 25.762381367992504 21.26021809257781 -32.32453336898345 0.8473796939771333 -0.46873530794178087 -0.0536052339568746 0.24364183593211444
274 23.18140977323605 19.25433568066505 -31.757935624314523 0.9020114998044636 0.12286964661473473 -0.08498527461280854 -0.40503803186893017
275 17.695981908925553 14.953085420423594 -29.71574015265228 0.8674194398012546 0.23861426418324438 -0.32410700403268117 -0.29257716643669557
276 12.519904630037457 11.230980712332148 -27.980422619363317 0.8765353861137998 -0.298557912836009 -0.06193560688734628 -0.3724417674923596
277 5.517409523985705 7.022284423536039 -25.565923884479663 0.022888925752005518 -0.5619435451113087 0.7264118214885253 -0.39499546173009986
278 -1.7896698737272076 3.8267225940972662 -23.557556998263145 0.39324473635748675 0.39804950369217496 -0.3167202290513883 0.7659004285461526
279 -10.651185650432831 1.7888707052636437 -21.67878394989714 0.2811342164605442 -0.5389147327801284 0.3909591053464124 0.691147915481462
280 -10.478050044137525 4.46104690984226 -10.3370855491522 -0.3005702644694175 -0.47348792981382837 0.7849753163692894 -0.26321179519226034
281 -8.914367674929885 11.113362273324402 -4.60115961656026 -0.317996068898768 -0.4503490482141431 0.8230367611105734 -0.13665549677258612
282 -7.3688446323437535 15.580166046435803 -0.4329725876640693 -0.5332671980492211 -0.37100824293693 0.468235230390033 0.5989446954261934
283 -5.932986854441041 17.66777793391739 -0.053059625644379965 0.8429706472102264 0.4945145359089999 -0.07433660192737628 0.19831775344272318
284 -5.189263765360751 19.123715932956184 -0.6645861576200659 0.9330384597825864 0.30773579807655427 -0.07582132323838886 0.17026167534446718
285 -5.229578730204513 19.449509750568474 -0.6803846527279179 -0.6228085527305286 -0.025531421898468337 -0.18782826493782154 0.7590640263060779
286 -3.9596674838551373 17.01404222430924 -0.1566722414550743 -0.23646085593051508 -0.2456473756053778 -0.0341401099034814 0.9394562700661361
287 -3.0412326052323957 14.463591970460218 -1.1971132231039254 -0.14337619172949986 -0.4360704489923691 -0.7092395606646643 0.5350374535945401
288 -1.7842047441384348 11.629640893713674 -2.9124565849073374 0.8333390549679284 0.39020961245560065 0.3910464596694349 -0.019108746489775355
289 -0.9805124996094483 10.768755087216679 -4.023440202303852 0.8128443284577761 0.3767649926897947 0.16156360416871754 0.41379879142585596
290 1.289411942504252 10.724593845697353 -4.4498976647015285 0.6564559781086707 0.15858496986710524 -0.3081065400536855 0.6700647103927982
291 5.429485161662805 11.350699348422758 -5.0847151985947034 0.776591510044668 -0.05769926503788362 -0.3105328479577554 0.5451107884456807
292 8.928509937177958 11.003855116488884 -4.57695134630008 0.6471231197785094 -0.03418300252982658 -0.3550411373590588 0.6738018855486826
293 11.519820596127309 10.367890258366552 -4.32396010724093 0.5888013072755163 -0.029308455038877013 -0.5458055622648995 0.5954412844391734
294 12.19408425214897 9.593656839891974 -4.681020124849387 0.49346774513322406 0.02543820333350714 -0.25701705719013457 0.8305327896221902
295 12.290192422700304 8.282938717449106 -4.982467227002118 0.16411513937344824 -0.02417439466275089 0.10720715623152782 0.9803001812321938
296 9.839742158020467 6.2631358960529635 -6.449232460208398 0.41483215919113803 -0.10646054305034908 0.903533085478655 -0.0144359246210284
297 4.0560262923077515 6.042350660736505 -7.279228272915745 0.28680322920710755 -0.08699288402957667 0.9515475380470934 -0.06879991774054547
298 -1.8728662685959456 6.409663692961343 -7.883528088473175 0.24151531645750743 -0.3276196247168188 0.8627925223923867 0.2998746350070688
299 -10.125170117121726 6.928627946608144 -8.304562665794315 0.3559101805768606 -0.11012047724081928 0.8336388963069412 0.4077347353588426
300 -18.02455269837563 7.983124805266631 -5.862591465892136 0.8283316648461707 0.1068604437372338 0.3749357663486731 0.4023315420023449
301 -16.609528922507888 8.857432986662374 -6.09273444664659 0.11098648350610077 -0.588450259005989 0.1968964223816469 0.7762989707632246
302 -16.06805749813649 9.180177652723726 -5.746923372493762 0.7086714588358609 0.5419766809432998 0.2996812441805141 -0.3379899297783222
303 -15.1465614583785 10.475328701610858 -3.9059142823015676 0.7432919443956898 0.41832451691608413 0.5111130700476776 0.10623141517384012
304 -13.166250844198293 11.569951717501562 -1.373790434572189 0.1770364855646284 0.6012970537219716 0.5362345578323874 0.5652896911765695
305 -10.17479640320795 11.389997411373136 1.346798319536426 0.4343779757224261 0.5884613924654654 0.659174296506027 0.17469462101242952
306 -4.398108830699292 10.74857638445541 4.792094588446768 0.1683160574365213 0.5932415918108379 0.787213555198808 -0.0053793183601666275
307 -0.6339017894696837 10.212437793182946 7.051156172067013 -0.2010703641061201 0.6378336278237198 0.7434331182353192 -0.006794895611668271
308 1.9176531840483475 9.667751441002375 8.494637382528163 -0.2702752422049754 -0.08814326672925198 0.9177220393510367 -0.27743164287930616
309 3.3289959931119615 9.20297009824232 9.223552850069654 0.3476592761889176 -0.16508501229361056 -0.25745925450274293 0.8863378016685897
310 4.805598594261028 8.30627150765007 10.0415979798809 0.4298782153499135 0.1971292250507798 -0.2652235483035034 0.8402388101151669
311 5.253090836706268 7.7523658175493235 10.520712457206578 0.0787245662087638 -0.3194794215615929 -0.4255319420193024 0.843005283610484
312 6.047635178130492 6.149677348465746 11.503664178254631 0.19564475439894738 -0.46300984689281044 -0.36025952674005407 0.7858486401015803
313 6.692590674036295 3.9324845728723776 12.495505688669908 0.33602953036264765 -0.5687505145042566 -0.16305311908488573 0.7328169534966361
314 7.010470344747217 0.6340188022095056 14.518356766258997 0.6340004901331187 -0.4339717092869407 -0.02878193788739103 0.6394400160304181
315 7.1105565352957765 -2.5157812800634765 15.5186886911654 0.9292679410809329 -0.15093389619500192 -0.10514737777395466 0.32034993617271235
316 6.802193213284129 -6.207996401273592 15.464526799193145 0.9702929717960523 -0.1045524369080313 -0.11687635118790855 0.18422881249353146
317 6.158758376358417 -8.762894500571647 12.31805726549078 -0.561612436126933 0.3215018170665207 0.7613034366424795 -0.040560209156835655
318 5.781824605060633 -9.857491652411383 9.97689571131255 -0.279030141712107 0.4935744962304519 0.8232881102307668 0.026890225726635353
319 7.739119704444131 -11.265066416652136 7.293563243545146 0.5407758984103468 0.06903948519091917 0.6886726094208905 0.4780428999749664
320 8.941242985999507 -11.568533268532164 5.17867664112485 -0.05012400933734267 -0.1247547607643034 0.8804901843593623 0.45459967949989344
321 10.939056842061321 -7.1430190962177615 2.5276594209215855 -0.37245399885618147 0.1611006215562693 0.7355271707521863 0.5425167182267296
322 13.024538921562126 -2.1019094383818873 -1.2924407232976383 0.7133225104450708 0.3726758151737593 -0.5932465030258287 -0.018501878946237338
323 14.443517679036853 0.4131439133423973 -3.7641028294822583 0.6541200304509917 -0.19542195478186694 -0.5866693519841698 -0.4356102808641003
324 16.290292655359508 1.7582609364689818 -6.583266005142785 0.7022326849666569 -0.17341809322334642 -0.6017062045004109 -0.33874040882806866
325 18.41444840316532 1.4641029102394607 -9.255675554602393 0.7323563008575897 0.014250356975517265 -0.6807688513293825 0.0022241807322177162
326 20.375696294358118 0.47426286735921686 -10.936564853884278 0.9746044115524015 0.07716842616119798 -0.16754375513432704 -0.12696599978690778
327 22.766517597051394 -1.3871749437938978 -12.287102660218178 0.8778442659106757 0.19657976504262803 -0.13842626573815056 -0.4142270026655943
328 24.296690599096856 -2.9993335507661403 -12.432096084220396 -0.4187761492133419 -0.4633252732631301 -0.2578334152971861 0.7372097109790937
329 25.89566792838796 -4.3917507615706155 -11.419932170899576 -0.36823678461864295 -0.48238859306884213 -0.45004389804596273 0.655105644581377
330 27.10986719093896 -4.316877434700716 -9.535530752861465 0.17296433036350375 -0.32822792107514254 -0.7210190230354039 0.5852190535770898
331 24.676744910923833 1.8647431839764845 -0.6590503959966122 0.0030458516590185147 0.7419770446163143 0.5869307918941303 -0.32399542215383137
332 22.393712477144625 10.261426936725801 8.776748051764402 0.08529905621980283 0.8955017992997472 0.3977450667263488 -0.18055320643449713
333 22.786803578251362 14.552211500617494 16.53059827429564 0.08371960617457615 0.9225960734836295 0.27351771121507756 -0.2588350331509019
334 20.999116483258593 15.3619825006211 19.47213546118844 0.051940625041779015 -0.8499719976896579 0.10400581573111298 0.5138409918523639
335 19.395091294879343 16.1811500293597 22.279557894797367 0.04410800849786911 0.891356944317558 0.0948712935228554 -0.4410631690228934
336 18.245602575703515 16.292201059990408 24.20829150074795 -0.22975915395508004 0.900623978792734 0.0830964339610312 -0.35941920185258597
337 17.602863013538727 15.417749014194815 25.294997507232342 0.014943224761596255 0.9813979551410444 0.1783962226497039 0.06935085740650704
338 17.555460352951997 15.005750291259368 25.550681446896807 -0.5736073038984913 0.7311228007369143 -0.15849614810569307 0.33363615240643824
339 17.335957519259036 13.772480915143738 25.307853617079985 -0.32858133349855506 0.7658657482426238 -0.18975995421000183 0.5191099331772527
340 17.095163266496062 12.808457063439842 24.47062043576363 -0.07431183824312992 0.7311561442271859 -0.2674333430510168 0.6231916643219143
341 16.82580348967146 12.124808420831762 23.194197658967106 0.2025420010726847 0.6234393863518676 -0.48026467849988297 0.5827914789460135
342 16.524760500585163 11.494175392943578 21.40125496251281 0.4797765926362226 0.4147755776891007 -0.5489449880034792 0.5444584846036514
343 16.076631051150752 10.40697649327161 18.650571375637828 0.6791719487705626 0.302044607704053 -0.06656333683346331 0.6656304088228643
344 15.363133864652768 9.218580411191253 14.450248167282838 0.35718010805695494 0.42148001023740284 0.18125327875480632 0.8135872542753683
345 14.697790284226505 7.974111591759984 8.965273644722016 0.07321796081947023 0.007822092822040019 0.20516148111514185 0.975954256993617
346 14.803011715815114 4.7552150985646655 3.392491518069478 -0.04717393273645152 0.46189523419705286 0.8702634039577039 0.16452665567674993
347 16.26678882778156 -4.878520704202067 -7.939921813616368 -0.1224081154534529 0.532119616500775 0.8334536845844593 0.0849701280379771
348 17.57182556103573 -10.865256068013752 -13.636705410096875 0.6801511970263113 -0.20826377637594873 -0.4813321050938945 0.5121913248378814
349 17.85632954880078 -14.936362536654348 -16.851535459772084 0.6212338396200315 -0.20852951334595765 -0.34249142605308114 0.6732633820836961
350 17.15017704600437 -16.960986206305737 -16.239550084620248 -0.3113071723120424 0.1124500316355194 -0.3775315027387878 0.864819518334342
351 22.390807006978534 -11.041545817464767 -4.939559923682916 -0.37734427833730827 -0.2344825009072321 -0.06677010064939014 0.8934041672354435
352 18.397117852109062 2.693029661907824 0.819223241240842 0.4666527278458514 0.8406186524645985 0.06790598211038705 -0.26642877156240213
353 15.190461630249738 9.582511194242368 2.306054970541477 0.5809408022214663 0.7784044547282334 0.20793590493463518 -0.11557226575841886
354 14.075026112307398 13.708714901835283 4.377813386326173 0.6450718700914163 0.46809655880108314 0.5829154494028327 0.15804263001747365
355 13.054490977424802 16.709493016869935 6.515338462749024 0.5810904770664139 0.41634285114665537 0.6527236737186276 0.25088701347231535
356 12.424381069206932 18.593081952577965 8.207398667894577 0.5805192908808013 0.35035187244193755 0.6867328703582377 0.2620093188442253
357 11.990773017034336 20.274271566193228 9.62110038161695 0.659742354361889 0.39006449756978107 0.6040008702826815 0.21856958227170709
358 11.740542666741275 21.80043318456155 11.0820877086237 0.6666517638808054 0.37611681023389126 0.4020404371602169 0.5024689618893032
359 11.575636330121354 23.12279056541608 12.723701644316176 0.3183289680480119 0.02111150119777829 -0.21355306646187955 0.923372113734973
360 11.19648610722237 24.441683212489284 14.66984374149507 0.31579505923815987 -0.11452522277277387 0.44423900468205585 0.8305475065453568
361 11.210062810772644 26.320370601798967 16.680163162340683 -0.4410220169286176 -0.45351396615097467 0.06096161534806287 0.7720805298311706
362 11.686261584485523 28.286149139534057 19.414744028675006 -0.5734248368791434 -0.509981320032607 -0.05219496982407407 0.6390451430008611
363 12.247547460205015 29.771609042656152 22.206627476816585 -0.5482970460438468 -0.20793424748859238 0.22666876416969634 0.7776599316994072
364 11.750341885770442 29.32317854063458 24.504799367436295 0.4620249097816084 -0.21232847689215367 0.28737372457602783 0.8117055765887382
365 10.518218163148996 25.655634867910237 24.49217357320673 -0.20425349290871964 0.25550906970875964 0.81348056676826 -0.48087939592120393
366 9.140141974661109 22.348615370620937 24.11544889617804 -0.009834975665254512 0.1429792716026131 -0.8165216574986347 0.55924286672369
367 8.257232920326341 20.01022767811747 23.663232272433163 -0.25494915907475446 0.3514502915265641 -0.7271115151395633 0.5317823459127026
368 7.654500826156149 18.247950558731024 23.470615487748407 0.46604673247357287 -0.5810362333029796 0.5951963607034573 -0.30156032720692943
369 7.074950423242187 16.64407377061653 23.643274970268543 -0.6045400953882126 0.7167374443969197 -0.3429842112979193 -0.05639627352695901
370 6.422195220214421 15.101712095070486 24.035891646447027 0.7698284036419489 -0.5387725343233453 0.05122734011199191 0.33832550130006184
371 5.94672468189038 13.967631514737162 25.637790801242083 0.780090523251914 -0.393121447575277 -0.4824809436939713 0.06423738756400314
372 5.477093082007383 13.103003395711541 27.43786797278059 0.8230607649550121 -0.5393915933160197 0.16181266379245568 -0.07378582579374446
373 4.9822795927805075 11.992479553783419 29.618313026268044 0.8491194725242196 -0.3805224037421542 -0.03515169017811022 -0.36464116650222783
374 4.014227164532754 11.190194872728771 31.46418986848908 0.8271914556284318 -0.46547286642733593 0.23814022913354393 -0.20586048096576862
375 2.8897274668629396 10.621485533878655 32.8206904678276 -0.569163125292797 0.5901888102080797 0.3784417312722594 0.4295490206527789
376 -0.4736071753763369 10.738521934705988 32.89810355166676 -0.08304899523831265 0.6329467127841166 0.7582849416898371 -0.1322318810730882
377 -2.2417218466204747 11.878038700403744 30.473380503308352 -0.6271298898256885 -0.03990048453853209 0.7700893605638794 0.1099019079321391
378 -1.0896790649580994 17.51555050052713 22.511545471114363 -0.5944895573748509 -0.2894805164354387 0.5505474116567144 0.5095887992240554
379 -0.16824367635306858 27.70863293170847 14.441972224730046 -0.3164455938980339 -0.7241412629166091 -0.016082705136818864 0.612554458019479
380 4.051686273959561 36.04109165523601 11.980668973420538 -0.3458215689670929 -0.7339668509868356 -0.03397136441959016 0.5835632360670706
381 6.221970089521284 35.212155115987464 10.091812291148194 0.1446948867129942 0.9527976063228932 -0.21126389111999158 -0.16311860547870727
382 9.194046172664308 31.28438244234471 12.127896729851349 -0.08520380355813195 0.9933904613669519 -0.07439129367442912 -0.019535571397485598
383 7.2695697548476605 22.744339466281243 18.50731929775656 -0.2953582169835417 0.8362535791151615 -0.4549625016186292 0.0803280598440109
384 6.541259160385855 18.995674878729893 21.514655781225294 0.31030653742897013 -0.4009235782024036 0.8550610162349733 0.1088154207152534
385 5.1870111812311475 17.123008377993298 22.788284895812037 0.3237310692410815 0.2171899915199272 0.6628518226098691 0.6392606382801722
386 3.847054084365116 16.15538279168339 23.551088241155473 -0.17253288061628239 -0.29665535826799283 0.42321264925222635 0.8385219478523197
387 2.2440695814364 15.612307987081767 24.24461433518428 0.09371071822864402 -0.744057608429994 -0.2135379393693163 0.6260975363922252
388 0.3305036606584931 15.221463280594463 24.79596659202896 -0.4472612802234397 0.8943896718086404 -0.002050569960800064 0.0045008152324691846
389 -2.264547791715293 14.821111468535396 24.942432032360124 -0.48212299992051233 0.7139002509123703 -0.38403484748339806 -0.33229667559772735
390 -4.613365826097267 15.1930020198078 24.534590465634597 -0.41964623414304786 0.7622864714862234 -0.3500833356380259 -0.3467823981507607
391 -7.745566219175423 16.17114652757673 23.549441905243434 -0.5889304788713088 0.6585975854831303 -0.27318001474189085 -0.3805033390100804
392 -11.412349046682332 17.794400085536527 22.403615445650523 -0.24257658688035247 0.8367805712807731 -0.4024403961871638 -0.2810633425781791
393 -13.813044809202292 19.245431836321128 21.382069115077055 0.44611024379355446 0.7954623245390054 -0.40446243260596504 -0.06808436848441501
394 -16.037607414423395 21.476308211010142 20.163319942562634 0.48747694732385777 0.7436338271360026 -0.31188848682951 -0.3348141704738203
395 -16.991381502780566 24.277405323899842 18.605148998736425 -0.42756323135841817 -0.5602190000666524 -0.35927675632077566 0.6117716628957943
396 -17.751436277705523 28.35387636862969 17.269913556440535 0.1604617803962799 0.965423400869738 0.1643247723931143 -0.12331684095498203
397 -16.424376612810267 32.35205297631633 15.932823536210702 0.34031470973327005 0.7379961121983862 0.13251324856991348 0.56743975510416
398 -13.193440527452433 36.2388325011045 13.47189961091085 0.4673831658974488 0.7425008625232689 0.20265715060677542 0.4349431281165631
399 -10.848690123022916 38.64774050043679 9.957067602541226 -0.10025603525022211 0.2945391899304726 0.427120404076393 0.8489779463641122
400 -7.76817300251651 40.273361284863725 2.2997073872099576 -0.15184055691290352 0.14436341815358086 0.5562461670557376 0.8041727739803141
401 7.622572536017079 28.01931587773615 14.105615327972275 0.7265802536772337 -0.2023032536654971 0.5605799919042015 0.34191314862017896
402 32.38555201437234 0.7635118889509984 11.935592252959543 0.762073094162708 0.271536311954721 0.5823782538427258 -0.07967559158488827
403 43.08615390990083 -8.31812005122366 10.592088396997081 -0.5187611956106681 -0.44387044134282005 -0.4876548803867884 0.5441126453829777
404 43.95331007788933 -10.874733584564902 8.94366196494143 -0.35520476154843195 0.4719225410585377 0.34037237474056065 0.7316183015259017
405 41.905394554945076 -13.339196906901648 5.768807089562305 -0.10222329763441759 0.22568915968560246 0.2956812214708103 0.9225981876693025
406 32.03892072266601 -16.922168383239818 1.6281546471861845 0.2340257953237474 0.5847791253688054 -0.04634080908509705 0.7753178903322948
407 17.6146876064773 -15.717886455773048 4.489419755809365 0.13410220883433407 0.9102314475216184 -0.38447978424618795 0.07530341980585029
408 3.89476764830306 -13.609221238791854 12.555134471403136 0.1953363657986137 0.8066997248771983 -0.5487740135920433 0.09963101969628599
409 -3.679180540417126 -11.751183413711832 17.870083215765295 -0.528994956844786 0.7674174288221451 -0.31710751753859723 -0.17515035795937667
410 -7.460039774828745 -9.268553985997714 22.317556740035513 -0.4711969886262363 0.5655315992519999 0.6725331469842804 0.07646289534447863
411 -8.55530169515173 -7.966358174253983 24.591754004035565 -0.47168588516018933 0.7935110694979821 0.38352076334893487 0.027648370748872785
412 -9.223509198523232 -6.972209144141865 26.43089213256515 -0.46638180782943744 0.07052560966326976 0.8079024983184198 -0.35328133395103817
413 -9.579610954811582 -6.342431551358686 28.060062742917488 0.007557445038740519 0.67867525119528 -0.6626796981642032 0.3165413181253103
414 -10.026005140686046 -6.105398333101074 28.97664268850173 -0.1099398714464269 0.6717240301424141 -0.5398525115829843 0.49523662802050455
415 -9.701822164948519 -5.669007691748939 31.01134341958354 -0.2972492006673252 0.7589032600416565 0.5594739614341808 -0.15065736317195252
416 -9.723133019256446 -5.582299659543135 32.293380144170506 -0.3512643129377539 0.9223191937542825 -0.14808213864709305 0.06334325143628579
417 -10.683440139883105 -5.903768206490637 33.37479633659994 -0.23027382315026956 0.8352436701467039 -0.23557059565389538 0.4402822643655901
418 -5.482103728672449 -5.784356011131445 35.46791783513934 0.6628097527670631 -0.4608988391952418 -0.3100619086106164 0.5021126412410719
419 -0.9204735396021212 -4.559639895627355 34.387956030411935 0.2286076885258564 -0.33518700224283365 -0.6147766155400053 0.6763415640484494
420 3.0213381455298363 -2.878264811963508 31.97448567625803 0.02132471318384604 0.7510160196937868 -0.4511639632241712 -0.4816339616957944
421 9.338049989706718 4.167121468219024 25.04377275185568 -0.33778560635534455 -0.4932814469554664 0.5904282889729816 0.5421888359318269
422 15.544251582091118 9.675913638188307 18.24661387029743 -0.5114880182078549 -0.24940281884778737 0.6966440385262377 0.43688136234729963
423 22.505722017376733 12.81777742954563 7.800485276928293 -0.5026194429346857 -0.3242870945773586 0.3260155859859185 0.7320692682860406
424 28.786865112552555 14.117336887602418 -0.7443417916745929 -0.41940757511407173 -0.40307710920005213 -0.010769096722500449 0.8133327465014821
425 33.75500932777835 19.015004974793406 -3.2711947381689352 0.8330843141906121 0.16261099943398977 0.2661811966265219 -0.45681041896514246
426 37.169664393254976 22.49107203386665 -4.685806756845288 -0.4130355309145587 -0.12728887744801956 -0.7234518531110576 0.5383461786901874
427 39.77147495120727 25.069727368861322 -5.582495094884825 0.8647176348482405 0.016276637463429316 -0.2598537756921016 0.42950494562217506
428 42.14954585850953 26.202260749974574 -6.124022769492453 0.8230182245915084 0.4843935415234722 -0.2966150805987718 -0.004836618857457332
429 40.107045721572035 24.38061301146708 -2.450442338557943 0.3825096620963973 -0.13504587375058974 0.6889518106399557 0.6006616127253046
430 34.5814000782648 22.82930240701726 -1.6307674481140224 -0.3863699162476725 0.7312878763118263 0.38002962319463335 0.41414226453315395
431 29.08256204876216 20.65747792034241 1.3578751377030158 -0.35151202651435 0.6095472895243965 0.433199735289714 0.5632312015452937
432 20.98347085398028 15.70086829144062 3.753525021881512 -0.6484894760335147 0.2707329970806171 0.7072921003021415 0.0768305187780783
433 13.754953356005604 11.816254430722296 6.811441601723027 0.13661671933724853 -0.696063670126875 -0.49050603804581466 0.5061966670846707
434 8.52656593844799 8.96689843495703 9.40667667867231 0.2558808317174508 -0.7525691371545982 -0.21546975496408924 0.5672190744832923
435 4.688890370316373 4.9308324934436465 13.902199823312369 -0.3657949460892374 0.5235316193745071 0.5966113803863352 -0.48596662614236036
436 2.1749596162415115 0.8312047090941735 17.71755493324931 -0.6148624666450024 -0.057921847506607636 0.6607241937224569 -0.42665295794410374
437 1.006496667410886 -3.9420028195430987 20.93521297870207 0.38074416335983724 -0.4966154205405907 0.7241608680202696 -0.28982415940849116
438 0.7452904188120919 -7.2308432943340675 22.381466355678498 -0.519967098256232 0.824657986287888 -0.132063924576724 -0.17925552211296433
439 0.5547922985953064 -10.867183933317156 23.708282325453727 -0.45411499932687693 0.7781426996577898 0.10496048413732598 -0.4210187681390165
440 0.8167983646102212 -13.19618688641835 24.40147561230236 0.6942040886448857 -0.6647869479957055 0.2229477902991353 0.16258314760150014
441 1.7329251329090314 -15.305705458887193 24.423435667961318 0.5804369793533581 -0.5092951689477226 0.03908595228813495 0.6341794952687977
442 4.5367071326735395 -15.299508393886294 24.363803342136205 0.42357749744449646 -0.15396055034146827 0.19131924219391916 0.8719376125409168
443 8.842771288264144 -14.455336624318933 23.23232877857531 0.37551289832894696 -0.1865743284135126 0.20876049288309526 0.8835152176260732
444 14.059420213672578 -13.09245644120843 20.87513489776268 0.13317503658720892 0.794413467070478 -0.488017614738433 -0.3361702852306671
445 22.24829589972882 -6.099414908168613 16.62658348819018 0.34072167356117095 0.9275123658092704 0.10614079782646357 0.11119210166790516
446 29.77556560990197 0.5000072512516214 11.224382011525565 0.6000518886285854 0.6545664478517916 -0.011425380330071037 0.4597281337750255
447 36.29523700425728 6.504172611425249 5.62809085259388 0.6837655978451025 0.46150581489647213 0.24115335016773531 0.5111966859469571
448 41.94572137145337 11.765504931053341 -0.4668567868020836 0.49501865564767294 0.8102101906738478 0.2611532969236919 0.174111840478766
449 45.640942871660876 15.012696755042542 -6.289214959604413 0.44987521704705485 0.7925739590089145 0.3164180390150779 0.26328394021218304
450 50.23548978645125 15.688445653285314 -10.696344121295768 0.2595227500364137 0.4500455059620769 0.7217575508931617 0.4573543730036678
451 41.36216564883344 12.209391986573344 -8.276066620955271 0.26842453044577064 0.008620569417703533 0.5850361889658667 0.765249380815284
452 31.592219508794308 7.666840091484354 -2.9326678742773895 0.07992904760882141 0.16848866206473845 0.7661823854909946 0.6149694872652672
453 26.00008536036353 6.947292700063247 -1.3474448232946252 0.06207046785393592 0.1195621665137183 0.9561067458625041 0.2602153644102354
454 20.304264655005618 5.989640742655405 -0.3337642832900868 -0.49829203141675293 -0.19071860927092724 0.8135944502879007 -0.23107473675210788
455 8.010014738429883 4.431107856806587 5.721311472929949 0.3994200537006708 0.815614287704511 -0.3737865963036191 0.18846892268427076
456 -2.9705434296049913 2.789216727527796 12.162940021373092 0.5077050890438056 0.7668928564378509 -0.39176428124400475 -0.025132394334455285
457 -8.066958117268747 3.064861007248946 16.93911792856796 0.08988766001588107 -0.47448916457933366 0.841963191200054 -0.2405789390987814
458 -11.605649895568122 1.2885938255480713 18.299328030004467 0.030960805894354668 -0.29978745078268926 0.918677265366713 -0.2553448549509574
459 -13.80457647227285 0.13675871422146252 18.35635149461099 -0.15683707376323533 -0.20677957309068618 0.8791340512464959 -0.39970946997130463
460 -15.17426361687724 -0.11945057603360693 17.659150680929837 -0.10752143747420269 0.04876863792698248 -0.4479066707871734 0.8862507403114416
461 -13.98573803167474 0.7425658689064516 17.761103069164324 -0.2597377488783015 -0.4507921913904596 0.21037682468951696 0.8276861081488412
462 -11.659245257912357 1.5216648420195742 18.314995397835364 -0.5103007967716533 0.2620398134465437 0.3637786593041011 0.7338891742068598
463 -8.358765671078142 3.417850229791333 18.731862524378062 0.9016358287024374 0.017713399442440103 -0.2789701250587107 -0.33002232834308043
464 -0.47878279469411944 6.716259805666122 19.94618148383374 0.9767544596480383 -0.12243732335395231 -0.012383680162797246 -0.17551772523939788
465 5.442063098549036 8.934401811342086 21.02016329915527 0.8780153768373069 -0.2548802598742567 -0.07592584934901611 -0.3979451175279101
466 8.92613801357424 10.149499548792814 21.75399723529357 -0.5697759619072775 0.5307582654827236 0.35454743800973804 0.5176360990649066
467 10.541068773156965 10.70070792700374 22.218165734600976 -0.7103195327668591 -0.1149546070360596 0.03662269703707384 0.6934626001110554
468 12.362842422742094 11.24364114986142 22.407676031351155 -0.7215780725669716 -0.2643893436543825 0.03874552311067726 0.6386878303141659
469 13.809800468197214 11.986585289767497 22.9267861381838 -0.734034762235318 -0.26532506832387937 -0.043311419827064095 0.6236342653042966
470 15.10986803087504 12.645319132082447 23.560513267165707 -0.7011438995912957 -0.29368239832206017 -0.03235881934357816 0.6489227903166911
471 16.436689518715777 13.245911605562043 24.240000833336286 -0.7473848067743885 -0.12366288264189795 -0.06329517705984442 0.6497054429666311
472 17.67469054818082 13.613964665918358 24.824873970996713 -0.6992226019544604 0.190031594647578 -0.08869876730534727 0.6834531985661066
473 18.666528892123996 13.48030857179201 25.005625950572274 -0.2624371619553581 0.9151364252060622 -0.13367419720757343 0.27528761012220687
474 19.772062653038173 13.8114932260387 25.618007894032164 0.6521939678493186 -0.2881693910616327 0.026405568282255258 0.7006455425675806
475 21.14375685708271 13.064729726712867 26.08815282526038 0.28124951805125536 -0.363707807022349 -0.051124919800209674 0.8865673027369959
476 23.161466448660537 13.005095588646332 25.799628563342697 0.048660821718850604 -0.06667325602670247 -0.39116121911194596 0.9166131692395107
477 26.33861726702412 11.40066574489782 25.612111103105697 -0.09389982989314077 0.0469801091256028 -0.16469658359494133 0.9807398873527783
478 29.43938323735479 8.49236903822031 24.343716225739815 0.538011828738257 0.533153490613884 -0.16269969497783257 0.6323127682073666
479 33.50632473949649 0.9807877198959825 22.163243112851646 0.9031607770729391 0.1073441251163382 -0.39393137503660525 0.132649618626598
480 36.93967302228429 -5.980235894727906 19.62182377462122 0.9164508851288526 -0.3140765756476687 -0.08284977338096747 0.2336869590428576
481 40.02150127311221 -13.509625035465245 16.760017931134126 0.590281916875923 -0.4618226755091824 0.15906462368118746 0.6426394949643118
482 41.3425259595988 -19.226035771779618 13.760704658331422 0.42830339330511735 -0.4254839250247279 -0.2988924242262899 0.7390419146225771
483 41.712391118300744 -25.421615866744528 11.49399660189503 0.41247897067671996 -0.347127136919476 -0.39608746421179497 0.743289022021602
484 41.31468847355942 -28.692106010316945 11.002396004874797 -0.5192230702465532 0.6545259475631302 0.44051985626961454 -0.3285505189807591
485 40.652269527644165 -32.768777459035974 12.230017480307755 0.7674217307390588 -0.5678416983714493 -0.23715424603263494 -0.17993764577982319
486 35.9032536345002 -33.898009452596284 15.557748277356255 0.8494722906285898 -0.4423548568126217 0.0858030185622652 -0.2745120218025139
487 29.890010922515685 -32.1549943947414 18.574870476967412 -0.5667662203177041 0.44747515072249866 0.2428767809889311 0.6477290407640472
488 21.925822930670975 -29.28885163839318 21.486436385052126 -0.5343462659380664 0.3480935352439119 0.21306466803292876 0.7402083531246164
489 15.724899276395583 -27.297884919567153 23.388114561960936 0.8383568020803781 -0.2486551884042837 0.27988137441291355 0.39622580171151
490 11.23403642709291 -26.019641668258174 23.900626395221085 0.5734536326684349 -0.44767756652192664 0.45796818512625515 0.5108824414917217
491 4.948327331635402 -24.715527482442045 23.914983672530763 0.5600931854490592 0.3127364968741295 0.762546427031946 -0.08375233583151145
492 -1.2124865711317043 -24.297736981099266 22.933794576002285 0.6743678587060352 -0.0028135365191277084 0.6626128855383627 -0.3258285424498833
493 -5.164293359075454 -24.55718753288215 22.113002851996384 0.620636391188855 -0.18217248194688782 0.7609809096680479 -0.05031611942680312
494 -6.75957195069727 -23.07118754808863 17.097402946855805 0.6468531151326034 -0.1374071726605683 0.7391512420764147 -0.12788963086023317
495 -8.064150202336767 -23.208742560813718 14.58136857747191 -0.4490918669851503 0.35779422094029467 -0.6217149313291422 0.532700980505869
496 -8.460221670806696 -23.694965179086783 13.874256357392158 0.8526956464452864 0.08601358762493815 0.19943264371270195 -0.4751193722622808
497 -9.624171309708514 -23.899867042561247 12.664834374969056 0.8384738166181159 -0.36971035307096123 -0.26002212594185764 -0.30440829111354806
498 -9.908273155952322 -24.013050306994725 12.125244896687688 -0.6102229138983636 0.6309408851398814 0.03268028851894983 0.47798911447292325
499 -9.868313205787873 -24.00447878299466 12.067507266659721 -0.03337174632372127 0.2882417517066124 -0.38476742031518063 0.8762174680890639
