# time x y z qx qy qz qw
0 -8.08568701344816 -2.668167880832618 -5.6765190431973895 -0.7071067811865475 0.0 0.0 0.7071067811865476
1 -7.093550073807872 -2.6935494576581807 -5.686351031668365 -0.5907068593398203 -0.05163111970070584 0.06944710371562643 0.8022323438959864
2 -6.135521723450856 -2.481471298660967 -5.664478045856967 -0.6599388482458148 -0.005350420589202972 -0.0369710878543114 0.750390050732534
3 -5.188008300124033 -2.4710269944938488 -5.555556348246142 -0.5836535182775725 -0.14815506833471973 0.04483205324423158 0.7971127481924074
4 -4.227144405816587 -2.248525557541526 -5.290128312060314 -0.6655001340218676 -0.02980555405563802 -0.017124482774409477 0.7456057622188965
5 -3.1991736597878053 -2.2841098562110322 -5.258096286152647 -0.6794369889123983 -0.029250964537676408 0.04259840580044229 0.7319119721623154
6 -2.2195139621541617 -2.234363550153806 -5.385423318270536 -0.740589139356031 -0.003998703579065807 -0.14641789713966544 0.6557999210390152
7 -2.217684858031511 -2.253165205096757 -5.340254119677043 0.44724909425138953 -0.4840974905099394 0.587832175040273 -0.4691174707476933
8 -2.175953837203555 -2.283047010504542 -5.250742321571602 -0.014583358836917908 0.04303899797465215 -0.7755421826452964 0.6296580764479568
9 -2.377944255339538 -3.255010021531134 -5.309640853302084 0.05458386155546778 0.024336392760380608 -0.75735917090726 0.6502579705684303
10 -2.6283390927574417 -4.20622994693492 -5.411889947754952 0.036247044083140154 -0.11913556220167999 -0.6938376655573822 0.7092828515254029
11 -2.6029393351036743 -5.206060641511849 -5.333786191189789 -0.014000671012416244 -0.17743374986251048 -0.5875904050513142 0.7893407131984024
12 -2.57204695648318 -5.171747196969938 -5.276852145208361 -0.3844068962512477 -0.5674500751906281 -0.44452423049928197 0.5767408072779785
13 -2.647260993446574 -5.20324574602669 -4.389793666245225 -0.327953596865124 -0.6067834464663796 -0.43860821212311835 0.576092981779653
14 -2.8159042019056764 -5.316335072982864 -3.3599469710017873 -0.24463266983561893 -0.646193933899671 -0.44308205676698215 0.5711974681417152
15 -2.9808223458016236 -5.478983406603461 -2.405252084374253 0.27566324296528893 0.6349310889903274 0.5398267038933602 -0.4790192255797752
16 -3.316640754007577 -5.63001283448732 -1.4807390979421908 0.21816059035367816 0.6845564871491329 0.5802260835681166 -0.38357015611981443
17 -4.051677675393887 -5.754408084083704 -0.7586075309100193 0.3039550337812958 0.7653440177993501 0.4424599145150287 -0.35509026444710223
18 -4.605359343833225 -5.6508880631723315 -0.005292578056155572 0.26557626533261586 0.7731064896649199 0.3790734645096671 -0.4336806560530494
19 -4.675029205443695 -5.754110104790552 -0.05902264553104661 0.03255077447289368 -0.7792251777431675 0.22413792813884104 0.5843892184340597
20 -5.051589721400852 -5.5293806882948155 0.854349581749055 -0.10478642922614148 0.8964990995314933 -0.2029691581881199 -0.3796217717856319
21 -5.007922035774635 -5.584223534300739 0.8182075125182973 -0.13126901288021914 0.9016071813850549 -0.13468914169639654 0.38952762654455925
22 -5.568198882782114 -5.979692150888825 0.16194620540853422 -0.398662492454025 0.8114560641984069 -0.22424058975207062 0.3637628772890643
23 -5.58421178435547 -5.922393003083032 0.20946921939680854 -0.5663096883483523 0.6817365567785351 0.46221455780379295 -0.029770901712632632
24 -6.029082896645165 -6.757729393435726 -0.2530032249756763 -0.5036815617034263 0.7490795706129151 0.4302275961790214 -0.009428508704405545
25 -6.503172574253509 -7.468356199218365 -0.6565187583742522 -0.4610672168238925 0.8471297463278569 0.26098934160864123 0.04089960908686703
26 -7.05964149612917 -8.190686759613676 -0.9817464264851951 -0.48913349247084476 0.856383574200346 0.14102762646308736 0.08641069932191277
27 -7.643425991891838 -9.029075296467946 -1.1497749601183984 -0.49865194039476446 0.8477534793436167 0.16454650512972172 0.07473103940748227
28 -7.718718603952663 -9.125692693463025 -1.1613358559104985 0.9754436819743242 -0.10003550398748497 -0.11879846129633648 -0.15617120999712517
29 -6.797240963232744 -9.183771873005208 -1.4588596978515591 0.9778144059951898 -0.11931828326951731 -0.1491015884459508 -0.08608629989018877
30 -5.95919707454901 -9.305477919622547 -1.7377313400365764 0.9557456523267277 -0.22413262535712128 -0.08415949476197776 -0.1709736639090672
31 -5.100407673364575 -9.646525662855625 -1.9343868887620697 0.894539179004554 -0.42107447639821316 0.06156142790595952 -0.13677036647610574
32 -4.455467280622451 -10.394093919723463 -1.9500757737044465 0.9081722906582614 -0.38873663864074687 0.10535167263331442 -0.11405236223850236
33 -3.778812308752606 -11.16161254184416 -1.8318160002804316 0.9013053227059672 -0.40999736815864135 0.13404983214204125 -0.03976827715114538
34 -3.2548174993251147 -11.883947777638726 -1.6484193167541132 0.8768790318824837 -0.4685078554725661 0.09818163488436572 0.04408990107460198
35 -2.6668183616330357 -12.744510887899699 -1.467211267714569 0.9368562881541576 -0.32354598451634903 0.06039232765858806 -0.11819923015543848
36 -1.9027211868690022 -13.40079773165862 -1.39242397324018 0.9156048505198807 -0.3714838827181966 0.09854561890349027 -0.11813654633519678
37 -1.1857344116018544 -14.138021508690683 -1.3411099765285683 0.9268576864287884 -0.3696189412053682 0.05942183287510284 0.028030575945914654
38 -1.2393338844576693 -14.079659352997602 -1.4384201553278033 -0.3363418972467618 0.9338825289227055 -0.11062514492460929 0.049996276259237686
39 -1.9823333089014235 -14.755319738485369 -1.5174132785146912 -0.3575307177136832 0.932227416959425 -0.04224312179801681 0.03659709853328318
40 -2.0274478462967047 -14.857061854101985 -1.5243409654464557 -0.25773928082340736 0.7170551216468787 0.2667754693459543 0.5901129252913031
41 -2.054811504414669 -14.92863817462369 -1.563294614516364 0.18688822309111416 0.7320647763967916 0.6136395150471092 0.22934799062060796
42 -2.9133616705802154 -14.396224541165397 -1.6649758422053027 0.29501393076910715 0.6661817904396342 0.6792128641435718 0.0885352354754299
43 -2.984916319265807 -14.309171161197744 -1.5985208575022973 0.6728626668019609 0.3387886597234667 0.37734676566942577 0.538597710824836
44 -2.579564398212989 -13.401204173804702 -1.5275980364306074 0.6752901532466259 0.267840273262112 0.4356930314268095 0.5314286210895519
45 -2.0673300794983196 -12.61782507274683 -1.271286619794021 0.625379329491267 0.41245489792166695 0.4310247038570727 0.5029904135173974
46 -1.7033616517602235 -11.668362403673166 -1.1122408111485131 0.6676574487957707 0.31542321858494565 0.4642129559400394 0.48912989663528783
47 -1.348460836794961 -10.777641016585717 -0.7814879542914293 0.6560337603231295 0.25289576050486645 0.5268127336970774 0.47763143034098166
48 -1.0744053049348818 -9.915639828678994 -0.36412948929508504 0.7828954124441742 0.06923027126134529 0.44859524836986225 0.42549294454189085
49 -0.49222430858463717 -9.464564386264735 0.22011394258452244 0.76280379742643 0.020003983878670122 0.4340013543447607 0.4789290466109916
50 -0.48495396366167476 -9.513212941836894 0.12777180247883213 0.4868547803188956 0.5031689356393945 0.06772197372659723 0.710779276120747
51 -0.026470432589087767 -8.869564359269901 -0.56931831107002 0.4437520413432384 0.4426351152655438 0.13122113836140806 0.7680750571296426
52 0.5116356393754857 -8.242647468019483 -1.1182320399965189 0.5350872143389562 0.4202843234631944 0.01342153956130173 0.7327090983315722
53 1.1548163107399554 -7.760404576226849 -1.7165063290592524 0.3810635208624799 0.3801248929957341 0.06553194794507196 0.8402387890304734
54 1.8155214720993302 -7.282560732659787 -2.411139919594502 0.4211110518858645 0.39243431191372974 -0.18601224502389635 0.7962789947710214
55 2.4612549699950095 -7.194207954403184 -3.277890001829832 0.38940579442884343 0.49335961166884346 -0.18065607992973265 0.7565201924758066
56 2.9823424459460046 -7.036741904515476 -4.201864473307131 0.3461353386510521 0.4233769987052503 -0.1796856589078601 0.8177134634375932
57 3.488685650076948 -7.069001290561969 -5.023218491392967 0.3491206639735702 0.49965483107177405 -0.17112843627117652 0.7740638669209876
58 3.5404449667648454 -7.011298217227764 -5.003391235517839 0.8538005372758578 0.23542032023208123 -0.4231203350270312 0.19123571176925616
59 3.5210600477738567 -7.011387338151145 -5.077215981566099 0.7863001152917465 -0.4501977116019714 -0.22960197392953177 0.3554392813522402
60 4.052629004031706 -7.866268273107881 -5.114042715499405 0.8241968449822732 -0.46547018704582366 -0.22246908659022369 0.23354779212080803
61 4.511106024308752 -8.692262844613605 -5.275560838828386 0.8226503441593443 -0.49194982468899806 -0.14235467426516132 0.24691481923496622
62 4.968575809428907 -9.574431462510423 -5.292377207251872 0.8147060560183589 -0.512502455631942 -0.13165527211612038 0.23719646831744798
63 5.418061725514278 -10.550669699838103 -5.292084320234844 0.813051887211144 -0.5673799540322263 -0.009424778942942306 0.1301452650182192
64 5.755377250524538 -11.56617861117317 -5.189777089620757 0.8255309702293794 -0.5642651674289526 0.00786020335713719 0.006454085659463885
65 6.155337906214508 -12.541806009890681 -5.163351675528944 0.8654269851386157 -0.49613863746479825 0.0456008053499018 -0.05294480484334498
66 6.211850716628682 -12.521200235492909 -5.136592785223308 -0.5173851587820442 0.4138282531116176 -0.29326914470390913 0.6892401491231511
67 6.206805799677231 -12.570906245855882 -5.162156046380915 0.8942445726430572 -0.40912509298222205 -0.12134376152573574 -0.13497775420234737
68 6.1831690241895885 -12.53726162257252 -5.215126044358569 0.755627154961701 -0.42930574646848196 0.4828996741217409 0.10738753869393512
69 6.3654627990339545 -13.130168748707948 -4.42118890579365 0.8069973874810129 -0.4683917680276696 0.3596052050834892 -0.006961660692344941
70 6.692751759121306 -13.903827006086988 -3.8854688830004194 0.7436323831700812 -0.5313815290610541 0.38737475058119636 -0.12076983019644283
71 6.697056672572813 -13.857531308954806 -3.9282526260547117 0.8253927039122566 0.17970394589768524 0.5015243338865654 0.18683339818365638
72 7.062335526530141 -13.380549693907968 -3.2472765310249967 0.8008928799118005 0.005471743826579418 0.5196623126326454 0.29747560531137585
73 7.510628142908525 -13.09112470791176 -2.421250436295087 0.8708724636128461 0.04356041865081866 0.4766003385080616 0.11196320548224156
74 8.129501161421897 -12.881834050338151 -1.6055897430294301 0.8831675077867089 0.13821024404833196 0.4448916619761535 -0.054630492712497356
75 8.642324317511623 -12.651060023477998 -0.7558901838276624 0.8309999766815458 -0.02103025529996804 0.5419643768749515 -0.12357743044680279
76 9.07434929935872 -12.780061833727276 0.08413674639250923 0.8793372267687078 0.07017184204603742 0.44744647586167996 -0.1470836681672966
77 9.63103677526518 -12.815670083517105 0.9205629770912143 0.8478724983405589 0.06350644351127933 0.5202538659327997 -0.08009415192299725
78 10.029247662072159 -12.684779084128301 1.8049748661968779 0.8696088950342471 0.021685616236834813 0.49171532766211373 -0.039065845285681404
79 10.486581914151387 -12.665865980245634 2.7285524399929293 0.8368313531493016 0.015417628468975235 0.5465319934609124 -0.027899162036571747
80 10.8909529298039 -12.63248407174122 3.584722436037845 0.8617290677148068 0.003836218468803154 0.5034642025803935 0.0627064111819368
81 10.876096138114585 -12.623280981019226 3.5405234086753703 0.6772593841942166 0.3139673394632749 0.5312252649224388 -0.40067936580176955
82 11.075350951080509 -12.685338032539478 4.513903112243925 0.6885285212779438 0.33004790500780495 0.5942613594315236 -0.25268615409904216
83 11.182138277724391 -12.567085073748157 5.5734376110652075 0.47667955738704243 0.3807669835156407 0.7807470703670433 -0.13500783661318605
84 10.708457380098439 -12.500376887258179 6.414716124396152 0.378150241894881 0.4198177261484052 0.8242046242999046 -0.03797642227855456
85 9.97635795592596 -12.217043109506404 7.072787153720125 0.411473884871544 0.4752398439704966 0.7777062833365123 0.0030446067933723973
86 9.403075687751814 -11.785550798226144 7.757346122526021 0.5172003071606439 0.36646764433029877 0.7702685680462121 0.06994026745713383
87 9.357948452721486 -11.784878453148707 7.810606335072335 0.8984779413891721 0.10536264077237975 0.2415222808278661 0.3511453981333819
88 10.255299542135502 -11.425705011866045 8.171052215832182 0.8827849884050691 0.06616255878336962 0.23914355513258387 0.3989029206466759
89 11.070951139694559 -11.123087419218626 8.500267236476422 0.8440313509749722 -0.001605087963437256 0.19767617626718031 0.4985304720880961
90 11.068900457387969 -11.160210028353248 8.577459371973388 0.17225376880189375 -0.39156943782468395 0.29041842070757035 0.8559551129638314
91 11.06692814461012 -11.188853099549751 8.531614448467558 -0.4436544886662215 0.8147939395062009 -0.06319319883489918 -0.3678153754960389
92 10.64462421170927 -11.810136763399745 9.211994320056041 -0.5279725773921983 0.7899545128280834 -0.10051972450388542 -0.29514845445986626
93 10.396614202025317 -12.571491389932905 9.741044940259869 -0.4967938690310092 0.7842386264818798 -0.1833293968922621 -0.323351141426986
94 10.165630471072955 -13.145223277639943 10.429257965626183 -0.5565999680923216 0.7134114883965055 -0.12457562794996561 -0.4070889788048569
95 10.101936717461573 -13.838506345677285 11.11957254186191 -0.5149336103437664 0.6988677383988672 -0.22223519573488518 -0.4438905033229075
96 10.044690625155463 -13.778634214769323 11.060726934363148 -0.047071506703042214 0.8555493864715542 -0.47354965011739153 -0.20388783543543976
97 10.015756960609933 -13.905168213956106 11.143750165072017 -0.2826042267486162 0.7624107366317774 -0.20245135246424897 0.5457821631180382
98 9.84721995615968 -14.563507419599045 10.378837514218368 -0.23373197968006107 0.6946354676385916 -0.13009479572765756 0.6677771131881761
99 9.76534818651656 -15.019118271631424 9.51089194332406 -0.20635137014769853 0.6899781013244768 -0.13978952648181703 0.6795647283495718
100 9.783526243406634 -14.998055754289965 9.564664977887041 0.4209385819899526 0.6184742630271163 0.3455591322559613 0.5664708132638968
101 9.795312662561148 -14.916201852186681 9.560426142467565 0.13834310531883706 0.7402570580619996 0.6558870463350408 -0.05189273215038287
102 8.84221178815083 -14.825426361186613 9.862528814649249 0.08795902916997832 0.719275985355569 0.6865382551833465 -0.05975357937443539
103 7.801125856800816 -14.772158147922685 10.06819455546429 0.080005046627808 0.6525642993883938 0.7500321672678993 0.07218570316368454
104 6.8671354664310105 -14.56412197792794 10.094114230591954 0.20342039507810314 0.6482181220315002 0.732980608507047 0.03424670332839692
105 5.968856297333199 -14.267150650254885 10.320453102536007 0.06179478696328456 0.4943340935908771 0.8669505939155244 -0.014555958483323169
106 5.027339877649195 -14.274796202359825 10.467038498676962 -0.03128766728240345 0.5492251994102062 0.8346823303481637 0.02604168991068167
107 5.01444641218554 -14.26724189585632 10.446462798086161 0.598684571477364 0.3457539514598731 0.6161052530484618 0.3774192709586247
108 5.045659658072984 -13.367725071238226 10.922809222663403 0.581204218656755 0.2419475011080903 0.5995197150870715 0.4942055990628374
109 5.193213203159533 -12.508040788731389 11.33334091691697 0.6165644033020987 0.09666736278099303 0.6332138759007874 0.4577597021586728
110 5.075392062497422 -12.52012686595855 11.302718401312356 0.5269673409479854 0.3160518816731111 0.24282323022205635 0.7506354031949344
111 5.0579897977418335 -12.504555522570849 11.384753181899793 -0.14121868009036542 0.14190430587306596 0.3884209856684627 0.8994718396150923
112 5.009712577930703 -12.446156343978554 11.336036130413142 0.7694884862601451 0.04264394423902647 -0.40687616915015473 -0.4904291452498558
113 5.635111325533794 -12.023511842093312 10.868987230027743 -0.8016939085491942 -0.08247033880710622 0.303765232112926 0.5081458491137569
114 6.398744440101748 -11.697961693002863 10.490286835238845 -0.8099454407599398 0.06613119665562961 0.2605494059378025 0.5212763709267313
115 7.268975206486994 -11.568264828372012 9.933161260489127 -0.769899563063847 0.10857117399899524 0.2952963652674469 0.5552179928914537
116 8.145598393781906 -11.432985512436568 9.416272613369916 -0.7030987225233089 0.2648824290967807 0.3968786791974291 0.5272350511303169
117 8.203283951983865 -11.41142289542158 9.458935771232294 -0.10467908866136834 0.6322157177875933 0.01806432460145471 0.7674758984854423
118 8.246618347723905 -11.36258787983022 9.413854448370355 -0.5413625055460015 0.4188654710239659 -0.5033533233231108 0.5273649463819207
119 8.32154132705186 -12.27253437239599 9.567405045295379 -0.4260021022250242 0.40564813257735743 -0.6266412973021493 0.5111677669335579
120 8.113183502198684 -13.259813438350717 9.681964577841073 -0.4082113116031988 0.41235726418313234 -0.5945167662281182 0.5566640157476127
121 8.13746666665041 -14.27238333772166 9.76293724609627 -0.4248573794219434 0.39632665633259145 -0.5225452038041642 0.6239935084696083
122 8.10331450140002 -14.262485375186738 9.729587689110282 0.6414395472910702 -0.015149205007999825 0.7605597381003883 -0.09937149258877762
123 7.941150149527162 -14.428457298441945 10.713502999669359 0.45554131375219664 0.004374507754596044 0.8658390418292792 -0.20684711453386
124 7.3817379526062314 -14.794213489162908 11.450129903263333 0.5200233426050543 -0.07309102039453735 0.8262137977674917 -0.20397104270501296
125 6.981228992675709 -15.158557099786847 12.248150008306405 0.5259922637255099 -0.1693453899069443 0.8145433261535152 -0.17656003861844594
126 6.616108536225491 -15.659817799747492 13.030804688806432 0.5008536438861451 -0.17932038009223847 0.8147682292059721 -0.23052670423642974
127 6.3254314073343565 -16.16829386459025 13.75150601064084 0.41512738842091007 -0.29839744187643624 0.8296458841981139 -0.2243121149148292
128 5.762358660262713 -16.733249912870505 14.201896498648638 0.3659966451438061 -0.273977443615682 0.8769504211229978 -0.1481241878475344
129 5.078082540048712 -17.164690099377765 14.729055588039893 0.4206426013429517 -0.15779679209099678 0.8905345862565429 -0.07147114817962122
130 5.071576291257352 -17.175744738502583 14.715889366899901 -0.20506082034972326 0.4158120489121104 -0.5232327917809243 0.7150369539696187
131 5.258001953857456 -18.053983216870815 14.360658991615784 -0.41414811816524566 0.34911044388559537 -0.5224526163157612 0.6585184112042759
132 5.47042375810705 -19.047560786797934 14.405451020643238 -0.38357476406047697 0.574307236092469 -0.3577788117862188 0.6285188308910242
133 5.556022200052842 -19.938222286664793 13.981186435307793 -0.5214439759874626 0.45024806526893524 -0.42333611796283127 0.588353117486537
134 5.830619040478426 -20.86917994523197 13.846499596414533 -0.6416455367216829 0.41304208074232085 -0.39623385596305966 0.5105741632024114
135 6.124487817790534 -21.841790667440236 13.963104681455695 -0.5515160030967134 0.3595741717647608 -0.2775460714430877 0.6996461188017988
136 6.627649856044048 -22.612797652797394 13.726976446189582 -0.4731693225211493 0.34961332539411194 -0.33086277058188807 0.7378422202440196
137 7.11425857615976 -23.486571646427688 13.562279586816915 -0.4230553816286552 0.31949400543139456 -0.34440309781465495 0.7748123842480231
138 7.751351652150417 -24.32669336554034 13.254336425152516 -0.2215911584088865 0.4547462765177037 -0.321207546534389 0.8005803485957236
139 8.101248926821132 -24.99246230470037 12.74917023887058 -0.09242934374265438 0.4689020983108562 -0.3280920684796319 0.8148271186059868
140 8.458073805793433 -25.56467345716528 12.0540734305 -0.045316603341245945 0.5174379822659496 -0.22321684840386466 0.8248506401517799
141 8.883174807881725 -25.949351478490122 11.218886632817481 0.02735456483277793 0.45959722878307807 -0.37257121976220975 0.8057374270087144
142 9.227878970050504 -26.490841137334677 10.504425959478636 0.11799777396651354 0.6089569140376055 -0.33357606848073174 0.7099119725160874
143 9.267342602766389 -26.924386723245238 9.526162982310684 0.11394278147967728 0.5720888438801037 -0.4165061680758268 0.6973191587869874
144 9.262138841102606 -27.35943613804176 8.670411925100744 0.06619658481659481 0.5218236911191662 -0.4338363262173343 0.7315080926412469
145 9.33887443929131 -27.957407556633296 7.888361850822305 0.0017599463093193322 0.5197070660469485 -0.32434740137791346 0.7903798019365473
146 9.374144625095306 -27.938488977028328 7.93950250067091 0.23399070168499111 0.2982850876076702 0.4149301561618642 0.8271078064819247
147 9.84642001378036 -27.05342085415304 7.6387684132469165 0.29490850764731147 0.1451812466858575 0.41714265905061115 0.847315395663363
148 9.83755706479095 -27.07484754123629 7.513529081915687 -0.10793945153803573 0.7687586891420259 0.5490098599462824 0.309753654299777
149 9.014446612506303 -26.921517872029114 6.916786662991653 -0.07834081791563562 0.7908428850971175 0.5363620158507527 0.28415846862638794
150 9.014241276680234 -26.83253708222313 6.923239173319472 0.13703177326626076 0.9651907939290048 -0.046946068569777726 0.21777302651164915
151 8.255117786943174 -26.684886783534854 6.492558130930623 0.17735432920430005 0.9797742211637461 0.09233062106405455 -0.00793560768899154
152 7.271048190716453 -26.317403089434283 6.55961386985384 0.14934141930278866 0.9680131005163223 -0.005320683713656502 -0.20154272012212315
153 6.439214493809444 -25.98669412037137 6.978091259606713 0.17750457867756902 0.951709975299095 0.14349063900744186 -0.20530631744281688
154 6.516004052482935 -26.070374270077423 6.9792814002459425 0.27335389365944074 0.7682444950662227 -0.04879836693308579 0.5767987205311166
155 6.656399330041316 -26.050479166496242 6.968993275566993 0.2103432520221282 0.034733571085345236 -0.14669196580014196 0.9659351751220704
156 6.634812850196028 -26.059155920769687 6.855418046298175 0.2199748819411424 -0.6896093313719992 -0.25983751145683 0.6391670274971699
157 6.6498893928715495 -26.081352934577865 6.939726129515794 0.4290761342435536 0.6548892811943271 -0.3722418082205937 -0.4984473258149233
158 6.465992187978328 -25.237278141665335 7.332138257336339 -0.40453519188140535 -0.685640446803821 0.3146768232713974 0.5169399898749899
159 6.585731079331282 -25.302559928525476 7.350840170956614 0.25065789498553614 -0.8062319150900513 -0.1913116822367794 0.5005602451367744
160 6.245901040802184 -25.88120987118129 8.09201054104919 -0.1492474816217181 0.8154827324523745 0.3968714921417724 -0.3939620806965401
161 6.227871808907229 -25.928655441095035 8.047528054548987 0.7082165171649295 -0.459994870910017 -0.5205235381963649 0.1260528846746133
162 6.253334131402958 -26.704219992886905 7.46145451891417 0.7107120931157631 -0.39688554214659066 -0.5208300886144781 0.2571112714912604
163 6.21144254318408 -26.689567471347143 7.529973664175567 0.5151002902304483 0.03643968941857688 -0.6685524423394321 0.5351462154230054
164 6.186046462522424 -26.584071755879823 7.567957532148236 -0.3013413971882019 -0.4443212217481966 0.8362388471550437 0.11169872315141317
165 6.139611784333757 -26.64907910256422 7.560215317752278 -0.153315877610274 0.22771282644416244 0.9117558536121031 0.3055198418261368
166 5.311393851104124 -26.12094171094566 7.130100947757483 -0.16962728992641884 0.2261518209307115 0.9214991085949883 0.2663105879618461
167 4.524844553015114 -25.71871925639174 6.772999477479507 -0.19780961677122308 0.2787714964533651 0.9129361471490248 0.22294707781594134
168 3.679358963788185 -25.50949837238218 6.283097396667953 -0.2790332446743194 0.27673504718135017 0.8973184165146341 0.20094233354802865
169 3.5848576676205455 -25.587617148305377 6.249334837240466 -0.05988054896206008 0.43214987552949174 0.8446314888981068 -0.3102554639287029
170 2.7881260062825675 -26.139267996540447 6.3700311928270725 -0.06718889411351636 0.37413092348766747 0.8488840464397902 -0.367297672600952
171 2.1778337085435755 -26.85768183389747 6.508504478962959 0.03061132887613947 0.48428761404720766 0.7538070321585202 -0.44306140849013664
172 1.592540909157061 -27.472632320017826 6.982174664352892 0.07661846793324212 0.4448734675712368 0.8294094875040174 -0.3290852629046613
173 0.8437915080000438 -27.966105130358667 7.427742161230046 0.22368288822293628 0.5112599619064482 0.7488109511316615 -0.3575770914543597
174 0.23992702721347514 -28.23370943874166 8.1383389764922 0.05686075032747363 0.5633338374917788 0.6820457051225927 -0.4628558077120875
175 -0.3208472909981791 -28.80451980007421 8.761596863896965 0.09271265320164902 0.6193716472980858 0.6529640940275598 -0.4259354626822415
176 -0.8958618602824829 -29.31839984502152 9.418695643154047 0.23113839907353956 0.592397015443543 0.594771645731017 -0.49182060347419626
177 -0.987419568574469 -29.308472909771172 9.33977862993827 -0.17866101109044283 0.5065032015618464 0.8261347116702514 0.1704000824449654
178 -0.9569810197182647 -29.281421855458653 9.276250537550705 0.7479904148338806 -0.5209628309586319 -0.3665453060627785 0.18642051035106383
179 -0.7920449560493401 -30.180419296344244 8.855151438173113 0.7969841465911998 -0.45538975197180104 -0.3333367440507546 0.21522792325114384
180 -0.3795522269799654 -30.985084212958274 8.542107400389348 0.8712533681419411 -0.4156336803258858 -0.22184335700335125 0.13766530875121075
181 0.15655998503427615 -31.82310957515386 8.297329720592817 0.9066838174460289 -0.3658893550795258 -0.2091923163862015 0.016970851067648507
182 0.15988534717827202 -31.73864253140913 8.320460111140154 -0.6128276127718081 0.42789097400125026 -0.16163308270818333 0.644380615759753
183 0.7208024606434502 -32.40500255576733 7.902669516659319 -0.47850665876501935 0.438435505536581 -0.33671430957911336 0.6822236867238494
184 1.1233113025842933 -33.294221063649886 7.677604479761435 -0.5129712948132582 0.49419179725131446 -0.25257132401566934 0.6548607825424403
185 1.405667068823199 -34.17000230676502 7.360682276047223 -0.4671926031300974 0.4273084278839799 -0.3422404294762776 0.6942694487529593
186 1.8008591531480027 -35.09996012390993 7.089180129877358 -0.4244974678080177 0.38537904123248107 -0.36613213893076313 0.7329612208332027
187 1.8794105445477927 -35.16365080870509 7.103830477218489 0.0958291098957938 -0.10236491549285272 -0.4629831625835292 0.8752055741006649
188 2.351798425034756 -35.93404773612001 7.209820659504106 0.08584113897036927 -0.05301057896048257 -0.5395229429803692 0.8359044032521574
189 2.7891192815493326 -36.80937219546982 7.2840846566260495 0.053032604079260526 0.0796778477220151 -0.5784905551140047 0.8100541100018259
190 2.767260438657325 -36.79890381246856 7.3637158433229235 -0.3672933384562889 -0.6006462542255702 -0.3908626136249254 0.5929132298074642
191 2.7210341278144656 -36.80754643296251 7.410549704108062 0.6586326372102246 0.16199898380503092 0.6881036290362195 -0.25782314511080623
192 2.724933725343162 -36.99507312475635 8.407188064103702 0.7044816094853169 0.06823636026178242 0.6084319235166386 -0.35897082817555775
193 2.960468935802291 -37.33193406020059 9.391643986336987 0.7282575424408266 -0.002700652085255375 0.5802990394458932 -0.36453625769535797
194 3.301731908333609 -37.802910624064545 10.193744830009859 0.7188476647529528 0.06555221899253884 0.6104984670395627 -0.32596405201605483
195 3.622859879420063 -38.16464961681923 11.136339267280404 0.7429530798600162 -0.009983484801317482 0.6354677126006298 -0.21000437471600947
196 3.854974054356217 -38.46120521661781 12.124214671839887 0.7455794761736076 -0.03128584800294658 0.6319264998014206 -0.20928769498504046
197 4.052039658624738 -38.777061442660504 13.066005690606145 0.7992139769389265 -0.11561060678526171 0.5431209134043735 -0.23002365114702492
198 4.500001152501212 -39.28361756572667 13.881203914182969 0.798625659196428 -0.17730347662747312 0.45648047362760735 -0.34983726337484067
199 4.975469123149316 -39.82120107360383 14.523404145843452 0.7171497751093678 -0.04813451773500345 0.4892514113038788 -0.493976036665915
200 5.548090150468394 -40.25493532692669 15.151925094039917 -0.6720512230188491 0.1588016057326124 -0.5004587089634769 0.5221784027305424
201 5.976800171931423 -40.9485157885098 15.660349720309204 -0.7322676805629185 0.144991201469526 -0.35597436906045965 0.5621777691010509
202 6.647987148404869 -41.539103424461516 16.061002464966627 0.7514567313730477 -0.27179492542089845 0.39350416968437596 -0.45452697151059573
203 7.171300802054717 -42.26078898399753 16.38386931978439 0.8149781979416746 -0.15348307031657524 0.34480539166909463 -0.4397302876558092
204 7.835036118343941 -42.822542723543364 16.803239577402216 0.725769605178057 -0.1692341966380675 0.5226579075213458 -0.41406156377206066
205 8.146843781973116 -43.460477916468776 17.432566763204306 0.7410947732512734 -0.27191945297093423 0.513849642724148 -0.3358524867079262
206 8.452909475542157 -44.220234153458875 18.0368371744864 0.6688122515462426 -0.33560636275026506 0.49225490781994524 -0.4446837608799777
207 8.487718956747115 -44.232997006522226 18.01146502914912 -0.07690146689452634 -0.4889202828401103 0.8689276004876577 -0.0028189586336715036
208 7.4989732493774515 -44.12991409220358 17.90840811118722 -0.056519469465898906 -0.5343744588425704 0.8415612773319896 0.05499185215423921
209 6.541583976834892 -44.06269166623051 17.82487654009941 -0.019456283775818282 -0.5234123203121066 0.8508415102682662 -0.041589907087508864
210 6.446596009854323 -44.09429970366784 17.862541538231998 0.6046912163342736 -0.17442029848189183 0.643317887123281 -0.4359681048802795
211 6.3711850586814975 -44.15009073614014 17.764891314316696 -0.2220000680324825 0.7071900136244638 -0.026054962604147563 0.6707603099074225
212 6.447103789460139 -44.23746808755397 17.78147290053469 0.702358830127679 -0.45245237780242137 -0.5262043778721807 -0.1583915157789849
213 6.494805150637215 -44.76830716343801 16.772488602576157 0.6906074231474719 -0.4733109372141103 -0.5401551538031375 -0.08526754146225839
214 6.519400342615489 -45.327785429271394 15.95195904079104 0.7538965031322468 -0.49808845524355216 -0.42782981250866675 -0.022574429048393033
215 6.587953162076711 -46.059131487077885 15.314647776709984 0.73400073838092 -0.5120732584531275 -0.43683781742130695 -0.09053516059548063
216 6.64609954139237 -46.8044471182529 14.491523073287553 0.6616250142998003 -0.6495046627870127 -0.31924211809436087 -0.1961644807434407
217 6.71576125203419 -46.80550946635349 14.446603690071761 -0.3007165009848832 0.49948692014636376 -0.21634565550762835 0.783120016332799
218 7.07552895004863 -47.418948140965824 13.77622085086981 -0.20351498318855446 0.4377486715302786 -0.1711226167118734 0.8588799696354084
219 7.6821680104557615 -47.889999101431634 13.070144294726353 -0.20460865109505266 0.5222447381903021 -0.24855067254678231 0.7896950655196903
220 7.712572603534023 -47.85089037271101 13.038804974548372 0.20804676042954248 0.5912317394525447 0.45804723445621426 0.6303604577903859
221 7.603689799923907 -47.067260669056 12.484699510709126 0.30541957830820704 0.41036193695954826 0.4584101618894081 0.7267613675460268
222 7.881981223002606 -46.178898402367736 12.188076953965822 0.13064566179519957 0.40865533280024524 0.30525361122510375 0.8501486710346893
223 8.357843307073269 -45.55824015785412 11.551752799501658 0.06383170448712486 0.34170676602377104 0.37465723716725435 0.859531240964541
224 8.843836558525735 -44.802638786277704 10.998555169003893 0.14935381959666205 0.38157140789296423 0.36922526384001497 0.8341279289130296
225 9.356027146480788 -44.079124427775625 10.530197399072513 0.057562446209139424 0.4246599097417626 0.3808792837728014 0.8193177021383438
226 9.696263733543098 -43.417290644062064 9.875346729090527 -0.03937627180048132 0.6004224929274763 0.43465981377700236 0.6700844614622782
227 9.76759235648462 -43.38122499635695 9.875855277023408 -0.375218227992301 0.8709137419419816 0.3120485792931231 -0.057846517959825226
228 9.821182831276612 -43.418285447231376 9.920461401519697 0.4646114999589926 -0.3928326892065289 -0.1320883527513139 0.7825415640488794
229 10.483771359634336 -44.05129528049166 10.469797214813033 0.40847760567059305 -0.429664830513733 -0.16816765139310488 0.7875619468398356
230 10.47272658087637 -44.04993641408643 10.40821408380559 0.3776978390302153 0.20353983929381028 0.1796227653749816 0.8852409493302938
231 11.277032046121635 -43.56332025075321 10.258080195416271 0.4884907579387077 0.04292596704292882 0.3626458281989528 0.7924784817594681
232 11.261657047113243 -43.50416767564342 10.278840729998855 0.2582303811784114 0.38955917901975756 -0.2648930276531621 0.8434408101216385
233 11.764908450785622 -43.79685988005179 9.412267876580298 0.2955990029644401 0.4111818423093477 -0.2586139006238091 0.8225992781455976
234 12.337465477932266 -44.06482951792315 8.63576260924056 0.3634325576347347 0.47671354160788226 -0.2512422986391204 0.759959395410884
235 12.803883904990911 -44.06718175596758 7.711230109735135 0.33965960927882843 0.5765763173103599 -0.2090968051256113 0.7130705618854555
236 12.8758283888423 -44.09305536331371 7.70734626745491 -0.21187252314513713 0.5680058332095407 0.30661060308306964 0.7338047052541197
237 12.883984064022263 -44.07650582370032 7.794534486971976 -0.5645876005230398 0.1963192369499783 -0.3120809808736399 0.738447736753226
238 13.590434581018188 -44.82385516390017 7.876547582990997 -0.5405418808295089 0.2625977525339952 -0.26693534722729273 0.7533939313759013
239 14.30871669430876 -45.50693856836139 7.774368056231207 -0.6428893785392774 0.25033455534817867 -0.1865015773621502 0.6994590902986688
240 15.11110958093259 -46.10300427768761 7.656522211992603 -0.5985572427171586 0.2812824482510201 -0.11275578003162559 0.7415494222007085
241 15.869377896475012 -46.57287063329899 7.49433820783062 -0.5395379092036986 0.22254153080237749 -0.20028835461126535 0.7869299121315367
242 16.684433762230757 -47.18507729294963 7.350571451296788 -0.5097211470614957 0.23059653911878755 -0.15351184793606923 0.8145205343808122
243 17.455648838335293 -47.72846746548624 7.105704413004244 -0.4855658825835085 0.22073446000158264 -0.14923075363067353 0.8326057014034491
244 18.22770922167228 -48.189286116455975 6.8991477264304635 -0.42333428473923 0.2340226977209308 0.033886413862761984 0.8745702780630406
245 19.218073214544685 -48.34449230794219 6.506682247517571 -0.35771252714198637 0.1743986512947605 0.21065640017759474 0.8928889849340058
246 19.206601425954066 -48.39830503841485 6.524709377370418 0.5187394477235217 0.24418689879814195 0.11589185985858265 0.8110802800274215
247 20.041023767909437 -47.89892438336987 6.308583267508052 0.5885681364987262 0.19953488105992187 0.04167642010120134 0.782327588639419
248 20.099869390565665 -47.893626616040436 6.315788518575675 0.6668362932563094 -0.19873008950310977 0.5162923950312167 0.49927735013237046
249 20.48295804370399 -47.73937868065632 7.262501397590972 0.6592812669633927 -0.10632758424383885 0.5592434902715392 0.49121214810804537
250 20.79474672992229 -47.3510361980359 8.121990074036566 0.7017180886014561 0.0498076271079702 0.5676848243565132 0.42760363025435993
251 20.881023624589773 -47.34693965702149 8.077636891776935 0.07356243880072924 0.18052073225459545 0.9402842176389811 0.2790455570028003
252 20.078120629197816 -46.820129576609304 8.139045937108339 0.11373317266227873 0.10111351104036224 0.9635297552183292 0.22011641040633387
253 19.170831788937427 -46.314931532504175 8.25728253844536 0.021599644717504824 0.1384301084972197 0.9762848401398496 0.16504081714119656
254 18.284749718208783 -45.92828020809142 8.28540786138548 0.14191881460710662 0.3673570653467934 0.8939394310202158 0.2139629179730881
255 18.39932534097418 -45.881853550321885 8.2012196334755 -0.30673254652546483 -0.24255311021112597 -0.7591882275371339 0.5203041118403108
256 18.103138830287854 -46.596625173695344 8.904982964847315 -0.2698164954320474 -0.17565909044576689 -0.7297825635748474 0.6031254866432495
257 17.98781502726908 -47.382790459426886 9.52173763251654 -0.23055444111594306 -0.18833735882200045 -0.6053241025559615 0.7382116361982436
258 18.265417363284055 -48.17344917478973 10.090027699169204 -0.23839086412866511 -0.20580461814060375 -0.6362000646106618 0.7043179202898207
259 18.309200694817363 -48.264077798819336 10.079940093486348 -0.06991910357806132 0.4860742464618702 0.8687256371419813 -0.06448963679246737
260 17.284730442672505 -48.43123645579319 10.048019396089176 -0.11427229590689733 0.5401764796902356 0.8207186486502009 -0.14687448020476176
261 16.36429799974362 -48.84213408609276 10.041534378333967 -0.07777773848598848 0.566867201254331 0.8148199554441932 -0.09316995088552034
262 15.37659586071993 -49.11148572298477 9.989840926983359 -0.031262193606283635 0.6643252351783403 0.7274884515449438 -0.1686867215429431
263 14.412303628097076 -49.39390243149878 10.201120220751491 -0.10992347249532376 0.6460656387060602 0.6918376541451023 -0.3031116642178294
264 13.586165006249852 -49.86198245029212 10.403238111717787 0.016654460342088236 0.6212326957921714 0.6752442494345104 -0.39728801924438895
265 12.947870728615213 -50.402449394361376 11.04083877633809 -0.07963548890273857 0.6127334126754357 0.7256699160732829 -0.3026865157296087
266 13.113438023939283 -50.351080771437495 11.115160894861713 -0.5545156366771616 0.38912007633004403 0.718171807839685 0.15914530876435323
267 13.153286788586495 -50.28994806737361 11.189679716026266 -0.4529728703379673 0.6722331148902305 0.3217230633084028 0.48929795474559096
268 13.11387716565333 -50.24207124299832 11.180265738799315 0.1256923885351194 0.7759545515266681 0.5537472121356191 0.2746998042980986
269 12.29646427435773 -49.77156037724323 10.882961834846101 0.20772039429851527 0.7318769684892991 0.6216750954659767 0.18635561828061922
270 11.501625745630559 -49.21813036800242 10.903720183144108 0.10029569739717176 0.7793993882542695 0.5583518856049147 0.26593333471740976
271 11.470850619314438 -49.24454222113254 10.93441093525779 -0.41538235047637684 0.7284600754522402 0.4057482708561566 -0.36355434543143017
272 11.095079101467475 -50.110166448733814 11.063691069455011 -0.4072158238539047 0.7060953151781308 0.3655318150687548 -0.4494342786871327
273 11.121205809226796 -50.06021012680033 10.98798016297471 0.7046960878468708 0.6831768955912436 -0.11459225009542483 0.15343196968589481
274 11.226442574602991 -49.19132185632898 10.619332241585804 0.819487460457422 0.551260860523359 0.047554673966475815 0.14929942662995288
275 11.5881163835477 -48.30395349306818 10.614356551070772 0.8240727721633978 0.5130548685087432 0.1601020272454577 0.17901427024207683
276 12.022223275460961 -47.45576085451387 10.647944010204913 0.775492276221721 0.5305570879460303 0.24729642064751006 0.236570045199327
277 12.365745035587679 -46.50955793692413 10.724617453077354 0.854153070103963 0.3726131327369664 0.21850237504195294 0.2895491292422477
278 13.00450345579387 -45.79280695432782 10.949181121603475 0.8298526845127739 0.34213371835077666 0.26914011332894433 0.3490739752139892
279 13.653915219018474 -45.01198269082217 11.146797881377855 0.7901661372371022 0.364866490457051 0.2893882916172738 0.3984524267465154
280 14.206224153155544 -44.207172242072005 11.32894910636543 0.8517088586268045 0.2481883759575595 0.25435936564944894 0.38509201924031733
281 14.898212087353182 -43.649995177570915 11.55316221986647 0.9108025854041266 0.1600812516431974 0.16102080009444597 0.34479696232775925
282 15.788011261923177 -43.2654744203465 11.71437723563686 0.9236650561388684 0.20059254029708887 0.15956732709907082 0.28485744674766694
283 16.756713609305528 -42.744398738542664 11.928724862862014 0.9385148687017845 0.16022402542488517 0.2273339868627639 0.2045418326880803
284 17.572475186785137 -42.395577491200854 12.277420917333497 0.9857809551930697 0.04111297365179371 0.14006637356577878 0.08322885780952075
285 18.473158753334232 -42.33768761463705 12.48085010802445 0.9585222015933377 0.005878463299892781 0.2765428883079857 0.06873618878123591
286 19.355470831045235 -42.2885966170558 13.011562141047964 0.9545011166240341 0.05783722444768456 0.2924479725227657 -0.0075270976467600725
287 19.374114762690613 -42.32383950447287 13.036756934164368 -0.7724840244311736 -0.14346106571243453 -0.055201488863582705 0.6161494544755473
288 19.371252334438275 -42.32173396811179 13.100517730294909 0.5315029551796225 0.5495143006068349 -0.49335132917292424 -0.41490132328930623
289 19.245053066308806 -41.28905583287799 12.974896950239307 0.6461489259269854 0.47865137419303877 -0.5234089084491034 -0.28182892339615684
290 19.323269185185225 -41.19631874056226 12.901230048178096 -0.19463943427320776 0.02591688630466395 0.8031018189069128 0.5625577962294028
291 19.25246385533954 -41.274075193456525 12.961675408308098 -0.09221279004389711 0.04204546483332628 0.1554918784298908 0.9826246770672991
292 19.253844684214016 -41.253371334710316 13.030482447972034 0.8593817264780965 -0.00017305582791281787 -0.10896884337688298 -0.49958864020342864
293 19.22541169373725 -41.234328532312574 13.100359772141905 -0.5640300063091667 -0.3658732392914582 0.7257772257189509 0.14578869428374888
294 18.92406887617184 -40.5428361507447 12.440390671973265 -0.48000357635593505 -0.3677231533966251 0.7928195533555639 0.07624568813145237
295 18.944023172003906 -40.51248018311409 12.479171884440106 -0.1320570252571689 -0.720010144878692 0.4181581742425787 0.5378569276918396
296 18.600938650273573 -39.80227687918239 13.15892268354387 0.2351467322951305 0.8392912489850191 -0.31335161556139063 -0.37697079289137964
297 18.030720767174067 -39.3133725606331 13.61650785548161 0.2890472364209716 0.837539919802898 -0.2587500988612405 -0.3847427246787811
298 17.489558658884796 -38.676203435637404 14.081365510676772 0.20818505069913362 0.8971799806972529 -0.15003119659249045 -0.35946864529538786
299 17.56060707234338 -38.72937200743252 14.127960549331373 0.6957124516584433 0.4378539693024052 -0.5080607276152351 -0.25718161526167543
300 17.63614745676097 -37.81802957791456 13.666347977595136 0.7189701539772021 0.44702076502396176 -0.4915117709922994 -0.2041336138498598
301 17.678213277245654 -37.785241134373834 13.680324875311713 0.8624569868473008 -0.13621599605079668 -0.46908060919992206 0.13257650746189661
302 17.605423725193763 -37.75479946913588 13.683650666912333 0.6971576826897814 -0.4067068490868826 -0.3367963920922697 -0.4849009121934746
303 17.634872320536882 -37.8334078215688 13.642895817934697 0.8490728289547271 -0.07975647285208956 -0.5222040985160925 -0.0041371079277347615
304 18.087206136055844 -37.91004432764518 12.765045666661324 0.9041374127212486 -0.09209057858742307 -0.405427550620968 -0.09840409265189393
305 18.761343794649864 -37.938423632159314 12.00908535773163 0.8732971863181835 -0.09289110047636497 -0.45937912256122065 -0.13301913236792912
306 19.36318699787587 -38.084100223905395 11.25500369680958 0.8853065218260665 -0.0730480616774029 -0.45527077047274744 -0.06020688208633382
307 20.017785245377123 -38.10102988713198 10.508820685507324 0.8138678550611075 -0.18037152761645553 -0.5509955153228068 -0.03858974757228655
308 20.355756881460717 -38.44983891707374 9.554345194215305 0.8506056807143638 -0.18735125123609697 -0.47647210606064516 -0.11976567430969458
309 20.28244702126252 -38.482602135894666 9.658089702323537 -0.6040552714456935 0.507726840023749 0.03012008553427693 0.6135335894680721
310 20.199018075757216 -38.443069900946206 9.671269558199743 -0.4802515001797223 -0.185664726316964 0.47468874845583514 0.7138331023889306
311 20.69348802367759 -37.63192711950955 9.50802431887631 -0.5556891419892059 -0.10382964909999433 0.42786628913965113 0.7052371374657862
312 21.28380017892298 -36.86552703022666 9.138082219462696 -0.5532771893379262 -0.16676448907739289 0.3489601619429469 0.7377674174954006
313 22.01019981344165 -36.15775174777307 9.038064442282973 -0.6903477501651314 -0.1329801302998976 0.36771903721112015 0.6087027012096217
314 22.0607526415917 -36.164218164848016 9.043563985384683 -0.7830012714822269 0.24841816250543095 -0.23189341312455605 0.5209826008074422
315 22.166997478022683 -36.202628359914264 9.078828031374625 0.9443507009972502 -0.26365767413019836 0.08444386083981471 0.17763901250773206
316 23.051623199256113 -36.70785828946554 9.195758622784286 0.9512873094914785 -0.2416593072227374 0.14622295209092748 0.12358026668892061
317 23.99975113740748 -37.143704235614535 9.540012062629499 0.9569091749075681 -0.11174264702347544 0.1892843418627929 0.1897626141774854
318 23.97931893453903 -37.106443568952756 9.556742627193834 -0.482660962574734 0.8191637047010242 -0.3089218018960969 0.02401125611443346
319 23.459324973745485 -37.93374944607843 9.881647219932557 -0.6395634022114076 0.6817192021323731 -0.3283772930672804 -0.13559475429962198
320 23.24157746053625 -38.59467559693855 10.518886212510441 -0.6613845025307499 0.6753801924313427 -0.3208428692123108 -0.059093051699555484
321 23.21341694363793 -39.47202053366287 10.959594622793503 -0.6437242399444959 0.681516705867941 -0.34283736700326506 0.06013835978025536
322 23.17896523198362 -39.41135685687235 10.99054296261379 0.03195719935363954 0.9481249176469955 -0.20502549665091707 0.24083692339297674
323 22.368954941300377 -39.407784429537465 10.489733382736333 0.12112876717024676 0.9148547058657069 -0.25632159194792553 0.2875203130571264
324 21.508837108082183 -39.4025284577003 9.856742040755993 0.21205956341107382 0.9136079478198619 -0.08015822074513178 0.3375291378433274
325 20.872663077590044 -39.042002957559276 9.23554829988589 0.3061478515002235 0.854132300072455 -0.10882794032489759 0.4060640176122175
326 20.39643634823242 -38.619454628615415 8.368521321021065 0.342184375537103 0.8281136982260727 0.011152229351673471 0.44386167184057185
327 20.076717851278342 -38.08034863023168 7.6517043168550645 0.38673170659363626 0.8526965962243742 0.07659923317675277 0.34275305889119867
328 19.65806446225135 -37.37622827558474 7.073502220360448 0.3269751297201495 0.8605233457292437 0.09950266629826951 0.3777380777721184
329 19.071121908258718 -36.73534453584194 6.451291360195348 0.28831859979472024 0.9116955013835676 0.19081064271949502 0.2219797206826565
330 18.325266237664465 -36.04460670814339 6.124123411803996 0.31129628018972844 0.8929506382144689 0.1788388387141763 0.2715703470921953
331 17.629640423539524 -35.343886788255574 5.740106596951591 0.17169416141934524 0.8646138230454976 0.16297880543713242 0.4431726084850485
332 17.519301320216503 -35.36841013644973 5.709412584269502 0.1906422660877921 0.28794475583841217 -0.07237350116947909 0.9356844662035061
333 18.38303782165807 -35.39714661602725 5.162335650276132 0.3452406224678153 0.23180210101609164 -0.18648084629350734 0.8901132470243426
334 19.250467642413096 -35.58027696511917 4.6733052286625725 0.3570566174574436 0.14088864448077698 -0.03725140495084411 0.9226447282759526
335 19.289344305810467 -35.548960853816055 4.662629622876753 0.15954523867395307 -0.5187462846452477 -0.3153405354080431 0.7784651281282879
336 19.576137053149143 -36.15271004943038 5.421987596864869 0.09495824806335969 -0.5978787615689547 -0.24284244543565134 0.757991731013171
337 19.69449119183934 -36.53137885057732 6.348648819361062 0.04214929932298092 -0.620019924853545 -0.2998091277595861 0.7238184967678173
338 19.806685999891634 -36.97462729260191 7.2693040651849685 0.1522562208052528 -0.7403308539866097 -0.31343361193153796 0.5748805447857073
339 19.494818562638386 -37.53514824017605 8.08278068883958 0.32989094692308785 -0.7235865295825631 -0.2584073688953609 0.5484707184940963
340 19.270397434691233 -38.177993540072315 8.733604238668253 0.43194822295040375 -0.6540002586155923 -0.24050921574822492 0.5725903523121068
341 19.25247579326278 -39.043082797584454 9.237635184907273 -0.5658684660559422 0.6574191302829623 0.2183031027786432 -0.447142842477329
342 19.243988445241136 -39.93053546665459 9.491974122090364 -0.4923752712913551 0.6399966081772099 0.3476557495268932 -0.47655683140977584
343 19.18370981945063 -40.92012657945975 9.793121510497178 0.43629581724302174 -0.5783251617365823 -0.36254931889342545 0.5862968177710969
344 19.14112443954262 -40.88442143065792 9.781475537196878 0.7613152114694623 -0.24674197948619225 -0.599472009611417 0.012282265136860598
345 19.17678858641342 -40.95613148795581 9.663119947291266 0.5983489180107827 0.26061105637351856 -0.48360314449575725 0.5832567601365786
346 19.643703653990965 -41.16794593508019 8.74223948613046 0.3610612165980896 0.12676270228793857 -0.45519431001134303 0.8039677576312771
347 19.549483899975986 -41.26773676917894 8.821188338297379 -0.18628364372140693 -0.38686468552335807 -0.5505342769430366 0.7159232703911761
348 19.46239132404238 -41.24050921544784 8.780591170305245 0.28441771733023546 0.16147911941268156 -0.6060023154531949 0.7251153354658341
349 19.643650837933038 -42.03633620090204 8.171610217104249 0.3378773891971402 0.11401100544641919 -0.7265626407752458 0.587321964118591
350 19.58930431208705 -42.043120649522855 8.219064577004833 0.7883200556837298 -0.32444038020269583 -0.4970341647089572 0.1620091621260981
351 19.83092225078602 -42.68253090869029 7.537852880196527 0.7981344527516059 -0.39715029991315925 -0.40086750556164996 0.21108831704896053
352 19.812163931991055 -42.661352412142605 7.438423824799921 -0.16343501589871184 0.8725768628385389 0.1482497160176577 -0.4357988477700754
353 19.27610500396282 -43.17610611823395 8.125538571110049 -0.21865180858415187 0.8466523524139083 0.19654565850732492 -0.4435549400883688
354 19.273808802565522 -43.125875650828256 8.116264353932795 0.12100681890506863 -0.3375212557216634 -0.14155713276423748 0.9227124849475677
355 19.319471308183015 -43.04606834503416 8.108683524570736 -0.04548287017317542 -0.3067443754255936 0.4996565656084408 0.8088155000430878
356 19.543490010345142 -42.21869633900045 8.67773455718893 -0.03803646284508358 -0.26804837953849475 0.5177719790291275 0.8115512746914283
357 19.503225948342738 -42.29111116507952 8.626433268707583 0.047865160649833545 -0.13234265904323364 -0.17538673650468944 0.9743889570656918
358 20.397151993302344 -42.63054537118047 8.866021681641842 0.06574247022361021 -0.33910994562294566 -0.06943809989756886 0.9358743092270008
359 21.152482215285342 -42.77506551292936 9.430480479064345 0.09820310619391162 -0.42129840693520815 -0.05836099089404839 0.8996987256796509
360 21.75004549865919 -42.97819830472869 10.17739891922327 0.02422767339869532 -0.5497584814778596 -0.21673240247649386 0.8063533329760665
361 22.10461336297574 -43.32726446421307 11.065657058784183 -0.011898611839905125 -0.5941645966989982 -0.24953790511299925 0.7645637246022178
362 22.07982290513728 -43.291260330148766 11.091288311434912 0.16305648475594417 0.9679815360247055 0.17495717829850718 -0.07625165215331678
363 21.082060743061156 -43.04997558315402 11.305533811416815 0.18725586772556477 0.9792777659047813 0.07675160726615277 0.007712845710123042
364 20.163908097242878 -42.64899232132047 11.37948290063914 0.13744178628120218 0.9843676018105711 0.10437650189261757 -0.035152890950779635
365 19.14411856218062 -42.411127710189284 11.47240608758835 -0.008537346691235891 0.9879750382603135 0.11724197265408164 -0.10043284987584994
366 19.15574507100618 -42.401885316737946 11.52758018268025 0.0835460097715788 0.8160058511810039 -0.05725965214906538 0.5691009113728258
367 18.808649163918826 -42.30671877996691 10.535653307154721 0.06178312617299764 0.7886159995296369 -0.005277736093292648 0.6117514169234864
368 18.485427911739897 -42.18090852470268 9.640579344612815 -0.028393128437874397 0.8049187932506215 -0.09902362073851098 0.5843747847617227
369 18.36809527467613 -42.21100081435804 9.550878207041828 -0.4857338706467536 0.6057798162385422 0.4271526083898595 0.46328616457893446
370 18.398221576720008 -42.24597876848081 9.640767437535834 -0.03976292443325684 0.696162445342414 -0.22561370792519625 0.6803493325723408
371 18.375767686547174 -42.68160915393602 8.765121456066087 -0.018778142435466938 0.644743376900287 -0.3171242698876106 0.6952593449628255
372 18.345132397696492 -43.13634688936105 7.966161638990617 -0.05773365441011869 0.64880531042483 -0.40208600999021954 0.643463545885186
373 18.16141958184387 -43.72788039971948 7.1775616755857365 -0.08548098505388374 0.5329688132168753 -0.5299822841796508 0.6540305985105986
374 18.051168120450786 -43.746791281732975 7.159796583821113 -0.307447121786871 -0.06674398009629479 0.8080483292174938 -0.49807570315634797
375 18.109969773403332 -43.755438429528915 7.126776243772925 -0.5404262162453946 0.5519914867528019 0.6144774282867612 -0.16019486094505403
376 17.748889671457697 -44.581226261723906 6.5743642279809595 -0.5263742101998478 0.49800446504950757 0.6704804365551889 -0.15930388515037391
377 17.327652843247392 -45.189237885968474 5.933815362841386 -0.3625802784994057 0.5178350639891988 0.7012453739516691 -0.32960175008330755
378 16.847612054909778 -46.04417676572747 5.822781616096534 -0.2783058231587431 0.4514156143264126 0.8152121819247652 -0.2328065943647328
379 16.066468331556464 -46.745213809672045 5.5083013275720365 -0.3859164430574671 0.4712814415822746 0.7631675770067323 -0.21572563872585715
380 15.44774926634317 -47.32147718693816 5.1552054171535655 -0.3919498842412955 0.49930502848459146 0.7678360425031895 -0.0865886170710476
381 14.796846411054943 -47.75915454365924 4.654185618381349 -0.4349337713854513 0.502290367968999 0.7195403133489225 -0.201986975371507
382 14.797580601518538 -47.6636229726689 4.629839685765046 -0.494326371780694 0.8253254237648652 0.1749160856313726 0.20948447683988095
383 14.865250877482998 -47.69252351160046 4.614622830763471 0.2960226655648179 0.9229709228830192 0.24584728885631418 0.007373435180947047
384 14.00358900404089 -47.13678367282966 4.82629688309764 0.2872699925800851 0.9096470632694135 0.28027359643047395 -0.10707419293320455
385 13.218836602034687 -46.663770522593005 5.130856780782629 0.26239826019235124 0.9518068901512553 0.12089819413601509 -0.10292921627639773
386 13.215295368877683 -46.6343028093826 5.078978706540287 0.033946868962372395 0.828814211746102 -0.5394097626913563 -0.14474709119216828
387 12.34421386714271 -46.42392916260756 5.3003053867221475 0.10322052766417386 0.8373607502648076 -0.4692487491345522 -0.26072611687429065
388 11.499989709000744 -46.11361758706922 5.626816570247608 0.2043152148606399 0.8164205549241966 -0.42130756139788333 -0.3379537086387518
389 10.752302350479104 -45.45420357313243 5.9635668666330055 -0.2906197661328558 -0.6934977261036802 0.3948325145486848 0.5279283482415668
390 10.842405931023698 -45.448442929534046 5.975523306279738 -0.07096208788805237 0.857196428158617 -0.4822144745708058 0.16627647503203505
391 9.903746778970806 -45.687669941993406 5.687719477079623 -0.1835845869539217 0.81547217410805 -0.5164189141952752 0.18604660101657627
392 9.124919914951592 -46.283478920479105 5.649558443753706 -0.22305648984018545 0.8281234236939767 -0.4901059006293645 0.15573568517787129
393 8.171950513846008 -46.733990666256624 5.7158170224483085 -0.16627409072375882 0.8429127421233166 -0.4894564006122501 0.1492764811343004
394 8.194170120229064 -46.80492674399399 5.739692331838173 0.1563567507286021 0.6764775371642369 -0.642725728316513 -0.32378132493059386
395 8.218973844200049 -46.818895599127686 5.707191490584548 0.5071145586108188 -0.5619958155393643 0.3426697822825631 0.5563928001615595
396 8.304070341833537 -46.957437788593175 6.6863621683989924 0.4664151961004429 -0.5239153935375672 0.4059016255525013 0.5858441735093032
397 8.207826070004986 -46.93428088632737 6.610884083647442 -0.1570255533186643 -0.6830144104726802 0.711190690779971 0.05515516330800572
398 8.213701081617538 -46.997292840073754 6.568211267558604 0.3581912863560311 -0.5001391281967713 0.667077189922558 -0.420199806651799
399 8.211033236217103 -46.94723630077262 6.529773355210111 0.1304911733464656 0.7365654419232557 -0.0022258196695822707 0.663655369276751
400 8.141109340373777 -46.9108194862065 6.614245850360475 -0.050370135584236315 0.9924818514243837 0.10585161597615979 -0.03518606868760312
401 8.117087105517834 -46.882165010064085 6.580671270458857 -0.356754999567855 0.730643908597596 -0.5601154488758356 0.15860653531046187
402 8.103421673862819 -46.83177259823729 6.622802659204393 -0.6326291828956327 0.2393315951486279 -0.29421180299740046 0.6752333814981578
403 8.080706213879562 -46.83142594051812 6.588060057670668 0.11300176750344139 -0.08357619263013409 -0.35662550613015875 0.9236145673082234
404 8.845160420785701 -47.44663993978095 6.6507267234528324 0.05120374311823917 -0.11206574743240068 -0.4012702909252766 0.9076351682057293
405 9.488344072319444 -48.169539263539534 6.874501398689655 0.0744976543269589 -0.21865882484905397 -0.23148563852177087 0.9450147178608277
406 10.282495029737245 -48.6473653119808 7.295559674337711 -0.0803461350859466 -0.33554752738477106 -0.25563081125432074 0.9031086555781508
407 10.946003082286515 -49.080258605712 7.939979473656115 0.02329291317506628 -0.25239551642670277 -0.24670400407896204 0.9353561235459595
408 11.647329110099992 -49.52884544658819 8.333158145158505 0.016480348094744607 -0.21045846943624003 -0.31987752658908264 0.9236417047494564
409 12.366887887894062 -50.21438711782984 8.687045510731213 0.07486769109329681 -0.1674722754689587 -0.32713635064531904 0.9270003634659864
410 13.14977063219363 -50.88038392660543 8.942950498144915 0.08258469253220291 -0.17257425808737714 -0.23770593104533308 0.9523097103100567
411 13.058123276892566 -50.86435180849407 8.956324219307604 0.04857688494808735 0.5023188218591013 -0.1430849247589692 0.851376997435064
412 13.446327202116315 -51.13422816917474 8.149102455254237 0.19997871175291113 0.6300440163360869 -0.21702393164709513 0.7182991475821032
413 13.513503332437686 -51.18300108990747 7.17099635938014 0.15785050402078032 0.7302302270744284 -0.11326459475660662 0.6549947827439826
414 13.369884715913164 -51.10883027244757 6.138034219481137 0.09040941475068219 0.6808626673952499 -0.06636186859909211 0.7237736305419684
415 13.443874985450767 -51.051668071053484 5.1085477411418525 0.23219226156085163 0.7133158848286757 -0.03244013614806865 0.6604656233968851
416 13.332930818809919 -50.73492875743352 4.1427026771984385 0.23074772982343214 0.7856945469112164 -0.109407426191556 0.5634443887638352
417 13.11644292182932 -50.533896707729134 3.179653445245475 0.10262670387380009 0.8019689384997262 -0.08677548345190408 0.5820511977526647
418 12.825441688957932 -50.48186151802354 2.1869727300913215 0.06288581781918429 0.8609068701553662 -0.06078968407087543 0.5011879379504974
419 12.376190937584512 -50.40225017011755 1.3562928115972421 0.16783911763522819 0.7821423256388855 -0.010856318491447704 0.5999712938003268
420 12.216737110792334 -50.17357898057236 0.3789558805062003 0.010247921461100007 0.8630492547542928 -0.03680593728451925 0.5036727975128298
421 11.725065333552406 -50.19354573139355 -0.506769609174815 0.0993524371456846 0.8887322161335357 -0.11750817093923865 0.4318286361533961
422 11.099657840044399 -50.09796568510859 -1.2129677745432155 -0.013504968303559236 0.7987444270514135 -0.09494937687593095 0.5939777537217226
423 10.822104554119782 -50.19773061518006 -2.1764957878064264 0.09943484379214619 0.8381421523603062 -0.11324564567067068 0.5242192938203445
424 10.39486315763943 -50.13213537310825 -3.07170000185855 0.05205666515200753 0.8101022574876925 -0.23903675442761285 0.5328094087563685
425 9.961251533547314 -50.2987341961749 -3.963585399292798 0.155703472204736 0.8397327403319802 -0.23247875273891222 0.4653589830258918
426 9.488325951066049 -50.26581552641065 -4.846643071079104 0.17392951377313484 0.8571246931522633 -0.12478645934138714 0.4685233443408344
427 9.50332843910659 -50.20900353881063 -4.896206190904365 -0.03469355052252055 0.3965724591089803 -0.24133087148902582 0.885034492375718
428 9.466417264527292 -50.262117059527526 -4.959804840527033 -0.6778775673317268 0.4226553747577423 0.11770968798832167 0.5899058121857325
429 10.103313457523617 -50.684157317540084 -5.555439295156938 -0.6958109644149044 0.38301777510034996 0.2531223507754342 0.5523346461114869
430 10.735990807187575 -51.0494877539387 -6.3082254333449335 -0.732519540800396 0.29040565185908 0.3111859454224355 0.5312654582084457
431 11.329887042836503 -51.204438997658826 -7.022067393877003 -0.7785864703965172 0.1463207259460621 0.2573426510679474 0.5533246002261565
432 12.170809449791173 -51.12824274031527 -7.588129279054271 -0.7682555505261368 0.23465819841757216 0.24883681528234394 0.5411092111222541
433 12.899463211980091 -51.310057526280936 -8.18286920556531 0.8055866714039517 -0.2551597087064027 -0.2605478322097255 -0.46694589091240357
434 13.583241470947742 -51.48765305098091 -8.808883350764852 0.8667666274046826 -0.16882658578434998 -0.2323456372274788 -0.4077115431420464
435 14.389076422117231 -51.559122590957436 -9.380874013532866 0.8663256563211553 -0.057345258420226905 -0.19027213607720217 -0.4582443592332106
436 14.306891740786781 -51.66700144274757 -9.376922996781829 0.6958519908647125 -0.2611647576401354 0.4676968026862697 -0.4783750379497524
437 14.723339269554613 -52.46851473540961 -8.989240926148 0.7237977274748382 -0.21132160917575243 0.5307880516777637 -0.38694194835111245
438 14.753693616024172 -52.4800593098299 -9.080800013391356 0.7762002717962561 -0.5521580044438233 0.1970674614925424 0.2319463123503323
439 15.034120062670635 -53.24179686477168 -8.534262195448765 0.8056872742385712 -0.5201124165690431 0.18154667746334396 0.21769679410306392
440 15.420292857404156 -53.99065044875406 -7.962005413415738 0.7436352718580242 -0.5591564552544387 0.3135785494370083 0.18978707629581748
441 15.581869257603913 -54.763501977144074 -7.211027803925575 0.748023428177412 -0.5939481287128974 0.2556083536741259 0.14950231044422713
442 15.656692959479962 -54.762858255240744 -7.093305996616306 0.6664238928381787 -0.3788980200736611 0.4944704480490543 -0.4096516342513911
443 15.82939258594002 -55.7042322797758 -6.7139695115605065 0.6236775932979671 -0.32443582771305296 0.5876438889540468 -0.40055250977764034
444 15.930730756569695 -56.551370944472396 -6.234711719613401 0.6348375281651876 -0.3322454367009781 0.5845876250410106 -0.38059373519988876
445 16.05622198627998 -57.42480291760363 -5.773158514980499 0.4758148827275217 -0.38616441305053356 0.6169120393030156 -0.49385906818780395
446 16.032034344662446 -58.38350278719398 -5.5328304700879185 -0.44927584538730647 0.46477362530702615 -0.5640946324594711 0.5137450122394339
447 15.994331967750064 -58.412897801387906 -5.523603258010204 0.0852363024294493 0.7147651448217069 -0.6879656649338622 -0.09245974458254463
448 15.93703390096511 -58.480202700267476 -5.516543391683268 -0.05318851133733923 0.9902899594364296 -0.009827155921774456 0.1280632871185238
449 14.974886744296201 -58.54764257711604 -5.757240489027092 -0.08045630191010131 0.9896584895832377 0.009299147087557998 0.11839080767618457
450 13.936343092325393 -58.762398574237125 -5.928979332646357 0.015573396130440231 0.984501952452167 -0.004104392082600177 0.17463255399972785
451 12.966030620072472 -58.79186034197173 -6.345438057197864 0.05242203393817327 0.9849648264721197 0.054779554986123725 0.15522699934629391
452 12.048965549017035 -58.738898378833845 -6.812424591822678 0.015264470549759879 0.977942344756964 0.11370015948781788 0.17455096677627344
453 11.106385017890283 -58.700601449453714 -7.156857627478811 0.053793777806520116 0.9576854983066307 0.12468741683583415 0.25376714500756414
454 11.17946344671045 -58.657963288353265 -7.1239068167520205 0.6994047709318679 0.6233968465387564 0.318244959765572 0.1446702585436403
455 11.192605412293366 -57.66927078227903 -6.890929360188321 0.7915216605448208 0.5593226671889573 0.1464208759782505 0.19802156936748463
456 11.458914349221347 -56.731282096546664 -6.936955364180361 0.6791780216699012 0.6858965967924697 0.11211750454098554 0.2359930900780118
457 11.38964988942129 -56.652042646065055 -6.86225986037 0.9203940183330963 0.035858257833615174 0.3643362339322913 0.13728854652092679
458 11.324301774332008 -56.569671757773925 -6.907367044316026 0.6471474473986313 0.7057528238447481 0.06300335329989835 0.2813249196810817
459 11.3805563347216 -56.60379214709582 -6.906784857199352 0.16689342116787784 0.4298591520356251 0.5672155004878305 0.682373996711799
460 11.400743708987433 -55.65834133652453 -7.323462894304458 0.12843372528891728 0.5193373171393317 0.5664336233552822 0.626854432518059
461 11.253521899629808 -54.840421011172346 -7.777546158317075 0.12616290453068807 0.5446989281753741 0.5925891580507748 0.5798483326919653
462 11.022376607112157 -54.048716565542264 -8.251188984132991 0.16009560300715303 0.5517731735566046 0.5875667207664164 0.5698079601838214
463 10.74099820890605 -53.103810414970425 -8.70033088202587 0.031819224258783065 0.4431679114415631 0.7098496176571395 0.5465375188842039
464 10.368019776448518 -52.39596686012293 -9.118142289775145 0.277050320205552 0.46117458487952595 0.7011923073786116 0.46785731842972844
465 10.013362017944017 -51.44991204161223 -9.123543040685757 0.18121329771810554 0.6167116264571171 0.6534797669944213 0.3997407968317263
466 9.363996921051086 -50.727031804757566 -9.281605391484463 0.1290370353010883 0.6429216956596853 0.6271516526786461 0.42033551041189093
467 8.733077692959107 -50.06400076519353 -9.643391094777067 0.2063767587549029 0.6943791070588359 0.6342660691740957 0.27009783897772416
468 8.043693026002373 -49.48324103130067 -9.765700561699687 0.20990215363538006 0.7192142939257583 0.6467535919053672 0.1427644096741516
469 7.139424991616551 -49.009649028842816 -9.677160190317558 0.2799045700418462 0.6219695245713405 0.7145735086723567 0.15553791459919952
470 6.3077657757271925 -48.51654125999834 -9.445058368114202 0.27865863214525866 0.6505297965763797 0.6752564730190858 0.20781974435325692
471 5.530085891778163 -47.88538893282447 -9.328218005244972 0.16788607888499896 0.7375485742848601 0.5906012307763484 0.2811166151127564
472 5.521204040009153 -47.845361563048165 -9.426270003603062 0.3326677345968075 0.9190876205324836 -0.13109997184408942 0.1655986760956871
473 4.80917266575833 -47.167996704135014 -9.764422749937046 0.2407117983569757 0.9522675021501446 -0.025246818751950915 0.1860296552256685
474 3.9885287581087123 -46.66933100508775 -10.239463821623227 0.20321978157817472 0.9604706757536452 -0.08153949274385411 0.17189855297741743
475 3.161791754842131 -46.38047309857378 -10.57919141953307 0.15304912153999756 0.9809497596564724 -0.11268176755117902 -0.04020391383044792
476 3.139017337487005 -46.24644781930362 -10.557549753213692 0.6905626708356426 0.6758732530150113 -0.25203572156276943 0.05288230860678682
477 3.1461628906040486 -45.35760640158376 -11.06883323820649 0.6280417688202745 0.6685943063295051 -0.3481044032953189 -0.1933093752699999
478 3.0743725412382137 -44.34305511020904 -11.168536034614773 0.5589580485551882 0.7348968976246925 -0.3538050231515957 -0.1493802376811485
479 2.847583052974357 -43.430912476660325 -11.422544118151956 0.5521512633711951 0.6730637338334758 -0.47493125446017037 -0.1286642766762456
480 2.505582693719084 -42.610995107464795 -11.803542979366979 0.6118999423118054 0.6158623638110817 -0.45923252775889384 -0.188142219844489
481 2.3589222056103587 -41.71286017832666 -12.105534964486347 0.6257977986616846 0.5611437232065573 -0.40238900643242953 -0.36273671526107515
482 2.2278534930539866 -41.69777653818477 -12.109781310390925 -0.25856679435355984 -0.10833425397855274 0.6248161715878433 0.7287054645019099
483 2.142018082400397 -41.762776122998645 -12.201780005105224 -0.007476211266773582 -0.1841118395474906 -0.23760488826550794 0.9537247264676895
484 2.9601307118698883 -42.19324447775573 -11.826291133236086 0.03697520836571916 -0.11819633837163672 -0.2652899471154387 0.9561818360130759
485 3.805066372740248 -42.627767295431944 -11.677584637541841 0.1289732445530075 -0.11512966983195534 -0.22699925867757106 0.9584270435842721
486 4.672236667628191 -43.057265783642315 -11.511576562321322 0.11898413869755277 -0.1743460900395145 -0.26462104348297383 0.9409686067942528
487 5.441286617066862 -43.57635408534013 -11.369787608272327 0.08202310398599552 -0.20701003948702998 -0.3103073943826428 0.9241906594180315
488 6.227637998783074 -44.12909660142208 -11.04282850524717 0.1126064496181533 -0.24629663876869598 -0.37639790736858797 0.8859923072827353
489 6.797589115358973 -44.922772007892824 -10.665439425773027 0.024419007231754893 -0.19385765282686077 -0.41104280281859706 0.8904306468093446
490 6.823432416817706 -44.95271827297269 -10.671247948930944 -0.573130231244676 0.22075943162648573 -0.4264776415268406 0.664005898060461
491 7.313589224799222 -45.74793194291687 -10.407585014317949 -0.6175539229079541 0.10442891069467564 -0.41523657828679716 0.6597729450081998
492 7.894520976361705 -46.45876963344362 -10.083935481950911 -0.7262564165482598 0.03474483768474753 -0.3144238061989824 0.6103131030643926
493 8.759291704045065 -46.933411451011374 -9.584586517526908 -0.6732981198720495 0.21005847381089335 -0.22789351717712822 0.6712746265021795
494 8.836703921511898 -46.93620602881647 -9.578241828399937 -0.31035153940849064 0.4957297501900534 0.34759339328249705 0.7328797784832429
495 9.049689788274822 -46.73117448722142 -10.507274268226457 -0.278819126769327 0.5514690681251365 0.27067726119637026 0.7381568815096259
496 9.212367795700226 -46.60458852991794 -11.505254209104994 -0.21883017896582463 0.6464983115004277 0.21945068473044385 0.6971331888328235
497 9.279033509094184 -46.561664981388915 -12.61599748652516 -0.11932550039678523 0.7217310547662943 0.16663966042686187 0.6611330676299665
498 9.266951197848309 -46.488866398965214 -12.543123243017485 -0.022928839765601162 0.9830201073567986 0.14649086129915456 -0.10810256423907533
499 9.298608004158227 -46.40978469275487 -12.50665192609868 -0.08071012111435803 0.8525064704445605 0.09699804552060524 0.5072573048907707
