# time x y z qx qy qz qw
0 3.9835789426307637 3.1012482131488617 -8.93410713317243 -0.0023879752302329318 -0.06037891722725466 -0.7568805486632939 0.650753808274616
1 3.3980652095403334 0.44963958733076603 -7.001180092699664 -0.07588417493389357 -0.22053711662400144 0.8685121664852593 -0.43736893905815377
2 3.04092607209911 -0.050539501607955215 -7.400609780993746 -0.21208506526668167 0.6578916096194686 -0.40368447136110486 0.5993641653160771
3 2.790221572095139 -1.3946395567735552 -8.44482301009828 -0.2383763939352959 0.6245241097123129 -0.42446196489930715 0.6107195522957061
4 2.6306267523896256 -2.6880423946069496 -9.443514446321943 -0.2857145718011389 0.6190081747951527 -0.39640988618952916 0.6148619886840221
5 2.480956528291496 -4.007402834456149 -10.478209162853961 -0.2512834708161202 0.6854847214084746 -0.4558756832005126 0.5090625457413046
6 2.3324521232680846 -5.308616227060574 -11.359650982282526 -0.14498246579640514 0.7080422607504083 -0.588328647420103 0.36266464430362794
7 2.3529188182960263 -5.847331490281679 -11.754032991391945 0.33722080518830777 0.7496676908250872 -0.4806376206346242 -0.3053980345578834
8 2.3854079792541696 -6.170244173107416 -12.23855249886793 0.7391546970412564 -0.04835662207629887 -0.5647764450529154 0.36378501626181653
9 2.761494095425199 -7.074673462499616 -13.428231481835677 0.3605209041695101 0.325846786026787 -0.4767245943682137 0.7325177204800402
10 2.872593934562455 -7.9846795914669055 -14.34042222613958 0.27803355413469644 0.8544217166733328 0.02329006743830346 0.438313182109486
11 2.8420550220331244 -7.9595264000895805 -14.400778166295007 -0.5064592687321812 -0.42870767191131454 0.7425286072094279 0.09143308282712596
12 2.249464078958175 -7.40503487073141 -15.154329710354428 0.7648084524796441 0.16618582481175706 -0.557443014840748 -0.27696134721759563
13 2.264884657950703 -7.4692389531720105 -15.158889607079583 0.8392015318803482 -0.26687725663492246 0.36381006428460616 -0.3035779239436323
14 2.8398947251841027 -8.175494475071948 -14.61767183841954 0.6868506508281259 -0.39182316555376595 0.5970517734598245 -0.1350554338073237
15 2.8006986068795268 -8.991684274972686 -13.834572737177757 0.3150739712248033 -0.4979222322201714 0.8029388191386944 0.08995051994109202
16 2.8535106069356413 -9.131975387329254 -13.64189630121569 0.3734742718472603 -0.43784084900566866 0.2625791642916782 0.7745092263427453
17 3.1955747951568076 -9.471714618758815 -12.57438928067851 -0.16618342789921808 0.031957804211296806 0.3415877103016269 0.9244888334709888
18 3.6118059492944337 -9.1682668792153 -13.246878846285261 0.3422443318559927 0.6863708369212468 0.25883695572561555 0.5871689040533135
19 3.436488026380078 -7.991465117191836 -14.072698310297854 0.3882087536900933 0.7506129972237614 0.3566302395754061 0.3983578343368371
20 3.353440642869042 -7.6663925128912895 -14.26399387546445 0.010502544050292328 0.3576988441370271 0.7799894148191843 0.5133787551521152
21 2.8394187448723898 -6.52986038223811 -14.805059267235354 0.06644936173645417 0.381103765094392 0.7865074090943744 0.481404713308201
22 2.194497615890854 -5.4616402710050265 -15.157998652764903 0.1332508843279269 0.4823707148974845 0.7576216578353895 0.4190132680642363
23 1.3926922078919475 -4.46827656405957 -15.434730833970589 0.19361294984974173 0.5450498443545811 0.7567427483408867 0.3045900616451724
24 0.45199733082273824 -3.595806470355061 -15.50891226922624 0.227492810134395 0.5931697664398187 0.7203244276848279 0.2784409603478132
25 0.23492692631445494 -3.4044149004210875 -15.449389656346709 0.6397637850245803 0.39297164467701073 0.5936976495543954 -0.2894800282652582
26 0.21145757707732268 -3.065815402936503 -14.11312006262801 0.6529783855567103 0.4064268878435682 0.5601774129208157 -0.30763237620069567
27 0.26523495394394575 -2.733027289664445 -12.733496434822285 0.5762977627416981 0.450067222867438 0.5274586306084686 -0.4325595641711602
28 0.337512613213956 -2.561411324088266 -11.255628876169952 0.5224158359747038 0.443342538542519 0.5533798858825584 -0.47360298747171486
29 0.37031564201116324 -2.492524638034765 -9.6913910208111 -0.41817854323737014 -0.35120446681809614 -0.6347197365960177 0.5467293520914804
30 0.4286975670613879 -2.5900952919616325 -8.223924488880515 0.0051033777152350345 -0.023811001978429783 -0.7869513662762383 0.6165342965615473
31 0.11262716650996502 -3.8459218274709728 -8.390176250778062 -0.0760670319483455 0.25144770778440656 -0.7497319850869514 0.6073629947882223
32 -0.16466634486233359 -5.11037293905692 -8.785548252272086 -0.256529770452902 0.21638431762706062 -0.710137434045838 0.6189306332079921
33 -0.33210217276872184 -6.424393080613886 -9.039201348969176 0.5851543517891092 0.16627434404724659 0.6208855254816177 -0.49441722395294946
34 -0.4270107151482883 -7.021190931831172 -8.964459162652732 0.6469877906322737 -0.4961440405332451 0.38529025961159014 -0.4322028524484171
35 -0.19029140984359372 -8.329488496450663 -9.271517597666863 0.6360193945905348 -0.14857628598361183 0.7253202271856194 -0.2175200794947605
36 -0.11564459094046062 -8.793321547961103 -9.538852123515335 -0.32583903352396815 0.4153876593341163 -0.4098813490071263 0.7438274641616758
37 0.30123209698218195 -10.21538515476455 -9.914296502087696 -0.1298106573202299 0.2766295366987333 -0.263406178535207 0.9150095506503813
38 0.49303320000885364 -10.886932553912885 -10.107329807590647 0.11292247329410338 0.6559740319969164 -0.44926205936763147 0.5959112235757996
39 0.7120410058554462 -11.523490826350825 -9.946931079630854 -0.3422086270324002 0.689428750281125 0.01651185523857323 0.6382073428808123
40 0.9917622035557816 -12.1166076657807 -9.59587694571932 -0.5510602498389023 0.2580205899045789 -0.6095950499673334 0.508086460445567
41 1.7104832364708114 -13.256749721876153 -8.75199239297691 0.0015112320309968884 -0.020523000922835596 -0.7273097587878108 0.6860007561095587
42 2.2824376899036554 -14.162244645742664 -8.421116343857026 0.5578284128791081 -0.005739172315011472 -0.36537695376164964 0.7451806528257233
43 2.786843019873769 -14.374347386852309 -7.4306167000391605 0.7074247580759616 0.18106655740665747 0.3728138908034227 0.5725163021906732
44 2.7503514907545012 -11.93433310042399 -6.784540042724428 0.7339541834945522 0.2930173200214376 -0.2242284481990346 0.5702400456970317
45 2.2801337013162732 -9.951126167226722 -6.641246650729449 0.630853243508666 0.655595487251115 0.3945497699077765 0.1286437768269027
46 2.3237698020044144 -7.286473950661381 -6.182597931444505 0.46970548763175574 0.6805138376147988 0.5439541679649131 0.14279893156810905
47 1.9553940054734622 -5.243116185701673 -5.207133340909191 0.10731431264763396 0.5532705876220994 0.6977394438731579 0.4421933554869859
48 1.780894185174226 -4.156994081506269 -4.801948441978539 0.48803512439062896 0.5364365608306841 0.4267986708190652 0.5402781026029575
49 1.5988639297166867 -2.147820544701601 -4.528085185956821 0.6210306232859396 0.40119296694563344 0.6198982022050488 0.26285240557656303
50 1.187003234060147 -0.9101173334043243 -2.9795457800649956 0.5788645218762026 0.441789398160248 0.4129891599139887 0.5469716142358573
51 1.4397517618047493 0.4004282470270653 -3.073560302847942 0.6152409318193756 0.7696329940116194 0.1259398233742551 0.11525107908908597
52 1.0230426347192452 1.6370249172317395 -3.0835001845574195 0.7071252789069068 0.6208622394111561 -0.33826041124049966 -0.00915498725296444
53 0.9151141702439577 1.6398712992477709 -3.178879780605797 0.7790285192069283 0.04243466470526684 -0.5681364815687979 0.26179152737290656
54 0.5644794931911191 1.5245322983163299 -3.0949883743314475 0.32826226255710217 -0.11020982486851809 0.8825653338541488 -0.31808192806611607
55 -0.5426430123139097 0.6552147095802079 -2.435081112336392 0.5872784410820754 -0.4762514749800953 0.6480292634626184 -0.09135994152574173
56 -1.0252830447484316 0.34850256298724436 -2.1375642193050917 0.1994328698021092 -0.7033491269950363 -0.24519732349062554 0.6367140712681397
57 -1.974217998442307 -0.2285716071926359 -1.3565925463179584 0.41859177297559647 0.04297576806527868 -0.37868434135276213 0.8243374191255489
58 -2.6949299598071277 0.23302781331266817 -0.003284086451242202 0.2237420878899321 0.47513032908268504 -0.5633150963256357 0.6378610747992647
59 -3.5897449032079263 -0.5929748902449608 0.9016980087156928 0.07639299854323275 -0.5010560053725105 0.8514677739472565 -0.13457198513442764
60 -4.866083866169663 -1.2726744425574013 1.059689055681431 -0.3435704287656439 -0.3458620958554316 0.8626235527150455 -0.13497917405864268
61 -5.084951712167404 -1.4662681615046131 1.1479234490467778 0.9141344292589704 0.3750085169969717 -0.09051807769779807 -0.12463280079098109
62 -5.278338361206164 -1.5556902738426506 1.1442185094210673 0.6568060675386889 0.11332963636267876 0.6110405744999813 -0.42707329520938153
63 -5.0132846545996355 -2.054203225647149 1.9648111276944769 -0.7597178238937964 0.16738834338122444 -0.3528248832600248 0.5199274683171825
64 -4.7616249640353026 -2.10573934445347 1.8846353303599492 -0.6255070246689948 0.03405637310471604 0.2309469950854664 0.7444760647607738
65 -3.471308019595293 -1.9401266209889294 1.2858088901002134 -0.6911037477445268 0.1709586272240749 0.12704509767557295 0.6906578753534449
66 -2.4384003581666986 -2.6683573779351435 0.6212427263728487 -0.5353148749156039 -0.2822942759042207 0.35632192784084554 0.7118866554625015
67 -2.118148118729319 -3.9048423918461324 0.25751986952566636 -0.6480342993877396 0.22108223900730148 -0.03300836757137921 0.7280691162814377
68 -1.4881654920498093 -6.106015797712191 -0.7273982910544168 -0.5006414167549433 0.0346258363150263 -0.14467948413895396 0.8527760961462125
69 -0.6612891409456836 -7.607173689491475 -1.6590058263952634 -0.4035102349649573 -0.011111644269342106 0.5186432816595056 0.7537009805152276
70 -0.07615549131880947 -8.727338031786264 -2.3262824885672226 0.5631553088938581 0.46517730338569424 -0.4662227931191516 -0.49910167466725064
71 0.41066027878822625 -9.51562705141277 -2.9099858502954765 -0.7918873479805939 0.14344452663874724 0.2565325029026946 0.5352841963295082
72 1.6799183127444486 -9.60093856289934 -3.9890970460328146 -0.09744326113696905 -0.0016161662449317162 0.49867365162943444 0.8612936711924841
73 2.5099821522074706 -8.582286857590658 -4.586922743328567 0.49487107958024673 -0.33628002425119247 0.2972356968360865 0.7440895782169408
74 2.5643458506617187 -8.839305638409815 -4.5652541688818005 0.07834535798051213 -0.330709695317668 -0.25732081741364504 0.9045878062583943
75 3.198623179570436 -9.477487463317594 -3.955244206754759 0.20647332335153093 -0.12932170990290767 -0.00604463648750377 0.9698495370219529
76 3.0698587263292554 -9.676859621396355 -3.741103063484512 -0.27190286962609744 0.8601594444053048 0.1264493798975803 -0.4125592248550119
77 2.2295897869399823 -10.304091699807575 -2.5364843617447157 -0.5607381002861765 0.7803731296128908 0.2766615769925043 -0.0069952327804739655
78 1.9709437491046837 -9.855752727435695 -1.918036551182747 0.9758023948819311 0.1322985404750702 -0.1325218802385971 -0.112892575437363
79 2.2125474120467836 -9.60942762177452 -1.429535610475496 0.7214701645818389 0.02570096726778917 -0.31541219970147316 0.6159021076268792
80 2.7118705815951185 -9.378880685145923 -1.4241576418979223 0.2737746036743698 0.289758658768963 -0.5062570893048208 0.7647163824451289
81 3.532849836237506 -10.053672100118346 -2.988239821835532 0.4070073661619849 0.0917209640012918 -0.6367493395555512 0.6484462562372664
82 4.541781752050974 -9.978408839385711 -4.3916049640302015 -0.11594393298264388 0.05780474897782241 -0.635038262763948 0.7615392440484432
83 5.197205609268034 -9.431617138807013 -5.112233777534134 -0.18412008471949118 0.26204083944823076 0.06856437317690518 0.9448456591396354
84 5.825937826828609 -9.114434947843867 -5.666171200826368 -0.6227351501207018 0.23853407463579673 0.18358266895979541 0.7222186868943432
85 6.471009057623337 -9.443263740632492 -6.252966140411201 -0.1790349137217849 -0.05968564020603469 0.8724642285379133 0.45076634073938215
86 4.494997338833295 -8.05653269241692 -7.508623762004618 -0.2996744712917131 -0.7929220121457798 0.10665629913047482 0.5197060012800602
87 3.2807018928823646 -6.6584693258039955 -7.1355942026338095 0.3429503256524186 0.8282996198178021 0.4380744778535013 0.06629906332646128
88 1.9311145736110449 -4.882239771297672 -7.47438241380569 -0.10453656129494013 0.2723819037083954 0.6942243158414928 0.6579762953019136
89 1.2100500169339965 -3.249878860115642 -8.11961078626914 0.2938934472228004 0.2306513989372174 0.9248601825857339 0.07113519884899351
90 -0.5899564796537125 -2.6968428807581217 -7.20857599692204 0.3189374963700688 0.23977184045034564 0.9090532157771571 0.12004411198162067
91 -2.2687718767625555 -2.4093739457540337 -6.44032133635089 0.34831896548678354 0.1727695848469771 0.8753832760784845 0.2872780687698247
92 -2.3390191094915247 -2.366772686247917 -6.0248128701124095 -0.0941483900874918 0.334028447329781 0.5959309658199536 0.7241735710416989
93 -2.449738556043661 -1.6659647555430404 -6.618285457642302 -0.08012459150623598 0.5405836201509401 0.42466646917418494 0.7218086930895153
94 -2.5945653752211957 -1.7446022465497713 -6.554876837948133 -0.3488810596490705 0.9245460855999649 0.1507933254052465 -0.027530253052804515
95 -2.720061929301751 -1.7605456346057498 -6.468668588086354 0.40158390623385526 0.8407765623535962 -0.14671659748341337 -0.33211350239596915
96 -2.808179787948626 -1.824174907196042 -6.331628518719713 0.17268601430134473 -0.8354519409971864 -0.05390990083032424 0.5189347910298704
97 -3.221155279593551 -2.2046755883686 -5.395378677686248 0.2013383452897911 -0.806813852400039 -0.019456278440000845 0.5550997491628354
98 -3.286397212546517 -2.20722814546154 -5.283329940835929 -0.5485154082684063 0.6424770645960781 -0.44021177117408733 -0.30424934655627967
99 -3.610859654705835 -2.5893180823737896 -4.358806727174812 -0.2996042443714142 0.8073280037861886 -0.5007729885791595 -0.08766530081359673
100 -5.403912147196733 -4.217552637585619 -3.052335249226973 -0.027880011507697176 0.7546364071249757 -0.5472578313945852 0.3609092184707042
101 -4.252603533473742 -5.7419234608501 -2.7972245654637913 0.21618336271614147 -0.508377929087327 0.831232583897176 0.062201498127021256
102 -5.522183523794828 -7.293897015573086 -0.7748010715391022 -0.2526670379493506 -0.5212378502674913 0.7404362546557863 0.3409173274765261
103 -5.863933043953218 -7.6460033212656215 0.3359968764731165 0.8110399225012979 0.09620412843969656 -0.43224114678758685 -0.3822650923168355
104 -5.70358679859629 -7.775619597582301 -0.4277014628992198 0.6458579216270536 0.39572762300060477 -0.5033861787489602 0.4157758392576388
105 -5.656783818906983 -7.568266424314793 -1.3558782538868928 0.20340197907287338 0.6666354760383293 -0.2196436059579637 0.6826283493660164
106 -5.615004096027151 -7.851846636083785 -3.17418133151467 0.2562749460283602 0.6228496959533186 -0.13847497833301461 0.7260895872168188
107 -5.335662981627334 -7.80474745147747 -4.80864519701831 0.3651985637316631 0.5497963794862607 -0.26638747172064225 0.7024184401497543
108 -4.995314958730898 -7.6567889140181435 -6.22783630910561 0.36896229700107436 0.5370201008262723 -0.34054633648288407 0.6778675588994632
109 -4.677829149793513 -7.527928629933049 -7.51420403405537 0.24325800096169056 0.41850476270227277 -0.6033475298875729 0.6337594707317598
110 -4.578312139641189 -7.415771866623532 -7.79682252900536 0.6503723061895434 0.5358387816682705 -0.473357663855577 0.2565641936653442
111 -4.434687056873628 -6.88332367776263 -8.910346617328154 0.6234192065965004 0.46319784631432975 -0.6029691561211712 0.18227573832762056
112 -4.373470762319111 -6.829698142359582 -9.038309160470263 0.21959755418241078 0.7547336500128022 -0.3316186132746763 0.5217117279353013
113 -4.307680750889585 -6.731284811028444 -9.14555845678191 -0.4053771595984505 0.6949842335898448 -0.5633785759459727 0.18780536121877936
114 -4.833214058491309 -7.37742000806704 -8.995247129072764 0.5251568874065238 -0.5162901290144218 0.6736801284464082 0.06172382707021772
115 -5.214871556938872 -7.780116862805889 -8.27530026483322 0.5189614299894163 -0.34943447093093194 0.667103047389753 0.40441081695704556
116 -5.279453830703967 -7.5533222957499495 -7.373863425610417 0.5842683676723163 -0.35199221551061644 0.5956083141749132 0.4242436691845533
117 -5.233311620661218 -7.4029230534407615 -6.448205560109752 0.7883551487248911 -0.34416843124676955 0.3483900947434749 0.37238232006464156
118 -4.755346319401513 -7.679826251842476 -5.673724114938274 0.7234773086394091 -0.491452876394896 0.3406356060362848 0.3449957073172838
119 -4.515953781634656 -8.113046995434255 -4.9144943172327205 0.9245388850374155 -0.20209505947576628 0.3171527172661385 -0.06164082186314609
120 -3.8043075734928693 -8.542909431104844 -4.433722960890635 0.8201304713999173 0.09301518079229089 0.36327864691739203 -0.4321606306888628
121 -3.772538146728305 -8.546645079485767 -4.480777606877685 -0.207006907104525 0.17272980108068817 -0.7471407356082008 0.6075304744821289
122 -3.734130724998284 -8.568469539010206 -4.519792273771817 0.6453483198367618 -0.5199022673124103 0.32291225394636575 -0.4571158001847688
123 -3.3989226400933368 -9.582415030067375 -4.641244640997324 -0.6098953020678195 0.4029861378418761 -0.4041340683327656 0.5498231970694757
124 -3.0413268597289465 -10.666096811706371 -4.512654734878015 -0.5978089927689512 0.7542133834078663 0.19954566635142168 0.18430438815556752
125 -3.3609587530358445 -11.601329715479501 -4.8784588659516315 -0.06952794048408215 0.6320874376691221 0.7668773894924091 0.08677791261740475
126 -4.6333626175040665 -11.346415956538621 -5.192668882462292 -0.0005394938634414269 0.9163261255775241 0.38385231880680426 0.11403305607188999
127 -5.991696734235774 -11.335655577342322 -5.496082116194479 -0.0403314345574719 0.9261453643192534 0.37489321795452885 0.009122207418841727
128 -7.415971343313699 -11.490724526430528 -5.646679144126635 0.2311818313410606 0.8974993481641772 0.29826875894184046 -0.2282227603504182
129 -7.97469837590938 -11.602189532950613 -5.754794795308376 -0.4464542370412134 0.8281820189342287 0.33652625084360904 -0.039284096465581564
130 -9.107371588874429 -12.650598467577801 -5.781174971744665 -0.6777609664557526 0.6818137375800514 -0.20415823004332964 0.18463346582258583
131 -8.593175851110802 -12.479958730312958 -5.7267800759835055 -0.06828358417877738 0.8936229435142038 -0.44358396797972627 0.002941140607044612
132 -8.102013738817185 -12.352789520059442 -5.524251727851078 0.5993441040074319 0.6940296262963447 -0.24652645008345866 0.31358289529840805
133 -7.845058585841561 -11.585298638725229 -6.510261137064291 0.6441448658966454 0.5118094663965765 -0.08254554149619103 0.5624186122675383
134 -7.526892465567801 -11.478303195055823 -6.6528732004205535 0.004246607452011691 0.25833217385626805 0.2908194384008414 0.9212331455847985
135 -6.541035661251878 -10.90130675310954 -7.1062361038774275 -0.2092556668655392 0.32486362214787035 0.6110009023826131 0.6909078015026726
136 -6.280330504395551 -10.902609869785095 -7.115427757030606 -0.3639356508889888 0.04596750472613156 0.13257779995519564 0.9207936562989024
137 -5.08716056627563 -10.696694283060097 -7.286430371649348 -0.4806070531025636 0.03265895264744054 0.2447190850654243 0.8414646889351824
138 -4.949881462713673 -10.605546218781827 -7.233413668563958 -0.3866930817241951 -0.3233512035302335 -0.22580592996531146 0.8336211020089975
139 -4.2014895762860816 -10.694943277765235 -6.547876412661395 -0.37498520777456584 -0.13825381048968372 -0.33931018693842246 0.851551862704299
140 -3.5419282534014545 -11.184213635830083 -6.039301983438565 -0.6529675072668578 -0.0676020535687967 -0.2926565749094541 0.6952808971698088
141 -3.630384679642229 -11.209268600870796 -5.982719052746687 0.4767010661247804 0.5237102512536482 0.6729329921584158 -0.21364656410075697
142 -4.142347523646779 -10.959253157932991 -5.10171857625779 0.6246814574461892 0.48861879344985404 0.5846818816603301 -0.1707976834405239
143 -4.289346994237573 -10.963173357044088 -5.049955145599434 0.12682016841548172 0.8106775294271968 0.47799388498271844 0.31343330085364773
144 -5.810554845174609 -10.467766150752025 -5.658221658159997 -0.09543435740151265 0.9630249244862348 0.23030563051295108 0.10214986441339174
145 -7.417088397693288 -10.949087389216379 -5.840460960310034 -0.08361589923801484 0.9319419666481761 0.26174353367111797 0.23660700491723516
146 -8.692533811392272 -11.163402130944366 -6.5613065866513045 -0.013411897580494405 0.8907995244021806 0.22479570361084608 0.3946684937593119
147 -10.23832080651131 -11.67787919519564 -7.613689805097037 -0.32621869713734925 0.28155493562536094 0.73340837898142 0.5257569110367023
148 -10.530402618726825 -11.77599921175276 -9.096782240422156 0.6314304267196407 -0.2759164550926419 -0.5994886569789348 -0.40715976738297166
149 -9.65290159122575 -14.110562308204493 -10.36472604469586 -0.37619824859017914 0.6770621692898865 -0.29629972960005724 0.558809598086045
150 -8.065062490806053 -15.899598310094474 -10.903511131495723 0.07507730555798986 0.9312191634927771 -0.14508140385692847 0.3258000214684883
151 -10.011699631947536 -17.76500007724515 -11.31211383552667 0.31147624918979827 0.8703811430098412 -0.14959424921724654 0.3507716817028783
152 -9.85120495357499 -17.209108486517312 -12.199013847677925 0.805410261028555 0.5368289784339657 -0.23288883054839435 0.09429608660628867
153 -9.169276036439705 -15.614109058341906 -13.170651631043826 0.758034292851197 0.560970105972087 -0.2684949411026804 0.196486685730914
154 -8.387455672325236 -14.33421192920782 -13.922709359498983 0.32676977166580157 0.6901711557758634 -0.5308557492447405 0.36752886356624304
155 -8.159300465258408 -13.961412130777687 -14.025403242788432 -0.17238940733482527 -0.5725761114630737 0.7941568824416058 0.1084127985581176
156 -8.964660905549257 -13.556120967004677 -14.291274370746931 0.01352288686566119 -0.48862365538633207 0.8620999887263722 -0.13359515098126187
157 -8.926798041152319 -13.528598972032432 -14.397237544225431 -0.3861573014986348 -0.4604014714817593 0.7731772848165539 0.20275578857439402
158 -9.475847331136762 -12.91132641569044 -14.843899885511242 -0.2543409371363189 -0.5260336433699083 0.8082919144000157 0.07254980947705335
159 -10.331430283901046 -12.586723165434641 -15.205623374951813 -0.08835610857971754 -0.5072224701156357 0.8572551910630345 0.005665799318897246
160 -11.312102429849192 -12.524105834219808 -15.274615360861867 -0.13669139100086375 -0.4341607751938262 0.8816651580910781 0.12444450135533858
161 -12.223854999664566 -12.245995510940501 -15.35549895407889 -0.4964138170942255 -0.26278584597295723 0.7616360977306398 0.32315224892898586
162 -12.529047307308721 -11.294525181604046 -15.906171713991961 0.23213126278179647 0.6099638450802908 -0.5672370341252295 0.5022960597605811
163 -12.835089274647284 -11.637046322576863 -16.939143709258985 0.14242294157650304 0.7791461755531947 -0.42096486288453316 0.44208090554799245
164 -13.407479151449548 -11.795386061241954 -17.824596098673872 -0.0059981307653380915 0.8594856533542499 -0.3566439302308187 0.3661332286682736
165 -14.196934040803123 -12.10779250356382 -18.46543182197991 -0.03437253755556186 0.9321953525855432 -0.23822032824540443 0.2703357699057928
166 -15.26774573016342 -12.223235358240292 -19.023470626116527 0.2087606561432881 0.7932554074184243 -0.2662785573011394 0.506221865361104
167 -15.467512573447436 -12.20080832811935 -19.06236847806084 0.29015071159592243 0.9264118055033163 0.18718037601299736 -0.1501240754179629
168 -16.334299869156716 -11.637089384431349 -18.65525792902532 0.22625502692248992 0.7618466325258371 0.4324866770764932 -0.4258563671623075
169 -17.046468321391078 -11.470728517717713 -17.76993133004694 0.1494200078467811 -0.4291862893292604 -0.26625822263383164 0.8500466747107014
170 -16.821914313860663 -11.126708624768533 -17.62642341587233 0.45102214686310516 -0.12824483970680833 0.6391833639371362 0.6095710880558356
171 -16.730501771937412 -10.136226101513675 -16.472575484796625 0.3809707570741674 -0.3579190000591637 0.5264712167545986 0.6705097535307867
172 -16.48692976968277 -9.327822169226827 -14.87266925740825 0.17333449861449468 -0.7534115971339546 0.3040487665046401 0.5566690798680404
173 -14.75553256502598 -9.892405072930291 -14.200386331332822 -0.22353656536069608 0.8393306184972329 -0.4946323773628938 -0.029905318325125184
174 -13.035489722826444 -11.118782468760054 -12.332410301039484 0.8330370402562519 -0.08256965830798081 0.3123867688882546 0.4490501616874921
175 -10.18722525452707 -12.161219560009805 -10.226948746707725 0.7979945020758333 -0.11732597103799938 0.3798401889427333 0.4529468203229616
176 -7.561283435451571 -12.740573670229976 -7.988268001919606 0.5655689128402205 -0.00280708454593234 0.5844903847253913 0.5818031585241211
177 -5.780025377012301 -13.431729539112629 -6.182342565503068 0.33680165345642304 0.28943475933906593 0.7210562763848217 0.531855255310511
178 -4.8666363859295085 -13.543524514626549 -4.536346024126585 0.5425703430854248 0.3807561575380338 0.6510680818093166 0.3698006546102543
179 -4.25387743594089 -12.746047331826906 -2.854411504793287 0.7605925324978426 -0.33495872978369967 0.4536894183601463 -0.32166373827063505
180 -1.8070854590754484 -12.765374190856681 -2.2314645924363994 -0.6079968598744063 -0.002964361031149702 -0.005671915557063401 0.7939136353032689
181 -3.2329068738973055 -12.071106060906859 -1.4564463784972308 -0.18085688691876495 0.802722013064495 0.1563329024068212 0.5463407177035183
182 -3.9192985672213156 -11.875031137187216 -1.6380622253625636 -0.4434773735754927 0.2874990033541184 0.8415387710166519 0.11173468160224104
183 -5.424059403092025 -11.806685120815828 -2.9215552612119837 -0.506168666949713 0.07759398438662393 0.8408930793319506 0.1751321881236801
184 -6.594103091944399 -11.05569640378849 -4.003407199826856 0.7455046208807158 -0.13708893279264 -0.6376568429494104 -0.13719779659697662
185 -6.574562017213979 -11.248714204066271 -6.39413819359385 0.8373133230970615 -0.29068084549874507 -0.4579988828529531 -0.068176743320118
186 -5.664286245256565 -12.137350760733982 -8.101839768715905 0.8222642074120791 -0.308449678677392 -0.47210684181191576 -0.0765212313490648
187 -5.069922595150302 -12.873846388950076 -9.669895480160783 0.7742173394972154 -0.43600963013560146 -0.4511145714130689 -0.08353895564150023
188 -4.650466310300914 -13.606916202085571 -10.910000801717642 0.7367311874176321 -0.604833442211678 -0.27508049742715035 0.12543677532450115
189 -4.330504861223268 -14.757484245463127 -11.115345765037247 0.6831494067489767 -0.31219980408289255 -0.4660114429888806 0.4676232515525134
190 -4.091029219163521 -14.92244615932714 -10.879185689166404 0.5099988123240504 -0.41233249520013787 0.12943055794714683 0.7437276756310576
191 -3.2121268100172427 -15.26686214858064 -9.769110142564394 0.6406614756942671 -0.40689199356755734 0.30854444174134393 0.5734039645855116
192 -2.458808179426545 -15.55563236302975 -8.429655977345824 0.6976232078025061 -0.37842667623581244 0.4523884237276948 0.40676753155288603
193 -1.873047264737716 -15.936928366018508 -6.884218445315364 0.7278725830146021 -0.32428700424631307 0.570114583591427 0.20002200716165325
194 -1.476794412342876 -16.382016069879224 -5.200364077153778 0.711885118189818 -0.1444235828317242 0.6829711127378543 -0.07688866228211354
195 -1.2680292275384843 -16.446458465864975 -3.2105033468354987 0.7562684841507196 -0.04763353557415439 0.49467398468446844 -0.42554280048600057
196 -1.6638753610399049 -17.516794860879646 -1.1211345856437558 0.8158417192184372 -0.4025332229938951 0.3868488061177309 -0.15072257552913912
197 -0.5514888139987868 -19.841067116674353 1.5656380659855471 -0.6610899065127279 0.7459663195335017 0.04203079546696063 -0.06875898385700611
198 0.61932414553264 -22.875110865985224 4.452649844918392 -0.27908209623227914 0.9269613672634797 -0.021412410842641175 -0.24979454722936298
199 1.1182970088932604 -26.09580617625311 5.391932812814608 -0.11086060236949433 0.8988501098270983 -0.38433043546535745 -0.1790768641703728
200 -1.2963691539424032 -28.141741451693242 7.304125737442466 0.35554247044504284 0.8463677528107102 -0.1903152797378011 0.3478954915061515
201 -2.943751545680655 -28.940153473235604 2.6669128625572567 -0.37740693253635405 -0.2575906267101718 0.09815951094970995 0.8840677500704764
202 -3.0263891628833823 -22.563240067075874 2.0404502100061324 -0.2651307675072125 -0.4907620941221834 0.7023490607594551 0.4422262316328108
203 -5.559066594150402 -19.76980190526518 -0.7358966386272678 -0.03758959068013563 -0.3816456868863575 0.8473974603009825 0.36722082815246854
204 -7.1273748859052235 -18.48598590061448 -1.6648343881062289 -0.28233790516667884 -0.16481140186486082 0.7777501926876985 0.5368679045125325
205 -7.976996698949139 -17.624502992603066 -2.8183958229500217 -0.4391644845174439 0.26855092539836767 0.05985335005337601 0.8552382898897803
206 -7.825199711101677 -17.23809275952609 -3.5739200493472016 0.3101652788077102 0.3207446651379077 -0.1771208253815129 0.8772391765213626
207 -7.8207063018670615 -17.306482266355157 -4.0886462299385595 -0.059175146637027755 0.4188078346663417 -0.2767395760681272 0.8628519610455838
208 -7.174540191263579 -17.82752771082993 -5.136495672888577 -0.4876433113428612 0.4438595066974106 0.06498299076462395 0.7489792721619106
209 -6.415299550298899 -18.16684971312574 -6.13537496973097 0.7193796181031037 -0.493027303173261 -0.17158069377175686 -0.45823259258627225
210 -5.7227748065040105 -18.695909468110763 -6.78094548089447 -0.4818798183247717 0.855125670659952 0.17381424115159289 0.07962749300679858
211 -5.4219340438443435 -18.653435243797325 -6.559294085140183 0.16600120671954027 -0.3245194263113217 0.32647361849461287 0.872092723132845
212 -5.0219082201149075 -18.968539055213746 -6.194422338635453 -0.573393712082532 -0.29686600591726187 -0.20419732676844352 0.735794589009438
213 -3.773774699684728 -18.750620485614018 -5.222014568229295 0.8669534547319164 0.1179004801674272 0.3337591048176144 -0.35085045825255795
214 -2.538310424704616 -18.65665676962337 -4.000065647945585 0.8664639766676755 -0.08114395041325126 0.47048148417299035 0.14595550520261216
215 -0.9226302968709871 -18.440835847551725 -2.521392817009424 0.5638107002545772 -0.45875444655660974 0.5213486170833729 0.44705421540148416
216 0.3886959086616274 -19.584906638997975 0.1828159273013145 0.6372752951520338 -0.4809335427669699 0.5030474952802952 0.3309476440809336
217 1.8356259894628342 -21.3676135028858 2.0578814490561377 0.617145750940112 -0.33393719983369746 0.7063228725576853 0.09340807441358862
218 2.5004513834373956 -23.551238762272906 3.586074782356491 0.8357958194890766 -0.4019585766242542 0.1979254076006412 0.3173329226993415
219 2.118723628626583 -25.510785286107858 5.2365426026584085 0.4838658248098533 -0.30719209037906964 0.8131204725339338 -0.10169552760967249
220 1.3358243328082695 -27.322701144945864 7.588985151408845 -0.3200813789005245 -0.13622023620391713 0.797248506877837 -0.49334245348514927
221 1.0078157360484354 -28.999217160980102 7.2149569966488265 0.9895620081670844 0.07941946553187018 0.10706529234669528 -0.054741242785263475
222 -0.7316331549467239 -28.771735167034542 5.998694124121714 0.31005518528962567 0.13731255992053173 0.9221660777440449 0.18606656878990752
223 -3.1887427938603627 -28.30296367646579 5.319992655171305 0.8033415702864166 -0.036248677840653325 -0.5217226980103983 -0.2848399220357075
224 -5.071498140350217 -22.126874622057006 5.775483439491581 -0.23721725129138904 0.833580101633594 -0.3769677861972744 0.32675293115718307
225 -7.959246579919614 -21.332439770957734 4.0125500827063645 -0.13351006923034262 -0.050290395931338064 0.9233576525423942 -0.35644997262249367
226 -9.66460374652455 -21.190744523443705 3.2588151431915806 -0.33230445617139326 -0.3877287275772106 0.8137302452429312 0.277638740446773
227 -11.532718031188633 -19.30817736782847 3.5729348081801127 0.4370958687950243 0.6993960923552635 -0.4342071674679765 0.36229331100635437
228 -12.881284726259436 -17.367472108410066 3.7270089686095362 0.010964366228533876 0.019815242453951224 0.9715087324834089 0.23591931152022783
229 -14.122730976275081 -15.895535841652586 3.646175720919688 -0.046282541446877073 -0.6171315297534957 0.7788592938794172 0.10190584712853333
230 -15.121430499190144 -14.398665272778006 3.9487356958575854 -0.008183731473040412 0.6332746219925675 -0.6061259907774973 0.48115232825306553
231 -16.587973508079447 -15.806537125785932 2.537913618555046 -0.3372859811427671 0.7749340472511991 -0.12529875674093793 0.5196302636438771
232 -17.20185807612319 -15.812814697771648 0.985568090448078 0.04322120060658487 0.8644920609536606 -0.45992997443487366 0.1981156808093525
233 -18.10602219715419 -15.970583866550056 -0.04143598371423575 0.11171033125173296 0.9748441233186487 0.15848586131287493 -0.10991800983751399
234 -18.269514583326412 -15.76370494895931 -0.39587574042619544 0.3668088393363272 0.795667289694562 -0.4327271773184253 0.21239592629067558
235 -18.749737823845432 -15.245192766273078 -1.240748374543658 0.04545917050240439 0.9271770500224239 -0.3483206280921857 0.13018802469664292
236 -19.766094989100143 -15.012087087242614 -1.5827234761337572 0.035618009820256306 0.7219515468679658 -0.6620061548896446 0.1981544151403714
237 -19.821041649593322 -14.772033546956058 -1.7256101840669127 -0.19093679516276188 0.1261838854226803 0.9722051027247438 -0.04937616376937104
238 -19.85308871463766 -14.58560993814246 -1.8572747640762226 -0.05961229449610188 -0.2398809389740599 -0.6434986036571766 0.7244398225892169
239 -19.48517543652967 -14.662431754840881 -2.023533599468174 0.8085869097915199 0.26149610256924827 -0.1863909211131786 0.49301665507513415
240 -18.177866976100823 -14.777536558275662 -2.1802485149425292 0.6790059263186397 0.6945154293396487 -0.2211506635304287 0.08770207781677511
241 -18.53386271698884 -13.699289637276767 -2.1502413032875536 -0.03089246184257199 -0.7499626813203503 0.1515671186557434 0.6431399855167527
242 -18.346827964961303 -13.645405513814884 -1.1059872659248684 0.09242993375876347 -0.4966412932587067 -0.06357981611209187 0.8606751652968861
243 -17.69529675656269 -13.905579231847023 -0.29512581693718865 0.015892331628839646 -0.5050408808724612 -0.28309167116468686 0.8151933808368121
244 -17.29984980489349 -14.636690676754538 0.6454676302930906 -0.1461603016575533 -0.5528169013228376 -0.39941941914875845 0.7165854920650129
245 -17.470772408157575 -15.474310868540845 1.5269883556783497 -0.4270883052736457 -0.5822047739073439 -0.05919662063006331 0.689295974777137
246 -17.75459560429845 -15.952310925271442 1.882510206216388 -0.039960965459703277 -0.5124823845889247 -0.5888113121991055 0.6237516856505834
247 -18.202535591285937 -17.05316733907784 3.167559676496167 -0.21663615379922324 -0.08131432763580793 -0.7596032545064133 0.6078319280290209
248 -18.324392155917057 -18.283536014308833 4.4974250023729185 -0.04341622349195116 -0.22732622039414854 0.8973605198933156 -0.3757418241236998
249 -17.99863730987106 -19.596216318616875 5.31300005142462 -0.2565281702126957 0.1109665489398772 0.8649481718189974 0.41682656221823683
250 -17.352488136091893 -21.447895722418103 7.276538497058153 -0.1418359454039777 -0.11212227217962324 0.2781715938551636 0.9433619268577231
251 -25.59269636507159 -17.505134946567757 2.166741559442272 0.6862027357387873 0.4405755468607809 -0.04661642559758927 0.5769279866997532
252 -24.989121672096893 -17.80462182668006 0.43880885991352636 0.5611617947870696 0.09636496610234148 -0.5003769207297107 0.6522531491533794
253 -24.037407698698026 -18.52302724556308 -1.5715714761590578 -0.4739022249582961 0.185781399241428 0.7720286251773165 -0.3806228511036817
254 -23.062224193894682 -20.048712602401217 -2.879250389311574 0.003044605307342786 0.26814474180916664 0.9198879455745116 -0.286173540714932
255 -22.943233769625174 -21.174774894729488 -3.0882909472418216 0.35979137024228103 0.2929080503345175 0.8855551904147759 -0.02338907176146011
256 -23.635027572371573 -21.71853290135012 -2.6737932152043626 -0.06985259406998125 0.4773922617146014 0.8423819514453355 -0.2400206062734204
257 -22.391260549232857 -22.67853578814085 -3.4388052503776985 0.9005581771924387 0.02873408753765496 -0.2572812710711545 0.3492501528435192
258 -21.299264098287992 -23.721707016059515 -3.71524905165127 0.8753980553997126 0.024138990408556976 -0.30015286034808203 -0.3781584511409484
259 -20.248192043862066 -24.82466026287367 -3.9062581154765286 0.762574005849437 -0.43272883825429326 -0.40407151800657926 0.26067766778473767
260 -19.296316961869117 -25.686262186360157 -4.334725521428425 -0.021794866507463644 0.36801710591016606 0.8883840436159749 0.2736095477134465
261 -18.126615423237983 -26.188101689377675 -4.401492201447341 -0.6624472003420516 0.09693077589905448 -0.18845648743650062 0.7185069824195727
262 -16.90481348992165 -26.833150857464933 -4.450070283977131 -0.549042192265013 -0.12011440200921149 -0.48176674631333066 0.6723287913584124
263 -16.310874409589566 -27.409846879616573 -4.045633266888827 0.22696970197408342 0.7049443201114468 0.6645962441896625 0.09924763038682546
264 -16.37067314956651 -27.554011894150086 -4.2522530659549025 -0.33726953415946187 0.7354731013898116 0.4237126054076676 0.40718080318030353
265 -16.52212053007427 -27.66386061199617 -4.336222495390814 0.07104640817729993 0.7583670600498129 -0.4856983995541554 0.4288692980233474
266 -17.536614205232073 -27.95143300396609 -5.375596596703659 -0.018257100914556082 0.9578100560100815 0.11580179875990457 0.26240525580889207
267 -18.98615908548828 -27.809567906366272 -6.021580880026698 -0.09791015669361844 0.8333401000780938 0.46585327637039076 0.2809601461293665
268 -19.61163652677648 -27.744502469360683 -6.180352974193847 -0.25160972062119513 -0.23350279764615858 0.9314665425756918 0.12057807446807012
269 -20.9588452524229 -27.08878486335017 -6.815391863433891 -0.4223632573394674 -0.29622024577153605 0.8374558837364073 0.1803621014512696
270 -22.09164707585892 -26.18964274978949 -7.505762526663722 -0.6456127643334497 -0.30875853413912874 0.6963936905098467 0.05374154765219909
271 -22.40517651756239 -25.735911734987482 -7.779891897571435 -0.03734126132232116 -0.2733169010697946 0.9572180645830538 -0.08739038063959872
272 -22.965624348888102 -25.329751508822252 -8.04648868784398 0.30023722388249086 -0.1870903030307773 0.8085861659201835 -0.47015235848571907
273 -22.882363193964643 -23.764094847511682 -8.531699225570868 0.433556012683662 -0.04217654007866912 -0.6994453907301862 0.5665919772809467
274 -23.492089613735594 -24.042449325136232 -8.563104359469527 0.2063490816022712 0.7340856847778457 -0.5086993508442349 -0.3997039334017047
275 -24.155320074940125 -23.798970570306437 -8.77237810797484 0.12151352850967097 0.9107430158635866 -0.39120262707779846 0.052365313063672654
276 -25.231615555257125 -22.8294783041596 -8.957772725053825 -0.4111435426442115 0.8600373957858386 -0.20881730198460763 0.21838498021555627
277 -25.163553823639553 -21.41007519341324 -8.638563266848404 -0.4297673590642826 -0.45570450254625416 0.7631380959047541 0.15891403342955204
278 -26.05140342894388 -20.27031172665746 -8.785032812616372 -0.4385294120079994 -0.296277616472776 0.8483894057007909 -0.012122090405013459
279 -26.586550249410458 -19.860688747624422 -8.782755316823101 0.557128813809265 -0.10672889062928907 -0.5332525578575188 0.6275811806188377
280 -26.32161041099 -18.844805393587883 -7.332208690649006 0.019188695007883408 -0.5645352826114195 -0.025293786667547585 0.824798116527163
281 -25.86297509235575 -21.134375887962275 -7.257537146953251 0.16158206264901306 -0.6626800746617869 0.16477154001031852 0.7124582059875272
282 -25.608374202682512 -23.2105655617008 -7.262230647932989 -0.10361509374377317 0.02697239775117488 0.09138622232366074 0.9900429084021722
283 -23.92479137572362 -23.540338856108512 -7.650344801062592 -0.0832842319177771 -0.18418003812289419 -0.2380694092890604 0.9499812664635409
284 -22.27059983990997 -24.95430901940891 -7.0655083942034675 -0.017159234046650897 0.0928263950910886 -0.20100585867359766 0.9750310076301241
285 -18.947101437747804 -25.79620996041034 -6.46821751584835 0.2796695201989518 0.23734841812898924 -0.26472224242634335 0.8918367688361603
286 -20.435497752685766 -24.837344949098643 -8.307879831310158 0.7780780904646812 -0.1951133857277511 -0.0010400215473822868 0.5970964496661066
287 -19.408885276428737 -24.357855959987766 -9.831128567130767 0.7629829226837997 0.48198594037240755 -0.18223453881086052 0.3903039659555166
288 -18.29490292837301 -23.674900885468926 -10.869069649698869 0.5060129097840933 0.7532647231315762 -0.0881899125869918 0.4108110652541424
289 -18.450064551936766 -22.92842162538181 -11.56688795051649 0.5444286279242396 0.5149433032375832 0.028158136917569045 0.6615421247907252
290 -18.009453650699687 -22.511344419586496 -12.10009398993778 0.07651144232818491 0.2852276485089839 -0.2094862486935504 0.932151650391287
291 -17.096384670013382 -22.486015863095275 -12.539140322202433 0.0017647049872346347 0.21627702127137252 -0.6073463140152755 0.7644289311233244
292 -16.97546652751715 -23.25625306690874 -12.793455901525386 -0.020137474974078765 0.06447050322005253 -0.703070128038984 0.7079056655907396
293 -16.978672775360742 -24.04873565431849 -12.777298490690432 0.1670477484791778 0.45219115014325595 -0.2179723657787556 0.8485907501363474
294 -17.317265711508355 -24.0445220902764 -12.722413292624667 -0.1138364893288338 0.8036131423566146 0.45389882151996175 0.3677268428491493
295 -17.843039833993746 -24.01720295605873 -12.653315973502938 0.04499360067692074 0.14825712248642822 0.9827218105197858 0.10125830661670909
296 -18.574597347782507 -24.024978818991944 -12.426130728161276 -0.000983229782316192 0.9467928807590525 0.20043891530268593 -0.25180650395780374
297 -20.337773833742386 -24.12882710202047 -11.419108184833767 -0.19824306211767537 0.9472258939138931 -0.1796725259834463 -0.1765802300031362
298 -22.002781177078006 -24.181128240279445 -10.084569638145059 -0.4222525231591704 0.8153812057101465 -0.39193805946001525 0.05692849556327816
299 -23.34423950049305 -24.582300937384428 -8.986886831085574 -0.5834446006154077 0.7210799747152833 -0.17829426368419776 0.328401010373967
300 -23.97199089088734 -24.323430981000104 -7.993339294483407 -0.5495079660792914 0.10833930272625049 0.01760984772404181 0.8282472360130917
301 -24.42155246521326 -25.93709552870795 -6.369138629531573 0.7441976696972163 -0.42935340167063835 -0.44409729600491216 0.25417135277644726
302 -23.041950539436783 -26.943853221733423 -8.347251058533411 0.44320630735943073 0.31089292037975175 -0.3960929144198966 0.7416361401124676
303 -21.719494301422543 -26.82714687416203 -10.231420412129038 0.19763590831666483 0.1606967164152062 -0.19825074900446138 0.9464741167070485
304 -21.090106866383135 -26.545634854173407 -11.017405044879897 -0.2207454109150865 -0.6626567285938453 -0.16475312581536036 0.6964294157653744
305 -20.88214247866307 -26.23563202060478 -11.563102953551384 0.8744488673825189 0.2611386966216029 -0.2232272571671745 -0.3425132860456942
306 -19.910372869541288 -25.425262793875305 -11.89419854319782 0.9032510467315347 0.19003903825021762 -0.18795677401156402 -0.3357007024456224
307 -18.909044382076633 -24.849569541434303 -12.153863506183601 0.8843701022651413 -0.13980707899352993 -0.3360920678853634 -0.2922081874064785
308 -18.86211230959485 -24.73992397577372 -12.202235217232777 0.7013486513332721 0.02128014164472025 -0.6207213273583468 0.3498031712364429
309 -18.88584812818233 -24.757902512732066 -12.189532886130616 0.2564369620894389 -0.6157460063086865 -0.4284278842855957 0.6095461329184272
310 -19.040092186268023 -25.57854299521745 -11.602652703470136 0.3703631296077347 -0.40323335327359494 -0.5907337264060322 0.5926783946807389
311 -19.11636352467633 -25.601111916814475 -11.466210117813448 0.20784518179379285 0.5294344191414535 0.8048943544571988 -0.1692473172501846
312 -20.092890875377307 -25.656725467673255 -10.874290303367127 0.1950519743725043 0.19657378316084637 0.9585705185513557 -0.06675354695748062
313 -21.065131589320856 -25.710008210539275 -10.327526730999367 -0.15106130950984054 0.0017024008454866015 0.9369096495896926 0.31524259088240586
314 -21.696506567110724 -24.366913668628687 -10.746869280060483 -0.31939736676481617 0.170137516857914 0.9218034037836212 0.13898572672779624
315 -21.597906274473957 -23.727043308168504 -10.954691012080087 -0.5013668948105796 -0.25642793973314315 0.5408267782026447 0.6248058454361289
316 -21.229685070414 -22.223102561137747 -11.442085725666004 -0.4069082824670057 -0.1301453251730266 0.4553221627787365 0.7811335174461866
317 -21.308519686330897 -22.109523482453938 -11.742069928016521 0.0015146405395467907 -0.6407237500005853 0.5603889911062602 0.5248189789785878
318 -21.411923942497506 -22.05208909727693 -12.029713606111686 0.2695552776519123 0.018533006194316064 0.8947618055797172 0.3555246703776337
319 -21.789308260239398 -22.368303603940607 -12.497651211689984 -0.43514088318772803 0.010450765203222101 -0.012411953056705697 0.9002161611005376
320 -22.02539432773692 -22.707530987516122 -12.45818945132846 0.904707073109228 -0.06768413177718323 0.36303996290843343 0.2124287068716117
321 -21.182832500511946 -22.478969397355517 -11.612471142931364 0.8887910766050079 0.20573502919361517 0.4094286183635723 0.009577388731204235
322 -21.064839331985223 -22.34871190159995 -11.470296284564997 0.6970398610808162 0.03373881094344837 0.6277146722604426 0.3449223317350196
323 -20.959907700784544 -22.177244201259164 -11.266481533019032 0.6417555082406655 0.5465378800789347 0.2589504342318024 -0.4715833816969693
324 -20.497115227599295 -21.624732928231587 -10.181983533511605 -0.44357302651600927 -0.6318674824966081 -0.11138587347058532 0.6257632474842385
325 -19.937115119528524 -21.15028073843991 -9.055901421204647 -0.06498037373018166 0.8836657595936015 0.08536565423684064 -0.4556589529774043
326 -19.511678127965784 -20.94567557298373 -8.751178024561346 0.47138782711446964 -0.44916152532249176 0.15116156790659563 0.7437725599982096
327 -17.907361345438087 -20.846170050648208 -8.208999409690268 0.8854499420695948 -0.3184894982714406 0.29470373285161816 0.1664107851765576
328 -16.563887434398513 -21.474033018298314 -7.577442320483346 0.9111401940517706 -0.2769456769142437 0.18800031822910251 -0.24037578739874862
329 -14.942426347124183 -22.630293900012894 -7.225054282928405 -0.8268168811668289 0.1884017602868096 0.037612182203849445 0.5286434956454549
330 -13.103150395755167 -23.22521391338948 -7.607899020123042 -0.7982383818517474 0.09953340521630921 0.06576326780811385 0.5904098403583243
331 -10.344629341231167 -23.1571100910964 -7.500498487370927 -0.8180510697720379 0.14456741979326163 0.14912307385216358 0.5363347995646155
332 -8.330363488867718 -22.828204635403317 -8.03048977404796 -0.7081455032274246 0.2572452205966721 0.15517871128619803 0.6389635437976872
333 -6.798143351184197 -23.313998065370942 -8.480196725005628 -0.10104842838256793 -0.24192307268583085 0.8201169424094394 0.5085967388773215
334 -7.227335700201888 -23.24464496485758 -9.240786711851529 -0.49737682726114046 0.4728203530740879 0.7266780449997937 0.03156302168382078
335 -7.57661211215692 -24.05630861624148 -10.875663367370933 -0.1703140568906378 0.3845734710920475 0.8445545755787891 -0.3313969466162854
336 -8.474997740090565 -24.951830897367415 -11.03577682859622 -0.22139394338496607 0.4454873534721842 0.8143686099020369 -0.29888042246862984
337 -9.416295168584456 -25.736575519650778 -11.318451358211268 0.11059011425917108 -0.3914059950690249 -0.6761451164168918 0.6143280517750723
338 -9.78905775522206 -25.844670775490815 -11.507543882724546 -0.15192937322831865 0.13662197764419134 0.9744581365946817 -0.09318390847920024
339 -11.055977014680805 -26.211301948513874 -11.872854440024712 -0.0463355544874126 0.09417227743709145 0.9852763910260114 -0.13496307583710734
340 -12.458775845958845 -26.572414589223502 -12.054166987682157 0.003221647839111037 -0.018052694072479718 0.9900354054418314 -0.13961954445404026
341 -13.82744442769335 -26.95477426029578 -12.09632422078836 0.05242958200056586 0.06187071727671758 0.9849495916048867 -0.15263503946432544
342 -15.186652266010853 -27.355668079882214 -12.067104996845769 0.04367958393839823 0.12328275705570743 0.9752377671824812 -0.1783388718721726
343 -16.51974249957019 -27.81327715820429 -11.935576741518197 0.16867780788046915 -0.010719718167224066 0.9459309880349189 -0.27685275986765195
344 -17.723323298490516 -28.399610940692906 -11.703111425354736 0.3500419742999593 -0.1702169492713625 0.8379589103796978 -0.38252015753971075
345 -18.352579849861954 -29.507422228048192 -10.939336420138327 -0.4451333711855704 0.10090427102161306 -0.70905684759076 0.537506276085419
346 -18.286542474757937 -30.048130205287407 -10.498941017743002 -0.4327235565453017 0.13581120121123372 -0.08518702067756587 0.8871577158230809
347 -17.379923633675734 -30.41465591970545 -10.075841283140335 -0.35333930164830135 0.6083932453614146 0.234652370242189 0.6707810835503761
348 -15.986291639377232 -30.409191122064787 -10.428940017975707 0.11412567021652442 0.48736156104664335 -0.30684950358964175 0.8095044301043681
349 -14.863778671942873 -31.405546601069318 -10.377452198309415 0.11995196232561128 0.8807330967291239 0.16517436604772268 0.4273618699192694
350 -14.573887011779034 -33.61407192726958 -10.768127552689176 -0.20346793463316176 0.737508210804751 0.335282372241617 0.5497892045463573
351 -12.112231257450189 -28.858430057206405 -10.631144651236939 -0.4439228587466656 0.8045674230721783 -0.13896391237738356 0.369178531702416
352 -11.51913204998936 -27.588396503438258 -12.145747932462953 -0.31755919758431317 0.32098895717966835 0.39703940849372116 0.799050657656491
353 -11.613648245355646 -26.623783983632368 -13.744790315979229 -0.33170425470791093 -0.027544217932057184 0.053947674771909336 0.9414368018374282
354 -11.359758072806377 -26.385537921007728 -14.186228256658335 -0.330334796275756 0.032984745138999017 0.18742705275208602 0.9244793285164555
355 -10.253250291863239 -25.828849470828683 -14.644447777834618 0.3769680913076852 -0.22344620484805722 -0.29142094309547273 0.8503179908717593
356 -9.562325448047572 -26.465980386932966 -14.488010496042493 0.737544036153476 -0.5599942694192123 -0.19717985737020702 0.3218001193280495
357 -9.343298839427934 -27.398784851373218 -14.417514864330503 0.7881326870026988 -0.4426161513994107 0.4229886079270203 0.06339122780195955
358 -9.233504214839359 -28.04573696031381 -13.741705298638049 0.632040167199545 -0.04148116091570075 0.7396921436154238 -0.22728852370736946
359 -9.496390136982384 -28.25173913536743 -12.98375291276087 -0.760220728828106 -0.3362076045355778 0.007406752643306347 0.5558543245561636
360 -9.597766089143663 -28.193512294257463 -13.287025826248378 -0.239300645036559 0.14994688569284836 0.959291546937063 -0.003295562349347593
361 -10.009499955370417 -28.262913491913494 -13.311776782415704 -0.19527635012838043 0.7950349879344112 -0.5701208624532259 0.06891093698577307
362 -11.332697613565031 -28.896285270556092 -13.150170847086697 -0.37690021959597664 0.9023717673576563 -0.20763230196938304 -0.023669497739027733
363 -12.585458981716828 -29.650863706979642 -12.958303651449928 -0.6209688682197461 0.7569045330820531 0.2002690254675606 -0.037222438662687256
364 -13.08161850944901 -29.957243162436992 -13.254119801718756 0.4972074322978067 -0.49097369437558636 0.7080958216339817 -0.1016361553951429
365 -13.115019432329351 -29.87985953136343 -13.003003739706134 0.4763811494746238 0.008946094110392207 0.849341355323584 0.22715684000817518
366 -13.690977250048618 -29.286020968219034 -12.10049215789531 0.274112076805074 -0.012409886645345864 0.9126879220993616 0.3028354683933293
367 -14.462707994186728 -28.631078943279274 -11.506603831197245 0.1584047507350582 -0.05170347401393699 0.9152171246036541 0.3668954899582065
368 -15.303085295018018 -27.80197927001006 -11.051801437667818 0.21481332981165435 0.07889043721628979 0.9218684123149831 0.31271418680146745
369 -16.15942997864721 -27.089455844709907 -10.663152920593447 0.18410047661802695 0.13110212625248913 0.9326470484128738 0.28122718589753176
370 -17.095927131572083 -26.388704207175834 -10.367461252461196 0.2849327563752238 0.2678906687534783 0.8930369031640414 0.2225601121639023
371 -17.904498142718115 -25.787990300444793 -10.005194481828815 0.1718259182418268 0.2485188887187225 0.7511261047698259 0.5869614897961092
372 -17.900792614811035 -25.71765156094596 -9.970883774232139 -0.38599503146186237 0.6708202250141965 0.3065938672812155 0.5540832626457858
373 -18.009271574843115 -25.94974016535142 -10.872997957163667 -0.531908730086746 0.45554194998422604 -0.19222145478797692 0.6874631240883153
374 -18.579674547335458 -25.23960011615829 -10.41139527371542 -0.22425997932544792 0.22673372758489105 -0.6791505128884392 0.6611004910690803
375 -18.751438874429713 -26.33952778052614 -10.344195692471413 0.015589573817894926 -0.27626104948344765 -0.26838908092564445 0.9227156110993073
376 -19.342765466774832 -26.025133081914305 -10.786167948830915 0.30939916830777037 -0.5688574816005791 -0.36014527946727637 0.6715420299243687
377 -19.141211714177498 -27.20255276906096 -10.5506070097901 -0.08823936099268649 -0.8249570269685964 0.2302745314776798 0.5085600839423612
378 -18.667273656271107 -27.98583871695923 -11.343508988461798 -0.40882689464337085 0.8739396902087547 0.17097933549949135 -0.19963981297886293
379 -17.479280255158578 -29.557473283225946 -10.476048063617403 -0.2921422871516667 0.9380840463009782 0.10619524147765828 -0.15288484823839912
380 -15.381127076096794 -30.67231877428757 -10.186416265926958 0.6620109895626992 -0.6245182838010973 -0.399980079119711 0.10832497036111256
381 -16.586742035750778 -31.491402261652798 -11.091348207803723 0.8964210763514774 -0.032881578223091346 -0.40928272246395697 0.1668403691523948
382 -17.53729882104739 -31.573626842805893 -10.632188061802719 0.7213484058456375 -0.37363568674895686 -0.5573992816970826 0.17134436592770555
383 -17.597160226878174 -32.19714347750674 -11.161677121935497 -0.6433680736260958 0.6542910272729165 0.22115320855877285 -0.330260551402914
384 -17.721935393350712 -31.026267642685042 -11.297152611764302 -0.5681989228177033 0.7154432741928336 0.12687472763491506 -0.38625601485103633
385 -17.73253497749086 -30.797094373788113 -11.31483440109338 0.9235233046528495 -0.11831512097394664 -0.30220004021276287 0.2044049255947701
386 -17.694999167158812 -30.62288129917622 -11.37411530331341 0.735466364615552 0.6186841934085668 -0.2628280554839202 -0.08509117813331349
387 -17.664581460929444 -30.484132096040735 -11.338403230610355 -0.0002043572165707589 0.9794167325880474 -0.13624109556108452 -0.14893349537627745
388 -17.578903515251447 -30.418755459280508 -11.36055443620192 0.7583802872721078 -0.6111142261678122 0.07828371750138448 0.2127684234715145
389 -17.255060287776264 -31.254308495851454 -10.913073370664922 -0.5652426934823045 0.7617702828167724 0.15263085461094617 0.27732752460377147
390 -16.898737191053502 -30.51187680334228 -10.232985753724947 0.6833920633931331 -0.667018300683333 0.27325466108798974 -0.11573143237030012
391 -16.77752994015164 -31.51166403459644 -9.857258205317027 -0.23163203636856194 0.832095979692176 -0.1183152649041215 0.48986159106275884
392 -16.324948826359265 -31.288350919719544 -9.059084974735393 -0.40917631403783433 0.7373210633920909 -0.5016227411608088 0.19315024995863128
393 -16.276712263133064 -31.56172062955852 -8.965406623743652 0.11903610609861684 0.5857666984199368 -0.5767741035133734 0.5568118299600159
394 -16.493674854292173 -32.063927958382806 -9.70139967993599 -0.13687840465445913 0.73630641595174 -0.6310962966288322 0.20207579901840136
395 -17.37061043189794 -32.46659979721244 -9.826456823208114 0.27348640079982944 0.7998906077055035 -0.276253893046475 -0.4572351592547758
396 -17.127116445988225 -32.56067104424013 -9.963192811227106 -0.2797377200851422 0.8160023446001088 -0.5038115398510825 0.0453972893636973
397 -16.683269785336282 -32.32640676512459 -9.677252897390263 -0.5778946262692234 0.3319950384931392 -0.48500524777266335 0.5662040312273159
398 -16.312039091378388 -32.97193898633895 -9.323700815398308 -0.5255729281577206 0.6806003442509001 -0.25698848561676263 0.4410364915215943
399 -15.568798835432919 -31.499210394814494 -8.752732830125003 0.8305411014815794 -0.5539419304243791 -0.05776964959084372 0.0035332780285945733
400 -14.59499559864037 -33.50280925093007 -8.389931674542801 0.8137784887793237 -0.5045798321541921 -0.2660542512960515 -0.11126050310233179
401 -16.151905742816677 -29.5498587515927 -9.743562051257081 -0.5373713195967782 0.297639823629651 0.7716933798656698 0.1647177213781983
402 -16.925698744007576 -29.062007956527797 -9.974979143109001 0.9591790582516249 -0.2695151150287783 -0.07127457428472288 -0.04750865229703118
403 -18.70348329308244 -28.225855027580433 -9.693298847717488 0.8282788609092855 -0.5366223805769875 0.0790571630113425 -0.14050094025058896
404 -19.65537011250966 -29.270506610524826 -10.012740940605276 0.06192751415796932 0.7848935687796342 -0.47859028677691395 0.3886623291256489
405 -21.04542704491601 -29.64250113250817 -11.113892456983328 0.20236856713676019 0.7842728788574014 -0.2825118083160423 0.5139553411394101
406 -21.487634228133498 -29.456495864025808 -12.305185533177381 0.2969932570377116 0.887337343784215 -0.3361765670462683 0.10683051703090354
407 -21.527308155475744 -29.304823592015147 -12.543449726334062 -0.6393282312108436 -0.351696434770776 -0.14826523541586734 0.6675226217241006
408 -20.703034317867004 -29.076592168358168 -12.056317268065332 -0.05711721086906711 0.363365617240489 -0.4552952567651254 0.8108077957180453
409 -20.603344195297574 -29.0031022655544 -12.094497675924538 -0.03577935310915306 0.8144239569500946 -0.5735076613105595 -0.08076149240159554
410 -21.41121070108382 -28.90363839230838 -12.006048100169576 -0.42644680373289034 0.6747455611432375 -0.5997790509554539 -0.05591637808794035
411 -20.76175377423842 -28.213544641315327 -12.698402008318835 0.07110545837666006 -0.024216299362186604 0.9779952125865404 -0.19463542532655906
412 -20.79234935796139 -28.08299313427175 -12.810166812960324 -0.05450144877102094 -0.669922583645394 0.7349385730667386 -0.08999232090776141
413 -21.257923434980047 -28.535647999453264 -12.676231574998654 -0.3543921657705093 0.7433685875953051 0.3227334186355213 0.4665323957806974
414 -21.76202055003467 -29.296568779890197 -13.285437841681931 -0.1545353734682414 0.20107885447663387 0.30178076989619357 0.9190290961391029
415 -22.435852984514305 -30.438585816344833 -13.011090289149566 0.84434654509622 -0.35053918832014375 -0.3572936487218439 0.19116076432929924
416 -22.674998381431095 -31.125921814996428 -13.0095643427779 0.6451666906504252 -0.6417715657131621 0.22088027158137719 -0.3508576696374041
417 -22.677303716947538 -32.456132326590776 -13.164855080507586 -0.46478584258409766 0.6269253786861085 -0.16509329087696115 0.6030612700216103
418 -22.396572183961464 -31.258562619950567 -12.649315792385451 0.8478775238895457 -0.4970721807797148 -0.17122232405337204 -0.06859932451264503
419 -22.053991875139012 -31.03400821442961 -12.78954693828666 0.6971518235912516 -0.0287695410923691 -0.45964174852318496 0.5494370859191017
420 -21.658370393375446 -30.855215783698437 -12.89778615878705 0.8055291093168088 -0.16681550139359672 -0.4457790054856484 -0.352953992478193
421 -20.894780978402686 -30.622612667761985 -13.532097951392329 -0.45125350328665165 0.4982611950976868 0.7344832536570377 -0.09295379136279877
422 -19.956947928151 -29.990050188598364 -13.084378908762744 0.7375144489719601 -0.27487382601920846 -0.6059845927707247 0.11532341762038158
423 -19.66595684246129 -30.271758950482376 -13.720584592496728 -0.0016598179413301409 -0.19726589759808305 0.9172530190581201 -0.3460206781075177
424 -18.48923663502729 -29.24813960055744 -13.73664958518117 -0.31784839205282467 0.763644571754235 -0.5293162230653299 0.18879540169076284
425 -18.443786264704865 -29.16142827663967 -14.285473857366142 -0.4604537628207579 0.42707562188140297 0.6352314406989661 0.44952170386571294
426 -18.251602360419263 -28.480665334877738 -15.421144498631683 -0.6029485008060378 0.4238679441147611 0.6068666527072729 -0.297492751440343
427 -18.153205982280397 -27.713217264285838 -15.68154902267507 -0.39744212618415253 0.4583810930833994 0.5897616681003575 0.5330175463128376
428 -18.71668793553359 -26.380060539976217 -17.00213898990411 0.686800771834513 -0.6244825600142047 -0.1804043976437696 -0.32523912027369833
429 -18.503721475607964 -24.561228137489497 -17.16134266643262 -0.4082296951573425 0.07414559874145782 0.8471214327101193 0.33201840976392777
430 -19.22820153461914 -22.75668490519642 -18.34103996473939 -0.46635162770067196 0.35089579193739623 0.7190045994464169 0.3773866565161757
431 -19.2720539398102 -25.276315462302563 -16.434452970064882 -0.4965166446830061 0.6848597913862527 0.5222719101829792 0.10802934568406594
432 -19.641939227253026 -27.60377450427273 -15.801090281614178 -0.337936289244776 0.16377197677703761 0.8938996532929232 -0.2447880999493307
433 -19.952633316922615 -28.801801033826823 -14.97727625370233 0.020086010292633898 -0.622676402483271 -0.3816316766461644 0.6828088410098775
434 -20.784264310539186 -30.008825800961556 -13.737687456973998 -0.0971847605271938 -0.6445088638012445 0.19260144782419372 0.7335312734293779
435 -20.71724282150814 -29.623594470619405 -12.574659549201677 -0.3333726342706432 -0.6405081112971874 0.37499868042986284 0.5813673844978077
436 -20.881083329331936 -28.746109731000182 -12.043402394339976 0.3225983564868556 0.8608124586744025 -0.26045559506697735 -0.2951187801228771
437 -21.60493634171431 -27.859741711824906 -11.750551825787003 0.5422686425444039 0.8316297882506383 0.09946184876759902 -0.06666299758470728
438 -21.739747738119437 -27.701887381241956 -11.858739186794281 0.2039255916388569 0.2536851084814376 0.7581572235293019 0.5650272942255476
439 -22.146148095862646 -26.566657735229253 -11.872662822026802 0.1717187776669198 0.3304264050454548 0.7286777648358049 0.5747693165777121
440 -22.202840023371643 -26.377988817233845 -11.870698509504834 0.5904179010422983 0.7329359739015454 0.1815889323633047 0.2850210868215806
441 -22.40598239902486 -25.216326438029213 -12.181144065778248 0.8356049311989429 0.44612647227659 0.17916592700143782 0.26577272300175897
442 -21.82667258175896 -24.283910669800356 -12.0748213707539 0.8834483071734248 0.36547929913910226 -0.03071891500274769 0.29154814133218926
443 -20.962610926681606 -23.616828646685327 -12.376362504447414 0.8128794704724683 0.4485624974148964 -0.10187533289860803 0.3572675033418352
444 -20.72205284963599 -23.68389148536536 -12.5056992030225 0.8866346383571323 -0.35152969544398943 0.12771907110457506 0.2720178857401766
445 -19.707466432516288 -24.407103056025377 -12.036685301398713 0.9243454586456028 -0.24986088103092255 -0.1930506320835252 0.21421126642604735
446 -18.514747603149388 -25.37202377179906 -12.509442947785788 0.467231778931177 -0.6763343432271383 -0.24860896894170936 0.5123084046646698
447 -17.326898774946308 -24.994975711349547 -13.661033051247967 0.8542102157334202 0.21977096041617794 -0.3353637088752643 -0.33099367828380083
448 -16.615696726256072 -24.72225553541875 -14.724751717605894 0.7463487218114079 0.3237667275364122 -0.5791662207835446 -0.05201134774398291
449 -16.148238357290236 -24.377851740821878 -15.911386342100352 -0.3628809297373051 -0.3100605170323683 0.8584601751766177 -0.18768599906849526
450 -16.178034607299292 -26.590123743831562 -14.693332278046364 0.6042876501310064 0.7505279467265644 -0.16706271311053492 0.20888821644530095
451 -17.411318933990483 -23.964950567258896 -16.174558487226257 0.007196415797224479 -0.6029020902577337 -0.33499205654161684 0.7240425424079345
452 -17.129148175827492 -24.782614966828685 -15.749288438352055 0.04184373325199238 0.85579627669656 0.25430530201085466 -0.4485428052583246
453 -17.434265947076074 -25.150758473906127 -14.703138114134596 0.45103626522366036 0.654004476271995 0.38536054979171475 -0.46940566585152177
454 -17.24003896017138 -25.356516849780782 -13.661736670563847 0.4339423549026569 0.8832612607797887 -0.00716614820907626 0.17746048615699941
455 -17.735591563819497 -24.596474758828624 -13.801375959723753 0.4820150906492342 0.831489006387024 -0.1411029126863637 0.2374393663134928
456 -18.066784462721102 -24.00463119294674 -14.276197535751338 0.22547594713147492 0.9585805210220627 0.011578012454987217 -0.17363735660803367
457 -18.910767302764675 -23.646450472289633 -13.917646875587982 0.37840845999321776 0.8643742133453315 0.19211748230910844 0.26973158825100224
458 -19.535074508473098 -22.935300337109897 -14.240384462928501 0.1827202187785719 0.9426646976155699 0.08165281832886945 0.26707565740405453
459 -20.34534140816684 -22.63392166522455 -14.770654597841915 0.36176548155385174 0.9215885623249963 0.04982155860480578 0.13159813997941827
460 -21.031197628980706 -21.968117505935776 -14.934724346015285 0.5539711856106182 0.8314246851985854 0.011317761629076613 -0.041482847386660186
461 -20.996166184685706 -22.02786924591968 -14.92293921950138 -0.297216788627772 0.9415862522611264 0.10198114850688994 0.12115013602904322
462 -20.995479671592125 -22.090330421616994 -14.914197752171505 -0.38056204633422946 0.8236761432008268 -0.1587316375441433 -0.38927420573969307
463 -20.959361790850416 -22.102317843048816 -14.84218333940435 0.27127105545390673 -0.6235634996403985 -0.492208260480137 0.5434258042311353
464 -21.326989667845428 -23.018983951014775 -14.378418477765832 -0.08853807680252145 0.8490243294704989 0.43785576204114457 -0.28213654242342784
465 -22.249725131607835 -23.483214121194617 -13.997522492384594 -0.05618521284674849 0.9187021376191689 0.26572492908070566 -0.2867400674066802
466 -23.160907771627766 -23.760744994660307 -13.580370194048863 -0.10698916293108908 -0.816435473898577 -0.023635293086884196 0.5669460370229247
467 -23.214381101404683 -23.737366842566427 -13.697491575184161 0.13416294322563 -0.5659257426022254 -0.4354471858366869 0.6871056009610634
468 -23.282815198435337 -24.512319844174996 -13.090429066945102 0.1339660772031805 -0.40842511522719604 -0.44956534951084526 0.7830281041761105
469 -23.008149134711434 -25.30805391329702 -12.54911793464212 0.25160344166541687 -0.27396263661691017 -0.3790578867708928 0.8473224299856652
470 -22.39987249991902 -26.05562504136581 -12.259001947537222 0.41069714077519365 -0.1300101603486118 -0.4119667210060087 0.802937505381811
471 -21.74968258101922 -26.84350715924924 -12.409674555327687 0.47918506812422973 -0.19295350453475868 -0.3874942017588142 0.7635436196955816
472 -21.080864078062067 -27.619354576220005 -12.554049479496879 0.42141263280409236 -0.17869025187165616 -0.4651339780120228 0.757714701782853
473 -20.540919432451236 -28.47978985998064 -12.691949909227835 0.28708728813218076 -0.270673862812304 -0.3562760900587275 0.8469851808831377
474 -21.137168513962724 -27.707418640272778 -13.004212900953377 0.20874093148021974 0.7367543433677122 -0.5075522143528008 0.3949822917032469
475 -21.792331083694673 -27.827736198648395 -13.765043633094125 0.3584900547362852 0.813752157137649 -0.39624833230280254 0.2286472535506275
476 -21.790865578268882 -27.816514653502573 -13.7868734796682 -0.3867773113264443 -0.38998002180035085 0.7601144212797925 0.34719585337697795
477 -22.314959776339595 -27.05901176128117 -14.140361381714017 0.015159295472165626 0.8353758947811274 -0.47937456832577596 0.2685467062205243
478 -23.133678150011743 -27.31424692037 -14.483589566120186 -0.3695881465585348 0.8306662530269366 -0.41614609009356146 -0.014852935920391113
479 -24.091976135304854 -27.99275222802343 -14.10664949003008 -0.3388482313924252 0.9359458112804087 -0.056353384592421556 0.07753457598942502
480 -25.0193599509429 -28.62620166156773 -14.273775711166348 -0.3932403905305529 0.8855489533248728 0.23014851501866118 0.09053567007154766
481 -25.950685228682858 -29.30169048482236 -14.626480083726337 -0.6477630991036282 0.6742638836186541 0.28254727181834954 0.21433203651148064
482 -26.080081074421525 -28.62683414294869 -13.732679974034735 -0.40278271112389863 0.8094874548005176 0.08899686971796836 -0.4178225763654501
483 -26.487749208655455 -29.118439610444998 -12.988177379276136 -0.6370416871388093 0.3390515679528432 0.6792641715068196 -0.1334994697487966
484 -26.527108110455774 -28.36728604155061 -12.122516781703943 -0.3021213698776013 0.148402838252961 0.9405628969620542 -0.045174243990282
485 -27.216243811113042 -28.10594947975267 -12.492828062962465 -0.6482437039668547 0.25139628130173947 0.6709731561575523 0.2576335260228368
486 -27.423939907962975 -28.292115423581226 -11.515360239735058 -0.49500930139160093 0.4476697175732372 0.7286657694719071 -0.15363532114591794
487 -27.45834951304453 -28.196755681022605 -11.393700661141706 0.1500572151815033 0.7246026404611146 0.4877360509678434 -0.46319260593736217
488 -27.957138172627015 -28.30691045872515 -10.641498800299837 -0.08665849809776169 0.6480445732523511 0.5994279511736882 -0.4617517375574574
489 -27.349218203613397 -27.559983928580362 -11.177307599910492 -0.49523462082741837 -0.4210512890633037 0.7371473118351046 -0.18458689814375007
490 -27.578035580358222 -27.42868392728555 -11.930368219544066 -0.28493307712975297 -0.40159579504371296 0.8633094949971007 -0.11059238133084777
491 -26.58046526831433 -27.534921807585143 -11.467938266522435 0.6579787265960692 -0.38790668555443714 -0.5819106891988484 -0.27923529226318405
492 -26.37372628010132 -27.686980001676897 -12.343524055211201 -0.2293202042241664 0.5614150301286355 0.7864008996687707 0.11746928483819055
493 -25.30835671849612 -27.59110877467752 -12.069337338831374 -0.6102469513983096 0.4212906429116114 0.6135298904613797 0.27146625207313696
494 -25.36502681465259 -27.806068761004987 -13.201338601592266 -0.5745060142071681 0.41371372004109336 0.6822800510821823 0.18242184459336472
495 -24.446521789224317 -27.784770855943474 -11.470767552606702 0.7097033666475797 -0.36550907890205114 -0.5998055808141178 0.05438299213450366
496 -24.021401343939456 -28.039893331389745 -11.450247605927006 -0.6256904025055317 0.44943982470415805 0.6258596657032148 0.12171706136864847
497 -22.893888807789082 -27.404457536913913 -10.324780062969241 0.9210285606096404 -0.3368072747628436 -0.14914936111216923 -0.12657692636491708
498 -23.22041853967919 -28.858182352666713 -10.696739455003303 -0.590165978320215 0.6712896236334683 -0.20720204238407208 0.39767030674573606
499 -23.220906279704696 -28.88188773815729 -10.499915076502992 -0.25928668047826664 0.3265210247088272 -0.6243534935623508 0.6605582130487386
