# time x y z qx qy qz qw
0 0.6627204406865265 -2.2593901168375967 -12.84589629094749 0.00026639752524908037 7.898453937871995e-05 -0.0001354346436534156 0.9999999522256282
1 1.7526448738185747 -2.1725400948428577 -12.852108507551147 0.014975248910339276 -0.014048223493918925 -0.013436831920608863 0.9996988751042364
2 2.737826496368733 -2.220241031373483 -12.92805185544182 -0.054645872064844905 -0.10067878566291417 -0.03617879345901498 0.9927581305069043
3 2.716735608904133 -2.239592722092971 -12.867346735477856 0.66395430466415 -0.250508161353914 0.013719938732935687 0.7044303412646212
4 3.5495983167959144 -2.5558178424341533 -12.442594369679975 0.6127829874208315 -0.10056407031199537 -0.15534299952135036 0.768278875532573
5 4.388685324153804 -2.8980394362530686 -12.494603041569297 0.5520473499486467 -0.13106019430416654 -0.20140003125172257 0.7984390874045659
6 5.365091677164241 -3.3295191140930567 -12.567579803231276 0.5079713810285809 -0.20544593281179424 -0.050872570783472994 0.8349664821349948
7 5.396214184414065 -3.3329516208075467 -12.57165290290514 0.3465620918610633 -0.46852156211313173 0.5731736099374857 0.5760679432073845
8 5.305292798627577 -2.930786304635992 -11.698489660846917 0.35153505072124946 -0.3711998949030323 0.4982105667631821 0.7002999195372613
9 5.279463738003337 -3.0323432546087883 -11.709328942967351 -0.17842848730663385 -0.6395796641559729 0.07647132813900567 0.7438099650369416
10 5.2700173347452415 -3.027629274920364 -11.747974474461087 0.47031062910456933 -0.4323356728810935 -0.4765088098440223 0.6040141821569673
11 5.522419037029099 -4.011740474286727 -11.683439454845818 0.4477037702860584 -0.32161543331550935 -0.3648693984842343 0.7503300401654452
12 6.0933606975389605 -4.801692887909881 -11.487460591064819 0.45487639882889136 -0.37960195772648414 -0.34409414517322073 0.7284154273051817
13 6.085555445461842 -4.758262427917795 -11.50101282373573 0.818735531416967 -0.5489756863919013 0.06361900773088433 0.15572555089405052
14 6.467032233011543 -5.55907330479959 -11.22331102555275 0.785721360165415 -0.5741624761790982 -0.08711128504357145 0.21305168186558518
15 6.7746617989609605 -6.417382107218562 -11.034925038278406 0.8396074739431467 -0.5071215082231881 -0.06833537761383694 0.18225625301377596
16 7.285148647555421 -7.257111634310811 -10.993068049807153 0.7356721926522833 -0.6327388954280212 -0.18760749964262613 0.1524183100829816
17 7.316920589173033 -7.2748363082365985 -11.01775225502011 -0.16836359227719694 0.9783048292778702 0.07975324821276844 -0.09062439631041716
18 6.417771445328381 -7.617607694449295 -10.883238802107941 -0.20017580399443338 0.966134121165684 0.10679848995105899 -0.12291700435158255
19 5.5450140322387576 -8.024141486795129 -10.747389964370527 -0.317940027522981 0.9375617985547099 0.06853002824334682 -0.12327062918031093
20 5.495588968859579 -8.034649684404753 -10.745822209456689 -0.0371741195743147 0.673681691223566 0.7198392883887363 -0.16310261382340935
21 5.49429552175541 -8.025060233634868 -10.67843445333478 0.341248020572802 0.6772153769505491 0.5634172487220461 0.3278568674274647
22 5.533769922726286 -7.946087015017666 -10.617800049662302 0.41344915578156455 0.9097101045333317 -0.03427711874584517 0.017674852869253573
23 4.878710510923871 -7.204555618393696 -10.62959148949232 0.27372212934065127 0.9598705668155867 0.043337834765671726 -0.04297118741863474
24 4.045370099018303 -6.672049988368181 -10.478759357658308 0.40247956869705226 0.9064669074013305 -0.0916162581353594 -0.08907527049062564
25 4.074957695594278 -6.667673473737352 -10.446394615203364 -0.4418967097362235 0.8859675364795131 -0.1234710405928036 -0.06740715365339889
26 3.5389153962738074 -7.3858009059333956 -10.152134142515377 -0.5594407669277963 0.8113511590909298 -0.1431135833839154 -0.09085057617901503
27 3.1372479075272484 -8.217635802740144 -9.782038217236181 -0.6005640492687166 0.7660508216504868 -0.20377735351914494 -0.10470793459576162
28 2.86893715326297 -9.104022577394359 -9.421129032116973 -0.6617131466406106 0.7164639614721302 -0.20824921703800556 -0.07380628074698009
29 2.903348572023176 -9.108366909848444 -9.25999984606412 0.451771196089114 -0.27493937574139643 0.6965247606440012 -0.48493750510860717
30 2.8176747374100675 -10.07183290055246 -8.842575699659436 0.39940690374439936 -0.24216716886610018 0.7672775402516023 -0.4394477941577829
31 2.561640640999402 -10.85853415032751 -8.413256943041796 0.4002804328344406 -0.20503785983633324 0.8068098087114934 -0.3831357248946295
32 2.1055052743280473 -11.630285002784756 -7.884408878101373 0.5959414680103775 -0.030746901159062288 0.7543988800454374 -0.2734789289158141
33 1.9156706645702979 -12.11642104559383 -6.958255751264713 0.431775616811789 -0.0399350850489012 0.8046997759928407 -0.4055037314575638
34 1.9154578180876531 -12.109056817427213 -6.944967569738438 0.1064894380644827 0.5076275667811138 0.6975604995198569 -0.49435169923264616
35 1.472911512178195 -12.664712190835424 -6.186378168740412 -0.13881921732624758 -0.5996202532894347 -0.5808467500166827 0.5327305414007169
36 1.0513236171948608 -13.109667785606092 -5.376025954731616 -0.06875787642529535 -0.6160236400801679 -0.54346831771893 0.5660648522277455
37 1.0758325090347953 -13.080451481152505 -5.385015494155092 0.29503339337138 -0.7948495168207714 -0.13891881194177744 0.5117334326524312
38 1.1274036129812945 -13.090365577929894 -5.4339973496276155 -0.5510983967339063 0.6689905921208467 -0.4745998061400224 -0.1532878624776624
39 0.7311739797115228 -13.698813572715625 -4.836719977099404 -0.6263162702033823 0.6264816429496672 -0.46388088024593505 0.007950450796382217
40 0.7668141244035809 -13.74441694861976 -4.860351912874271 0.7205880786676064 -0.44676356561026787 -0.21261534176871952 -0.48574669712711177
41 0.7444813294321316 -13.688371469427157 -4.812719875486452 -0.1146936098615952 0.8799479984403804 0.4566989450115784 0.0629521208776623
42 0.7919581551584823 -13.671905666265522 -4.873781893740114 0.744084369583013 -0.48187326081886706 -0.36450567105639997 -0.2850828427278047
43 1.0738820322818927 -14.187229326588863 -5.6603337558785976 0.7708997418168912 -0.5116519267315557 -0.13330651339966845 -0.3551834278563137
44 1.513657191215644 -14.958903356222057 -6.231026104735769 0.8803459855574818 -0.3948865875070891 -0.19331150054462937 -0.17800615853676455
45 2.1664156886028083 -15.648548570901053 -6.724765181198441 0.8958562620195145 -0.370476342552782 -0.22163695673250294 -0.10519456649224515
46 2.69182731658832 -16.223786566801156 -7.206640489138714 0.8942958218995489 -0.3599521105954366 -0.20194776480950524 -0.17287730128430867
47 2.673520355193167 -16.259896439955067 -7.173283125174692 -0.49605329952021693 0.0788181605337769 0.796392508869266 0.3368646514879444
48 2.3968351198425863 -15.821947597505911 -8.041572429838462 -0.5206558371716498 0.057085716830704944 0.7636611785451095 0.3774656600753338
49 2.2682223498780507 -15.28285792983212 -8.843349905638444 -0.6600653106298647 0.04394360087233851 0.6768814608483534 0.322822294157748
50 2.2434063858685476 -15.279340511411062 -8.838382542073619 -0.05704843456932525 -0.2026723068242025 0.8860496489441245 0.4130198926997823
51 2.181614882775836 -15.339501983045752 -8.871642508220754 -0.5824340852728577 0.10610042227810926 0.5854694954850708 0.5538399647562747
52 2.4427757736375115 -14.794059221988013 -9.62798266049226 -0.5923768201176807 0.1466854605783552 0.6359845010406879 0.4723312323763992
53 2.6609656252173086 -14.37116356026458 -10.463497150695341 0.5998508729479974 -0.23739975007694666 -0.580780103556908 -0.4965025278881828
54 2.6934815410632673 -14.355874773713323 -10.5101386503067 -0.11787730300928013 -0.3117710943788745 0.83575009685535 0.4363777053784148
55 2.7250208522193944 -14.374914662960819 -10.55455650719182 -0.29876886598046254 -0.12468431482604848 0.8523753645029323 -0.4106668045333107
56 2.2794354301952042 -14.99477630999357 -11.217335065571714 -0.12715647319226514 -0.13784262459349048 0.9060140157895364 -0.379432794264545
57 1.6296772110958484 -15.59411550547123 -11.521828422607868 -0.10928691949668506 -0.02146625509688244 0.9502177576010126 -0.29100134408408546
58 0.7415084244541283 -16.056233849368056 -11.67423402818375 0.01070849709493388 -0.07273440655794973 0.8975123188796601 -0.4348179753090778
59 0.7217346186396106 -16.084161613806156 -11.652136449839514 0.6770580315282126 0.20663515042659306 0.6243928836636261 -0.3301936755626045
60 0.7403816255126688 -16.08667797234544 -11.614057940051175 0.3647122927329127 0.6223789610151158 0.6732437104058007 0.16239543963510225
61 0.07541430364202417 -15.450619897068542 -11.327209038596044 0.516790587599756 0.4803205184829155 0.7080062518936535 0.03077069014667679
62 -0.05685293521165821 -15.475248511941908 -11.323001962569114 0.8943767311130274 0.26066823162552616 0.08505492711552962 0.3534232522601878
63 0.7197678724323622 -14.95124074823827 -11.324355354364698 0.9505920185232871 0.18335626245248532 0.023691325021378395 0.24938728206949284
64 1.5709768662990709 -14.590571578871206 -11.394507932288876 0.9005651802790523 0.24891596006594532 -0.009610799943653887 0.35627353735276146
65 2.4498161231221434 -14.23298112490176 -11.50607324536614 0.9647494146116252 0.07513421703096616 -0.025626504018928783 0.2509117349376829
66 3.4928025631618547 -14.108363670297274 -11.60919999772552 0.9524743014208908 -0.006059948376723616 -0.1593254731511033 0.25955996564114964
67 3.519554996839959 -14.036370086611335 -11.754225001097065 0.7631085980276867 0.6021819830415907 -0.2310557671966923 -0.04068610772074216
68 3.759061165274834 -13.218698472573282 -12.130926044688374 0.706469236608348 0.695515658885745 -0.09989638639588719 -0.08473427851695796
69 3.839901636959027 -13.1646754227038 -12.069527147856947 -0.3982585232994621 -0.4464780207949334 0.5733587755568643 0.5597385461608879
70 3.823079831411643 -12.271367793198804 -12.022163592556765 -0.4251813824225089 -0.48535208602927615 0.5084911943056912 0.5701673876519827
71 3.8597585920264743 -11.260825602753522 -11.822984899013655 -0.48328234128486103 -0.46773940799797525 0.4126771040579035 0.6142927906090944
72 4.149863700290329 -10.271862653706997 -11.602285050813562 -0.4716155351782568 -0.5633891007636019 0.325972400110436 0.594906297231377
73 4.100207580221459 -10.303314320399283 -11.635686848694709 0.695247408981136 -0.0031160325198489485 -0.6716457438641265 -0.25595570983190885
74 4.118606750116568 -10.320564061727492 -11.642026685929592 -0.2322006481698514 0.49940854094568937 0.456791350192685 0.6985811553492856
75 4.199656105015727 -9.810828191828607 -12.576696421354942 -0.274315873551906 0.43027518273760024 0.4643260834543735 0.7238890501047115
76 4.408732640497468 -9.304799176508793 -13.462580644316317 -0.2468276417629002 0.5311428230328196 0.4944399480159246 0.6422558326776812
77 4.4100352176445226 -8.889278428176219 -14.28597018340236 -0.07386590755073828 0.45129840574017593 0.48714001113927474 0.7440216302133351
78 4.52239946042075 -8.217369865591033 -14.97000166759676 -0.16486260050869467 0.6091534590710239 0.3818684462751351 0.6752250558108245
79 4.594248203861901 -8.173161429738538 -14.953470931533419 -0.5469330373098936 0.2188036772777649 0.7428475347664381 0.31806719981810166
80 4.365981053604102 -8.030217026976121 -15.835315957485491 -0.5162637444926962 0.3351845135001772 0.7144702915927141 0.3326488996877205
81 4.059248872106673 -7.9271229979147275 -16.768232956650355 -0.5841398267026618 0.3924942466245979 0.6301345840606583 0.3281148201423919
82 3.8937031151110584 -7.953585955825015 -17.756189529886477 0.6376707911819314 -0.3681155982045945 -0.5370361768386985 -0.41165399694203975
83 3.8989884151993475 -7.936019277807567 -17.757044930822712 0.8303292596184388 0.08372862578942845 -0.5393143197683374 0.11261839253747241
84 4.247822651672232 -7.798063541844567 -18.769083852689295 0.7873354116745727 0.11149922125088714 -0.5953722962867156 0.11490301126585077
85 4.451119782866534 -7.721376330398675 -19.73013475459746 0.735823767199345 0.1379893178810486 -0.6506395082874971 0.12724213936699957
86 4.5622544346409875 -7.754782793986443 -19.7489764723206 0.48597764252486025 0.47352737783239457 -0.34338934670150756 0.6493699330744128
87 4.720138723030912 -7.764280451931871 -19.79991790721493 -0.11900306567142895 0.44733078886699634 0.08178684105290523 0.8826348895908314
88 5.324625422212643 -7.760276757431443 -20.58930855325526 -0.16399884020664138 0.371901753089855 0.1797050712579999 0.8958233943270996
89 5.977743010547219 -7.5641740732151925 -21.35672936160628 -0.10084402501174511 0.3474485378158636 0.1391342507548242 0.9218197526935197
90 5.996760168688011 -7.557680202945054 -21.3645326654567 -0.12943321307119596 0.9437448309001837 -0.09428293339998194 0.28931551284496365
91 5.1744166635111695 -7.8132733249333 -21.72496628365242 -0.03491585088937658 0.8648532840578501 -0.32394616618969 0.3819274300466303
92 4.468361332161916 -8.118774582442182 -22.400528934887408 0.0055193383909530914 0.912111717657343 -0.29626589492699473 0.283281257620415
93 3.6292243049086084 -8.201171498106476 -22.99034875493486 -0.013895208948513028 0.9146096163697138 -0.30055404269915387 0.2701174563583714
94 2.7596071823535886 -8.437776657330378 -23.416927495214484 -0.11761195878086934 0.9247092303260342 -0.3304657360344729 0.14789409659872976
95 2.7651607662888433 -8.43858395244201 -23.36848747929401 -0.12906562975771493 0.8677142361408756 0.4361685150441435 -0.20042727882672942
96 1.874152020629413 -8.819633488808977 -23.142960406268596 -0.12077871336203538 0.9074641682536599 0.40034545807868616 -0.04055613307591586
97 0.8710269687521447 -9.02398019759235 -23.205678238269652 -0.10211580592019696 0.9272297280251586 0.350396144779847 0.08390432271986682
98 -0.10378737094126263 -9.165833499221517 -23.382696500997696 -0.07921808687363344 0.9042567313252914 0.41698659720747877 0.04654499236554925
99 -1.1659207414948882 -9.280751577746493 -23.551277874885017 -0.03801588193120559 0.9070913755255877 0.40355490131299904 -0.11350537782125189
100 -2.0427146368009126 -9.46593373503652 -23.36226946340944 -0.0176222666544012 0.8802075576832487 0.4521382413132677 -0.1431611744063202
101 -3.070023731733037 -9.714372066673153 -23.148327501570012 -0.12269372722359827 0.8961888911847288 0.388932967804946 -0.17470794822075036
102 -3.96085460112335 -10.054784072086147 -22.99161567330015 -0.08522700712774552 0.8616251531228296 0.42379380898028757 -0.2659647725396861
103 -4.667574325661016 -10.436501947224171 -22.616336935688125 -0.018172259531614905 0.8091887681142953 0.47836661084086174 -0.34065920239120506
104 -5.502370235752242 -10.734279565328936 -22.053426752783924 0.10769853649414783 0.7791241723285459 0.5290673462405437 -0.3185189044191338
105 -6.304419031798392 -10.891320919948473 -21.377440748010542 0.08074345770958051 0.8221951367057049 0.5629366444152588 -0.024041330850772483
106 -7.222586618507184 -10.836450183905075 -21.153297044351255 0.08377774094691309 0.8165413117516165 0.5704917851940244 0.027940997672161846
107 -8.272490803371188 -10.701170804798128 -21.071297834942897 -0.04103609754730697 0.8042737480997999 0.556442619931945 0.2045272293335546
108 -9.196271128908576 -10.57997159074919 -21.4838443689338 0.029513700801424042 0.818039987046418 0.5731583789123702 0.037802033551699844
109 -10.255692964477932 -10.480640185652733 -21.57180097216063 0.03391810142029604 0.8269207456854937 0.5609355388891422 0.020073962292898075
110 -10.221066434077656 -10.461639040246128 -21.59611889049318 -0.16343626949116952 0.9582996492086434 -0.2338287632812095 -0.016567365625849692
111 -11.15381529756539 -10.818102506028161 -21.467082404790602 -0.24278901216055085 0.8947831988080407 -0.34809996132240606 -0.13871892312259965
112 -11.196563499220344 -10.83512995353385 -21.4230050633102 -0.17212608238085714 -0.5544604549639883 0.3748536226312623 0.7227938691256065
113 -11.192865018436034 -10.795347364200413 -21.463791989809245 -0.3728816612456743 0.08945431303506579 -0.06302870849191408 0.9214035893634946
114 -11.232115685792088 -10.722934752024955 -21.448173470245013 -0.15924539724874065 0.3318384331757316 0.5650865997747111 0.7383774728941973
115 -11.058347065103101 -9.934940188370753 -22.23445915760229 -0.24311938611287284 0.31588836428297684 0.5295703027069625 0.7487741982050271
116 -10.830779787929467 -9.319601844453773 -22.9406794457047 -0.23344413138195852 0.4518036853042336 0.4542318236267109 0.7314716111193849
117 -10.6100921341738 -8.762593559813952 -23.777849049660176 -0.2105060252143494 0.49384234072991423 0.4283048395695782 0.7268850804990651
118 -10.475143505279 -8.3370717708575 -24.606266033272718 -0.16646811290219002 0.4600977634059812 0.35489139640630485 0.7966495542284447
119 -10.119836788999423 -7.945169095628365 -25.426658189722758 -0.08139645919797439 0.3529889516214532 0.4942982316948753 0.7902168528995941
120 -9.822225080012876 -7.217449772744221 -26.031664901137304 -0.18581326102316328 0.25373486957270247 0.6136299515836072 0.7242584694087887
121 -9.882040086728125 -7.224248343077639 -26.02359940745177 0.14411998061516793 0.28683721369339343 0.9464667612878486 0.033978137167660474
122 -10.760634365261936 -7.044841789655951 -25.76134954352212 0.19756322856704273 0.23483354564000763 0.9469951710223786 0.09498485469065408
123 -11.680429905551636 -6.844730844774379 -25.480203999517872 0.19923341035345649 0.28907399200101946 0.9333806997869893 0.07444961123253448
124 -12.514972995980312 -6.569255779906996 -25.126044620742945 0.23738722711317597 0.3555269872313984 0.8776283176922832 0.21683265837575016
125 -13.303861160892984 -6.078004343108362 -24.862056490434583 0.321282203124939 0.29449167880380195 0.8660715052955471 0.24489292514404887
126 -13.34655772758444 -6.136700222261857 -24.90778126437341 0.046084811145713896 -0.3922436452362002 0.744203349678997 0.5386858892527646
127 -13.770945266009766 -5.416151293910597 -24.47435547003835 0.2709595835822697 -0.4236169634898084 0.6396987795394586 0.5813046049742975
128 -13.934060154815045 -4.940570251425167 -23.67504255039507 -0.29688635440035677 0.5845484956405409 -0.5661724203664088 -0.49961018727773054
129 -14.296916205709497 -4.7106627787882145 -22.764788858173517 0.3125045181682748 -0.6223971464735601 0.3753592093625579 0.6116111363707326
130 -14.236495172975879 -4.665569081930753 -22.76170310687579 -0.07613141103174201 -0.755475556257002 -0.13598767191470254 0.6363709965418826
131 -14.274315933245507 -4.735844473448747 -22.80095707238454 0.2430500033791916 0.9661166395040686 0.0719529836954054 0.0486631571938053
132 -15.158925363244236 -4.289294546523263 -22.898594317641034 0.08050585694023477 0.9715960466365252 0.20915422193033992 0.07598974014502075
133 -16.071435968587476 -4.064177279051044 -23.04544982079693 -0.05574896075120382 0.9920427689717444 0.10966867494874129 -0.026757795892443943
134 -16.09840488726972 -4.159119805023382 -23.05261344177003 -0.02766367202309845 0.7273256427043195 -0.65803412301683 0.1929332103615613
135 -16.05831518372584 -4.131436566923993 -23.116076137214485 0.41237074839905286 0.5231547405646958 -0.36091241652009814 0.6526880655344585
136 -15.852908902762566 -4.201413085843961 -24.193057406813757 0.279011835028256 0.5961464170087569 -0.453752197662372 0.6007252188133555
137 -15.884073664388707 -4.311682839783554 -25.10787808818076 0.47985143993156915 0.5348198311155467 -0.4000061737055829 0.5689511445094002
138 -15.750497856645863 -4.161325641414056 -26.060819870260744 0.5673333895385523 0.4695436248581932 -0.3436349389414612 0.5827320466633216
139 -15.711214985292042 -4.131536226042479 -26.067459640140324 0.23300653496247475 0.7735351465081777 -0.5624920936512365 0.1759374217192039
140 -16.601341319567076 -3.9809864381048135 -26.56127315696218 0.2484615837532147 0.7822491944274249 -0.4991257956025013 0.27789652639185486
141 -16.54245004471012 -4.02415216337487 -26.552223189956223 -0.44772011441898363 -0.12001785318767294 0.873193137369803 0.15058605151591772
142 -17.05473047285291 -3.6261671883159035 -27.293718998861518 -0.4379474650948166 -0.04042672106542866 0.886432357647346 0.14424067857816775
143 -17.612860115846622 -3.2404872386193224 -28.061616336027473 -0.3860245244733223 -0.0801538755433304 0.8827712686565298 0.25549033244933234
144 -17.1300245986484 -3.63898026694445 -27.526872433732652 0.06850260614634003 -0.3309644584682269 -0.12629076868206848 0.9326417114453358
145 -17.02627774286913 -3.7152881793252694 -27.534985894888486 0.30016477773442807 0.2584591606320117 0.038555531249667076 0.917394920142407
146 -16.991848594298858 -3.679410567740498 -27.480216640279398 0.3533192556759499 -0.0561623521882314 0.6978518089405363 0.6204950817884846
147 -16.92067909408413 -2.9698433853510138 -26.872029375058727 0.29665916179147206 -0.11055366814456312 0.6370323191597784 0.7028236283242599
148 -16.788090499825245 -2.0950532240614015 -26.36405368225129 0.19966291912870238 -0.16233669681768415 0.620966789649368 0.740392977913679
149 -16.58064924795517 -1.2263944651143048 -25.761433346424074 0.2701227455342734 -0.16273467252843288 0.581002114766853 0.7503250437900458
150 -16.304930326069975 -0.48496462899037884 -25.271003860363358 0.2776591708561582 -0.05626550639944289 0.5408829923703733 0.7919502296189803
151 -16.349983024293092 -0.5422779679315639 -25.27463881453011 0.5393190712330407 -0.6527909380196685 0.1589485332109402 0.5076753829306903
152 -16.282989260141395 -1.0573715053213961 -24.468002639050255 -0.6020947420443119 0.632960673828977 -0.010051851791554536 -0.4865610622153409
153 -16.1315267516521 -1.792633432015763 -23.84994925193052 0.7327874899258515 -0.5435559010090876 0.03766357094239713 0.4076161583036617
154 -15.778723241164302 -2.5096553628758187 -23.465183217756316 0.746942004485658 -0.5319723960962416 0.19936649351173807 0.34545044940107544
155 -15.770048923824243 -2.4829253492416594 -23.523642255913984 -0.24680051751939494 0.8749827829660765 -0.40010291318785723 -0.11581145419900798
156 -15.75915680330875 -2.3968230031368893 -23.55722550835166 0.4221279643229723 0.8073357644538428 -0.35904857975387766 0.2027339698891038
157 -15.669820426845467 -2.39907216515585 -23.645766347197586 0.688478075394965 0.6914164326935145 -0.04082565968207125 -0.21511513617907713
158 -15.54066203045024 -2.440174355163944 -23.645703041680168 0.9856223235323466 0.04262049681040038 -0.06664568768352919 -0.14929996958982342
159 -15.529465569827433 -2.4156662195463343 -23.682544189237024 0.752863883321797 -0.6374903829252277 -0.12181593287100613 -0.10937487538843652
160 -15.358018039269632 -3.3642017441511305 -24.014173856650554 0.7938330364224058 -0.5996052137233966 -0.0698672450673083 -0.07362924708842185
161 -15.196966041578206 -4.266057431912696 -24.21521569757817 0.8005617767396782 -0.5540183545309839 -0.22263311588457896 -0.05098039012908683
162 -14.967954180627466 -5.135679460798088 -24.609338409464055 0.8018976053643381 -0.5568102347410816 -0.1974684086105049 -0.08904392511202659
163 -14.590368432735888 -6.0172379367825775 -24.951069455285285 0.7488184876794615 -0.640153906120934 -0.15225452050565103 0.07932471224750369
164 -14.661553684551786 -6.023988458627023 -25.001266420195545 -0.388529426594478 0.412111716916788 0.6841439805689736 -0.4595169543132264
165 -14.973358747035633 -6.9930933799725405 -25.1659628138986 -0.3718429680570161 0.5942577488504842 0.5844170195814467 -0.4087141816248151
166 -15.393481206382 -7.881303002222697 -25.036144227450283 -0.3487308015491396 0.43276388204894867 0.6881037071793865 -0.4664928066013489
167 -15.747849041212804 -8.825899960623273 -25.09127877155884 -0.2719192341592504 0.5491484281611516 0.6293366575444098 -0.47794487696094573
168 -16.2188253413195 -9.65833277997646 -25.042917085496462 0.33254761402837096 -0.60249723056176 -0.49784110230442896 0.5277910651249771
169 -16.40779079772692 -10.547902743827153 -24.83778416848152 0.3459377696668772 -0.6053218892863671 -0.4205282964417962 0.5805759397016467
170 -16.409463219927176 -11.393317339815674 -24.432547583081558 0.29563788248493733 -0.6064932384475783 -0.45281005410571334 0.5828612605568938
171 -16.385788073919976 -11.346455484658009 -24.436077361740637 0.49409883680940053 -0.0538166607446796 -0.1278674470285514 0.8582657062240627
172 -16.3259256684732 -11.215053190282601 -24.361387240644106 0.433194471741116 0.4564249536699048 -0.5620626214627203 0.5367535941890049
173 -16.334620992801977 -11.161470410880868 -24.390531057547392 0.751347147352983 0.039117786895264545 -0.03199625447466088 0.657969226189602
174 -15.36656845074733 -11.13313237538061 -24.44801363806339 0.7825367363753692 0.23721314523357961 0.07415526229470916 0.5708477704479376
175 -14.485204257463241 -10.665252467215637 -24.691056877821136 0.7169607678735845 0.2574995503976727 -0.11673219596061368 0.6372086261981466
176 -13.666643051636601 -10.480561083608805 -25.14325958511228 0.7436029605522425 0.3708232785131018 -0.039163627475741564 0.5549873363002764
177 -13.657441402214637 -10.501970044054854 -25.093335186913997 0.4476129109468189 -0.2189314418469328 -0.5967198512976055 0.6289969195408682
178 -13.43611755431232 -11.483757327843858 -25.36008805873536 0.5038341458771395 -0.17390780770694994 -0.6051498773116102 0.5913550996284372
179 -13.452208728427848 -11.380452443784074 -25.408402836527358 0.1318225509187604 0.26865950449175824 -0.6978437432756117 0.6507372708602108
180 -13.515451557861601 -12.259169330953869 -25.956184674564643 0.15236648718008708 0.1676896917654228 -0.671908725143224 0.7051264325895215
181 -13.507659612383772 -13.201717965190097 -26.283411862390672 0.06817429698849363 0.27323618604075145 -0.592012256766945 0.7551263071206937
182 -13.311759969791671 -14.066723729753337 -26.813054678327973 0.05018496810272216 0.23667702352431985 -0.6341002854915118 0.7344264996933189
183 -13.205426836653437 -14.940792313806208 -27.16049437900979 0.12597902363956973 0.136383247281176 -0.6446673010321223 0.7415746533180737
184 -13.08944304202621 -15.726393347764994 -27.570584310146657 0.06452634913594119 0.1181447990267543 -0.6398269045601315 0.7566370919609444
185 -12.964230462133246 -16.64830675643082 -27.842055447472738 0.11077588021096621 -0.05286818054563833 -0.6751303053271971 0.7274151020415269
186 -12.99987574967658 -16.617801632850565 -27.858801627833817 -0.027228623977476614 -0.010656020589557893 0.9566589361507974 -0.2897390742449358
187 -13.825988378293758 -17.18375088331509 -27.955883292304 0.10628473630390546 0.03898466879774352 0.949546209236413 -0.29248204552125523
188 -14.703518110779592 -17.756985713259446 -27.823743269552214 0.20150038455617172 -0.033075780295048256 0.903744290945788 -0.37623110499330564
189 -14.650694033574547 -17.76101694938519 -27.819032570962744 -0.19483641105461422 0.1529444626743817 -0.24058688499015635 0.9384906579371664
190 -14.699092765473482 -17.679408624455043 -27.737162649426114 -0.22305174451639967 -0.702113352629748 -0.09286186507920464 0.6698219415196977
191 -14.729709659857017 -17.68457952807426 -27.77591138668015 -0.3390597448407133 0.5294263535369608 0.6377078015042735 -0.445056159950285
192 -15.169078651823368 -18.592516720466968 -27.77743864563837 -0.2780493154274404 0.5281200511437731 0.7280404166237181 -0.3372461141845712
193 -15.810673636638244 -19.364068544291865 -27.848257328740843 -0.21977848474598943 0.5785885591273666 0.7554036220708029 -0.2151698507040099
194 -16.5955303918189 -19.970313785729452 -27.923966410627568 0.011117914986612812 0.5586883556933314 0.8212030949694453 -0.1156252134771498
195 -16.684663688142667 -19.834138349631317 -27.938465627299014 -0.4166939731165058 -0.3241505506908494 -0.4437862972819252 0.7241175840980517
196 -16.641481948395338 -19.79248351407331 -27.824280632180397 0.6291114095044887 0.7485527818558607 0.03308564898046442 -0.2068644653841485
197 -16.836194404356952 -18.860055239406776 -27.499907364842066 0.7038643405319363 0.6720665186961017 -0.1333574523398492 -0.18739630327375728
198 -16.807163165139038 -18.90476394853867 -27.48169837838607 0.5691388835290355 0.5714515771677767 0.3633830156965955 0.4663440898210598
199 -16.730676028696994 -17.954006457105958 -27.601846408513538 0.6080819106045395 0.5397294638968955 0.3175712895685282 0.48793131877230916
200 -16.47455443082651 -17.06975818554046 -27.679725499989082 0.6549601607815155 0.5724542611745072 0.331964337750255 0.3648602268187568
201 -16.480150355296942 -16.09737034211484 -27.549978929361995 0.7597845388346096 0.43104369831568146 0.3750481960830204 0.3102702617156399
202 -16.23322905748958 -15.196945141294739 -27.22611252458815 0.7213181479828192 0.4497958903432353 0.40310615242086106 0.3389531181467751
203 -15.905395784595978 -14.225470940146648 -26.97098304179479 0.7128759449977793 0.5249617104868552 0.30204107938669583 0.3535452954419816
204 -15.68288008202199 -13.284939649553959 -26.950172872762842 0.6387704550298209 0.5312946639137343 0.24204137356122804 0.5011130205476423
205 -15.361519490340795 -12.277960233323496 -27.224357797823366 0.6672687175123211 0.4320855039021403 0.25869305523175046 0.5487553909730257
206 -15.37208766927946 -12.35762231489689 -27.169226979836 0.7319507895242778 -0.19395183917605582 0.6106968879610007 0.2316895268020559
207 -15.156857906602617 -12.319768997051403 -26.202587185660615 0.6731593514500324 -0.037348154817588214 0.7065784663633405 0.2149615634450095
208 -15.227966847034235 -12.161963757982447 -25.20863417709424 0.7683656752507146 -0.1474774368297091 0.5979034072150895 0.17428743604528493
209 -15.191318329685794 -12.159718702049465 -25.218244402961737 0.23023530346279136 0.061965552427194544 0.9167159312551729 0.3205992463103277
210 -15.146285577614794 -12.13613901460122 -25.13562086095306 0.420848871135074 0.7115614764869372 0.5625502362433308 0.0101845248605917
211 -15.761758279284274 -11.525869991865358 -24.665894715154156 0.31721637146712445 0.8154494552506397 0.483731432177061 -0.0204905131364698
212 -16.622201744580504 -11.033475577878013 -24.442074373186536 0.32371030647825405 0.7726645177101462 0.543798797367581 -0.04984023006642841
213 -17.416614167838247 -10.628603910769288 -24.039895088935083 0.3259289517987564 0.7046507105452486 0.6291526331310439 0.03747877708402669
214 -17.40570275048485 -10.617858796677844 -24.023770864431466 0.27205063964224074 0.08647024110609348 0.9329532163586189 0.2193391049480452
215 -18.2302539200105 -10.126908082497222 -23.516634092524782 0.1816637437313531 0.11512636757652925 0.9561763023840615 0.19867330585986345
216 -18.2874802717357 -10.070073031020787 -23.492936424141597 0.11442832703431659 0.36317002224266653 0.4133026022819965 0.8271605961742365
217 -18.262887713728333 -10.110028356963255 -23.519685526138176 -0.4439164177952748 -0.029184166799420232 0.6432452658792917 0.6231548975526984
218 -18.219123584115366 -10.062882356525389 -23.455477967807834 0.6709847827776974 0.5885886012816319 -0.4504734854110649 0.020408788883850143
219 -18.344868020479183 -9.275712580825173 -24.162965553377187 0.6656590557031056 0.6392685447789352 -0.38426783267375564 -0.023916144941997255
220 -18.45832491017742 -8.36002365398983 -24.647663516355948 0.6232746072114662 0.6903894434018477 -0.3605626196598689 -0.06989833866904527
221 -18.41022668749705 -8.334899246545842 -24.635784736365526 0.6531813855634725 0.5660484835607534 0.13254342549775333 -0.4851550599233966
222 -18.017282543661818 -7.718552441642848 -23.838975919975155 0.5957415130670234 0.5940612717064381 0.3576433883610443 -0.40530786055635953
223 -18.01943240288335 -7.79400439554823 -23.862880330043815 -0.14514731774527653 -0.6932700635583727 0.1508957084596519 0.689593619672906
224 -18.061346609656404 -7.3037877414109005 -22.9535894533866 -0.1535623628871715 -0.6723265611578881 0.2410455691237213 0.6828562289910945
225 -18.036559703487306 -7.338963737609396 -22.91675799970081 0.54652761884896 0.7139273755084479 0.2240018027166099 -0.3760830449709407
226 -18.017258340267116 -7.316223762633941 -22.913613938011217 0.8326905175984064 0.23415883330785722 -0.15879304814292178 -0.4760051581097418
227 -17.190314620179603 -6.752751679871016 -23.03128240083511 0.8806176872628402 0.2809460299094033 -0.14671285963950184 -0.3522174810743941
228 -16.43491365774663 -6.149160002864499 -23.126240738559975 0.870029403214119 0.2651404648314639 -0.10919873449961882 -0.40102993383975816
229 -15.567939991767245 -5.6407646567039 -23.120835378397597 0.8772714318870751 0.18460158021384823 -0.16214639659724409 -0.41234165136192585
230 -14.694570890604775 -5.1737235138394535 -23.268977935479633 0.8981770924040681 -0.024409632507018945 -0.12671264977071175 -0.42026894354630934
231 -13.705633519464572 -5.089570678854957 -23.518134024283984 -0.8477386018966413 -0.12212745915843333 0.11053713251752952 0.5041881483222649
232 -12.809174081730776 -4.834215814447811 -23.525770142801573 0.8539615352422791 0.22680361996463655 -0.06912302494857808 -0.46317580001501013
233 -11.901595812282851 -4.458069015741321 -23.416327277030625 0.831715418255431 0.2982924800548633 -0.0745769276142447 -0.46228707665965757
234 -11.023816508797685 -3.8822655008133578 -23.230638945028623 -0.8106637011653758 -0.167961899471787 0.10463390035481059 0.5510579922614531
235 -10.125526424557576 -3.446981771485411 -23.263946705495982 -0.7319947210492461 -0.12019173017378026 0.19794036403680965 0.6407474452846803
236 -9.224966322355819 -3.0584827017322196 -23.403915792691844 -0.690957052512398 -0.005966658005879041 0.016570096051444272 0.722681245427378
237 -8.185936245741097 -3.0381826160322625 -23.54299320361704 -0.7188229687728925 -0.047737720884321704 0.08106312700677558 0.6887985329609656
238 -8.166236748731857 -3.0513365699293784 -23.544392565799388 -0.5357314414434208 0.42987789194046 -0.49955997131813645 0.5278604509966656
239 -8.041598743929336 -4.070324027471278 -23.44058218946641 -0.36586108819962393 0.5176170160932386 -0.5226992078306083 0.5700910689752771
240 -8.002986498729753 -4.092710187706934 -23.482591201503126 0.014315805445109632 0.6967110525108934 0.05419051065150047 0.7151588324134369
241 -8.100915411663408 -4.114765719097845 -23.485638286591097 0.5455360651352585 0.42570910559274733 0.5765736366025312 0.43442490792666766
242 -8.162825925621059 -3.131157513927311 -23.2493148193461 0.5322620431903323 0.42247113562689315 0.600505135360087 0.42143663740488824
243 -8.27490626374247 -2.28457305531529 -23.06555042402367 0.3510455161110066 0.4482054097272829 0.7286951606650396 0.3806341013794056
244 -8.21740483606444 -2.311987023530436 -23.036544562497014 -0.03369067747961134 -0.2730517859174268 0.8263646309550474 0.491354410954859
245 -8.717434432067611 -1.496186532784121 -22.885833968191392 -0.17815886003718548 -0.2406605476256656 0.8233223066928781 0.48216418439021674
246 -9.193504770362196 -0.630191446368753 -23.018977330881285 -0.09613317230095406 -0.11676006269472068 0.8395294516657287 0.52183886471661
247 -9.65589287657202 0.22984412449438144 -23.050641813363175 -0.15045608265576937 -0.1668211417561862 0.8081546752091181 0.544444390909381
248 -9.71313426480674 0.22408096432681812 -23.0677507146108 -0.43283059254984235 -0.5710472904340536 0.600103924139265 0.35558114471036295
249 -10.042913878216945 1.1287071077472535 -23.125714517847857 -0.4162363598023118 -0.46624126258419263 0.7069972122971356 0.3309400544607671
250 -10.01871409338495 1.124530124065942 -23.089106694860504 0.2563490326852589 -0.5995728095545755 0.7503119197198438 -0.10876416050559741
251 -10.05837462937416 1.1360053071318321 -23.123710214598358 -0.39134895829179966 0.9177111880612793 -0.026740119375062564 -0.06274658689431581
252 -10.750791516916875 0.4565802544251437 -22.991367212100187 -0.283349595947292 0.9542246141174929 -0.08662384823437394 -0.040800750065357896
253 -11.62526523623938 -0.024644298754932598 -22.90995272417849 -0.26764696840681246 0.9555514174296791 -0.03835151270700452 -0.11754042038319629
254 -11.663225890023599 -0.037624231434024394 -22.980180715245737 0.11619172683450428 -0.5925044637433439 0.7548203628257186 -0.2562892173367397
255 -12.507747654210206 -0.5828424363676281 -23.11432374337554 -0.2527488418361444 0.6989970885173094 -0.6482038049753894 0.1653871833312362
256 -13.336287442957913 -1.1971865101092851 -23.03929753949116 -0.2908839973884413 0.7472342771778737 -0.5833754015754301 0.12923070807856724
257 -14.08016439025458 -1.772855170093856 -22.85164675104696 -0.2707308967255819 0.7450557796192372 -0.6072485716994965 0.05334640553077962
258 -14.939942757781976 -2.2511098081581906 -22.602335032586993 -0.18527255018571198 0.8385628297789167 -0.5111155349169679 -0.03531816285425667
259 -15.905498980920376 -2.553321810075485 -22.331286841151602 -0.16059299058626222 0.7241924073615973 -0.6612186034972416 0.11200538774332523
260 -15.91720351595096 -2.4812440730827237 -22.414428975953186 0.35117913058866523 0.6720654209032701 -0.4419789729418183 0.4792242436922355
261 -16.11727744573694 -2.3582636745913055 -23.337125665089122 0.26391048423235924 0.5210418841604457 -0.5381061275308441 0.6077075010040054
262 -16.099313731544083 -2.2763271174781 -23.38383550293707 -0.15227857003089157 -0.19222768512011354 -0.4967318058130277 0.8325366462063021
263 -15.664339272338077 -3.041180310369118 -22.94372317093108 -0.1432467410209633 -0.33108385884368247 -0.5411791494366397 0.7595979053519594
264 -15.449614442893663 -3.7669888197277293 -22.237337630459443 -0.27577770377139227 -0.26234537799445146 -0.6406602459921914 0.6668403181817597
265 -15.380230131929382 -4.544828017976152 -21.5751711184123 -0.29670497415788205 -0.25198525162647323 -0.5272813255845904 0.7552774291361221
266 -15.379192510566126 -4.519059328001925 -21.559227208072357 0.3583322943442363 -0.40710590400729846 -0.3159402084664645 0.77848862189923
267 -14.887188700797735 -5.318625300946164 -21.226330749913 0.4275533646595275 -0.34513826696460825 -0.2907706606118299 0.7832816351558
268 -14.884261032987116 -5.320541796661657 -21.205264786866326 -0.1578441172447821 -0.0806402955768993 -0.4267097965961176 0.8868489876350911
269 -14.241632850962198 -6.088247157153295 -20.978121102237743 -0.1758563123870734 -0.013667099597448952 -0.3605564956568037 0.9159076270137172
270 -14.227944231723333 -6.061216823163101 -20.93970002047644 -0.23058740560307112 0.12301974163065932 0.4500708593543816 0.8538921554308713
271 -13.687158024455035 -5.324501295667367 -21.453048628347695 -0.297744923761593 0.10505555983055309 0.4445932823460876 0.8382410769078451
272 -13.08397447464492 -4.564480185392007 -21.869905955895018 -0.31151997980247875 0.17223714272210225 0.5564471397296599 0.7507704373092154
273 -12.668964810783512 -3.8676967075818602 -22.427456739411614 -0.2777887878443513 0.176789661203186 0.5383062284901099 0.7757610517474969
274 -12.295952515356156 -3.1001228698247 -22.94747170089463 -0.18104484678207777 0.2008739528691272 0.4490835773937246 0.8515846164813219
275 -11.78576507915677 -2.4780159974462674 -23.410768468408826 -0.13655196327687802 0.2920475924176383 0.480456190555562 0.8156124165589494
276 -11.397007864875654 -1.7604720870159376 -24.03238558722881 -0.16611088067733543 0.3179298966683654 0.38185190081405745 0.8517727877607586
277 -10.945404621131145 -1.2057174793399374 -24.783859976606344 -0.08677188592140986 0.295957626327127 0.43888935504107063 0.8439525207404074
278 -10.87987490536372 -1.24482582406177 -24.800624335507234 -0.2459370492439551 0.6912329836275192 0.2843421471459035 0.6171397520100544
279 -11.06141991434522 -1.2806962039368592 -25.77902320582142 -0.19803607871238357 0.6836584567110556 0.2005059443750604 0.6731940228239891
280 -11.085126799327853 -1.3748079933249926 -26.739107919816984 -0.16445560789679267 0.6745293967271109 0.0768849248350691 0.7155788945429858
281 -10.993852119386645 -1.5479164610651184 -27.69397883668003 -0.18218054655191146 0.6601756466664905 0.23602267629472262 0.6893994925159173
282 -10.994669929432018 -1.5183422780307727 -27.65797619329592 0.2129927800484666 0.7271416360003339 -0.13379208736246986 0.6387478330305131
283 -10.93686169713413 -1.4804153927397588 -27.58815273751593 -0.3269964499106913 0.6330224325652986 0.42317365613055014 0.5597141934702207
284 -11.155307678355095 -1.3834723614241866 -28.63945627556411 -0.2574497611239139 0.6309601724967057 0.2792124258497648 0.6764978214830086
285 -11.149018087864603 -1.3269906627841708 -29.67562652026487 -0.2023085891442876 0.7182483726525871 0.22050559925639013 0.6281463130807489
286 -11.117788002019312 -1.286130808301163 -29.5891437419956 0.32745793959128444 0.7534350769191136 -0.31376100914127253 0.47608918472190714
287 -11.371226581638908 -1.060179132291336 -30.448803889232924 0.4645406636364652 0.6820129048685458 -0.3072546763486236 0.473977777203597
288 -11.446137371903012 -1.0203439787788382 -30.461013851681013 -0.615748398867343 -0.2526466049245247 0.744822620399368 -0.0475695958973063
289 -11.720983581760741 -0.9083125963939657 -31.389265387876094 -0.5236186075991497 -0.18405086000201312 0.8199262952104853 0.14024872595091353
290 -11.232946201801338 -1.3551350035026333 -30.697431161869584 0.23690263762406544 -0.5011334858218265 -0.14878101867059357 0.8189057199447112
291 -11.207850746827825 -1.3850489470090228 -30.683949447652033 -0.029627943517395814 0.9424226517652087 0.29124826864916625 -0.16166686862689567
292 -12.155420189003836 -1.467472407369774 -30.343624860851065 -0.1260244342123809 0.9296270869952422 0.3194289005318019 -0.13370302394199768
293 -13.053679489768253 -1.7862837244512932 -30.19175160139596 -0.08064142499320505 0.9160478223510781 0.323078281056292 -0.2235481425792329
294 -13.937188258057114 -1.9822543071754017 -29.808031031314673 -0.11472680184485638 0.9054966395091703 0.2267056366589166 -0.33987961263236405
295 -14.674889960909402 -2.3692032521479023 -29.2553030771999 -0.215652391454001 0.8616238871934584 0.1496279990319377 -0.4344073951758917
296 -15.186043084115479 -2.9601920312791346 -28.56573492212258 -0.1540761752604449 0.8841789079066825 0.16101818931555079 -0.41056221664882886
297 -15.851775773665656 -3.3706118899059647 -27.84935170105577 -0.3149791275754848 0.8599318746750606 0.13913218291957744 -0.3767592809549032
298 -15.827563506718933 -3.363792269263873 -27.797375267869377 -0.46843359117992067 0.6886172552730859 -0.5508512750673396 -0.05421364358841085
299 -16.45961487382075 -3.9982589977868113 -27.167598389708353 -0.4855755340734302 0.6324497036086978 -0.5962262233931537 -0.09347761043645728
300 -16.975033874616305 -4.5105441600159395 -26.555425813194567 0.6486691751112981 -0.5348480851004696 0.540998840914386 0.022047250487981878
301 -17.209954201481484 -5.154009334093972 -25.85043635651793 0.6110181417361604 -0.525462102360882 0.5856552212010959 -0.08691588653213549
302 -17.423098553212135 -5.842885187046162 -25.268040671474193 -0.4676145994434543 0.6341612579111371 -0.6121620905531718 0.06658573602110752
303 -18.009369207206383 -6.517258318077976 -24.792002957746252 -0.43999355722841665 0.6497694313731757 -0.6147525085443623 0.07927615586591605
304 -18.69120666535516 -7.157893570168964 -24.345048727265773 -0.42842900570131964 0.6681876220498423 -0.5759538269027851 0.19557882832554319
305 -18.6866987031384 -7.196871800871332 -24.336658884858203 0.10305100565002706 0.669587369048318 -0.6504547274137572 -0.3434266923676211
306 -18.83752794827461 -7.234375046146792 -24.323676325175505 -0.44689223170701864 0.724016527298073 -0.47142027338991316 0.23205673288258308
307 -19.33547014741263 -8.140422867594465 -24.272954938120307 -0.43343692445882753 0.7065843512517276 -0.5219722381236318 0.2010372346359116
308 -19.873139079903684 -8.928450529960163 -24.06794496074952 -0.44858258918887084 0.7825276545180956 -0.41026212256822076 0.13457013553101457
309 -19.702184256235814 -8.703218400365202 -24.047906279355033 0.3008981535779832 0.28647220213811075 0.4013898874602092 0.8162598463848272
310 -19.205049233092144 -7.948999042576943 -24.268331888206216 0.3038737777866479 0.264940404316607 0.5126873021001016 0.7580363049350228
311 -18.85715610786844 -7.00539915211683 -24.30245730623369 0.2717785707329737 0.3283746305368673 0.5105344777460363 0.746767070472915
312 -18.600896029753372 -6.030791574055832 -24.50387558392522 0.17289168915157177 0.15868256961779512 0.4929413839495898 0.837816864184335
313 -18.04429970257108 -5.139272173328218 -24.614183348637237 0.09235024663028908 0.10906399754407238 0.3947765208843632 0.907594609363382
314 -17.48049637135541 -4.414019976255542 -24.757360689765946 0.05251240529362866 0.12647897897374985 0.4683428588164865 0.8728691091816894
315 -17.004409483745377 -3.655644507674902 -24.89563383489048 0.05971324085364597 0.22623878241654882 0.49585931012167256 0.8362857686001184
316 -16.60477151039744 -2.7600663405939976 -25.233381288058983 0.04326224659144077 0.26725098147136184 0.37835239980817115 0.8851862812322913
317 -15.98895487659299 -2.073905446555366 -25.62267632159357 0.025470466035786062 0.13253875758109412 0.2833091647339128 0.9494844128665583
318 -15.139283160522263 -1.479645776172369 -25.876091543022163 0.018556137497559275 0.10825570587534875 0.2944134477029238 0.9493456134192013
319 -14.36659932259116 -0.8707156775189372 -26.00027101711979 0.07729849770578624 0.0709819450761251 0.18204270702894715 0.9776742599369239
320 -13.490487878582826 -0.5562249853621021 -26.142734378205848 0.0935511902819081 0.07055137681069885 0.032309382696711915 0.9925859065172697
321 -12.381841075168001 -0.5024415896916653 -26.282151364575746 0.1472774999115925 0.01811540678273839 -0.10001466004761372 0.9838588505636602
322 -12.45495869668696 -0.5155508002547468 -26.276721467084194 0.20371931617921973 -0.6804946946060961 -0.22202958594066644 0.6679283448061201
323 -12.485157476962232 -1.1415017700726502 -25.558608415123405 0.10205354637984448 -0.7173895400808767 -0.271821050750732 0.6332855894638791
324 -12.625756952327377 -1.5713368056012105 -24.661999115086655 0.10250000780646269 -0.7209059368598026 -0.26867498745326274 0.6305569995781141
325 -12.871601268202163 -2.0936609564635775 -23.71574169201702 0.043014244260622635 -0.7095325680234233 -0.28811488851463357 0.6416409593541966
326 -13.045456448057157 -2.480056977041217 -22.896672291582913 -0.06403235184431891 -0.7705243671267794 -0.23998960425259905 0.5870238900009455
327 -13.353675048290631 -2.735618048798531 -21.959382529736047 -0.18535231153065743 -0.7800866591755589 -0.19634413774383 0.5644096954874094
328 -13.599641930637901 -2.6735537597930876 -21.055999243668822 -0.010252786561911635 -0.7859748037870903 -0.2263027440203629 0.575261293872979
329 -13.88641940832484 -2.9026369328219053 -20.18139425006093 0.024312177637181485 -0.8103105676244761 -0.18164469792214144 0.5566065987134997
330 -14.218388320356262 -3.2101809144110827 -19.280860581293396 -0.31437003690544635 0.7591141920667134 0.31646246842391756 -0.474097700245435
331 -14.255201718177064 -3.2772349197008177 -19.273112584763346 0.03806017144989482 0.7361533443753097 0.6208130927385886 0.2668722181093409
332 -15.150351819637756 -2.870030843476413 -19.651930840834215 0.016225603015239357 0.7514017000992028 0.6056838099685182 0.2613031519841264
333 -15.175128011740792 -2.869904187275708 -19.70205216488576 -0.18058076975313686 0.09354740697041657 0.9787403882836587 -0.026584216874475753
334 -16.1132846884182 -3.0217223183351134 -20.10445327608235 -0.09128783808901214 0.01693131221749731 0.9956800501693902 -0.0010483216628310445
335 -17.118147478982188 -3.092071055308396 -20.327469243815628 -0.2235310176448904 0.0477217759825829 0.9702516940888325 -0.07980079175959952
336 -17.045186472155088 -3.165670345335363 -20.35105276437541 -0.21923472605526298 -0.19131815792462623 0.7656207146491182 0.5737232944895779
337 -17.249843743641637 -2.168187092060006 -20.49250049569479 -0.2649371657217435 -0.2993397389553775 0.6779419326705372 0.6169268634355239
338 -17.236212620683187 -2.1880937098736366 -20.478387613464744 -0.7479721747795921 0.16148361671334685 0.3124563567626246 0.5628780439911379
339 -16.510578587690674 -2.192008865642535 -21.109028551731555 0.803465621748225 -0.14461015708099684 -0.29371441682922345 -0.4972552045825322
340 -16.45875854707325 -2.2323591066554833 -21.191197881032767 -0.3736243364747723 0.7534163693581101 0.5104216918416948 0.17955034412245452
341 -16.50064076328536 -2.114696472447457 -21.18848662218468 -0.7270661193609632 0.31287221746786464 0.13504070114407918 0.5960283908075568
342 -15.681924370774349 -2.4193169140433137 -21.841923422288016 -0.6844437047305933 0.40529082985960924 0.07118560366259631 0.6018378254293775
343 -15.65486691731292 -2.4206066525978325 -21.805488205800323 -0.6067705485064327 0.6580034464715058 -0.43643685110754415 0.0915633163016426
344 -15.610215540191371 -2.460171364390819 -21.83208010596989 0.10251541114845854 0.8341122802319658 -0.21106768542590368 0.499197081934826
345 -16.04443313091772 -2.443947659840782 -22.618649379465175 0.2491695369796654 0.7712343286943313 -0.10163387287516193 0.5768732165468748
346 -16.325035593483523 -2.1856329590181276 -23.617613386035078 0.2050744935892669 0.7800648431563341 -0.011021960081748055 0.5910345243270879
347 -16.533374601888426 -1.9231977033988734 -24.625974172555694 0.2742768953324402 0.6556226801012096 -0.14427151868754182 0.688561409693641
348 -16.440127764483417 -1.686175527813999 -25.587157468101516 0.2962619567252138 0.6115501933657737 -0.2653155383798392 0.6839904086212379
349 -16.29929261325903 -1.6377022256640672 -26.49265212774757 0.25621287849211294 0.6948135751678328 -0.15509313874249347 0.6538617399514067
350 -16.26814444687103 -1.4882591806828434 -27.421196131755952 0.25239594548247096 0.6936086809652549 -0.034700030986140974 0.673794621708432
351 -16.21329502987199 -1.1890818054063146 -28.4412672621733 0.24180272880836587 0.6004103234210991 0.030538912213876418 0.7616470696529933
352 -15.874074933030549 -0.8077936637984461 -29.239528848236024 0.29575228213695104 0.5665640481912999 0.1467941261643843 0.7549750005341278
353 -15.537247106358231 -0.2216958427511251 -29.96589811547477 0.30477589772263347 0.5367410031890715 0.08074889412666858 0.7826240245228049
354 -15.146790093342629 0.2125145389950417 -30.6695485427383 0.04479912339442367 0.4851646574966086 0.12745734839649417 0.8639229815203577
355 -15.727990397536894 -0.01286620420023923 -29.899177542542745 -0.30046859247758695 0.7432220055626161 -0.5671983080520272 -0.18874786018638326
356 -16.509259185249995 -0.23079829069123772 -29.366156697702273 -0.33291315468909805 0.7154096562035822 -0.6074186409375679 -0.0916539682020544
357 -17.263613393885635 -0.5975783073164921 -28.78393364252242 0.30485442876269153 -0.6724799980902646 0.6743890597028911 -0.005815976731535477
358 -18.082380392956793 -0.9900627900722848 -28.37959909243796 0.0880313142381227 -0.6117791902214855 0.7693886725011952 0.1613002813150085
359 -19.065123307135842 -0.7417187863046787 -28.029802445623513 0.08747924339831437 0.672727877731307 -0.6604119540930995 -0.3219326566046448
360 -19.12157795700351 -0.6610468561765332 -28.121838491261656 -0.6391223340060364 0.0024338105279989833 0.3181793053682972 0.700199006266318
361 -19.097006246197196 -0.6589624751329733 -28.1233848891593 0.9355482688503751 0.24983022532595736 -0.2444891729244239 0.050589914878157755
362 -19.02301840471874 -0.63053179874776 -28.082302695462985 0.7980006129992041 0.18507385721555253 0.5387519619690173 -0.19669522745299906
363 -19.061708474583998 -0.6032970255379921 -28.04044990780671 0.6441016229993173 -0.5017315664100783 0.34949270767328744 -0.45962308667051277
364 -18.801978538219046 -1.580387485981601 -28.096752536496748 0.6708659255867835 -0.4801016703871607 0.2866778371080754 -0.48709045739891366
365 -18.431026562295003 -2.5055923348609173 -28.094841768453737 0.7160481490985193 -0.42993811814639055 0.27904996437131424 -0.4738769672833801
366 -18.39418518197113 -2.4621280729299357 -28.172787110159884 0.8099412822625237 0.16412316394798426 0.49916560028508183 -0.2605617198183112
367 -18.498314344662322 -2.5140964025818526 -28.245511237601264 0.8789106155086496 0.3928566493022578 -0.23264604782531484 -0.1380420206910594
368 -17.99578753383495 -1.755007979518173 -28.56872037391501 0.8959670255181611 0.4021566327567931 -0.09819991847834407 -0.16084125069366853
369 -17.267256345795523 -1.0073031217005854 -28.61396485520408 0.908277610476012 0.3457034432211919 -0.1784646718176365 -0.1538547125245824
370 -16.593079401524744 -0.33958077428271777 -28.794136750494232 0.8821157833252704 0.40448369863502537 -0.16424580712936318 -0.1768841349228354
371 -15.868616799576264 0.476247929485188 -28.88528919819939 0.9057553010303997 0.30637209520323 -0.19612764368211244 -0.21743371707215828
372 -15.119784236754013 1.0635551855747218 -29.127176189655685 0.8398281668660704 0.251984025320565 -0.30677393828369726 -0.3702464745430148
373 -15.200937773063094 1.0660843421483805 -29.047887079527133 -0.4479645169219003 0.033425979703864246 0.4054610274603229 0.7961230122729684
374 -14.429325489713793 1.6844272240516218 -29.52198517963375 -0.472193022266539 -0.004082531489550005 0.3489404163494313 0.8094798752886416
375 -13.738392697480174 2.344926037077167 -29.75726436986726 -0.5532437596414134 -0.013421420840706898 0.20527924692100524 0.8072184578315812
376 -12.80973850297482 2.7011366922679017 -29.977873922855824 -0.5782744675940406 -0.041739211653092224 0.2807362701625517 0.7648814450322525
377 -13.711645986366374 2.1978184476030864 -29.715617253062685 -0.3779976865146955 0.7693597254970415 -0.502991393087616 0.11046728136618786
378 -13.700407401060332 2.241950070544862 -29.75973963252028 0.3137535696074589 -0.20745270464595691 0.9096592653726113 -0.17618766646793427
379 -14.493170670057482 1.7586477085384198 -29.251139384692273 0.43484117839016634 -0.23356015944748623 0.8563937405042679 -0.15150103207643612
380 -15.156056966640106 1.3434336015084765 -28.52400539714602 0.47544053617847387 -0.30676157973346196 0.818194462418536 -0.1020365200572782
381 -15.212464449339109 1.3009301685252719 -28.569525716532507 -0.46273613140832126 0.75461011305301 -0.4074347694230371 -0.22457906988983142
382 -15.677426538401791 0.7145873199027499 -27.795329004238457 -0.43665945990316407 0.7788070143975931 -0.3893624320288817 -0.2262411256309056
383 -15.700069484344413 0.6900575772643364 -27.83901911642989 -0.5890141116604581 0.7068241430858134 0.11508385968709997 0.37445655589850063
384 -15.655385713014716 0.64305753419476 -27.838877642910536 -0.16913341238880025 0.1665729042643645 0.5076806510418506 0.8281954557568993
385 -15.26056541472741 1.3928914677900857 -28.30672162233111 -0.11628078361526013 0.11594152219997421 0.6136917173566627 0.772281567072272
386 -15.05914778399298 2.3073193134507375 -28.720468412982434 -0.18889436323463657 0.16673503949887714 0.6503096763526086 0.7166698479660317
387 -14.969326359013484 2.3424539850825297 -28.666745586270643 0.6822086259863879 0.3805303859718211 -0.49882923632104104 -0.3754429503576661
388 -14.75943915035212 3.1756353251497456 -29.029049592568157 0.6255155077176315 0.39503437790179335 -0.5789027517510732 -0.34285535418822327
389 -14.750175941791204 3.202483001479931 -29.0609493430669 0.8775655537401617 0.06675568388919503 0.14364059878697671 -0.4525370216206937
390 -14.797369646821341 3.2098951768482906 -29.074484597183307 0.6232767953829912 0.4239311164047201 -0.5441971579663728 -0.3683176592864926
391 -14.72340314860432 4.154492456513828 -29.455523507701464 0.6365083320594961 0.4195097628039329 -0.6152986216962638 -0.20068958186638647
392 -14.571042970142035 3.3638006734662067 -28.924027552081824 -0.6397967885348342 0.6941204009085152 -0.3144673895448614 -0.09983586197331921
393 -14.621534271998225 3.2840435333095988 -28.868733400199698 0.26780909134576547 -0.7096896858842382 -0.3245407105479748 0.5650594371737379
394 -14.617430699412095 3.3273840323345665 -28.876781411255124 0.39790929433653205 -0.048615123045847336 -0.04284877998660398 0.9151331844849141
395 -14.642481982250873 3.3437848228327676 -28.850722290762032 0.37506817794849145 0.5884505691179828 0.21063942588335063 0.6846026744460273
396 -14.615535727579461 3.3585778640729917 -28.785728582048613 0.4287378520590647 -0.02802015970092173 -0.16898998014590103 0.8870406481511445
397 -14.629793965604778 3.3026191891400716 -28.83368182901806 -0.48645730657866276 0.22172980827906896 -0.20002071365906177 0.8210888472656784
398 -14.673295055001269 3.269815129032332 -28.857941105802354 -0.23445782339409965 0.7542668604740915 -0.4502792200949215 0.41636481142210824
399 -14.705274546840531 3.2261388637176482 -28.82390912039208 0.5084308246854228 0.5967054985444438 -0.29732973381643807 0.5450097924855786
400 -14.57031963206615 3.5757166785893255 -29.741825416690244 0.5743684052015045 0.5024871765236643 -0.45406405266223854 0.4598188867537951
401 -14.716660904756454 3.454367015006627 -28.759851088778216 0.10392603282026044 -0.7215286874102379 -0.12823097165442737 0.6724228958437265
402 -14.817705896174138 3.143934702357645 -27.77418679228693 0.06128598397203448 -0.6557358752516633 -0.16863297196567634 0.7333603553796305
403 -14.74291067307225 2.852546227731025 -26.822600310492124 -0.0010675994660775184 -0.6145160004441346 -0.2900905707312405 0.7336323372114588
404 -14.67725345980239 2.8533768578714094 -26.803465383566202 0.21851529185002766 0.9364761634026981 0.20620389519532262 -0.18095141948196222
405 -14.693706509826534 2.862943962145061 -26.767802529161653 0.13203433588316443 -0.5834159555753118 -0.15222251464168815 0.786778916191962
406 -14.416998700841326 2.526784164323909 -25.842677113881614 0.10137372477679021 -0.6887947350201752 -0.07878691231192098 0.7134968839327329
407 -14.386843529832262 2.554740909829134 -25.938235650450054 -0.40049891421785394 -0.39363968163109175 -0.6420740499202784 0.5219093170031217
408 -14.553436745902891 2.1500006169481427 -25.00595903864826 0.5641275282004443 0.29513587411835374 0.5938269820798908 -0.4919598185713354
409 -14.661439226271813 2.127431210063804 -24.9530348071451 0.8504575813402523 0.393687484950817 0.1890180113306557 -0.29326482558703215
410 -14.73873638224293 1.991126189452279 -24.925122895491853 0.8059024117608038 -0.39138876067681333 -0.05200636072898729 -0.4411705783228463
411 -14.689747090324056 1.9940967853916596 -24.92168645450213 -0.6373287021713397 -0.05688031914424751 0.5742222021913191 0.5107304741183905
412 -14.617701796172963 2.092433230091137 -24.956163076814015 -0.3897156083723306 -0.3384173491719256 0.30445744758390586 0.8005629925128469
413 -14.026751897197602 2.9145855801601974 -24.69037478300612 -0.39218630524899556 -0.28803377715794115 0.4055975677444043 0.7737680907294476
414 -13.668640014904353 3.828744610385302 -24.541453115159527 -0.3059037738215497 -0.3291397729242416 0.4219025470210695 0.7874567491984863
415 -13.185102564543042 4.684540042627249 -24.218208808428347 -0.24626587396131766 -0.3532895040321856 0.5223693486233887 0.7359822751137002
416 -13.005829723680222 5.621336348960772 -23.921383390660743 -0.22632503768886483 -0.4514582739124371 0.5352793327141789 0.6770808225021593
417 -12.935683371374234 5.5805561192660535 -23.943161950527646 -0.14990245666562838 0.8172424745761543 -0.5275007407313907 -0.1771636524857429
418 -13.787263580435946 5.43143876361421 -23.490279614849964 -0.15177308048916904 0.8502752972785034 -0.4973003650948549 -0.08178751587685351
419 -14.687929712624681 5.237313452831993 -23.224932459103357 -0.10295644605854344 0.8119659926397538 -0.5745502093096712 -0.0018038829638952385
420 -15.671112961417707 5.002198474130245 -23.088244847899077 -0.10879486876234332 0.8289244296956656 -0.532240433677815 0.13329698849993393
421 -14.787675486594127 5.435434912755318 -22.98833729703002 0.17339009572831474 0.01220598090000226 0.23606157978438969 0.9560658027998351
422 -13.893663875968544 5.871026189260874 -22.95944727419031 0.3186667937791825 0.18468980311757374 0.1328864011610044 0.9201534413093094
423 -13.882828927693685 5.7667755729252335 -23.014867859056153 0.11064528571620405 0.36531964160726627 -0.5736538096610398 0.7247209717305647
424 -13.837243976245404 4.997842374285451 -23.714182839012192 0.17720155512302302 0.29328834993214853 -0.6247363505484955 0.7016309891669607
425 -13.793119182833035 4.263162952546204 -24.26352181475494 0.09002671926515707 0.24735924133958903 -0.5930025025946154 0.7609577041194727
426 -13.825152854162477 4.20404386220217 -24.214946183702402 0.5745941097920713 -0.4225225432625849 -0.4470131382328231 0.539903291038698
427 -13.567098032948559 3.2727110475797874 -24.264368763706248 0.600469200857947 -0.3511533455644828 -0.4122791569596369 0.5883485051026658
428 -13.112554320037626 2.289497370723359 -24.244837012375537 0.662689283946934 -0.28353336794918993 -0.37309283917185687 0.5841690470745364
429 -12.63258352093798 1.5059339938823464 -24.451891272383975 0.653190102836788 -0.3426370748857928 -0.3681825493591719 0.5660248535330896
430 -12.204199098708603 0.6494529684635434 -24.576792389673216 0.7162302559353411 -0.2024562423673211 -0.40046534968755565 0.5344653348056578
431 -11.663839059705662 -0.06857543584857737 -24.957515622918983 0.727660376338952 -0.3557785271507889 -0.3987748620351164 0.4300123553266166
432 -11.298293087220499 -0.9324608507948936 -25.101015161276212 0.7324797313502908 -0.34246331453475365 -0.28193431032097704 0.5164352486253346
433 -11.227581781673763 -0.9679280000930987 -25.063855237323484 0.10864708349291456 -0.11427483752686601 -0.5503652684573921 0.8198994719064738
434 -10.77465856990611 -1.8721284883300426 -24.90619958771097 0.13653261266147335 0.19990548798127236 -0.6812441234080494 0.6908712513028747
435 -10.77317171682782 -2.6708798315567743 -25.339296082672092 0.08730379272461765 0.14610683283027515 -0.7139698868774295 0.6791743824736274
436 -10.768221610017035 -3.5538280216827767 -25.63551400406448 0.041883716581267376 0.06721240997762863 -0.6966549150050254 0.7130218619577389
437 -10.692516601492231 -4.470687045592473 -25.78610183950342 -0.03426834330766633 0.15069711217304865 -0.6960488912878147 0.7011647466656156
438 -10.780236719039095 -5.420051842183672 -26.028496296520956 -0.016959507909870632 0.1433633714571622 -0.7628675427688398 0.6302320453656123
439 -10.95889908223238 -6.414380482715394 -26.26356887409147 0.027332991753779193 0.07879080666604565 -0.7717993115415256 0.6303734917100575
440 -11.120212344443502 -7.411429849430393 -26.39878239438493 -0.007353486771860356 0.1399153704347284 -0.760600809437038 0.6339211496961852
441 -11.352255862509955 -8.393690750108707 -26.593510620744933 0.027438402625589622 0.17301083267950204 -0.7542623723553192 0.6327737822364541
442 -11.542865630203364 -9.264515068909732 -26.825959145025703 0.011984192641465111 0.32197246149668796 -0.7365188257174672 0.5947521605915016
443 -11.51054671596459 -9.257110233614048 -26.7916452557025 -0.3360096609713589 0.8124449518260988 -0.31352835365954956 0.35879057880291754
444 -11.99183265520294 -9.985655004955943 -27.153437121339703 -0.32910888872025673 0.7977344977702544 -0.3023311533199896 0.40484921163905235
445 -12.381172273367206 -10.694039424386556 -27.611915901912447 -0.3721294733667853 0.831198402288571 -0.25045853443176563 0.3284804310989897
446 -12.898332733738377 -11.51178120229138 -27.91166032486447 -0.20163440466034638 0.9022791793218669 -0.26442316312169106 0.2744380444184917
447 -13.683907327096144 -11.985904723661244 -28.274857896016318 -0.19278975985891836 0.8963692084031495 -0.3336986137343383 0.21908807797786034
448 -14.560738097379017 -12.489460513837404 -28.47888025153062 -0.29123007165952847 0.8497526270983705 -0.4193269266650353 0.13141707147193488
449 -15.395926689596829 -12.957999522491738 -28.505194393994703 -0.30414973110636323 0.8270653646928827 -0.46563426795562957 0.08148958276234407
450 -15.408231002783097 -12.89317949905176 -28.520999753945226 0.2021817744237802 0.7990390556185218 -0.3825139825266766 0.4175430167763484
451 -16.07382590541636 -12.949716518229838 -29.33692497091695 0.2482539312411968 0.7435674706934171 -0.40103960536597716 0.473966915594103
452 -16.515183356879493 -12.983845777504035 -30.25048579541811 0.08068654907325401 0.7461616835761063 -0.4042394786735543 0.5228028946393213
453 -16.884747248891877 -13.252312893195002 -31.13119634054476 0.1072595527642044 0.6783450599731895 -0.4358753401866682 0.581683810818171
454 -16.89628745589309 -13.23380924679624 -31.161608025675296 -0.22749342886778737 0.7497132384519923 0.22263684836965578 0.580180690526521
455 -16.924394053654108 -13.177021148415417 -31.180002788515328 -0.1587461432006432 0.9594433804034064 0.15374438272769209 -0.1750163609457307
456 -17.900977519346167 -13.447685659862687 -30.80778660999175 -0.17033714915978973 0.972914166960195 0.12157427310591329 -0.0981986530612035
457 -18.813586341115396 -13.859781268666815 -30.664399933606262 -0.22570328376430618 0.9662105918937354 0.11833051188235195 -0.038639484572487566
458 -18.775155361205968 -13.84953958491721 -30.609760189433768 0.7867830062404677 -0.5984832709661794 -0.15058947709552753 -0.0106341362098999
459 -18.46034851440388 -14.775613928315153 -30.852953668497637 0.7935769185278383 -0.5938144188031874 -0.10967671143371353 -0.07477385485836882
460 -18.246917530027154 -15.777741131904671 -31.053538023922055 0.852871758354098 -0.49016245154647514 -0.16204484562836555 -0.07805128378968605
461 -17.809813071170172 -16.595503502330985 -31.39948700863635 0.803886901784967 -0.5461596618631108 -0.18158200238811079 -0.15001149722892718
462 -17.734857944832 -16.550330134430645 -31.42992917398095 0.6911441448705256 -0.11593819119928447 -0.48309380230999505 0.5248794956962026
463 -17.700744495065003 -16.54456286628639 -31.36343444583683 0.8502233040864579 -0.41704417888371614 -0.23342351668470374 -0.22069877187256748
464 -17.123669094059025 -17.179075548011042 -31.911312874110948 0.883787461288629 -0.32549698903468477 -0.2752881508956937 -0.19284156028922936
465 -17.112556506056734 -17.228285997648896 -31.944659429800897 0.6500584714467357 0.07587333394198155 -0.5330343298772203 0.5362290779780648
466 -17.12359832038797 -17.289802127842766 -31.877443359845945 0.2478084670403666 -0.38091635495646137 -0.7345116446031384 0.5039705726847352
467 -17.502207380209914 -18.174738547386493 -31.880488971237043 0.37189667256341474 -0.502865038282093 -0.5829268726357253 0.5186674072745874
468 -17.63283315527587 -19.169431686786975 -31.8059913531465 -0.3402912582332376 0.4739546957555384 0.6720043114292971 -0.4560471591422876
469 -17.950903238199054 -20.128161855371317 -31.824079788090522 0.4538462175695686 -0.41154332811500155 -0.5952755333413703 0.5199064716725219
470 -17.999685808761072 -21.195992368608664 -31.913306290242144 0.4447821008809425 -0.4815059167065145 -0.4933676816022021 0.5717597971727486
471 -18.12621162253106 -20.925472519897614 -31.885989436157814 0.6925848298894879 -0.08656869452198195 -0.01540581058653331 0.7159572442093739
472 -17.11157108633135 -21.11231904585743 -31.842816745035957 0.6132539361345375 -0.012044440375753009 -0.1168175761785045 0.781107031825544
473 -16.142655034012257 -21.283136798139772 -31.947292631806533 0.5923629887130769 0.11650936954451531 0.09517006801423537 0.7915013042095489
474 -15.21779832390686 -20.950873741738274 -32.038811844930564 0.5947325349016025 0.2980114376885113 0.06608503586751664 0.7437171256403403
475 -15.295934155458424 -20.914080690576647 -32.099060326095056 0.5059410823408818 0.7537561046759987 0.3663976974615095 0.2040296134346817
476 -15.766545062748488 -20.02770408860435 -32.135047695595745 0.547115022495523 0.6475860445608288 0.43810931584481333 0.29892757386994717
477 -15.784424581088844 -20.046739152367213 -32.09582084249976 0.20330085687039687 0.12583855349717196 0.7082727264265212 0.6642162035435782
478 -15.82087827793835 -19.07903461311822 -31.97350690933771 0.13016659239184633 0.07844398913825354 0.7593590593283879 0.6326744959369535
479 -15.890075659038427 -18.040183419806702 -31.879483883285218 0.15052001600782358 0.11194353975931053 0.7062527276356412 0.682656175094298
480 -15.934460869096533 -17.01508765082014 -31.756551299485007 0.13811911757818418 0.05542894822964849 0.7030666300682903 0.6953761965598164
481 -15.959140883238573 -16.000269433718866 -31.651217776970395 0.1286067941973822 -0.20106401935303564 0.643678080167892 0.7271259049980625
482 -15.91516103976701 -16.01540609748267 -31.644246192929355 0.048870058673651226 -0.3359631249807866 0.9325728054181442 0.12267215907821138
483 -15.992115770742434 -16.059883449915752 -31.70451082809921 0.12834431290085851 0.8182377799628607 -0.5580685751588302 -0.05073596562250934
484 -16.033986070309673 -16.020445097316934 -31.633839655938715 -0.049746260752903435 -0.17383397492127606 0.9830939008404437 -0.028869375374146508
485 -16.89797120214138 -16.062474332483553 -31.829282946725655 -0.052219522719703385 -0.15614852113625077 0.9859696790202293 0.027469125334351446
486 -17.903771806181936 -16.017742561728348 -31.993395724256395 -0.18791951114953095 -0.05552013842452359 0.9775731177711491 0.0771658666110718
487 -17.953339486665566 -15.993268486108404 -31.95724042712984 -0.0881007355599662 -0.2104459204700248 0.5660093632049048 0.7922021053466688
488 -18.006058046724675 -16.001827736175297 -31.939532602240337 -0.42403286994076583 0.36465865909298684 0.36437203101973803 0.7446161498173758
489 -18.003697666826188 -16.017749601703123 -31.972629649149464 -0.387975812400823 0.8424696854059498 0.10159229963481706 0.35972017293839786
490 -18.474802428702073 -16.749197061905743 -32.64203090920019 -0.43612102352059473 0.7913413591502334 0.12323654146400329 0.4103535804517863
491 -18.45307131733867 -16.80009082189806 -32.573740148657436 -0.3547313292212434 0.33607595892104203 0.41654937758487076 0.7666193644422823
492 -18.084576439243282 -16.41059863103575 -33.40230675252774 -0.25870571612366267 0.33257892912633863 0.38979583165723314 0.818853966204455
493 -17.623401471661452 -16.057277596168518 -34.14008409218414 -0.17129354997084711 0.3936113605429031 0.3061448259906041 0.849708162906025
494 -18.12137549430179 -16.380128820317122 -33.344121861507226 0.03201657009946268 -0.7120279467089493 -0.41558770446152327 0.5650469026947279
495 -18.469821721278066 -16.96199793654478 -32.58976297107832 -0.11162663665297931 -0.727969402367213 -0.4094263912193922 0.5384886938272074
496 -18.461045168854554 -17.0149564857815 -32.50119308569129 -0.27141637445938815 0.831385740974224 -0.09309597031039568 -0.47588238220386797
497 -18.418569119692645 -16.999971583804804 -32.57685070402864 -0.3766981133695657 0.8863164921725414 0.13241848768506306 0.23453560754386893
498 -19.022079873472048 -17.56237045867996 -33.11802718498055 -0.39251560656641576 0.9038405953557804 0.07935095066656461 0.15068876340663065
499 -19.71400256406435 -18.3081936685692 -33.545729401769655 -0.3768076108634644 0.8848646013977892 0.23045709776037487 0.1480546780090522
