# time x y z qx qy qz qw
0 4.007219994669409 3.1746173324105973 -8.998357221761342 0.004802021309815431 0.003001981491977152 -0.7094844401542233 0.7046983453063517
1 3.9355514264970277 2.034781104723761 -8.914389120047602 0.20677481221438412 0.014209897197009389 -0.8046660960586857 0.556376428067393
2 3.904510560988356 2.045917293490017 -8.970426382212706 -0.2151231734875963 0.6455421760559498 -0.5456382744892553 0.48915865787488877
3 3.43284093691509 1.150591365084965 -9.36130210202522 -0.1717744167046503 0.6458797748819931 -0.5378968080855483 0.5138091961181128
4 3.0097415081847 0.2516164996900073 -9.883407791058625 -0.20665120678746748 0.6516495850126957 -0.5420557884594605 0.48869583514048676
5 2.5288951814161442 -0.5205998705127731 -10.443494873526218 -0.21696151792645726 0.6989724420465651 -0.5109137262337233 0.4509239285561158
6 1.9612495482881929 -1.3505704482708194 -10.911565182989257 -0.3196033054445358 0.7116694227661187 -0.40839751473530694 0.47391120455913577
7 1.920950858914624 -1.3832741746570176 -10.998693699086306 0.17646309904109062 0.7623803864804278 -0.6066160007372114 -0.14019254130073724
8 1.9324713816196692 -1.4223550517967771 -11.042204336600653 0.7336325167197258 0.374995206450148 -0.4202303822710333 0.3802214504301845
9 2.308404559330356 -1.1521707056762918 -11.963955524893693 0.6170682784124473 0.41915387033219137 -0.45530146311060493 0.48604253975550826
10 2.550220362312852 -1.01798263484931 -12.901596472732404 0.6888972521762254 0.45250626508955666 -0.42744598022826197 0.3714143104209184
11 2.515224224266605 -0.9897147328171386 -12.984071023912614 0.7445960007791959 -0.08646153517480062 -0.6041240509519926 -0.27043544445985457
12 2.8148941199279243 -0.8484013996273325 -13.971469715362232 0.7731715360668459 -0.03152265357688842 -0.6106942806668065 -0.16812077113895518
13 2.6923685688806 -0.9134907491998342 -13.969618658840778 0.970712338652372 -0.16000832874871307 0.17915599109815059 0.0042451351834507465
14 3.583549314055007 -1.1786496092756704 -13.669189665299642 0.9597376410876011 -0.23652779344881342 0.05199856115470541 0.1423179990151721
15 4.472608277031877 -1.619834681070079 -13.496128613804666 0.9695128590116863 -0.19658685514437532 0.1400614696731735 0.04220437546536295
16 4.3674280422401655 -1.5784623902642816 -13.531685840014752 0.8068379869155585 0.562700277175453 0.12260197923440345 0.13171793964576048
17 4.646479781747609 -0.6513290004956444 -13.525852334534328 0.8069119754172449 0.5641984284902098 0.17469186577614462 0.007479923065567301
18 4.635059509550971 -0.7176027112241329 -13.460202599396874 0.21327357892254423 0.9401088276780818 0.23404447787239308 0.1262258096933843
19 3.7967407602123924 -0.18095389230641498 -13.575359917381178 0.1381437271574536 0.9025445314073507 0.35341450642634836 0.203538365231602
20 3.779391456265936 -0.17673128898701904 -13.682202374227687 -0.01655876948381304 0.49737785373210724 0.8622908673028545 0.09378452930049415
21 2.7974573894353276 -0.005324937412363788 -13.762113092613516 -0.0015482171328474786 0.44255359049993975 0.8886969232719117 0.1198403151129005
22 1.8245872877855178 0.17738643031750706 -13.794190186639316 -0.0854669301850775 0.5056873647973441 0.8514343904454134 0.1097049301349041
23 0.848898434609316 0.22677546048821964 -14.090275081541359 -0.196372991677817 0.431038251586458 0.8711433325205714 0.129433256985005
24 -0.1721020772255222 0.3412162070245993 -14.503322400248626 -0.14581533020949417 0.4755420547673634 0.8620794893844039 0.0970391550161857
25 -0.12377541686519697 0.3293878899661053 -14.504171378892819 -0.2926308677884854 -0.3776606736707255 -0.5954112396941683 0.6459295986605537
26 -0.19844601168914205 -0.2512679866547753 -13.726135859579678 -0.27571962824793006 -0.28156585693159847 -0.7380343880561412 0.5477267538251096
27 -0.4405868775215169 -1.010993656841435 -13.0669785885215 0.4017500649313632 0.4901349355246236 0.641119617571903 -0.4328166658879663
28 -0.7234748529345211 -1.2626640592094034 -12.08097933062486 0.41174847322699476 0.4647794030183881 0.6671480722668166 -0.4115297692704376
29 -1.080627444663166 -1.4812977359379742 -11.097004184746803 0.5404296878254351 0.4310626994103705 0.6151356443637066 -0.3791158671530304
30 -1.1749248275108075 -1.5156185958495472 -10.020867426434519 0.5725498582305633 0.35647004063256477 0.6526413895411719 -0.34521730349063945
31 -1.3390108752738097 -1.517012504364778 -8.987977738969494 0.5892424708124481 0.39131798656282224 0.6689227606239122 -0.22848607025931347
32 -1.5617873043334713 -1.4155686797179632 -7.9840522620036 0.5288908845519894 0.43721316430726953 0.6516492142395607 -0.3232218785528005
33 -1.8067620968716729 -1.4099865530161002 -7.00646370851263 0.6228337864950996 0.41225821958475156 0.5848062316817473 -0.316422038061797
34 -1.7805382132624346 -1.3363984384338061 -6.99594888410792 0.6804722449860187 -0.16207944969876847 0.6989750113075912 0.148733686018282
35 -1.7665565580753413 -1.3781576049007698 -6.014810243573181 0.6057472828196684 -0.22457205856182805 0.7333576358133164 0.2117172592496758
36 -1.74286102287555 -1.3567071499087442 -6.058398852100642 0.3409003083071893 -0.561710447556182 0.6055418341793578 -0.4489848994799221
37 -1.9776763927513228 -2.2845406278300553 -6.159682524865783 0.3574506552558506 -0.5693609834021819 0.5719257775922449 -0.47006170293055055
38 -1.9556962040729555 -2.3017954713246334 -6.134129945367242 0.13500823679949353 0.7427376796743607 -0.6557610483715546 -0.009537432929160008
39 -1.9134982154441427 -2.289209682111354 -6.16255871584978 0.059665545784851004 0.9827984138041796 0.08909175409737817 0.15036608601023013
40 -1.890375702700019 -2.235184668034439 -6.137628924519391 -0.6473355773804458 0.7602241068819946 0.008743359323425834 0.054217259620340456
41 -1.9809837504241348 -3.250923109242641 -6.269345551720303 -0.6263884917378288 0.7667216942278404 -0.03566033472848812 0.13602809101744143
42 -2.1501407656561584 -4.226026718744185 -6.43286780601592 -0.47290691672632057 0.8624987026531654 -0.08863053146930364 0.1568428032313884
43 -2.235209088375222 -4.178669514801811 -6.453048462138076 -0.2842635056937878 0.7157090113358446 -0.42194301176897314 -0.4784547682306796
44 -2.6380059794758575 -4.129551293666293 -5.586626923821762 -0.18755994141150056 0.7953114582899512 -0.38086329558454746 -0.43271711633225596
45 -2.6504152465265833 -4.1384755616731885 -5.601443421520277 -0.0955929386021425 -0.20545435198023707 0.4080631937423937 0.8843839263886163
46 -2.0861510837088435 -3.2719943804255913 -5.341257955655767 -0.13310533993702778 -0.19152665430734173 0.5517828627273497 0.8007097985977785
47 -1.736537806099455 -2.3125385653389685 -5.181458656171338 -0.1391250599256385 -0.12065928211123178 0.6243083637244615 0.7591604720510515
48 -1.771287661122574 -2.257797505814609 -5.16594396554773 0.5368402381719641 0.3348282632509673 0.4796305695070471 0.6079861097115259
49 -1.324209568128983 -1.3577390801960583 -5.12050850791801 0.577355889527255 0.31260160784069385 0.4251143155483118 0.6230716093030517
50 -0.9198247990585753 -0.4751351654893423 -5.010739364269335 0.5932407990816021 0.33247540260128666 0.3532276900955587 0.6424606290815728
51 -0.4211873587926567 0.3419403144247422 -4.997442279498482 0.5420485944302327 0.2885127663787648 0.5985899834046583 0.5144256376584394
52 -0.3663546262734769 1.306294760290801 -4.629193629202791 0.5274725535318792 0.25464467519491196 0.5405823200390348 0.603903593238731
53 -0.364283232731374 1.3055273943754049 -4.6125661044504245 0.6283655744301904 -0.19558702813831705 0.7504153531676857 0.06147533672340085
54 -0.3127447832667787 1.30254302427584 -4.562393520928175 0.9831927003075001 -0.1562468064778591 0.06400546091746345 -0.06944314581195069
55 0.6312187830007996 0.9905751530450873 -4.466278316111939 0.9585009603045715 -0.21947387767605436 0.15297693716764774 -0.09851488622465122
56 0.7425897831455486 0.9982912675640077 -4.470779376050605 0.7286035189336597 -0.3285036334175787 -0.042609553420329196 0.5995053802813258
57 1.5622891500455258 0.466182950437119 -4.045122263599066 0.7406681072131132 -0.31361725274438285 -0.010902687390723472 0.594084257615087
58 1.5762802883410818 0.4399385453555467 -4.056645401266426 0.8034926314553353 0.2727715416063296 -0.4154663283769168 0.3276934654088948
59 1.6057032269176434 0.5800256107712686 -3.9920379346892636 0.4180654116569436 0.6875696922866015 -0.5903215998354293 -0.0631635859713324
60 1.0545719922256014 1.1600183349282323 -4.3391606921901476 0.20344567459540303 0.8017415175199231 -0.5619298523922553 -0.007432197769884281
61 1.105945048289583 1.227526949924736 -4.3622282194836535 -0.45120090611902497 -0.5957572946136337 0.27852298518497143 0.6032544529099363
62 1.149946116201192 1.3132022085060377 -4.334693991424234 -0.506841288462006 -0.134093721065749 0.005803896173363745 0.851526333750239
63 2.079631542207515 1.5284351194715882 -4.08172510388707 -0.5288804198034701 -0.08943775887796773 -0.10129196313365807 0.8378701134662349
64 2.135658459743928 1.6065238996021862 -4.035524958548652 -0.4889675727842558 -0.5864573708380328 0.28399578262076464 0.5799352208728439
65 2.246395047166385 2.5576229512432302 -3.670947132204026 -0.6650111844266521 -0.4841043091368119 0.2510455538035109 0.5102737229939643
66 2.7065894843294034 3.4386481975330696 -3.4885967256806962 -0.6105682707137678 -0.5111296714388551 0.29124847980763074 0.5302142668602489
67 2.6199591767574213 3.486054875454563 -3.437290199615107 -0.637727980842927 0.11338226384849075 -0.24871973940260494 0.7201291383676225
68 3.5215406552955537 2.855506228998284 -3.2544084556112276 -0.5137888310611013 0.0757379452361255 -0.2785914447899261 0.8078809365359095
69 4.3090079880657886 2.3137217265407384 -2.9737829257733117 -0.48359609806915294 0.09215180489963531 -0.33818233870735265 0.8020446150760288
70 4.462099412577285 2.3239710265034392 -3.0152146513594187 0.8979893546576355 -0.30144362880146697 0.2725978222029609 -0.1686335817883538
71 4.444808460024267 2.317775858793055 -3.041818424004113 0.47397653849794547 -0.3177798689377106 0.8211370326457025 -0.009806603349159088
72 3.947553829491476 2.0194929057464277 -2.248814116322648 0.5984361372691192 -0.28669549654036314 0.7480993215011901 0.005223700158816965
73 3.659469388056124 1.6633208712446772 -1.3097498518983652 0.576278836042536 -0.24705498933814754 0.7731171892085403 -0.09568880353977816
74 3.676380532382471 1.7317122878706381 -1.2876353745504834 -0.4086120861702447 0.755491196125759 -0.32435207347609835 -0.39631420368670345
75 3.3145664406626114 1.3136370610547703 -0.4279391272631141 -0.36035904816038244 0.7505462761673561 -0.272307547778138 -0.4823590396823878
76 3.315149231608336 1.3163877968957458 -0.36502652304040256 -0.5597808040164818 0.8057245382069077 -0.05613450534343047 0.18520890177249852
77 3.0078565077048927 0.40077307624416997 -0.6360322757438465 -0.48191916194258233 0.8601449146175992 -0.05179864675547297 0.15881293210675168
78 2.535125529489179 -0.4480803497540543 -0.7827529337839304 -0.5364190260604497 0.8378986385456799 0.004481787873693162 0.10079887688416359
79 2.1887736379023255 -1.290355990134092 -1.0819104262147061 -0.5909686208259406 0.7869576133126762 0.04432841998717043 0.17172301892798938
80 1.9590051088190998 -2.1956264137169685 -1.3842514263456585 -0.5769989560035329 0.8047460262975045 0.10981608239139269 0.08600270912835342
81 1.6718564208052855 -3.081198502178181 -1.6068127598082478 -0.5236684560232306 0.8460921226314905 -0.007269417553226533 0.09923015547514527
82 1.273247827786958 -3.918566725286204 -1.8073513006303037 -0.5550479101399607 0.7994106949547842 0.0028790583785246737 0.2299044785645181
83 1.290134763644129 -3.939622218204244 -1.7779788710779878 0.1460274041981452 0.9711368042000806 0.09030783623056543 0.16557113113873145
84 1.1502378675557734 -3.9791236654048827 -1.8062040775888886 0.04059144463643408 0.5606073904876487 0.7579584901346745 0.3310145247352761
85 0.34712984371898564 -3.3922245587740747 -2.1365317843608835 0.0028755153503084744 0.6053551293688766 0.7672680827194313 0.21174651826726326
86 -0.604099331812568 -3.0495080839287296 -2.4285389949100566 0.10447562246161596 0.5723217444515848 0.758546616382897 0.29349564888292656
87 -1.3896873490154273 -2.415006797461832 -2.665610599743947 0.04682604397433262 0.5659323843868284 0.7955697887123604 0.21117899799961906
88 -2.3035140548277555 -2.055757002164868 -2.8378027578930034 0.02276676539517888 0.5807795742751538 0.7895033077041318 0.19713266503156435
89 -3.2815547055873577 -1.8028120105540697 -3.0194849571105578 -0.07581450122542811 0.6128348085109585 0.7806655082710451 0.09616144277821487
90 -4.312183173634427 -1.792797749230396 -3.240017803270346 -0.026686654853263228 0.6394329961102051 0.7594123036216563 0.11707356254218357
91 -5.362474092174594 -1.783154444611194 -3.3414709728857037 0.08226022567166931 0.5066841748478382 0.8453975854122043 0.147673033457115
92 -5.360093781580904 -1.6879501026659967 -3.409479910350106 -0.26051608206121385 0.38970578807946543 0.4830146798657263 0.7395658109722534
93 -5.007521886575651 -1.1085461698315222 -4.285485115264865 -0.24495269228390093 0.3531520010510882 0.5554530165185343 0.7118664124236664
94 -4.864042862326534 -1.0429287716674014 -4.284644483180323 -0.5532582453623989 0.7878995238909497 0.13524170929416923 0.23415664470205633
95 -4.8094134657373235 -0.9882857790486542 -4.319311107913536 0.11435586790574409 0.9852073936607952 0.127562310847861 0.004121140956080242
96 -4.857098737317509 -0.9950731642227763 -4.234036774161205 -0.5478794914172024 0.819199509034942 0.08309129968150046 0.1477703055372623
97 -5.262985659714151 -1.863930014080769 -4.603982896208639 -0.5736469351918285 0.8014803415898325 0.003310953948001272 0.1689600348426253
98 -5.185382966617249 -1.8232148995610977 -4.594662743104665 -0.29895379483363343 0.47973162640366585 -0.5564444702104449 0.6089776241824325
99 -5.318974767392906 -2.7750327928457375 -4.827436568139408 -0.23787688456020398 0.5976095503212618 -0.5712441295174726 0.5098603315110662
100 -5.681205820645119 -3.55955838176087 -5.101263932752645 -0.24490566963413632 0.6419854339663127 -0.4668303004391691 0.5567273894358119
101 -5.707655530618134 -3.574322495040218 -5.20047364181992 -0.4429420876388517 0.044199329099136334 -0.1867861501719475 0.8757623310061153
102 -4.767453856970148 -3.998551740432835 -5.0592702069139825 -0.5707995881473523 0.16498277263516425 -0.14154910027384515 0.7917906081257162
103 -3.88562473224437 -4.396454506819089 -5.179078141980402 -0.6379122050112288 0.11708185862101418 -0.03138578834192048 0.7605095590258656
104 -3.884498649179436 -4.39452308229843 -5.135214687369232 0.985105387158457 -0.1349016431463474 -0.08498484018130703 0.0643933211378262
105 -3.916862084926461 -4.42446124290302 -5.183174823053581 0.7049560807355774 0.0032532618708627507 -0.13969423196025854 0.6953501722716171
106 -2.9805134962754836 -4.525892865951789 -5.390041601500461 0.6642045576341908 -0.2976459935438681 -0.027282703798157653 0.6851969222192368
107 -2.146156962957801 -5.052623104985193 -5.013770628539992 0.6695461388770185 -0.31998324421161384 -0.08233034320327878 0.6652371050435453
108 -1.307641071226105 -5.621171749095298 -4.715454251751995 0.734400058293302 -0.28229490208398395 -0.009082815377107775 0.6171577149327507
109 -0.46771243336175455 -6.025416900021803 -4.369336532598137 0.7881693191014609 -0.27367572321851397 0.08569437307337978 0.5445614725368683
110 -0.5175750816103893 -5.970187140498143 -4.382039344979303 0.6596995237778022 0.16445365484734834 0.5706155685071012 0.4605967940748258
111 -0.15769693418119035 -5.282362458119795 -3.8279462779687337 0.806207005974556 0.13244547976840873 0.46150303036445645 0.34569265449367265
112 -0.13313960351311735 -5.285023565639064 -3.788750847518029 0.13815820150059197 -0.23064134046233592 0.42363590595430267 0.86501416324482
113 -0.15715597900059086 -5.3692980878757055 -3.676557286206728 0.3421636012470408 -0.1161050571965177 -0.20758685378285396 0.9090387141434546
114 0.7374287248147896 -5.830550949393192 -3.5694050329419342 0.3162921485047114 -0.18017512203988773 -0.24463456763756478 0.8986935687479726
115 1.4476448470614411 -6.353142302604825 -3.3224670852926765 0.3191376539569743 -0.08042024641203831 -0.2877470614414565 0.8993805481695011
116 2.220962182683541 -6.907314643175294 -3.303043891363492 0.35125639132098385 -0.06127287829646398 -0.2127953876436855 0.9097157275429507
117 3.15185529466616 -7.3054262032993496 -3.322603227238926 0.3336802724948904 -0.10063227141466177 -0.21730948496273028 0.9117605000453213
118 4.083200821646035 -7.803164381966134 -3.398913995919948 0.4180498051589813 -0.197812880939854 -0.07684781580060454 0.8832886491671277
119 4.97130199065853 -8.06935260323877 -3.108071167908883 0.29656024441404216 -0.3469726527066097 -0.11292000893554013 0.8825593868340076
120 5.743809862404852 -8.447454176186278 -2.48202247062298 0.31182385428447573 -0.1786209171312432 -0.2966527796928927 0.8847923938206339
121 5.816225158395937 -8.457817142856298 -2.4080379339186355 0.3903995230734034 0.423929210080189 -0.1188808932991997 0.8085416318491154
122 5.829573696662854 -8.497847074332803 -2.383879680972663 -0.35411159882533166 0.3915215775314975 0.3300370994941107 0.7825543705469477
123 6.312719268646869 -8.271807624189654 -3.2060769748268565 -0.34198343643930185 0.4305429022027324 0.3583876063980365 0.7544789341951839
124 6.742394957416466 -7.986675694029947 -4.1056672833262295 -0.48051155769335735 0.47315850426671696 0.37439624468640004 0.6364409829103621
125 7.119273396544292 -7.976481050130182 -5.116214715785998 -0.3843866464417943 0.47344872231178187 0.3912186224243227 0.6892323286432429
126 7.367940148447342 -7.748945314244254 -6.02010685197321 -0.3915546835558051 0.43595518004569334 0.35579012885819133 0.7280394185646213
127 7.76846384914638 -7.536715450814355 -6.8598291199310655 -0.3853701722612714 0.4872453861169053 0.22861304913055466 0.7495450872404784
128 8.189096573745436 -7.51754671114666 -7.810035330933842 -0.5209827552551661 0.38155983847470815 0.2467209263279437 0.7225772227947481
129 8.155752696296082 -7.479526416796139 -7.840133951382139 -0.6040790399316812 0.06316693666660951 -0.26496883618867967 0.7489258758222953
130 9.080215057229347 -8.105774979225043 -7.668801356703718 -0.5835460358236653 0.025662342328334906 -0.2947261820432802 0.756275046447323
131 9.106452674816692 -8.069852408667618 -7.637285322793076 -0.18794203997637976 0.7173846683154202 -0.5231950979759892 0.4198855995737239
132 9.169508396852141 -8.062282479520015 -7.69708988633944 0.21694228120859457 0.583173010686861 -0.09248630706385372 0.7773619293714635
133 9.49060186371908 -7.911748149010844 -8.650719606182967 0.17020131196295155 0.5486659275472366 0.028972734395989196 0.8180206562284599
134 9.558598121168085 -7.91009423951211 -8.661127854871625 -0.36037117710319894 0.3725161944241438 0.34640055972117484 0.7819021369902152
135 10.091533299079991 -7.564370806848609 -9.488503611644946 -0.43829136435694926 0.2762226074059541 0.42975645616457336 0.7395344072271737
136 10.041829831709096 -7.564036514812818 -9.394513352449529 -0.3991538123514289 -0.08189531872664334 -0.42357226246638696 0.8090463085170637
137 10.682764759224403 -8.16474911538031 -8.935712927072931 -0.5741418924234971 -0.01796986735702608 -0.3155207245485406 0.7553044708009481
138 10.725987565479421 -8.070981323272271 -8.956297524804135 0.4093202370424494 0.4165815803857891 0.755253608758285 -0.29750414600199954
139 10.232617894824514 -8.174278063068197 -8.089202545010165 0.4033214024052015 0.3261344487547208 0.7912917956278971 -0.3237676047249538
140 9.755032991614573 -8.444604363552724 -7.290098474236241 0.3643538138791943 0.4299661964536847 0.7850301541022511 -0.2571050862371899
141 9.716869361189275 -8.476332899709776 -7.376954877967571 -0.08556905983817745 0.49686216994174276 0.7608235662470404 0.4085993405798991
142 9.091946801012211 -7.816450677065526 -7.960181044800518 0.044584168271947944 0.5135382275763836 0.7203850531549544 0.46404322637890016
143 9.03482386285536 -7.74189307862023 -7.953943164935159 -0.27664563560973526 0.4024869508209053 0.34106592262060625 0.8032094889528699
144 9.432624325708728 -7.379805096436834 -8.697139473478972 -0.3459842014080865 0.3524492576121369 0.3978455393100265 0.7731709901669722
145 9.897242634313555 -6.953026440657326 -9.51759856603256 -0.44753705045638215 0.4619745261068594 0.33702567056793126 0.6875345977297289
146 10.318871873152881 -6.927438579296251 -10.585269349841049 -0.4186901143529504 0.42965224334415714 0.3333835269292289 0.7272915247029037
147 10.752623009565873 -6.823216753985439 -11.477362647024334 -0.27732224116972537 0.5425619093923258 0.3443444853261923 0.7142449330968992
148 10.900937492139471 -6.601106465536202 -12.489828083772741 -0.38486131781280897 0.4270925781110278 0.4447074988676899 0.6868106989736742
149 11.001719760935414 -6.68198267127196 -12.342756728984494 -0.5266506054150266 0.8418139508649619 0.06649992705079485 0.09780680777608435
150 10.550655737283135 -7.591218042516957 -12.629460822959413 -0.4897635300882739 0.8397128789711273 0.021070631183538694 0.23360221314666746
151 10.570028489297897 -7.5204847344031895 -12.642558697788088 -0.545203474429858 0.3709327318561727 0.10928069500158168 0.7437874761027502
152 10.635471688057207 -7.561884395067204 -12.684948619540778 0.31870866314633906 0.4863585541839949 -0.0930794443316351 0.8082180162867204
153 11.19938026529656 -7.3460642990950555 -13.513316542456637 0.24757017768152026 0.592349301932138 -0.07953186598782383 0.7625654030414336
154 11.493785422032195 -7.247329167160713 -14.469834766546194 0.2622752615999433 0.5170659525117375 -0.03273596510620575 0.8141147612556698
155 11.523461800836651 -7.287598661761166 -14.500642431381097 -0.19568518218230016 0.4696451751964561 -0.6674484843844352 0.5437400478003165
156 11.17726731226551 -8.175637299164073 -14.711555850002677 -0.15656028272256126 0.4941121692075177 -0.6858669197862526 0.5108117172283655
157 11.212147122326241 -8.185245736623944 -14.708187480878069 -0.3460560054641508 -0.6353852067941917 0.688833797482463 -0.045153953483460005
158 10.367048018719446 -7.750399056931562 -15.152034732249847 0.3883538616535055 0.7932953747168747 -0.46403764636745837 -0.06732599308864703
159 9.714309857414673 -7.0735025220121255 -15.391735547957833 0.2597892544994745 0.826536775284668 -0.4820529521059209 -0.13027453210277154
160 8.933605976761356 -6.444026805405363 -15.385723192658746 0.2500727708008095 0.8724385227664998 -0.37177048314468325 -0.19519564841302708
161 8.065485698001154 -5.764343907866566 -15.271131643375842 0.2508109337790315 0.8614792728557645 -0.4193560339094453 -0.13815880268927264
162 7.25054976832697 -5.2670497732778045 -15.325886314215076 0.38243374470804425 0.8224527320152412 -0.39259397726460765 -0.1522691811392078
163 6.572486985360325 -4.492737651766768 -15.38678790061243 0.3607904526254178 0.7934593269468566 -0.47806684016727663 -0.10818799428708599
164 5.7331337213711775 -3.796070936826326 -15.55815008711273 0.27167426080131557 0.8422725083420067 -0.46558249459585704 -0.0017488382491123813
165 4.918763946942681 -3.401247315203412 -15.865264348946353 0.2854191080412978 0.8135505973075153 -0.5065673175152823 0.007804563464160807
166 4.088872089198214 -2.9053529280655765 -16.120127151290415 0.2695861774322455 0.7944124828539905 -0.543488570058329 0.02919373630047017
167 4.097209215298792 -2.8772580267160124 -15.975282204655006 -0.5537002957273238 -0.6099325254507517 0.08268791886860713 0.5608573838168839
168 4.40566574804205 -2.03065625119069 -15.379623561273043 -0.5497392758147568 -0.5892065725320094 0.11970179773954269 0.57990846099162
169 4.589003523342463 -1.2005658923997835 -14.818658804452646 -0.5047950769435078 -0.5992376308921938 0.21875180137005232 0.581587346332144
170 4.501003728456271 -1.1848514515508834 -14.844299950784487 -0.5210129115830989 -0.08398149885601021 -0.2588442790716828 0.8090069795777168
171 5.313394375441886 -1.5347945673789085 -14.456194114448726 -0.45510731098471224 0.028030788171300766 -0.20237284366006678 0.866681511601406
172 6.219330902685321 -1.8515931329731856 -14.341190098019304 -0.5655074243801641 0.14260035365860224 -0.2631412568717685 0.7685201175241283
173 7.052052467275408 -2.396473519352708 -14.195168400420592 -0.36015132873964095 0.1151644757526859 -0.32320318742688753 0.8675066936737608
174 6.981329939862084 -2.328031202314411 -14.21743237989694 0.35482735027373846 0.11040534525701082 0.8449888880902786 -0.38458027801793515
175 6.479757717574367 -2.8617813384770856 -13.505721063677495 0.2841164728899282 0.09249039426897697 0.8685363528395095 -0.3954338890343102
176 5.95627960084792 -3.467139031031833 -12.913452785157565 0.32815734035625094 0.2088689707922897 0.8104560770588478 -0.4380039499466458
177 5.504967351588434 -4.102227975880704 -12.217997181800513 -0.2528366177406902 -0.3021180876202998 -0.7564834093755858 0.5220451677791776
178 5.240709356714885 -4.742466582868914 -11.55817621093936 0.344482199419067 0.27799985899634655 0.7669431830102635 -0.4645925599011448
179 5.344661812738493 -4.769703831484844 -11.525568571924056 -0.3716097844143923 -0.004958619648861992 -0.2359115098975605 0.8979016314254696
180 6.257696047433997 -5.27592209298911 -11.250835005111904 -0.36891472266838915 -0.008358192920674882 -0.29022984461126616 0.8829488690216023
181 7.102208091836074 -5.799447636571423 -10.971626990071114 -0.5602271046085503 0.010295067560728363 -0.33944984784735344 0.7555219412050511
182 7.079549879122249 -5.848400642797758 -11.00816395901509 0.9471621655282593 -0.17767508116849767 0.2364533664569255 -0.1241176990391487
183 7.828140813237623 -6.3421361178652615 -10.55998909312187 0.9425998073557447 -0.0838812306515863 0.2369146736493334 -0.21986582209820157
184 8.799311515625503 -6.588643680881264 -10.1862958183713 0.9356990279840666 -0.23566396843996934 0.20712892674518393 -0.16133019157673628
185 9.558104715586529 -7.1864430948809135 -9.855461513142199 0.9484832806664695 -0.21642440744133962 0.06405186882855202 -0.22234500277587996
186 10.389223856502392 -7.645202998535368 -9.854686281473763 0.9574254430675263 -0.15947798180831063 0.20766742977168345 -0.12156287631230665
187 11.217711136179863 -7.980030412677858 -9.59429632314427 0.9609161866293934 -0.16953994638798922 0.13293622702509175 -0.17385122489276666
188 12.105668137834469 -8.34965233320309 -9.37811976571049 0.934540763861944 -0.262601050272235 0.14875021193055415 -0.1885407741759537
189 12.91695527046127 -8.89353379927016 -9.156219843837572 0.9113928859521069 -0.2662076461305733 0.21855287339853827 -0.22523573896420446
190 13.006923109748591 -8.769536973773038 -9.056781200628594 -0.4270727809578843 0.844935545195431 -0.03716333218437014 0.31986192485376014
191 12.562553599660408 -9.517020474077155 -9.480142322455956 -0.41734631307916287 0.847484791172981 -0.06307278808969388 0.3218903650193808
192 12.179199978496733 -10.341241213863098 -9.960907378082917 -0.4609001725291292 0.8356442600407162 -0.0968450725728315 0.28264948884083607
193 11.731949881765042 -11.149673238033794 -10.372572454375868 -0.442926631030621 0.84733009374457 -0.024689736678802525 0.29195569640171987
194 11.294567549279042 -11.921475671691958 -10.866859155391936 -0.573265929426051 0.7959009563021268 0.005071825825394428 0.19463329237168794
195 10.939483271949515 -12.868057266323303 -11.225883407170144 -0.5781594217027604 0.7981534268439543 0.023373804892017534 0.16773924871195758
196 10.704306195032443 -13.743799743326266 -11.50200396094483 -0.5420763394311097 0.7928050439943889 -0.04728520351367866 0.274549656664679
197 10.465115874476158 -14.659950217210014 -11.87413965481801 -0.5245954421183998 0.7798550320697119 -0.19612595362632354 0.27957174638778215
198 10.252131213232355 -15.597862797096914 -12.146084773209262 -0.4532081264777875 0.7221897361133278 -0.30120846188763273 0.42698693379814623
199 10.060769301411778 -16.60619121752739 -12.466231970020363 -0.4011579225469129 0.7200706948489111 -0.2544738620901581 0.5057801588739644
200 9.978319824732104 -16.609462161136285 -12.376438131997594 0.187347212004813 0.7500400929630436 0.3470469209978433 0.5309419137042451
201 9.967072131181151 -16.550021684588867 -12.357828005357225 -0.05191320049033223 -0.7857687232094707 -0.3310569752955692 0.5198786515608776
202 9.393101074161265 -16.72940966467644 -11.505034583449188 0.02280310028752037 -0.791338924503634 -0.26595258510810693 0.5500290425577781
203 9.0419630446518 -17.141963140918964 -10.633006401914272 -0.058832019660521595 -0.7931155563478889 -0.12551257039145006 0.593087769571565
204 8.670814077435574 -17.24204529671198 -9.684899093800237 -0.1658713384702964 -0.8018969402146474 -0.16985288379250688 0.5482681772780787
205 8.31962734553535 -17.277469813848363 -8.854827898522855 -0.08988438731304679 -0.8283769357846552 -0.2158586263522719 0.5090358559145859
206 8.374094017010497 -17.276887085604507 -8.835850669965556 -0.3667001528786923 0.6926408234551821 -0.37924381535231266 -0.49188801172532326
207 8.335875568707309 -17.148365917734246 -8.779957788437718 -0.0853969018594785 -0.7339119998605961 -0.22630126345855323 0.6347190589311816
208 8.153559994393465 -17.2976946551603 -7.839896662993932 -0.01869902129222222 -0.7773526796414195 -0.24204689462659149 0.5803330585608918
209 7.756726229875675 -17.5162478099039 -6.888618722268968 -0.09205788069582384 -0.7638102005810236 -0.3757704474823578 0.5166390373259399
210 7.298069971306416 -17.817278058742193 -6.020595648227633 0.09911437065112759 0.8323553155834015 0.39161042055137824 -0.3794762820863239
211 7.264521320134691 -17.84185461803377 -5.998970189657313 0.09243127563592844 -0.28711352107773197 -0.26040912016465123 0.9171746700785701
212 7.157236504783372 -17.780300633897355 -5.968381310109629 -0.17396140648429625 0.11424124474416045 0.8741024385855327 -0.43889781716492365
213 6.548623893645648 -18.586605332340667 -6.207258196987416 -0.15487802503707895 0.14295708219959288 0.8800876327738585 -0.4254666010959009
214 5.912406957605528 -19.391675930873824 -6.292620405456304 0.19940501314213618 -0.08105709574001493 -0.8188570263975764 0.532109535982296
215 5.59962054301686 -20.235507988976586 -6.521338143833496 0.17454823539211467 -0.07682394228827316 -0.774332495820244 0.6033574241936338
216 5.423746952055636 -21.200076455510107 -6.6475056389604 0.10269974071645036 -0.04289466071233138 -0.7050072432803545 0.7004124486767654
217 5.411402309714806 -22.172820779161516 -6.635578967617597 0.2022090071089377 0.07024228832714237 -0.7507676961047486 0.6249203188088477
218 5.521348549040605 -22.19473369388699 -6.578430605145228 -0.2350888635385982 0.5727991546314125 -0.591081474019307 0.5169690955606819
219 5.714563026997704 -22.139817839684344 -6.562606533321046 -0.2107667128823329 -0.6197009903933163 0.7193399424680001 0.23259003077615603
220 5.850713468932064 -22.195812335006828 -6.469515198832382 0.2770500218924995 0.23593405617484378 0.909423661238035 -0.20131321587680023
221 5.430965799161934 -22.474339670822687 -6.018718606280554 0.031209705140153393 0.2882361700417058 0.9250058721860633 -0.24558094593443813
222 3.9515850134225046 -22.753794511349195 -6.041235147276698 -0.13673944481445924 0.008411038618418808 0.9802599636313942 0.14255519058445532
223 2.7923740749902946 -22.281886964102753 -6.347405579033194 -0.2219897290170104 -0.2417785561004083 0.9015003060436833 0.282065397069724
224 2.498077703647669 -22.102955708202796 -6.396602169491815 0.16558252256555517 0.4166413442612762 0.8221133622412454 0.3508875006285896
225 2.4076603510738734 -21.98299727390694 -6.45896281917777 0.5450677097356643 0.7682607689173678 0.3212236324605368 0.09742669395432896
226 2.1949359954088066 -21.84959995879315 -6.448106142135016 -0.08831696580914847 0.8879849517218827 0.1019061458259343 0.43965665752795613
227 1.5351792351146973 -21.858492444451457 -7.287230707572998 -0.41369687262017185 0.7555238328601935 -0.05319041183558252 0.5051825567587359
228 1.5225775298332136 -21.825131834064788 -7.308607536306051 0.011200886706684624 -0.44844855558582913 0.744538677207879 -0.49439922256361757
229 1.4601017150320779 -21.849131168164856 -7.3969712328007065 -0.4138434116952561 0.7816838037669566 -0.08971971290527589 0.4578803715393884
230 1.24313587639547 -22.539852103430746 -8.131837902856 -0.4793532612281351 0.7350852260033192 -0.1558155722245901 0.45342217514577304
231 1.2012724693421595 -23.400337338603567 -8.71286026221254 -0.5536590699637998 0.8074786335647869 -0.07429678803212317 0.1895254016517979
232 0.924200413803199 -24.307257564153076 -8.913208013601748 -0.5551034938312563 0.8243088917000959 0.0002742284224591534 0.11124246940473778
233 0.5044770923431399 -25.30605230104151 -9.071832284483481 -0.48546548161296604 0.8740528921419322 -0.013139747027034934 0.013496479121635494
234 0.5873609743065159 -25.23318757947686 -9.035175858464143 -0.44948825777167406 0.589933291629262 -0.5739172942322102 0.3472145690117672
235 0.20695699675045723 -26.167587449772338 -8.938443387179944 -0.45600403485190716 0.5994590184925725 -0.5284264157012875 0.3917585079303214
236 -0.11412779294877883 -27.140074445368807 -8.899797276780708 -0.39579948634445417 0.6529329371544648 -0.49434117843014797 0.41550950109065155
237 -0.1495093408578409 -27.21556929081588 -8.855458544360669 0.14889661695539513 0.04927539557663249 -0.7784732568339774 0.607767324923202
238 -0.17574699334098773 -27.348959648686524 -8.654744947366712 0.07828341652981852 -0.14385226274807805 -0.19986311525853218 0.9660398378730721
239 -0.13822317636657308 -27.364561396325477 -8.649931255127433 0.19684910084773993 0.5000200875787051 0.053491566838004184 0.8416465979200747
240 0.4192806336505794 -27.076370693279667 -9.369089024384259 0.09335027076159773 0.6375515542769239 0.043371316888757665 0.7635002760046323
241 0.6044969083699262 -26.909682560420812 -10.338319498739745 0.005209558350401318 0.6858153246132886 -0.1065682624544025 0.7199120824550814
242 0.6767035622404688 -27.041987875389598 -11.355301773348694 0.031445975733899095 0.6374691728059911 -0.04079413804707021 0.7687522634979261
243 0.8217010432647892 -27.06859171023984 -12.40400787341557 -0.02958748453121072 0.7621747058749253 -0.03683675100667419 0.6456449118972893
244 0.6628561787857342 -27.208052030895896 -13.371663579566164 0.12717358698319847 0.805479638464096 -0.13554295973107536 0.5627233217673823
245 0.403015359956221 -27.164469771753193 -14.30780353645652 0.18988334131247506 0.805373491444715 -0.060291989266513184 0.5582855290981907
246 0.38103082103420644 -27.199851202064792 -14.346312731580964 -0.3934542325512301 0.726245265145382 -0.41285460848554095 0.38381330617070475
247 0.017064735578706296 -28.10222588324834 -14.60778287689597 -0.3397291034286429 0.7102834233426001 -0.5218218180733627 0.328304104438093
248 -0.4630196288411348 -28.942109634911432 -14.650001751072503 -0.2618034487473114 0.6893616085051659 -0.5888803756994074 0.330846535510513
249 -0.4565286936857319 -28.961760384748732 -14.630650675882244 0.5579880270308449 -0.258826609093508 0.7663241439546328 0.1854870736940459
250 -0.48953945371646546 -28.961016604970634 -14.64716455146927 0.5044282440184166 0.17051247803525488 0.40719543703305927 0.7420711000505472
251 -0.4702766624467959 -28.852377390197354 -14.690330958307655 0.8174139646025135 -0.37944225320876823 -0.018200853696054786 0.4330435496314303
252 -0.4246217004425082 -28.81854124952095 -14.691424379963884 0.7810174166219357 -0.39370063294116403 -0.4120108202073109 -0.2554578058839145
253 -0.09785005698046548 -29.15584997916318 -15.478182381374737 0.7996765736381518 -0.5334562931505047 -0.21586670237756858 -0.1712989424284419
254 0.2758278001976266 -29.971802454597537 -15.980888667891934 0.8325525594869346 -0.5163534525365953 -0.12887503375231665 -0.15370937974187346
255 0.7180558981017905 -30.770721109519727 -16.34537283298241 0.7981625017149372 -0.5834708972183655 -0.09537404195603016 -0.11576754759567873
256 0.9738221230660825 -31.718146206162253 -16.681749981595864 -0.654632078759698 0.7377502877778775 0.16288293523177588 -0.02550497505775841
257 1.0876520860338525 -30.855035646332016 -16.525959866292567 0.603762054844234 -0.47147499508268137 0.37907631873546294 0.5191183436520187
258 1.1232179092886383 -30.755906138685916 -16.601107639520528 0.8668158333074463 -0.18659929791902252 0.4621029638748537 -0.016488296507529646
259 1.121520685864071 -30.638785998879495 -16.63361115749334 -0.5057498906665872 0.7388349461145256 -0.32697341302240934 0.30237122493246305
260 0.7905588450619656 -31.583120608062245 -16.781329139169465 -0.5354209043389212 0.7199416607021613 -0.28572134705647423 0.33670725002372476
261 1.025766113100259 -30.668827156717043 -16.618939738802574 0.6566768007296536 -0.38471319483804545 0.0771292584448738 0.6440670885806182
262 1.7304535289613325 -31.067938266209406 -16.05271756314118 0.6086843692429273 -0.5066134143429668 -0.07220638104786385 0.6063269955915465
263 2.17140749631796 -31.827046878134997 -15.564603332611563 0.6943027185176222 -0.341725704927827 -0.1126549803664329 0.6232785356879027
264 2.2297244944975065 -31.83621449445703 -15.663929225642415 0.7349585819759964 0.2772418400213549 -0.3984855074094476 0.4734787696465815
265 2.199618133185452 -31.880875748318104 -15.626763652044298 0.7492060290315155 -0.0163648391586363 -0.629750735131253 -0.20453979980381998
266 2.4795270288533784 -31.69457858750241 -16.57934404052707 0.7825003433946085 -0.009389683457700793 -0.5902315765636154 -0.19807001908192234
267 2.7804803319070373 -31.499712717813946 -17.526951337519844 0.7222074519147703 -0.006557985320525264 -0.6247886463896389 -0.2966690691155953
268 2.7799081935406464 -31.521668138244088 -17.543887698883402 0.6982327882612205 0.4182989439250409 -0.41859319364903746 0.4028358290158112
269 3.038746400820139 -31.31710403763175 -18.39119869441321 0.7000131984679813 0.34912592090946415 -0.48551521029700223 0.3903429183295158
270 3.273690517041748 -31.17648755158286 -19.37805059193761 0.7433252638467727 0.3220278303396606 -0.4117457147185113 0.41740998433769944
271 3.2992900401931493 -31.189286469216857 -19.406826855591675 -0.22383998257222193 0.07923748193032494 0.8413518215647597 -0.48553495858595935
272 2.837030533213384 -32.09028531064316 -19.680542362419775 -0.24263866352977373 0.06890452345520154 0.8487008641318577 -0.46484996378372934
273 3.304840202524272 -31.20427859295335 -19.444704898125096 0.7812422689443674 -0.34694228713874226 0.024680137310482516 0.5183458859023868
274 3.2751527117953483 -31.156229088186127 -19.538179787526712 0.7468831025341429 0.27525774076119497 -0.4172737214431872 0.43849908630802076
275 3.2530993110581945 -31.241681401695438 -19.54622934178895 -0.3766299112322301 0.09373576001326872 0.8650024745237475 -0.31801609444764056
276 2.719661227117416 -31.89793632088403 -20.139181205525365 -0.48347275285939606 0.14327854679678398 0.7513914017434834 -0.4256011238898724
277 2.841980551636525 -31.120783273649725 -19.57122155051761 0.6529335306441397 -0.6521504704541673 0.13835620977213237 0.35949287567972316
278 2.898570976223181 -31.862454285525516 -19.00448367246384 0.7209541555497959 -0.6108102070915299 0.10042851581234727 0.3115286659683366
279 3.0658323362484667 -32.85306368633625 -18.352638077343 0.7483017813940959 -0.2403726724439127 -0.05859406034641535 0.6154934267697041
280 2.798399788143236 -33.23054356219441 -18.396331770987818 0.3247450767532208 -0.41041486809753935 0.35339721112851813 0.7753777675014998
281 3.5136776123575792 -32.72147805710778 -17.61554795544341 0.26886401042978425 -0.6324424147235285 0.3501936185133835 0.6364692965939442
282 3.7593431044682273 -32.665555865845384 -17.487504683160516 -0.06982447514021385 -0.12406990636612394 0.4769956254232426 0.8672983191110106
283 4.458554147218775 -31.742248525630888 -17.363062933388708 -0.10828700076262436 -0.1572279752422801 0.421952682401135 0.8862895819547555
284 5.10465537915637 -30.917306778189598 -17.148013936334973 -0.15673584797343484 -0.19556894329633553 0.47633078376544274 0.8427903931674839
285 5.6645206860000386 -30.020426544707966 -16.99041930015049 -0.16602475741152722 -0.13342997931741452 0.5214773352251254 0.8262527515187469
286 6.181370367408472 -29.087181293867964 -17.04706061512521 0.04388461480525289 0.02735090918640497 0.4985556771895705 0.8653139921971218
287 6.248863430522642 -29.096680421547767 -17.21768815967763 0.05564841273131609 0.3736870298231066 -0.09176813981896409 0.9213250601262493
288 7.126049731488208 -29.420699829058517 -18.084518153741275 0.18755828211563416 0.4911642327455841 -0.23182606071226874 0.8184352539180512
289 7.903746959058344 -29.78135828245442 -19.248773756232428 0.22917916882550385 0.41233795626075265 -0.10101412655651774 0.875928344466133
290 8.03665962436514 -31.06084812314565 -19.77806561513176 0.5724103552480203 0.3028910701838668 0.11054834105248923 0.7539114331924205
291 8.48058924416309 -28.13868342330184 -19.3588446430981 0.8329628552286928 -0.00873575821585356 0.39119494709915736 -0.3912327717634926
292 9.674035870782937 -29.081387481761457 -17.996778069295516 -0.47962766526612605 -0.20861925478962734 -0.3350951727216921 0.7836750183979357
293 10.671899748286368 -29.55789702876916 -16.924997865091388 0.10972094077812868 -0.16387087745138082 -0.2624637865535694 0.9445741958290197
294 10.864552526614428 -29.737401455650954 -16.810339344663227 -0.6067818415202135 0.15939969038737808 -0.2743516817973008 0.7287926249631912
295 10.997216512634157 -29.86092697100275 -16.707443735420387 0.9487239730596493 -0.24462432336737308 0.04972416977715774 -0.19393109678166803
296 11.051314634268532 -29.944594025914885 -16.637848735656366 -0.4940728906254429 0.15732588460359423 -0.42020249159581213 0.744694844106891
297 11.579277137892083 -30.80899281402271 -16.41806632754205 -0.4888733648762608 0.30038579289447914 -0.47042162500299134 0.6704287458569032
298 11.870208163881522 -31.856028427319693 -16.31991167270978 -0.46598755428974803 0.30978963846896235 -0.5636617822103381 0.607594745220687
299 11.933322845695852 -33.23743644837631 -16.06758514597487 -0.7089833702630666 0.057402442340085666 -0.0673286050054222 0.6996530563442439
300 11.935944641799516 -34.1443211142564 -16.152437684509348 -0.6334833958730266 -0.44009855477922016 0.3196227139241485 0.5503211516725325
301 12.301003291934668 -33.38409840968019 -16.006653644395378 0.268305427247264 0.6926746560222963 -0.6536077568142847 -0.14495143616485975
302 12.307665178175872 -32.683403130401 -16.08528226747872 0.6075845613138533 0.7786194512784268 0.08231807913566358 0.13347840571174335
303 12.281870127359484 -31.593978023792353 -16.162417896021132 0.5234394928239475 0.8302412108871652 0.16211389255556033 0.10212597582058423
304 11.896040267211175 -30.650083256468342 -16.141006209380297 0.3379344692043481 0.9253140175932109 0.10181311105389795 0.13866633977506063
305 11.93190303849867 -30.59918082005808 -16.107742646496135 0.8059045759847953 0.5661634373526644 0.16601920239300094 -0.0491365551150544
306 12.290402557137133 -29.660077310660004 -15.706680241574343 0.811084590678059 0.5616415745220301 0.07983976405224551 -0.1425697745284836
307 12.684077387991668 -28.722423867648914 -15.416785682107095 0.8502213305679062 0.5201807483234802 -0.01902525953661565 -0.07857300821865013
308 12.718576868605584 -28.705175765762085 -15.43627167205996 0.5971244390894107 0.4580194029043309 0.41591487900527363 0.5105638493149958
309 12.78272479836907 -28.740600531988765 -15.446028359291518 0.7616259490997686 -0.059505539805996606 0.6313257234874211 -0.13346473411863627
310 13.003513414257002 -28.964292567557415 -14.541456080191647 0.7504200359965448 -0.0801994403859959 0.6560569676513758 -0.005203319401955138
311 13.100994154112378 -29.075250573067258 -14.545801951920714 0.9882234128157258 -0.14715434832045715 -0.017196801204375986 -0.03826688073985354
312 14.080049763966173 -29.452204665771294 -14.601912510881697 0.9823454331447481 -0.13824179480023294 0.12270825987981379 -0.028798248337973217
313 15.009142955579827 -29.718520537104666 -14.355255503643471 0.9635123596238199 -0.2109777221651779 0.15058903673609536 -0.06674785102927919
314 15.855168964017999 -30.115370343612923 -14.105277389188553 0.9312328682323935 -0.1462689202560139 0.15310142639847432 0.2965985524670711
315 15.815860004828338 -30.027749667239537 -14.073102782900461 0.6250295354500206 0.5300274905636739 -0.34201082987393927 0.45982336968758586
316 16.03645299278096 -29.695455963619906 -14.89419632653404 -0.28214135047777045 0.012997300743388507 0.9058320122824715 -0.31574624946031365
317 16.086482622568052 -29.721642724561512 -14.829289236978372 0.8963156206288236 0.32708593196546265 0.24471778533240623 0.17247117692256436
318 16.0878783586671 -29.738018610448446 -14.772829572111565 0.8032779798535212 0.005253700153545676 -0.5250613035397441 -0.2811183260520155
319 16.016702213061542 -29.739473551888718 -14.708800295656495 -0.6305427519807438 -0.5554051788248047 0.17014084814935024 0.5147747245642113
320 15.955450789613941 -29.713058292004366 -14.774061130575806 0.8075577528925144 0.536104884364007 0.2402552297628969 0.052148377499449006
321 16.240711711944282 -28.8744420886911 -14.428315893988945 0.6188005023286447 0.7624516405594044 0.14763217281179938 0.1181447234410274
322 16.32281598447654 -28.916924422925483 -14.39698907056566 0.32165675463572646 0.5205205903551979 0.7814646154809959 0.12209955759390737
323 16.31522173822585 -28.920430421211723 -14.432129722705008 0.06229940917989254 0.9503797360054566 0.16778649226239445 -0.25445006193812686
324 15.51578140067046 -28.890198174719647 -13.890097956215673 -0.188198970669216 0.9419840334301122 -0.05450096199982876 -0.2725378383690567
325 14.711301570427567 -29.226895295089165 -13.317899642947989 -0.40920112783385076 0.8564775593471103 -0.07974833133798064 -0.30436956313522734
326 14.754367030501472 -29.233696426643533 -13.382625467368847 0.4153004270608559 -0.24440109859602188 0.5676959210504118 0.6674691000419823
327 14.996540436819137 -28.648512256523652 -12.605536932058394 0.47772366610894335 -0.14101380197839655 0.7159903696627513 0.4891349476792937
328 14.948812554721405 -28.076696030949357 -11.721970887339134 0.4917782829009145 -0.006581071247407447 0.8423114862688117 0.22050435385245798
329 14.482178107897871 -27.75190919948979 -10.846275634927776 0.4257337190054713 0.07202831699389296 0.8902736660964412 -0.1448292840139767
330 13.858402912301234 -27.872346727585647 -10.063044988680778 0.46135867145183496 0.36114554220877937 0.725336560247852 -0.3613985998682607
331 13.487630023264652 -28.016306059471436 -9.03134431254185 0.5321847664154162 0.3486881540333334 0.6804440184736386 -0.3635820173711042
332 13.349295038391071 -28.114654134599483 -8.0819389831856 0.5431543560777873 0.29602967876827274 0.6556214285322521 -0.43302461501790773
333 13.21819317703108 -28.289420717605328 -7.087772003224878 0.5390978128233089 0.3800092015262045 0.6354902299268711 -0.4013959673838716
334 13.255484776493045 -28.1716609228634 -7.071427065533611 -0.04212801485606781 -0.7815445972590958 -0.16917504100226405 0.5989933875772641
335 12.977802318078824 -28.248017474249757 -6.080053532300529 -0.0016932461589157226 -0.7293414799232577 -0.15225264620366266 0.6669912070670642
336 12.925467771632357 -28.49943463220551 -5.101039927935508 -0.01670047326966049 -0.5846556882906754 -0.06199773726631744 0.8087367315237901
337 13.312867689527005 -28.68012127042789 -4.188757260086004 -0.06817094491413375 -0.5140858729578831 0.04340146846197702 0.8539231522976699
338 13.27212608915485 -28.633984657618022 -4.123006800390271 -0.3461870072569343 0.5652289602759074 0.6338412080564992 -0.3986428243946979
339 12.80881596700675 -29.426973655440527 -4.079893492339296 -0.37522620477280966 0.5744025694118133 0.608830241768746 -0.3982370151212851
340 12.40151107764495 -30.374322217642938 -4.165123641912196 -0.47107701853448447 0.519148126591484 0.6136330382798685 -0.3633540416682201
341 12.103288204404324 -31.448140468215257 -4.374993626265982 -0.41544393449390626 0.5014345435866748 0.6031433879440653 -0.4606384584135379
342 11.931357111090591 -32.33616634057605 -4.42381997090906 -0.37243620642569597 0.5273282076911009 0.607541837500278 -0.4627192984989004
343 11.557979020916271 -33.37253749536423 -4.441592297658992 -0.46730074408831584 0.4939432389914817 0.6019967274624071 -0.4186287512267442
344 11.291918218152466 -34.38035910281698 -4.634991157715126 -0.5109808293792599 0.4996842403054998 0.5636549684171294 -0.41413443297543306
345 11.049506923494627 -35.34117102790745 -4.781460177028678 -0.547438778362594 0.4985905670712566 0.5904254660359856 -0.32111680029021006
346 11.046436030426474 -35.317788314125096 -4.794034345833117 -0.11369826106953972 -0.7178390756046747 -0.1935529971185768 0.6590273167867976
347 10.949587395610235 -35.44083665221346 -3.881176626995204 -0.08662887036492012 -0.7020181402165676 -0.19991505289296876 0.6780117559843424
348 10.989247917242766 -35.44563716794009 -3.8675027300772737 0.12784915698460345 -0.0027450792807156184 -0.22022138909447794 0.9670313321621835
349 11.862552919987165 -35.83303089042076 -3.931269017440203 0.1337412118360806 -0.17107754371159878 -0.20821692649835996 0.9536726240245125
350 11.883716775475708 -35.647301072130844 -4.041553289553173 -0.6491626371065836 0.11810471173480448 -0.13441127781456735 0.7393055904341045
351 12.81293557873406 -35.902823613212995 -4.117873629486289 -0.5374204752600829 0.08088084788409904 -0.1869150674287636 0.8183521728356786
352 12.781383909152217 -35.8776320934489 -4.144539542259752 -0.5783889760366674 -0.4921794690838194 0.23250593527900743 0.6075907773095799
353 13.170650320865386 -34.96437219122651 -3.865487396696527 -0.5754630485070154 -0.3758403700198272 0.3384801725550027 0.6426643516280548
354 13.171629266755808 -34.999009079741285 -3.8367136298869937 0.786958234144763 0.6169242951319457 -0.003986435553849845 -0.009233640629933447
355 13.36383763054681 -34.0142070046012 -3.771654393410798 0.7260976882321002 0.6772951654420618 0.1091235095154692 0.04631917188202846
356 13.48908870970197 -33.02846017352149 -3.6620616116245195 0.7125754729313883 0.6500496328381739 0.24052715854729353 0.10871226345140968
357 13.460364853164842 -32.10189444612685 -3.4548538832793576 0.6984998503062303 0.6366368530268854 0.29805986764778825 -0.1339842967962334
358 13.493772180156899 -31.237066511840403 -2.804896243103128 0.5905878248690832 0.5079294685923988 0.5670893360348175 -0.267625411737073
359 13.323895303777025 -30.88741558046714 -1.8514979156388331 0.2561343868471383 0.4603661170410768 0.7341258735637518 -0.4283893275038722
360 13.340803040444936 -30.842979548020715 -1.8628320582280429 -0.1332704176490034 -0.14278696395163212 -0.15596374886984019 0.9682593597500625
361 13.402646557781168 -30.834159199819297 -1.7683346334904433 -0.5191989007401322 0.05915959160094421 -0.19615356136246037 0.8297327428495704
362 14.39775991645433 -31.192428846164542 -1.6719585829643784 0.08441723513910777 0.09956364165152443 -0.2912623476459525 0.9476956560607016
363 15.183586600377962 -31.749620530908697 -1.9294676014249632 0.3571532116251155 0.1552198062241987 -0.41630126868262796 0.8216091825648141
364 15.224845653051299 -31.749981483481655 -1.859595401724488 0.9527437721385583 -0.2334623793152545 -0.03554804167612334 0.19107841015835086
365 15.256279914819478 -31.794534354336736 -1.884671578779236 -0.5858359113996131 0.26144744876751647 0.7546029661021644 0.13789807829464792
366 15.004441567490131 -31.90699149804031 -2.899526470368446 0.777648474280461 -0.13441448648376733 -0.5833568079514742 -0.19206881810757964
367 15.189423027723596 -31.86387207390517 -3.963939442832781 0.8389182807148926 -0.011770472725232357 -0.4210071294577061 -0.34471810396318764
368 15.76033961849365 -31.68296050009728 -4.758536579490109 0.8176692469821055 -0.013593494982325314 -0.43616225145220094 -0.37549262288629354
369 16.43861751058284 -31.46802289634202 -5.434143454784364 0.8418190460291131 -0.07231417589245875 -0.4903823815353585 -0.21362694958112896
370 16.9179307373866 -31.364498290400135 -6.197817218211495 0.7962762331072158 -0.025667195560382043 -0.5457653576789752 -0.25966426403759924
371 17.366254997003214 -31.102016711635315 -7.05235246462177 0.7658005863652761 0.002569711951402445 -0.5900719803429281 -0.25565194409051695
372 17.412077525710167 -31.018828919891497 -7.1336631152582735 0.9506586298414511 -0.1546245260915767 0.06610761729401676 -0.2607090492764639
373 18.33357057905928 -31.322239754861904 -7.16181346577804 0.928104717299927 -0.11559369397918615 0.21304223026973618 -0.28261765648940895
374 17.534457741730417 -31.082814776218225 -7.517883539346417 0.939673298627017 -0.007148548658480411 0.1453800168394977 -0.30956039928137746
375 18.5194028109213 -31.155072665407722 -7.291289864138339 0.8899102639175335 0.004972815536280595 0.3557295924444328 -0.2854670740018651
376 17.77672972157609 -31.019074221618958 -7.93677410674348 0.9463759666712164 -0.11052364084169254 0.07563313649925986 -0.294001161877809
377 18.804978249242286 -31.280774422355194 -7.9577466286020115 0.9137871375715653 -0.25576841745138146 0.2728150799970318 -0.15857968334371889
378 18.122157287270042 -30.721750087851007 -8.37592825143989 0.9491593075209973 -0.2636881518742615 0.09622208053849585 -0.1425008025389368
379 18.93923591847907 -31.291682748018975 -8.281926401095419 0.9600827006950459 -0.15371553454882556 0.19725593941887684 -0.12531095972999617
380 18.07806134754097 -30.94953618251044 -8.692315183286963 0.9501437924061443 -0.20331659952924425 0.22921018270371915 -0.057894958786262087
381 19.068336452443887 -31.254747470274264 -8.131340445183648 0.9582581575746582 -0.22236157718848765 0.14754897892757132 -0.1025959611744107
382 18.218171657158514 -30.720447651072018 -8.34649532244638 0.9765621305673997 -0.17304873534230186 0.1179019487105132 -0.04979629331942826
383 19.167514888373034 -30.999982656187047 -8.127191173899567 0.9553146168185908 -0.12270896353476168 0.242920480513276 -0.1153522141450835
384 18.353920259724006 -30.665564101236967 -8.50098399095813 0.9365995121857718 -0.22506679340097055 0.26798049973039606 -0.01768457084088592
385 18.383503281991935 -30.677721285366403 -8.57415311082504 0.7624557168091773 0.5570734604492295 0.2656632102149808 0.19430259469805175
386 18.382289921625365 -30.701620400244533 -8.610697073765438 0.14897205766797605 0.9363464812170578 0.039711451149458295 0.315413369713789
387 18.38107052584156 -30.666674853675996 -8.711328425953358 -0.573901978756623 0.7172627611414285 -0.2749659486625592 0.2838386466552883
388 18.46293994065853 -30.69366157863155 -8.841039051783198 0.9289358167557271 -0.1134054183251897 0.34202420430816943 0.08506998948055021
389 19.235502595627423 -30.851974644835664 -8.181475917068301 0.9427867595873554 -0.0969387025457695 0.30168772063733185 0.10363654332409622
390 18.54422780631635 -30.714689239831692 -8.790436909759784 0.936823553036877 -0.19087784916793418 0.2914649372816018 0.031232475211168974
391 19.36136358417134 -31.029644761274376 -8.243892615898421 0.9312837813985975 -0.2662714495194123 0.22043303884713034 -0.1149752541174811
392 18.59684721754361 -30.483642772570217 -8.59692397009365 0.9263287681965706 -0.2467221594881549 0.12029574828641884 -0.25801574016546996
393 18.659859360746623 -30.496836221570437 -8.556219215089776 -0.5378423755226046 0.8341799704658405 0.0208189747733371 0.12014959947997432
394 18.321499736004355 -31.337700311490853 -8.834133810911286 -0.46674217248913963 0.8472864806613082 -0.06857532579699643 0.24403849860325155
395 17.891958966169636 -32.130645207499676 -9.284272296722305 -0.5178381651652557 0.8269313707006595 -0.029629493916192372 0.21714105079344312
396 17.870032130090035 -32.068030147293314 -9.262233580490951 -0.10054635437984404 0.5620733719048289 -0.6430556845057418 0.5103364986372319
397 17.82295766171812 -32.05690645975548 -9.13782559951895 -0.5093903583159088 -0.05745124147319965 -0.37326889081109194 0.7732342160436482
398 18.49702722326764 -32.60186695903764 -8.742904205826589 -0.574886611531173 -0.2218427236752012 -0.27686844787817627 0.737316114298409
399 17.754901645001162 -32.59256929171317 -9.496634500057375 0.8749783209922208 -0.3295323773930461 0.20328415659887344 -0.29068350782114566
400 18.353113103655343 -33.29972142121917 -9.390917574164888 0.9538119881017099 -0.1344242658074183 0.19205507155293128 -0.18785009344261303
401 17.48581133603405 -32.77388080008897 -9.554065246620766 0.9052439147942615 -0.1773815106370724 0.3571636347944822 -0.14664035049216037
402 18.189666083758187 -33.00382528506851 -8.868596691728992 0.8884418999177643 -0.25455578294004033 0.20419167406337108 -0.3227663304706581
403 17.373612804594938 -32.4165754745998 -8.944078430937628 0.9397729560188918 -0.20328277535512937 0.21057738074571128 -0.17652215469369806
404 17.378238308258567 -32.46222208816564 -8.95721920750744 -0.5970262528289301 0.7971401492919954 -0.007545024485421947 0.08983489536531271
405 17.216495201353368 -33.376848626677784 -9.063285272477831 -0.5027191770670554 0.860590506168625 0.0586498973437551 0.056723886000691205
406 16.755426265664376 -34.23514128507613 -9.226768146808457 -0.5073030788163069 0.8617300965081195 -0.006303620102410117 -0.005009128587661898
407 16.609755963553063 -34.2902603462769 -9.261322332151943 0.4299814901280252 -0.573124628565968 0.3468283744800642 0.6052719693938595
408 16.704050529733035 -34.34756354636806 -8.217464894374947 -0.4542133259102791 0.5743645770987024 -0.5268798469799835 -0.431501117016052
409 16.7227396904287 -34.42868773771652 -8.132530030467544 0.7632260079168424 -0.2581887181635066 -0.03715251752702438 0.5911381708989936
410 17.522063922268707 -34.84459342688028 -7.84738670576873 0.83328368639944 -0.15764267632106646 -0.12402392012493504 0.5151748749888078
411 16.599311711052643 -34.45642916000906 -7.86597313345614 0.9394464774544877 -0.23865769069098564 -9.115791089715155e-05 -0.24593254026792635
412 16.619323529182843 -34.538796297700166 -7.843818735988862 0.7855417419248751 -0.166875431371023 -0.15195734522051257 0.5761820262138537
413 16.605282940020786 -34.49242989033523 -7.930523256302325 0.09380718731351526 -0.02268879241291245 -0.17143855218055065 0.9804561454411959
414 17.462312903216077 -34.82785131403522 -7.952102850967151 0.14112449901079702 0.04934655794414609 -0.2555989306551609 0.9551533801677901
415 16.61495287337627 -34.21916465905228 -7.924617123594611 0.9871845376041432 -0.10407755665783025 0.0755213054741255 -0.0945044090765804
416 16.571394062649038 -34.15362630309394 -7.947296887116649 -0.6680504057517497 0.032039073610200905 0.006431081692051372 0.7433981398452597
417 17.541116929926595 -34.15772954166718 -8.027810780023186 -0.5880739752187434 -0.007132291572304216 -0.1802582744088062 0.7884320418365248
418 16.62022444868087 -33.905648588053175 -8.278618386214449 0.99149138927211 -0.08979394717092407 -0.004752693490334881 -0.09412376934288925
419 16.550887771508194 -33.93865960524865 -8.269032683999983 0.7440194124558591 -0.09694218551673703 -0.06446702879284602 0.6579371769057427
420 16.486903403830695 -34.03317970443678 -8.320392008147344 0.9832060358868724 -0.16578139240660464 -0.07402040310993689 0.018531077971670085
421 17.484460665310934 -34.39062853065194 -8.424558203842523 0.967191897667083 -0.2065832273831088 0.010680273946652481 -0.14747587938219126
422 16.424178225489644 -33.97248839308104 -8.393316747167361 0.949981776100144 -0.29002193094050965 0.09743060442564301 -0.06268318731851452
423 17.221233602648738 -34.58239647382792 -8.34625456277112 0.9604008738952219 -0.2631027556924293 0.058042526020829946 -0.07098004326192636
424 16.43200648378759 -34.12495641484167 -8.545366542346244 0.9759296573095186 -0.17406935784951216 -0.09993684257169912 0.08528651791686274
425 16.356130643655817 -34.10028548378384 -8.585692980245897 0.5257983577342632 -0.2606204727184349 -0.24893878317189017 0.7704820169458011
426 17.049447241722007 -34.85343995916163 -8.493704827359881 0.5854468538080189 -0.29330019613458364 -0.1284823265151052 0.7447947825320563
427 16.179660171398726 -34.31363549528227 -8.833673023456264 0.9058515007323403 -0.42348311061484 -0.0036349629759730748 -0.009049899950237363
428 16.757644297358272 -35.07263652387974 -8.868080171679509 0.9763604328224913 -0.19544238597365365 0.07614884950380063 -0.05219129911058648
429 15.80471958945335 -34.662569729717035 -8.95857073657468 0.9413451859260467 -0.2126425042180144 0.202242904743434 -0.16658395425336306
430 16.47430035089313 -35.13211880787903 -8.692107409328267 0.9462083752454116 -0.3050846351390163 0.07103233320311848 -0.08104001269282479
431 15.654402907122812 -34.4784612413769 -8.831341729917064 0.9565984367098299 -0.21285648693327433 0.14107397593672394 -0.14039116841218752
432 15.59113102370488 -34.385546429871034 -8.73776786801664 0.6902452078806953 -0.19547043700441058 -0.13248571506735068 0.683959353001429
433 15.564227593921814 -34.35697352317209 -8.690257738178548 0.33083507281296165 -0.5816538448052941 0.4592370068575809 0.5842331135364992
434 15.369881078873474 -34.07256651362344 -7.642307842219232 0.3976215558873595 -0.6280689434938667 0.357801686135709 0.5651587864579828
435 15.298862064684045 -34.202959488831205 -6.566140458283117 0.3467850241647936 -0.6457348339059268 0.3791086720812739 0.5648391683021651
436 15.169250953886893 -34.248958569353796 -5.524704256874358 -0.32453279206008173 0.717032706267368 -0.3932324023434238 -0.4753007918863609
437 14.823374126019582 -34.27975334811514 -4.580707168441772 -0.3929382033356164 0.7005399685524948 -0.38042901501331683 -0.4583853022903816
438 14.720979781432419 -34.270632950848466 -4.673335826555072 0.03679889237872946 -0.8002091075200856 -0.3200368885012899 0.5058533540068912
439 14.161832998502078 -34.597023301076234 -3.928077493542106 0.03783069209203725 -0.6567131734706221 -0.3690202084712269 0.6565978466807776
440 14.052774245917329 -34.62551680653315 -3.916734683439467 0.6072691451041633 -0.6037958744505385 0.17501211711940118 0.48582454267189185
441 14.326643532851318 -35.257372017585276 -3.149288106603121 0.5424378966882493 -0.5917719461195203 0.18644646904572496 0.5663963331473153
442 14.650743048480033 -35.754331172056325 -2.34559737767508 0.4384373288310844 -0.6231902164205058 0.2360651447653069 0.6030587950375671
443 14.798126150807173 -35.9082996205287 -1.3693280293798304 0.3253401789653537 -0.5873093234693972 0.4180938460158762 0.6118979183167429
444 14.83245779329568 -35.92072835987946 -1.3316530710961547 0.1316938701321909 0.778163056178823 -0.6063474527133977 -0.09727152284206374
445 13.990246218779976 -35.51808429241289 -1.4534154469655693 0.2586354785277393 0.8313873384082037 -0.45180227888957325 -0.19436430632047333
446 13.159275714970258 -34.7993605433109 -1.3514721886093086 0.3011998946552556 0.8559245740510237 -0.37032835845063666 -0.19881814284036955
447 13.203300246156738 -34.82312555532537 -1.2886012349748117 0.8651739923067981 0.42194840020493046 -0.1629650179360328 0.21650846064189805
448 13.793263223761734 -34.054535541758284 -1.696426980077032 0.8039597230217663 0.34458961480945166 -0.33167596849960196 0.3534088468673226
449 14.37377278920187 -33.722391854789116 -2.475856262340584 0.6798731564159065 0.43807268931968085 -0.4729927292520059 0.3494891817095824
450 14.394138913321239 -33.75848389762189 -2.4689048698466403 0.13518483550514906 0.7272249679119948 -0.18607865641386603 0.646717589000062
451 14.201677984187222 -33.76119298105254 -3.491534925830913 0.12254946802223006 0.7334597112826331 -0.1577438444111929 0.6497194466560489
452 14.083376365246203 -33.853048277975304 -4.53368053321729 0.1541214626623491 0.6825535039946709 -0.048586338726056624 0.7127458569648875
453 14.056107180202275 -33.70970301365602 -5.63144751084228 0.15052866300941975 0.7072984131094466 -0.16182970564218294 0.671476896696542
454 13.931270469781632 -33.6592350094892 -6.6858564315806195 0.21816766498799853 0.5973930481177633 -0.09470509904436955 0.7658690228944166
455 14.20315417038888 -33.522484477977486 -7.5243785182489225 0.19344405070781526 0.6196218508997506 -0.0809753286648007 0.7563670783957659
456 14.380050220332896 -33.4099137143541 -8.490158459054715 0.23919432211866026 0.5380833723634508 -0.028806611842101756 0.8077267729661738
457 14.780231394495488 -33.172732365261105 -9.333336164583404 0.24990077070153638 0.6297350685919385 -0.0892529977623635 0.730080304198597
458 14.95839560730021 -32.90847157151002 -10.200117330212333 0.3235407095775696 0.5069600736223427 0.027233057330359522 0.7984805906140191
459 15.364036969305085 -32.500890090785695 -11.005670967025171 0.30548040968403534 0.41833342782356786 0.0026427022474801295 0.8553782079229566
460 16.024397081529308 -32.279781898678806 -11.710043980898359 0.33288111760169814 0.3156219738309245 0.07791081458322721 0.8851569556583135
461 16.002460602610054 -32.283055845320675 -11.711105460036007 -0.12079672742296309 0.4866112469338771 -0.5816094426494813 0.6405841874588538
462 15.968889492261027 -32.36259119223537 -11.714421351756117 0.36402487616130735 0.7772810093547519 -0.5098288706872804 0.05826357906905225
463 15.98097020119311 -32.38174454070109 -11.761555721894393 0.21125486145934388 0.9458626676116373 0.15035630920673818 0.19521315993067279
464 15.129906801793721 -31.94872691219069 -12.027187528494606 0.18250705148341767 0.9340802505541769 0.30052626783856623 0.06220308692096709
465 14.205422365863157 -31.531485649742393 -12.001269010946478 0.1858106518770951 0.9199051971220714 0.340668585691042 0.056513225709357774
466 13.380628511651814 -31.145547314158456 -11.91897260732086 0.19199964221509236 0.957261054130783 0.15997729114279455 0.14558392065167017
467 13.343943790992125 -31.136786217060145 -11.81422779122573 -0.5248842579331248 0.8240841347872909 -0.037681248365002716 0.20967111886840886
468 13.015828403412108 -32.075996884161064 -12.132172588186465 -0.5680295346267782 0.8098094165956502 -0.030067293328773885 0.1436910381915997
469 12.712686496522368 -33.05697302593168 -12.31263406957909 -0.5391955208956615 0.7953904882629824 -0.023169638154181837 0.2758356925683021
470 12.388122336462725 -33.88724028130883 -12.719981978844347 -0.3680903479133287 0.8313897037804284 0.05773993816315345 0.41227024603026075
471 11.960037578569166 -34.34376805570152 -13.446366154322149 -0.41834686568554813 0.8394914232782148 0.04518921301985091 0.34379933862653295
472 11.522860744532995 -35.06847575154101 -14.03455361780995 -0.2730393577256391 0.8139625715117023 0.1743432667223144 0.4822021014672378
473 11.22403945255078 -35.29160477269212 -14.95867184542255 -0.27198906905036746 0.8886341789569226 0.17192033541316654 0.32679449288213924
474 11.983298706451714 -34.83901548545806 -14.298288532068241 0.8552483709837426 -0.37243074593186765 -0.1900757142247287 0.3061319752594399
475 12.66285692135053 -35.53205737656988 -14.371520894309548 0.7651683422411273 -0.270775030598538 -0.14343129006582594 0.566238250091231
476 12.557518509693491 -35.52907973311295 -14.354644423282352 0.9255433063407822 -0.25196028767511985 0.21914632476701695 -0.17849506957771477
477 13.325720954537609 -36.06822994416466 -14.163119048217006 0.9438393414968775 -0.24547993058201922 0.20301117135974686 -0.08771183174082538
478 14.126756829998666 -36.60849108766853 -13.77181319521615 0.9163201731147588 -0.3259373768602325 0.17313914366671598 -0.15538662631888825
479 14.824687662199416 -37.33190128574514 -13.594073985584497 0.946544918039155 -0.2602009666869683 0.16401804087074326 -0.09719185839534127
480 15.68187376595893 -37.883505893386484 -13.280603895383255 0.9530531010676699 -0.26544339013402224 0.1328464076872739 -0.059845009349499954
481 16.44331562355888 -38.37733104742393 -13.062901123279437 0.9581312788345011 -0.23470862132065323 0.16398574827317572 0.0022338218390841724
482 15.656606442673077 -37.92758864017654 -13.462290617278617 0.9160501305575454 -0.3135174528933625 0.2430923044854177 -0.058865070599899504
483 16.334623413129197 -38.46524006920382 -12.96892735652909 0.9682352269051477 -0.16243218902965023 0.14859892609524455 -0.11855247154873413
484 15.389481046607324 -38.09586665527912 -13.157095154524008 0.9472809844192277 -0.22012809315590515 0.1730472094300478 -0.15574666118333755
485 16.259981645137927 -38.66666199223222 -12.932563308085209 0.9323034948723066 -0.26690060672566535 0.1884709372878632 -0.15509018465457203
486 15.51645879899298 -38.176942124839734 -13.223567872653499 0.9157667207871623 -0.27900525357726325 0.23235385730886063 -0.171869329924535
487 15.586055844148582 -38.1552212519277 -13.097856521407351 -0.4652987571526448 0.7884364185525038 -0.10009470017680987 0.3896743916256505
488 15.323544620910546 -39.02774261524297 -13.617469987000373 -0.31822939124146704 0.8873330475271968 -0.17294351767438038 0.28541313391397033
489 15.93244417904203 -38.30791656588249 -13.299066394596519 0.7671057349690629 -0.45483644677287643 0.07005584687822411 0.44695053012920005
490 16.39104592931096 -38.9464341283181 -12.775769367761798 0.730991255393548 -0.46693517009834434 0.07774912572673465 0.4915062613152789
491 15.907495223761009 -38.34766680704767 -13.319941324272607 0.9198856654271851 -0.14513435815343714 0.3604523135136091 0.053108476796670225
492 16.67083326940623 -38.52675412145793 -12.670048104908139 0.9268463813540914 -0.16686646130563942 0.31249714587574157 -0.12432579491672441
493 15.919721978544995 -38.16798782341098 -13.144986601057033 0.9164739299078462 -0.23221740621366302 0.23255472860808934 -0.22818613071938793
494 16.71456847640576 -38.70987469780428 -12.82719458550899 0.9360573146229635 -0.20726119210278413 0.23555785834883497 -0.15922310560684835
495 15.91626590137497 -38.21775457710369 -13.295689042873034 0.9671363790480287 -0.15144847891930852 0.047909254139684276 -0.19853283336182878
496 16.914271101405504 -38.549396542204306 -13.403243514642377 0.7377203758202541 -0.06415409953718657 0.585229222270703 -0.3303931839681701
497 16.669429467203468 -38.07747704943407 -14.459891549850335 -0.667070620467593 0.04010136945733791 -0.4559627293287737 0.5877981430216349
498 16.384678326284007 -37.993090091466726 -14.071916113030662 -0.559789515490143 0.04347885668466023 -0.2894893113813254 0.7752039899050258
499 16.29862703556049 -37.98883887975076 -14.02361301172827 0.15161274548864356 -0.20424906141253418 -0.16455740945267472 0.9530040688851855
