# time x y z qx qy qz qw
0 4.002482786982415 3.1574759455199692 -8.997612396937336 0.0024136529338011506 0.0007439902370474106 -0.7146471968205732 0.6994805249858923
1 3.77596512966378 1.661936250150862 -9.092683692051132 -0.08860264700936257 -0.11189822686905876 -0.6297863657733065 0.7635427239208988
2 3.624158838928145 1.1983503492749876 -9.021325428207588 -0.12630264501896615 0.18393496447787666 -0.836751119677018 0.5000631304375404
3 3.0580478192247726 -0.1965034536358342 -9.183856236315192 0.20937150679475225 -0.24547153383877282 -0.7119163975091684 0.6237646520723205
4 2.5604346181754276 -2.1968498244122134 -9.005612911161723 0.5489591232522081 -0.47165347255538503 -0.41570607434843526 0.5507951911322642
5 2.4540033046577663 -3.7756436110422795 -8.601969826691509 0.7696261573948773 -0.6103493006708075 0.05070847505496172 0.18049365523987684
6 2.808259378460396 -5.039676200297143 -8.095366567408828 0.7893518636779762 -0.4949356279900877 0.35627219753553907 -0.0709399796825549
7 2.8844083678276307 -5.380808478102419 -7.745270406036867 0.20130104383597894 -0.6030672040562395 0.7687817525757639 -0.06901053578166162
8 2.9405622647628014 -5.541422344572728 -7.651548286893509 0.307220524191344 0.6336638716176932 -0.5699273577158874 0.42340105603205375
9 2.495007090379014 -5.719550037638621 -8.452220613421993 0.34935304624994123 0.5452564032685439 -0.5744018490540963 0.5007099155936234
10 2.2448573181081932 -5.960140943034598 -9.273335150746622 0.5057758598798018 0.3648192039569125 -0.4937790964089171 0.6060362463885178
11 2.2600229175212605 -5.908820798937894 -9.249583349264304 0.9524776646497827 -0.0949594638302372 -0.28612999862462213 -0.04357318509638335
12 3.027742170465235 -6.001244457997734 -9.684521662031896 0.9450266291010229 -0.22490782490353733 0.18185827034968685 -0.15254084729192363
13 3.012652599762454 -6.028091901288594 -9.587271775683782 0.28145179143146004 -0.2559711373929989 0.9167110222787819 0.12208426415532384
14 2.228005049764042 -5.916705942738783 -8.986012797300535 -0.10445335217668673 -0.2191487201202939 0.956460241231378 0.16200969919206787
15 1.2420650275405138 -5.530871117727463 -9.057592298700863 -0.5103845032990911 -0.2254156627818666 0.8204675892315955 0.12461289172973153
16 1.232115283799617 -5.583767814949254 -9.021654774068262 0.4437157749135499 0.6806537855003957 -0.42729262435843096 -0.396544762348129
17 0.9417323737441362 -4.626889065784441 -8.903494880648765 0.6435296558452547 0.7429302937216822 -0.17715025884677774 -0.050417720186683015
18 0.9658006538775348 -4.717600534044478 -8.88813165399199 -0.1936402692332883 0.8577082176717497 -0.3069202419800216 -0.36419778216311877
19 0.2696880770842408 -4.800233936732413 -8.174996474255817 0.33673182873625906 -0.466394368055528 0.510563061736142 0.6390722407933516
20 0.22267357808411886 -4.755764316544547 -8.204942275760036 -0.22093232123401751 -0.39771485338784424 0.47812095816979483 0.7512736879377793
21 0.4321948938959827 -3.8171210951853047 -7.958866509777449 -0.3293078946214906 -0.0553703287457476 0.7576216166408983 0.5608029272685542
22 0.20864204136684306 -2.9458716007228376 -8.464537872971183 -0.204104380433334 0.24611391363533033 0.8795457509728961 0.3523756736049612
23 -0.44934807675309446 -2.419735113134238 -9.063639484142815 -0.22897573296766183 0.36164231783886774 0.8632458025938446 0.2675661263391965
24 -1.2079665496576049 -2.085019058976011 -9.671203274263442 -0.11887849814176023 0.47942613948171 0.8351429673862917 0.24198079156503907
25 -1.1760761818392733 -2.111871218130911 -9.670624131581489 0.42088105587664176 0.38251447453108917 0.6702104891503574 -0.47682251814611987
26 -1.3226366857848664 -2.4383139664205826 -8.707321596756566 0.4014276969934407 0.39239143229830914 0.7135593251751783 -0.419187138878292
27 -1.6446984243398217 -2.741598116269034 -7.817850865826539 0.45706042412578674 0.47291711124751484 0.6963531209386299 -0.28729341368414885
28 -2.0994822368245214 -2.7454880285329617 -6.933996510361962 0.4404687199861785 0.5733483452908501 0.64282268594776 -0.2530572585342878
29 -2.583839648437277 -2.5343046470617066 -6.054935282287658 0.41924294965529196 0.5167427314099028 0.6414619807756364 -0.3817575486074377
30 -3.0035974222893387 -2.5582635492682764 -5.139739253738739 -0.49502718134480267 -0.4572547654893452 -0.5368306548727731 0.5076209384530688
31 -2.9448087429182435 -2.7112807711134574 -4.170715102803272 -0.48711723966249726 -0.44902709285789394 -0.5235539082003456 0.5357077280675738
32 -2.894106108061432 -2.8694580256587776 -3.158007189966115 -0.4140062087660685 -0.4572193146356426 -0.4951145596846306 0.6118912731977437
33 -2.7472293427859475 -3.111374143088971 -2.1310492148870424 -0.49767988864594787 -0.3673165640308503 -0.47224373092503735 0.6279961216663122
34 -2.733155621133149 -3.1696037664856975 -2.1517135887540393 0.7418252636789614 -0.06566620905776244 0.664400852859849 -0.06288667485825004
35 -2.653585053554569 -3.3728682039489435 -1.2012900555432742 0.7404630487774505 0.018084870534012903 0.6647145766465793 -0.09768286669897597
36 -2.5974406698463257 -3.382580330091809 -1.1372954098739658 0.5834735568993551 -0.5545761827747624 0.43658689016977653 -0.40174090310805005
37 -2.603234881704783 -4.35746477978309 -1.104037280836113 0.5932426507453281 -0.5006000243715214 0.4306179469463652 -0.46046819293365554
38 -2.6370631408835954 -4.3794871417643755 -1.0471952298414442 0.05201673284409274 -0.6523060381211196 0.7556093459526896 -0.029079347377543113
39 -2.684993840739945 -4.360133047242061 -0.9989116949102631 -0.04823689159104443 0.9986498125896356 0.006270268329702592 -0.01823287797888631
40 -2.6569314259344723 -4.393513753840184 -0.9529606727251398 0.7624581674308661 -0.6414847497235071 -0.08173217195195248 -0.021787860338992757
41 -2.455369954300492 -5.338948682029473 -1.153649617146747 0.7960765946442416 -0.6033769210701833 -0.007221653560445997 -0.04632703637560405
42 -2.1558331519664256 -6.3213818302538485 -1.2781687039641776 0.7944351043513241 -0.5944066553794488 -0.12464102521384474 0.004267065567818282
43 -2.1581304205850427 -6.387175943273547 -1.2753907286091881 0.6456845979044402 -0.3269619317359462 0.4484252100698689 0.52450178855584
44 -1.7499525763315757 -6.299122275016731 -0.342964740036844 0.6179207730279734 -0.39400181610730706 0.44499177368991744 0.5147026408645656
45 -1.7134428803294501 -6.312379313234535 -0.3084743184674291 0.034049796663333076 0.09337935388790174 0.7676871264341589 0.6330698093590688
46 -1.9445286985708101 -5.289907514782089 -0.42660755604875966 0.10531610847990663 0.05207467822585275 0.7581748774066179 0.6413794512235189
47 -2.092040495229047 -4.3377580140213325 -0.2883796981487512 0.11948942664083383 0.002008660128111531 0.728624633344695 0.6744066917586469
48 -2.080278644309348 -4.372267197842763 -0.2701127129501518 0.5238582153697202 0.5515096122538787 0.5414676991681248 0.3580816227325914
49 -2.2676343468836575 -3.381472806924119 -0.038957891480937784 0.573458314994803 0.43326898313453066 0.4030351072713697 0.5665564857308105
50 -1.9215763836176891 -2.45716131005988 -0.12432701822310432 0.5928823259668734 0.5038076203320427 0.48518533851316764 0.3990784591322072
51 -1.8577089883955862 -1.3863998830929356 0.1463247757977096 0.7048864084687981 0.4358495033764551 0.3889310609295026 0.4023717080097796
52 -1.497041444372142 -0.3993637612126382 0.38957546419358935 0.6445577099271721 0.5784971148844072 0.3552282473088563 0.3517091681456923
53 -1.4231424853884753 -0.30681348422542226 0.3921692440876206 0.7997179895721103 0.09062800242629289 0.592317116349178 -0.03739165696725178
54 -1.2848900571186788 -0.27792053926638766 0.4131921410044974 0.979573413397189 0.18539511481651735 -0.03296736075030735 0.07055304594919563
55 -0.15716318715236421 0.18512044131249317 0.3739510666766228 0.9459670527600955 0.3163807405100677 -0.042148557017467635 0.05721067442379052
56 0.04650986467549128 0.23516259810296844 0.30643923867748224 0.6201057340745301 0.3102232378611301 0.04126609222610848 0.7193938635345949
57 1.0035570404509893 0.713511902963557 -0.15814818178843304 0.5914362481169433 0.33137727538866507 -0.052140658493839656 0.73326231152376
58 1.1554121376413218 0.7719292376200638 -0.2632180990597546 0.13774492973628494 0.5574317737134586 -0.5807643289476303 0.5770692733187428
59 1.2478905215713854 0.8841685410263018 -0.35873045290410777 0.19089011464966063 -0.4315602650885468 0.8806990478153772 -0.041059577479933176
60 0.30989418480029285 0.6772435034189337 0.030421347505280215 0.09953552621348655 -0.34733585586611776 0.9260218937989069 -0.10924254874471759
61 0.2596486007076295 0.8802595040164385 0.013644785909591506 0.662293509763259 0.34807219004856715 -0.6415025552634231 -0.1693739325597581
62 -0.07273788281012517 1.042567627780856 0.13645867555093993 0.7642154426429012 0.5929353295420955 0.08498256806980278 -0.2391242675497039
63 -0.5669655965206318 1.9285080044034548 0.33157667652619127 0.9167730075174859 0.14771989087195092 0.028634635618751396 -0.36998127543310066
64 -0.8581575294443817 2.6785396314897483 0.12825462004477453 -0.4573864915665551 -0.5636542892373922 0.6435578539711616 0.2427441619251849
65 -1.6244765103568337 3.7576102312896036 -0.10207608594677753 -0.42976979289457523 -0.54058530383726 0.6843980547587959 0.23380495510768753
66 -2.3731704834156098 4.585514141728406 -0.4738598113565501 0.6007818691974413 0.5311982066200504 -0.563542157382472 -0.1982671121996278
67 -2.422271244257201 4.562518677380919 -0.6785261551585353 -0.8208088344062023 0.020849127489390874 0.10346055135223833 0.5613680482157452
68 -1.264324809446391 4.5685590510963054 -0.7345239935326778 -0.7398366067281649 0.11305933734074565 0.2144665600999905 0.6275854333745366
69 -0.023998746503485796 4.632362773388009 -1.348803261470079 -0.6756298119888932 0.19500882111333012 -0.03149494876424943 0.710284439532628
70 0.25649587484325664 4.5616912186235545 -1.4752189170772176 0.9186122594640184 -0.12679491640013188 -0.31990634973694204 -0.1942536829392963
71 0.4950007870001438 4.574866258676853 -1.6687469948087272 0.8456517433387551 -0.2879608765861713 0.370055930610013 -0.25497111750981805
72 1.1374482075870194 3.8249534573244297 -1.2594772372154428 0.8154256743687044 -0.11880500789642393 0.4744312517400726 -0.3096471008283827
73 1.6182589605460125 3.389762290265046 -0.6171733328343263 0.7407384810763402 0.10386022607963026 0.6444883574419435 -0.15860111353074172
74 1.7315417238485258 3.352682676050415 -0.6624917060815516 0.5883445723210531 -0.26905109843651187 0.4920250375779961 0.5825577508254747
75 2.1354636239974054 3.518405858155341 0.2951513634137779 0.6469379027465134 -0.2649199576344038 0.4713241004139812 0.537719590870446
76 2.1496073302902823 3.4680534712002777 0.33435645988153956 0.7761568030204719 -0.5759109665553899 -0.03943082358454369 0.253677720499302
77 2.4616696412869565 2.46096019601497 0.5937800208576038 0.8014068024266245 -0.5000432086489822 -0.13238296518954776 0.3002976474033506
78 2.9876033359008813 1.5179310019940955 0.7247882342665137 0.7873300664169167 -0.55583032551838 0.03873795731059803 0.26393822461604166
79 3.3260250181770292 0.6807014899891154 1.1312323460768483 0.8085654272303364 -0.5495494704881769 0.09583146428192246 0.18717280739351783
80 3.784568750073744 -0.30714190490397947 1.4687914074568655 -0.6811472234946568 0.7127805951982144 -0.017150092500941846 -0.1663975882085111
81 3.702023926961111 -1.3323171341884577 1.7650583750570574 0.7117156181014043 -0.6663850591245521 0.1588164506838279 0.155464358996829
82 3.71563751191811 -2.3787382131467267 2.2242611654301987 0.803127815519101 -0.5664454154600773 0.08193700720246631 0.16556457983059106
83 3.6960298053062655 -2.4254677779218934 2.3084651731118804 -0.185634086692319 0.9587996337541842 -0.17186479009101238 -0.12925069476689002
84 3.7782415633446087 -2.5221924981893453 2.364776032953882 -0.02625765080501927 0.8051714507307739 0.5451604889196765 -0.23196877381053338
85 2.953113185423546 -2.810471043933611 2.81281332728553 -0.0091159244707855 0.8036107346572616 0.5240693195881537 -0.28191849058029
86 2.25573901297352 -3.2847353950127367 3.481260264394552 0.0762636815313801 0.7941435467786281 0.546839211703648 -0.25394242365637604
87 1.4241478864914683 -3.4370996410622126 4.365785301424297 0.13752022950280543 0.6463686399401695 0.5710960581666285 -0.4869754204535694
88 1.0750680360353406 -3.852720911498117 5.1810072338990745 -0.04569535603784902 0.7207817989618318 0.6908327314733725 -0.03369970099213989
89 0.11590748766195139 -3.974640167930272 5.157730355332322 -0.06377041856874972 0.7466569341346145 0.6604431410711419 -0.04745117318200411
90 -0.8781560678976437 -4.182696558746026 5.117801875561552 -0.12295026596469265 0.758255111547617 0.6355977389376462 -0.07712283817698967
91 -1.7599112121342813 -4.47970200514151 5.043245053203049 -0.12735465063343013 0.808311300706995 0.5649156970953414 -0.10622565267715575
92 -1.7106712914438185 -4.400750055996824 5.067946158261513 -0.5760749197151348 0.5791772747802078 0.48354413931726864 0.31444623798877697
93 -1.796691834793937 -4.795371914577721 4.121481735379045 -0.5478015811504735 0.5586382491123503 0.5033953726531906 0.3666467415770718
94 -1.8358439343155812 -4.7585839367781935 4.165661841615272 0.8222932450159636 -0.5438282078755807 0.038887238393594245 0.16301068127601767
95 -1.803162190259592 -4.71938158193413 4.131032841411416 -0.22927434473092365 0.9384120117203839 -0.24110874207591074 -0.09318125134210434
96 -1.7713195775427404 -4.739465816155176 4.115426308975617 0.834336639742476 -0.47617964693247156 0.09586165468784409 0.26066426412343047
97 -1.2067474341829671 -5.545198498406123 4.506782285420595 0.8257917632082191 -0.5295741040329559 0.08439985455900616 0.17463074387281008
98 -1.1779805784938056 -5.513888647148052 4.434422850323173 0.8127838308051082 -0.2739095563055821 0.3581203935519931 -0.3689251727226244
99 -0.5817755198160571 -6.302925845798535 4.807275520308923 0.7756771260277852 -0.2925651940128928 0.36535038568830475 -0.42337890722954197
100 -0.021968726004702586 -7.115685743701111 5.166703184307071 0.7660761905711212 -0.37664544833885394 0.3628621239908895 -0.3736262242649522
101 0.05721301029813217 -7.124311779228461 5.098218731480696 -0.7587008246239081 0.08699152928595709 0.09137238341045577 0.6391061102018857
102 1.1414432836264983 -7.144446915048864 4.872861731758097 -0.6796872219668176 0.037085540998212346 0.01700672643965965 0.7323665163015765
103 2.171636057993028 -7.245924946807997 4.793110767353067 -0.7192061144087689 -0.060787229512792654 0.05633356225915574 0.6898362178723252
104 2.221101373924995 -7.285907749420279 4.80514336653839 0.995188981386805 0.0074098538240253715 -0.004724957139179649 -0.09757899452563805
105 2.2675794520582695 -7.237671206927518 4.784429302817619 0.8370994376611552 0.02620506856621987 0.08376031067666659 0.5399648471930086
106 3.258608632276326 -7.059501772261972 4.875528276587316 0.8483214802840735 0.060834779029410986 0.04980178062543456 0.5236120495133971
107 4.269106443089871 -6.943611514127896 4.886322376190105 0.8129200510033079 0.06913116200354749 0.11530292038250622 0.566645488527075
108 5.2937069038764255 -6.730203457599138 4.994676044642797 0.7799372586034351 0.00324061216087378 0.0798498541092128 0.6207345421947453
109 6.333561554357888 -6.643765368313375 5.060654527513477 0.7883188459350617 0.045855257558789414 -0.010444571491144614 0.6134668723119433
110 6.345953211715698 -6.6839931221970055 5.1024111729849695 0.6890059046987116 0.39489132635140883 0.3962361664984473 0.4607912803226113
111 6.7843882341029556 -5.721957653216095 5.251797124317791 0.6587582013545693 0.48350454923909264 0.4182573046794558 0.3966381349485605
112 6.785554162683744 -5.709933664618554 5.223257273807254 0.21697917671932548 0.005098500866786241 0.7448435631416176 0.630953333144072
113 6.835941571665792 -5.686102933787461 5.160170389599149 0.10237481017183368 0.13250225726490134 0.14467933632549898 0.9752078956316956
114 7.766347690998093 -5.413175626420918 4.876984350158399 0.10434401722109037 0.11807918403275922 0.17765378080093844 0.9713952679190149
115 8.709587118857375 -5.0532126698468085 4.653691043525007 0.13823416052206178 0.1277066843391458 0.1577921560455341 0.9693729700844586
116 9.675892862261659 -4.684718262099789 4.382024894857404 0.09382664416809595 0.15563146582176773 0.21007222941062256 0.9606482530670486
117 10.554741383353486 -4.26287031466547 4.107641334227181 0.03963788411442205 0.20000285677460158 0.1865571308443897 0.9610536573761318
118 11.42245639547656 -3.925646085797813 3.689919466558142 0.07084479056383584 0.21392242708487086 0.16508464892901142 0.9601902256990901
119 12.285420728170111 -3.527923384292617 3.310075417380696 -0.03117532577262897 0.3083162614206175 0.22774811512076235 0.9230926161905553
120 13.057874034534358 -3.1354844458215863 2.6651576974914075 0.04921049543871963 0.25095586800984343 0.19118464945577815 0.9476538974027243
121 13.13274378272395 -3.1618447810130714 2.6599708236747452 -0.13929265119387116 0.7962138625966506 0.05502883525902433 0.5861850131335162
122 13.09994775121077 -3.1095207282623725 2.681160240732299 -0.439736444408109 0.552753659510138 0.5970762001647177 0.38025683761679596
123 12.844566125656026 -3.0824503498163582 1.7208741445977087 -0.4093871036227194 0.5913539958730659 0.5537971723292169 0.4195370578060088
124 12.5010197990643 -3.148531781594695 0.7921944357416729 -0.5355634949935494 0.504359899246978 0.5659017415904072 0.37222043700852425
125 12.366171901684993 -3.241410424500039 -0.2755900011602351 -0.5424784325002728 0.46149304065090446 0.5663274180592451 0.41474640354941905
126 12.299349079905134 -3.255208520563494 -1.3469538048479863 -0.5605004498329226 0.4948210067812352 0.5811494869377571 0.3213357913726358
127 12.13329925934082 -3.4581826245374243 -2.4280513214083066 -0.5058528267110717 0.5379911197764092 0.6731479298674526 0.039374322410763864
128 11.567750839740524 -3.9992707804897316 -3.2902811446227815 -0.5700824952137424 0.599725163352427 0.5564533841860023 -0.07546726655128935
129 11.54276030214854 -4.064057947867914 -3.3778476009110983 0.8064396159819452 -0.06262938629370028 -0.4782368329129927 -0.34208513179136846
130 11.969669249626879 -3.9495108226783313 -4.3206075334738925 -0.8172800794960231 -0.03896764353821029 0.2366486173778347 0.523958229546224
131 11.916180668574238 -4.165719760757705 -4.431166137833147 0.6828583424506348 -0.32153637067816304 0.4428534601620158 -0.4839417932966915
132 11.788981371839123 -4.279655234279305 -4.492769116679836 -0.2091705997007999 0.7357511945067231 0.010400976547397323 0.6440571866609346
133 11.581775024833112 -4.6325891604306655 -5.519164735444401 -0.1926246278389868 0.6707352604268462 0.03679988461666278 0.7153011475331372
134 11.55108088447551 -4.687586613063054 -5.479255399697843 0.6701338901271585 -0.4616902243419652 -0.45694655828173475 -0.3591135599285894
135 11.738000164358814 -5.020226169175313 -6.354337821528595 0.557200446179024 -0.45714009500288505 -0.5332732632091098 -0.44291107805625873
136 11.715198450736517 -5.090139578637206 -6.367035005117065 -0.7338738541958093 0.10563459907671621 0.1272387280725178 0.6588480884727355
137 12.737106982877563 -5.125909442807204 -6.668051160983964 -0.7067259085150716 0.110433440501254 0.3039298462913411 0.6292611492742299
138 12.72954094673637 -5.203336455752536 -6.715284879934464 -0.4561220439411803 -0.39870490365028716 -0.2395386723359628 0.7586885430080385
139 13.269596402230214 -5.2034432198230505 -5.864453774799333 -0.4335706526219502 -0.38550842169539656 -0.31520210429063644 0.7510308778190522
140 13.639060600418789 -5.326044554036348 -5.008631255032135 -0.46263753530879737 -0.3775011692831071 -0.3318873092848314 0.7302808994140294
141 13.525184504459448 -5.420200372788271 -4.951805533119388 0.013328372383030529 0.6090813290245375 0.7709040344839077 -0.18587430898259413
142 12.515880370567665 -5.784008659105076 -4.695414908431688 0.229375900851189 0.6171235185955031 0.743956029725018 -0.11434458771975119
143 12.42653122109951 -5.812598868749233 -4.642116184207171 -0.32102772568343374 0.6470797023102187 0.5449554525721447 0.4257377278472395
144 11.934766324558229 -5.703520098167718 -5.556248459559855 -0.31321352154196147 0.6438996739870356 0.5514939643163104 0.42795432827038116
145 11.486675067685432 -5.642981778350545 -6.516524446036413 0.5860682335823306 -0.5568062390097935 -0.4989176480510165 -0.31236520012430546
146 11.33603771082339 -5.998960525386322 -7.289123183101429 0.5662816123441383 -0.5528325781545618 -0.5588142354367737 -0.24784657819933287
147 11.069684745979337 -6.404685392309523 -8.125343733844476 -0.4287764272832367 0.5638817341793111 0.6849459826508391 0.1704029521916595
148 10.490256277452179 -6.703327964208007 -8.81179419886643 0.5798911228963058 -0.490124117005327 -0.530756881394126 -0.37656575570355777
149 10.525138770612813 -6.743886889838396 -8.703758507453946 0.751108545293719 -0.5411470484412786 0.13300593516457204 0.35398481091855355
150 10.95435024049085 -7.4554339757951045 -7.974135759969275 0.8628179960527593 -0.3311306595413849 -0.07526032086794815 0.37447760427299487
151 11.010469558328058 -7.427216509971014 -7.9685057556345145 -0.4796182585609503 0.19349145691657474 0.7756605016317819 -0.36177087826910004
152 11.088935980978638 -7.476436518174106 -8.018461648947158 0.6457455019085208 -0.5680420757999715 -0.2763573685846374 -0.4289143873953718
153 11.284821801414493 -8.007336966032877 -8.86996819133698 -0.5046059625642093 0.6320110333359918 0.07386471013647748 0.583505681962631
154 11.48223171910325 -8.585613732883047 -9.74010745417637 -0.3785104687942469 0.6726074516466912 -0.06623473254209811 0.6324096783000569
155 11.416087538881259 -8.614464931672137 -9.684106786097946 0.5994013344164849 -0.2950718282879734 0.5728938331817042 -0.4748087113279454
156 11.600600152749125 -9.462122610702806 -9.235962039378673 0.6133120926289894 -0.35905676858073665 0.5224159906041637 -0.4711772986174956
157 11.575754665631724 -9.499588430315182 -9.180191493793144 -0.04602081188473032 -0.6360157952967445 0.76834908662068 -0.05482402845183255
158 10.610501440764788 -9.520966351543777 -9.331391924000316 0.010627407958004898 -0.5707384026539181 0.8209045966567838 -0.016136205375233807
159 9.598403198311566 -9.522506017790576 -9.397598245366035 0.01640903986638463 -0.6091530854831908 0.7922161785712815 0.032508279974310134
160 8.533628744770855 -9.46261503584336 -9.349563910412563 0.07249634610924206 -0.5123075855239493 0.8551152874451188 0.03260464373495069
161 7.558515873077744 -9.534480396720472 -9.230518039914442 0.16260419123807474 -0.5688580072288313 0.8060579609097712 -0.015198955800885417
162 6.56034180234364 -9.800805037467422 -9.014329183295859 0.12944041986687072 -0.5948097925839173 0.792808477702814 0.030020093829177037
163 5.601447995811787 -9.865440310462345 -8.811372770528592 0.1626788608112928 -0.5427907059435974 0.8237269831561805 0.019689972239938878
164 4.6599257420765 -9.986183844920482 -8.468468795278119 0.11043275877305654 -0.5505244831046341 0.824821811894411 0.06630518769575472
165 3.6631203407680304 -10.026962868813726 -8.127995030159825 0.17795203081218924 -0.6128541490282149 0.7692422756113009 -0.03176772199996813
166 2.6972023514721237 -10.307287713929743 -7.923204900690269 0.0001351329555479618 0.7834119332730057 -0.6212179695573453 -0.01881379397105591
167 2.748378843034005 -10.288516309296009 -7.887916289022694 -0.37659566377571185 -0.6445215164251504 0.24333566573409388 0.6193185566992991
168 2.7641536680346572 -9.454107318506635 -7.296816902442613 -0.3868541830373625 -0.673942131365601 0.21194807365696447 0.5926414250708331
169 2.772895791375411 -8.715282165570477 -6.683595535741662 -0.3108469101981323 -0.7553929393375531 0.25314957006150973 0.518334834635801
170 2.7195559142486387 -8.731013220706616 -6.623436277581202 -0.3438164221863324 -0.16905958668293486 -0.0025908728973759957 0.9236895643901227
171 3.716556681034606 -8.676559777006073 -6.288388260596756 -0.29684425091540273 -0.17806820733787077 0.09883308133428417 0.9329561759632236
172 4.69346248998339 -8.417949180373125 -6.0158845364637585 -0.3149121142320253 -0.14667113199695656 0.12493644855510012 0.9293593616955101
173 5.66034504591709 -8.049421669265067 -5.837877432874267 -0.385337409692151 -0.03900144982266108 0.13988730637629201 0.9112768564592538
174 5.740771236482492 -8.07724075403489 -5.808115315707292 -0.2878770370254342 -0.32077982933550314 -0.3798916829843885 0.8184799459022999
175 6.232277992213835 -8.52160611290159 -4.974310337598036 -0.4251618588993267 -0.3564775853970574 -0.25550399494218123 0.7917568019381577
176 6.900841277872154 -8.654739012449044 -4.219769998513467 -0.5678857419198596 -0.38332801297651525 -0.1813726565711745 0.7054568576744595
177 7.528551545146113 -8.445326236657806 -3.41740081225858 -0.6716288674526716 -0.3082665881228112 -0.18560734271872179 0.6476390116262752
178 8.275800281808486 -8.237152973289083 -2.805246728933209 -0.6853491857038144 -0.4509132435453399 -0.13114933459231812 0.5565730791967339
179 8.227327152508712 -8.204965358502234 -2.8249061225240357 0.8444346802581206 -0.06353466723065823 -0.348604936747341 -0.4017063789792717
180 8.987375892567613 -7.993512195429623 -3.554065057268551 0.8062404901284116 -0.050770075261498 -0.4250024615674735 -0.40837676133324396
181 9.56708767747532 -7.782224709466391 -4.451040518501424 0.8250165636237801 0.2581121254613494 -0.2656160572711151 -0.4268183578010465
182 9.51381558024663 -7.803973129748473 -4.329131046044911 0.7882498966832193 0.6083317647411458 0.009955602872758148 0.09217076736828012
183 9.751335699903919 -6.853741717160529 -4.33743435573358 0.8612409369320199 0.49796853018352816 -0.015049350326107276 0.10032401783259642
184 10.233687947367411 -6.0381714242804945 -4.419486759106055 0.970503521272249 0.14365043152973617 -0.14719421988043732 0.12578286987215548
185 11.215500758859141 -5.838065182859901 -4.730275908304839 0.9732419927044673 0.049167023873844154 -0.19600379465254447 0.1093852818336648
186 12.113759790064174 -5.806549192846716 -5.158520833295471 0.9481682249951731 0.06180245913200168 -0.29730676047958915 0.09362779142900178
187 12.882406879873527 -5.770442015137422 -5.7608381947319245 0.9582899795056888 0.056777446506661985 -0.25374563386920795 0.11861614577907664
188 13.722453249551377 -5.698209457367045 -6.245546255721266 0.9652884476993949 0.14458042874407143 -0.20134945669915635 0.08229889822608998
189 14.612429599925104 -5.500173306330661 -6.5907440746241495 0.9530606391943229 0.17878602263945834 -0.2198198124011113 0.10672500270888863
190 14.584446410073765 -5.485288473844135 -6.589261565377069 0.8247009130702976 -0.494800441066851 -0.10928251146710274 0.2511936706776479
191 15.081257641760681 -6.438582764827187 -6.551589009266952 0.8511262405562124 -0.4629818964190508 -0.11336250959349956 0.2199564221465973
192 15.610108404670362 -7.2664752696751735 -6.592535736197565 0.8547399814214465 -0.47470282544430875 -0.0109689146500321 0.209657994329471
193 16.16799565725747 -8.130747449988368 -6.440430654944448 0.8880177103887974 -0.43157858310527675 0.04249522429167834 0.1528352987797003
194 16.809975278567222 -8.86806477649725 -6.291318660925618 0.9041907868292554 -0.4048233899444819 -0.04284125848794686 0.12931229847976328
195 17.458411710767322 -9.644666686295295 -6.232369667995175 0.8682081046776967 -0.48311632366548124 -0.0349874528242377 0.10765306741929971
196 17.993110426456855 -10.571413266209648 -6.144741892778125 0.7785552726096734 -0.603301440392219 -0.09835064612793168 0.1421485487740551
197 18.278663735418544 -11.53990758320782 -6.0959589692158005 0.7871094227166547 -0.5202284648931133 -0.26871825045106 0.19393711058003005
198 18.59688447708601 -12.556003224556521 -6.376172663357847 0.7927175043873834 -0.512149809283015 -0.27601154721489 0.18198669427530528
199 18.97548974587389 -13.580802536982743 -6.645024050331119 0.8262257222846331 -0.4811734271614935 -0.1949056165121942 0.2187121155329562
200 19.014408942171283 -13.731399065307166 -6.581440133215349 -0.19201109025305996 0.9253383354931197 -0.15423096002807557 -0.2882594613459758
201 18.917797175860343 -13.570050882664443 -6.35929705883723 0.08621061194313492 -0.5469077762829664 0.19565992307525573 0.8094299284878194
202 19.186896295304486 -13.382051355776328 -5.176292637687441 0.10066662026931547 -0.5855134772544301 0.11706703338998274 0.7958237928148718
203 19.529215167966466 -13.422143365280862 -4.041821020506175 -0.083248640180924 -0.6800225968082466 0.12927657677507484 0.716886670566216
204 19.606256610901415 -13.187492660390458 -3.0098213805020415 0.07210053293809171 -0.6549610408913465 0.03764185587041895 0.751272679358965
205 19.72062673009987 -13.299609528296527 -1.8952137801500621 0.02833714965389783 -0.6500205668842735 0.1683211539054191 0.7404986547758807
206 19.694659983490027 -13.305601877469622 -1.8065344803438026 0.5526589485362275 -0.3829567179490916 0.5555031367771462 0.4892121255766697
207 19.679536149490545 -13.330443929768455 -1.780696671552271 0.024088133636359105 -0.6860744607094064 0.29276408696338063 0.6655905539930033
208 19.550734914135152 -12.91764019800461 -0.853842865087664 0.008619500584062524 -0.7474768903627533 0.3055662601340984 0.5897739085878351
209 19.25988634431055 -12.550148613391482 0.07708239363432777 0.07004932579898071 -0.775202543560288 0.30535701328636317 0.5485537374310772
210 18.835821116692834 -12.25327532728646 1.0254387094232258 0.004201110977525508 -0.7407022822287109 0.28633226246132015 0.6077469170975006
211 18.864987615049394 -12.25063536784364 1.1199436737804176 -0.12359194961040569 0.0344641069509052 0.16824974262344902 0.9773583168064406
212 18.91377099947943 -12.294171270204806 1.1814875620973149 -0.2956045634344165 -0.28630093940657325 -0.5319174652361113 0.7400767016657479
213 19.12101432119891 -12.858344725636805 1.9710545708588856 -0.2728126814553553 -0.25069543207659195 -0.5703849070924825 0.7330662309329018
214 19.319596325506033 -13.531929526979317 2.6342874271135286 -0.20748565088375134 -0.04882237593102743 -0.5787006033410657 0.7871922839932328
215 19.617754773210205 -14.46145190507064 2.9709437539576165 -0.14257509216211167 -0.23009848955401713 -0.4095576268606938 0.8712000794766734
216 20.194665306715713 -15.202567314260964 3.5425781647133747 -0.16182382682076438 -0.24870016121221486 -0.44893436275037024 0.8428637000298569
217 20.673140782994697 -15.960814801148963 4.176483519406208 -0.21056920512717767 -0.2089418635065189 -0.42091097939806366 0.8572268398438624
218 20.726444034598117 -15.992020518692936 4.241480763826075 0.6954411109549147 -0.38187377924200894 0.4190601368970244 -0.44150048650603746
219 20.75458724936208 -15.983272157103631 4.332034784127611 0.17157530432529738 -0.555431392677414 0.8136678275387289 -0.0015966848519065593
220 20.706822535596583 -16.01082149485483 4.337588633453084 0.1656965540867977 0.2477028406030761 0.9543972252631892 -0.017716972959673654
221 19.666454359628265 -15.974367031707578 4.742707918573326 0.2409919354134422 0.13925202685433252 0.9586656833814856 0.059092026444812824
222 18.688980763841673 -15.707544601228296 5.171535718299425 0.4040378522719358 -0.21290729928963595 0.8784362929701721 -0.14061854441537217
223 18.079060382037273 -16.15172563368266 5.816529281830845 0.25672174086139066 0.1699920080136324 0.9340047878701104 -0.181195257157302
224 18.150601642583183 -16.1547474215226 5.766580735720304 -0.010529287309202122 0.6640778681618268 0.6141612280701729 -0.42625779179006384
225 18.189650114207634 -16.280506130486746 5.737369548210556 -0.36218817377001605 0.8974698278199408 -0.024643414781130975 -0.2505201330071337
226 18.23564944265873 -16.418500707430706 5.626293528613981 0.8408837269092575 -0.5055874067535691 -0.19236641996523082 0.017061430806350142
227 18.725746736918246 -17.361386375555618 5.182181536281932 0.7848602099299792 -0.6074796614984476 -0.10379926398205518 -0.06471958383043372
228 18.77514617262641 -17.46743154738712 5.129772560890267 -0.5219001804120936 0.5683046117414793 -0.2620059475113834 0.579657617415535
229 18.760855067225336 -17.54436560119345 5.101311824023699 0.733185423320654 -0.5804521442575032 -0.35413692064985147 0.0100739609697993
230 18.849541784857635 -18.44756731473065 4.4465907035553895 0.7052559442705915 -0.6633596586001407 -0.1741014133460766 0.17960154309971835
231 18.90796151759509 -19.498478517677533 4.498830360100073 0.7254594714809143 -0.6624945002334481 -0.06482816309783368 0.17494828283932162
232 18.95722126802337 -20.487663982704348 4.700516900370155 0.7695573208730736 -0.6385532239727397 -0.0005385591123640472 0.005569560014911819
233 18.995198355103113 -21.417860063643367 4.682074900355259 0.737786890758741 -0.6486715780198207 0.09730494968764887 0.1594598208330518
234 19.03408638082887 -21.45019407483635 4.770503742940221 0.7517499079506809 -0.3897025757558895 0.42090466914090324 -0.3253355772748427
235 19.370644935322034 -22.25971476626493 5.2108906738653396 0.7653326756332215 -0.3968606149427459 0.3789696384227857 -0.3363771113929475
236 19.834325869386436 -23.069024767553856 5.562304631401922 0.6933112620879773 -0.46871162080026746 0.4504202390361821 -0.31104745402486594
237 19.90035789353396 -23.029662421733235 5.6379734701667354 -0.2143523683276414 0.005465887674917082 -0.5983459331360946 0.7720138150083539
238 20.003390807716084 -22.900859133428906 5.77878609895019 -0.10639935817884202 0.1231430049879066 0.19273373683754758 0.9676614509146853
239 20.11131318701338 -22.66654587525669 6.006358841815284 -0.09326229608378274 0.8322962203245978 0.12268451505308686 0.5324787841114045
240 19.846313632822913 -22.784687317995555 5.4530090162243265 -0.33791766274937357 0.7368706752131399 0.0006512721265034577 0.5855192883736193
241 19.788037295933748 -23.24605955075586 4.827152751607429 -0.3301483461381792 0.7228482732607203 -0.041219830788525015 0.6056346827386833
242 19.70290979533319 -23.714908712625856 4.09698271825311 -0.33399710710004155 0.7341366558627962 -0.13306545934831107 0.5760059778299322
243 19.630261757923577 -24.368570871223046 3.347767817443566 -0.3280485752637809 0.7543549724893477 -0.004761039778466607 0.5686035879663678
244 19.497054330780315 -24.823939160172106 2.474749170815962 -0.28048589664580575 0.8060573884578691 0.030206660040009492 0.5202756057941842
245 19.164938258673647 -25.304405447862017 1.6060386797090196 -0.2495079730080439 0.7850403565853381 0.13077490045356735 0.5516840901722142
246 19.137159991355364 -25.31111855571202 1.6204993714972893 -0.6379095963396697 0.5146031501463638 -0.10788434445043239 0.5626863362297867
247 19.57974641765732 -26.119742040895435 1.1943371554794198 -0.6433700064969766 0.5330275974017153 0.07957574870709619 0.5437134496827728
248 19.954038510848697 -26.74566517521662 0.4562512529032879 0.7262095188441737 -0.5877821891465566 0.03025746160110497 -0.3552693610201328
249 19.941863209216066 -26.715924435160353 0.2777515966341602 0.9124105739932362 0.1528984012283139 0.32286251108431574 -0.1997218623573528
250 19.902578682754466 -26.717513215596426 0.0728493649743304 0.3952798482011801 0.8547875841021683 0.31589151950854755 0.11534546186744053
251 19.868956269580412 -26.704653340017725 -0.1514124512055252 0.7347469837005617 0.37433205937121056 -0.010753095114241919 0.5656029969999297
252 19.78553795636928 -26.57096139353386 -0.4122292215619944 -0.6105591831650822 -0.05506095020764567 0.7002310269656893 -0.3658719509467699
253 20.24103664449628 -27.873035481311927 -1.9868255992311443 0.6172732140460074 -0.49295833511114656 -0.32588789221636844 0.5193870818306328
254 18.94068647504289 -27.698607964929774 -5.6515323817064775 -0.3394843717764649 -0.2551549247396052 0.8901990464038019 0.16489991959497122
255 16.16174767271581 -22.823863795786572 -10.285679314247567 -0.03782086587598303 0.0800704811894056 0.6927773651010815 0.7156939447487948
256 13.678572948487464 -29.19213210686861 2.8023392610805846 -0.15128303881627767 0.6910230775863578 -0.19510787179550768 0.6793625444289814
257 15.974139623463751 -30.41269030994155 -1.373860496859029 0.17741984866545132 0.0667534510166565 -0.3519290594769425 0.9166308478185589
258 15.963356799556417 -29.63312170898593 0.2188854307955843 0.9897242136872397 0.02269273339087969 -0.1410192202105964 0.006678339885174977
259 15.956593682229215 -30.000803965461085 0.7662351875520514 0.7278050242012707 -0.6200635846718631 -0.0183844913038013 0.2923747735198231
260 16.264822122808276 -30.64870749793097 1.3412254843276203 -0.58596455965373 0.7876148757091995 0.1904235160549575 -0.006872184853438867
261 16.74118488798852 -29.688611356869846 1.7122884061107073 0.6313046193190749 0.0707719928595986 -0.10332896945711177 0.7653554250960865
262 17.8064148991671 -29.78995621088067 1.5049203626920544 0.5128203299557923 0.04879556587167203 -0.06435986588437169 0.8546883113735918
263 18.816509916519276 -29.796943752307968 1.3207623716777777 0.5632746238026084 -0.1194446994355393 0.0972691899028861 0.8117840640542414
264 18.92727073944433 -29.784647556426194 1.2942268223002837 0.5033729408268361 0.29111877413807835 -0.4470555192751514 0.6797108977155735
265 18.996999947407694 -29.6993632409566 1.3499995979064814 0.9143512690083536 -0.08586699122341634 -0.38626319144803956 0.08596140769802929
266 19.754517096965042 -29.88926053787661 0.7069379391857609 0.9351034843590874 0.05454958751946258 -0.3109303324641499 0.1610221860324966
267 20.61043502361369 -29.82241519515369 0.1162138101562172 0.9085187736190746 -0.025898647459612307 -0.379033284328769 0.17394443771619153
268 20.71187254273115 -29.775852479721873 0.14513638768321746 0.49982429832833825 0.1651902609851227 -0.35200042686409877 0.7739402741579899
269 21.38883485459284 -30.222965652865874 -0.48837094596255176 0.4511947133558358 0.25875974450377354 -0.4548253736677964 0.7229112011388652
270 21.933320797218784 -30.68170493521228 -1.2831262902777607 0.34905252226558214 0.5481708075258107 -0.514076300472621 0.5598184167825497
271 21.94310929607638 -30.87672747803632 -1.3030220637266006 -0.1267105748641351 -0.03481914997839288 -0.5794184876947601 0.8043670015172799
272 22.288068573549033 -31.810118228608733 -1.0061769021013713 -0.13059195841195415 0.1232873818496709 -0.6303206892060452 0.7552759698504914
273 22.113450619153408 -30.827478552016128 -0.9734405182053086 0.6125504681632378 0.18594924409740468 -0.01218305910020774 0.7681512713284823
274 22.136384376488454 -30.85751463028914 -0.9445566743535599 0.23475667413980328 0.5474344335272922 -0.5629671280467348 0.5729510080925628
275 22.17391552359713 -30.78632992196013 -0.8782682052863968 -0.18439635176126398 -0.05856270602434238 -0.42889104766526037 0.8823949592743818
276 22.925263520923085 -31.41879584706967 -0.6062703711242636 0.10877758024802366 -0.06713438560813786 -0.6338044178709307 0.7628580288570695
277 22.969507185497378 -30.352993516991056 -0.5047403430806767 0.6892853520280978 -0.07583519876400498 0.21533031365643776 0.6875809640533588
278 24.128023377925476 -30.10733650076234 0.10725154004820259 0.6657743028027261 -0.0765529837789126 0.2506136810052568 0.6986250792056397
279 25.081156158163854 -29.843802063543894 0.7404567602549216 0.6020937400242244 0.11018517473459549 0.09131577865444969 0.7854958841783198
280 25.316406638892904 -29.90970783503037 0.8294393893723158 0.3725549454775613 -0.027315960430735295 0.6606066174747391 0.6511954759168269
281 25.507117587668102 -28.79062267044016 1.2464223324049435 0.40170509377039865 -0.2219173296734276 0.6622183348919366 0.5923281129260045
282 25.63890854976601 -28.515246779382565 0.9639744189843769 -0.22431156664243315 0.21851970299800036 0.6632964909457403 0.6796846515636135
283 26.086311144457017 -26.893613299764972 0.09517161730812818 -0.20303951690190225 0.0023308281155836547 0.6667081867748054 0.7171260108962649
284 26.9747903871148 -25.08627042117202 -1.1026122229351998 -0.2857938749945401 0.37224570943637814 0.6164134933489489 0.632289014643745
285 29.822741521433855 -23.51619816965619 -2.7802415474192266 -0.07393542005517222 0.38849323516267 0.914381388703303 -0.08667892412303763
286 26.703591173482415 -24.762878436704163 -2.845886130781448 0.22884868865334052 0.5910145914620221 0.76176721412838 -0.1343158287757327
287 25.960379033063077 -25.528351739727945 -2.0726210684471225 -0.3346482490553962 0.716091861858879 0.43262560255863347 0.43365664158919803
288 25.6451983269424 -25.835815909225612 -2.1405262893863672 -0.2294255994224149 0.4813284427207255 0.20902566247631754 0.8197530707377948
289 25.909818102844547 -25.789063582828945 -2.613631702324905 -0.18953743862056038 0.2960071283842478 0.09684694371144806 0.9311691622904082
290 26.493040701798506 -25.76907030032281 -2.9706105314366673 -0.3025067000305019 0.14383199620157372 0.17379439083641546 0.926065636453014
291 27.304381357253398 -25.494907368589164 -3.2604464898898593 -0.26950480277624245 0.07377597112290121 0.48194637370371796 0.8304528645499684
292 27.785465069036338 -24.761370656520576 -3.6069457260336892 -0.17493571668527058 0.04660586800080784 0.4425735234689539 0.8782676496489994
293 28.313288275994665 -23.97659559922341 -3.789790760403143 -0.12263129150474303 0.0590202812094118 0.20249476517656126 0.9697804095907124
294 28.252970190385973 -24.047693375158556 -3.778287811867903 -0.7510213026457632 -0.018380733775447012 0.10955220328656332 0.650866703982618
295 28.21945832958543 -24.025115377835142 -3.815166534865853 0.9704373857871501 0.11405927807210625 -0.15601061270640398 0.14457679646210558
296 28.276177205751157 -24.02310871537489 -3.7698247196613295 -0.7976281055550009 -0.013951666860935692 0.08152948048227741 0.5974510022025508
297 29.257363349972604 -23.953972301772886 -3.9200069052368156 -0.7581885360954119 0.03726793623190898 0.06265615242336074 0.6479471052686422
298 30.21499858407525 -23.99094828709329 -4.030451486586492 -0.778453191673792 -0.03326590006494545 0.10766929726016176 0.6175041139079626
299 31.163634148150635 -23.78201232578444 -4.199810459462318 -0.813141788809093 -0.038472283727202114 0.20989069032234461 0.541540592008735
300 31.20101079969034 -23.841628730180158 -4.2781435244886605 -0.45688807711883 -0.31209862161771484 0.8152361986588899 0.1709902797447382
301 31.16375798614706 -23.838412390259926 -4.244597086991953 0.2596797384162347 -0.47117922238918764 0.8420868476234061 -0.03803044707167572
302 31.14718790721391 -23.86520747852388 -4.280312537541971 -0.15825353652512267 0.9094836489092933 -0.29614273321231543 -0.2451423914982232
303 30.290137479825884 -23.97148252401302 -3.7579707982756205 -0.15434685442977425 0.9202697731967134 -0.3019757935343248 -0.19516970355928565
304 29.468721687710776 -24.162414213979215 -3.281149556481145 -0.102882462510951 0.9464065352738907 -0.1607391033613524 -0.2605624868417199
305 29.421741276329733 -24.16967161186139 -3.2732013881657003 0.6058333834607473 0.7481679736199845 -0.26954479153074823 -0.023583894769853495
306 29.12022352454664 -23.217918582153914 -3.586891481583368 0.5830458307445501 0.7908907514940401 -0.18279840459326163 -0.03367672387198225
307 28.87093449182762 -22.30958739977876 -3.744367124268006 0.5551004919255077 0.8226384309593913 -0.12227208578507627 -0.013378819473266322
308 28.86835278485327 -22.284907993293796 -3.798907677347555 0.3107157907319523 0.7278311943192871 0.44543755251434375 0.4186918159883351
309 28.81777216831471 -22.268137217108244 -3.7931941197163206 0.777300014165665 0.3374292051682992 0.5274342517329892 -0.0613133719217165
310 29.031146198805185 -21.805930858714564 -2.950539754298446 0.8287913830194558 0.3022786531081885 0.4617864255670689 -0.09211816579691486
311 28.988203921181864 -21.829226611676045 -2.9473222650503526 0.9519514157720079 0.1982024869057423 -0.18209051573668708 0.14610722183655725
312 29.834650865233098 -21.455581183511995 -3.4142767140057897 0.9540835870887139 0.25337690185666323 -0.13720300434816188 0.08185346694728744
313 30.733107079070276 -21.00738580886721 -3.756522614928212 0.9662888129891795 0.18497765189837828 -0.08483950408447899 0.15770686965641528
314 31.606639470578493 -20.73954217984119 -3.9988669681758013 0.9539972237052062 0.17047973124480392 -0.07675666867001354 0.2343808273134571
315 31.530576740244744 -20.722152073356003 -3.938354688834959 0.5928678558739966 0.770699568507822 -0.21075618422056047 0.10055700565360384
316 31.26629988345426 -19.87474319154899 -4.432408688548781 0.5363777548719302 0.7914911045307241 -0.2826079253976451 0.07728839518143493
317 31.25735932859546 -19.856614713209005 -4.440285980884357 0.1597082756953724 0.4620861423331317 -0.6177761389524653 0.6158914724844633
318 31.23038078098152 -19.844342981727447 -4.538225654162815 -0.5857897141790627 0.03142970516717855 0.7815736573286283 -0.21214429656502382
319 31.224045825036505 -19.88739646034047 -4.498994902190817 -0.4453703305220013 -0.44161188501060566 0.6558657724334875 0.42007654095215613
320 31.30484340102999 -19.96664076938159 -4.509078494214753 0.5866440126716689 0.7992087489750658 -0.13082116531617377 2.5758727329575744e-05
321 30.94605090410495 -19.03782940753362 -4.697459740593226 0.5867792390002995 0.7848252380419085 -0.18298757370446625 -0.07908867352816408
322 30.937633934508412 -19.061438787822937 -4.654023362524687 0.4163437400302348 0.6529027022859746 0.5614794549011233 0.2917477904102206
323 30.90912174330742 -19.044475703246516 -4.655077665285768 0.500066858346562 0.8550003438024852 -0.0351847841386432 -0.13292697335811413
324 30.423483648808446 -18.2270613103666 -4.430361750370739 0.4741486062144666 0.8412425981637051 0.06836093440573408 -0.2506407247572375
325 29.9953822588946 -17.545284086277665 -3.904763276208575 0.40666991294821275 0.8703188247904574 0.04296853454798286 -0.2744420342382882
326 30.052553292833313 -17.548088318377463 -3.9553584216419235 -0.17159387226662745 -0.49166605960615145 -0.364959432897087 0.7717672195496139
327 30.244547647131167 -17.96632766133457 -3.035644487731606 -0.2792119641622104 -0.5115662234022285 -0.4338724306299628 0.6870919822570426
328 30.40937350261674 -18.29392627009057 -2.1377170875502993 -0.36880441643187023 -0.5367791100412558 -0.354304010499443 0.6710589821973018
329 30.52331061991031 -18.369018706940807 -1.2122859184421693 -0.47788806188574817 -0.5404399523500204 -0.35286908852356463 0.5958448326330824
330 30.691624442809452 -18.29643498741453 -0.2855449796427905 0.5278934946914476 0.6853554713346877 0.2540951668857592 -0.4324950662601342
331 30.398140171479945 -17.636294100326502 0.5785456853374661 0.5048553880398678 0.8294549218402796 0.14992645063023047 -0.18613873643998033
332 29.721792427277194 -16.794704737212463 0.9548177963049864 0.6581463275950454 0.5878876772953375 0.1900319714044286 -0.43025497115268513
333 29.960987182921134 -16.116367212971916 1.7235986702454673 0.6057704043372911 0.6363347471593883 0.28543391765898424 -0.38294619130692203
334 29.990690815974236 -16.109234043728808 1.7382318674967487 -0.1886031727710211 -0.5779699834507231 0.2887566247593143 0.739593910945922
335 30.125552128067138 -15.42050263253164 2.5291303972998485 -0.017472561027490775 -0.5380069930042795 0.404992151734402 0.7390700522434751
336 30.175907318260894 -14.766125578493561 3.3026914181177762 -0.07946609852841852 -0.4281255174717735 0.47246110897547766 0.7662729154680202
337 30.38752834203136 -14.008055824973885 3.8528527192000075 -0.09612828337104491 -0.4085212748851131 0.5110229775566981 0.7501501433123005
338 30.35678689532612 -13.987150117972865 3.8564437117265062 0.34961666448640705 -0.343731852299805 -0.16928700509134795 0.8549611169726645
339 31.061013309440945 -14.574923184556223 4.349345401143515 0.3508131797264891 -0.28489381726547364 -0.16427644919558687 0.8768003615725684
340 31.781957189220037 -15.059901215250418 4.746047272656346 0.4041760745070202 -0.2071444147222079 -0.19835493223013523 0.8685552447055211
341 32.609717609776496 -15.528616614325903 4.934502094703083 0.419074827125958 -0.2481972030009268 -0.2747359216676677 0.8290323341325609
342 33.31238311167158 -16.20280084741356 5.144273561444446 0.41399019621197863 -0.31108078634416486 -0.20211870868510334 0.8312574146480316
343 34.073722409943414 -16.804953698302803 5.4957738993115495 0.3778239677379639 -0.3183899014584051 -0.2549691856999019 0.8311844767532524
344 34.78347132512578 -17.484105667166244 5.817305826333963 0.460856209184272 -0.3338108811493995 -0.2192717921146349 0.7925286942851979
345 35.43712136872793 -18.012608252080295 6.334305154015558 0.3797858575210479 -0.4933118884581659 -0.17875597042883898 0.7618742587651093
346 35.40701694207917 -17.879205617809657 6.503777539243385 -0.08039508865843273 -0.6748723738795636 0.35022188188835734 0.6445374637213442
347 35.34929809104702 -17.149089500659276 7.5830339402710205 -0.11993030414614259 0.8686711529606135 -0.32051566856848185 -0.35818550551856815
348 35.24612575551923 -17.033028910993295 7.7630006524943 0.024439243931637208 -0.40536361941454824 0.4360985900119144 0.8030573324494382
349 35.47375991062768 -16.31686628984417 8.507731839719758 -0.15406620545551847 0.014369097031949373 0.22116263717166423 0.9628832854018701
350 35.36623871306733 -16.129748357831453 8.44855568111824 0.9121647086556579 0.08794840046006898 -0.26061957923477125 -0.3038059546143647
351 36.13175342088945 -15.796165843944253 8.02517165505259 0.9140275550861315 0.054910463345025355 -0.28070390686677316 -0.2876521966337709
352 35.99614249520212 -15.776469544522639 7.964558070545257 -0.39519964848899447 -0.1882726521995693 0.8885347968497652 0.13739199778393923
353 35.19983986088761 -15.382922293850617 7.289552689606892 -0.45842505993081883 -0.1440598986087603 0.8283661319471144 0.2879283964516782
354 35.20596707551595 -15.352001904769986 7.328524735510799 0.5969495993205619 0.6210097023775835 -0.4488743804507109 0.23771814402547725
355 35.062080870694025 -14.800059441462448 6.531743655716985 0.587591748278801 0.6684367991472187 -0.40797700674910653 0.203673623389292
356 34.838767761469576 -14.148855460683619 5.7561272197116535 0.5566660494035038 0.6179106613218874 -0.48676845764567084 0.26714376786198657
357 34.67290826952347 -13.710294597737658 4.94534424550434 0.568643666466867 0.6029976205593301 -0.4161304756652229 0.37399689491965077
358 34.649785480505344 -13.375472773723095 3.985186889620301 0.4942736738499734 0.6510893023632709 -0.4724555888966688 0.32948743861832225
359 34.42201345965823 -13.105758447409398 3.1056985916259796 0.48423000177272124 0.7030200357057727 -0.3903957778561919 0.34478293375905944
360 34.42665250107002 -13.105544736316283 3.093156767718015 0.842680524322895 0.20702281826202468 -0.011116702426363746 0.49689788243954475
361 34.412997987034274 -13.135919874069305 3.0609096338594646 0.2204233947589783 0.1647499510270272 0.008957517407711087 0.9613483986367327
362 35.435704383241216 -13.029956578848166 2.7957431168898985 0.3598862538482485 0.2099680330570085 -0.07385545396256711 0.9060577692979782
363 36.36409954268633 -13.050016983952961 2.353273951691533 0.3301816506433941 0.3275015965342255 -0.13489823465441966 0.8749429970764143
364 36.379541326345816 -13.036350146362828 2.4135785150879174 0.8252866269720252 0.17930409431860328 -0.2138745499823582 0.4909273897141683
365 36.41939631935128 -12.94613515958377 2.3954615999645203 0.39902286129362036 -0.2769716498610422 -0.700293356131105 0.5231220476112026
366 36.36089205132995 -13.901224686005138 2.161139468157522 0.3508160850225305 -0.42570386287690387 -0.5760072112086452 0.6032578124291358
367 36.35804779591078 -14.932250451733287 2.225027144664554 0.252246330356594 -0.4120668716053865 -0.6540209165183288 0.5820904765614269
368 36.151981137723766 -15.928324086630516 2.3404957267041757 -0.3903302848347778 0.3305719544532538 0.6994450532123906 -0.49914033017426357
369 35.974599224682855 -16.887416024472873 2.0458677040672892 -0.5250536221027405 0.09119831752481228 0.757665774621289 -0.37675474086593536
370 35.777897423280734 -17.50348517468682 1.3178298340552574 -0.6259056590311833 0.0475238137473801 0.7546514904882946 -0.19100974065068163
371 35.54560918686024 -17.77379301970754 0.4398495097921251 -0.6361633737693387 -0.06528175613432857 0.7307194404076385 -0.23892164740931063
372 35.56365774307069 -17.728722503214414 0.421241958492695 0.9527124736763154 0.22690583841953862 -0.13148856598368544 0.1535038761993882
373 36.435192880846216 -17.245379271343726 0.10957559047963619 0.9691989782903095 0.07154585429525136 -0.06235080605684527 0.22725956129114785
374 35.48430480049304 -17.344676438625395 0.30257894350952863 0.9536682414903153 0.13854576139634323 -0.12397568438928576 0.2365417232796075
375 36.39433086981766 -17.113366041212036 0.04309655223542519 0.9602910392022321 0.11407806894245111 -0.06626072415618993 0.24583903402136187
376 35.38931077624631 -17.340427140361072 0.18379361232645852 0.9314833360921413 0.3107248315648891 -0.07873019468339934 0.17201869106798046
377 36.10706530893337 -16.74982471535273 -0.1277769393829019 0.9810656245910563 0.14684237020998286 -0.06249284535153949 0.10973697114803474
378 35.20824896857544 -17.100876248764784 -0.05428543026138319 0.9566664401079004 0.18384066418530895 -0.0567567227926346 0.21856488048408634
379 36.3359924303398 -16.84667057471517 -0.4339700478432182 0.8833561074739715 0.4262320468279204 0.19106175792457938 0.03877672374099452
380 35.87711841546124 -17.595666723091963 -0.8691795644514263 0.9629466356289365 0.22072377272197025 -0.0032406060565997414 0.15493318417524204
381 36.66725990036198 -17.118714303854734 -0.6895313315991876 0.940905001475432 0.09233821139050416 -0.1485626376118034 0.2900009924492414
382 35.691485469926995 -17.116866251455345 -0.2452169666861033 0.9437799600854957 0.17288402118343585 -0.09974150793503034 0.2635187540865218
383 36.53373180538866 -16.788863071988743 -0.46535105591827064 0.9307882567134698 0.2181224326667772 -0.14333798426259256 0.25594930708905045
384 35.659373947039626 -17.159760976569668 -0.026098687900212806 0.939701335819669 0.2507263182965517 -0.08015260993456798 0.21834209830645163
385 35.72348343629576 -17.149770452447108 -0.058019095535807315 0.49534666021970003 0.8412935243498301 -0.11340840663298944 0.18437848410592425
386 35.78090910874128 -17.112283302524702 -0.04771384131294032 -0.1811720230212717 0.9633373387014262 -0.19785607813967282 0.003292761944232294
387 35.787783285814356 -17.11187383265671 0.02082726455887833 0.8081348850902725 -0.5199344979934539 0.20808752164429972 0.18244371360055187
388 35.82240714036438 -17.150732128633365 0.0019411506542113509 0.9494177763301062 0.14715651203271493 -0.01827286660588403 0.2767976685248031
389 36.73013435554485 -16.8621560851074 -0.1477062291604586 0.9617707775609505 0.0818546863670255 -0.11024607590693435 0.23694426453637568
390 35.80842236537975 -16.8690901066719 0.1103467096955654 0.9716252308403844 0.18598393456298298 -0.10174276535891011 0.10489421612255188
391 36.69792492209355 -16.54571837382922 -0.16811953543785277 0.9827452671915685 0.07372260035823817 -0.005602117649457956 0.16954449058236767
392 35.762322034159524 -16.68057092775959 -0.19407071128507722 0.9622470569231625 0.09067697165217205 -0.03706756056557086 0.2539375596646191
393 35.77365525397821 -16.611205175699485 -0.21717729472072816 0.7882220404170703 -0.5608568932904049 0.09976311413202962 0.23279364533437225
394 36.14859024519323 -17.390379656201997 0.17520191103477323 0.8429722055682691 -0.4141747357284504 0.12075245094100123 0.3213658266141211
395 36.79141175485551 -17.98595783897556 0.6569678899468033 0.7655507384426364 -0.5447774954021832 0.18373127089040656 0.28877736661700953
396 36.74455857264348 -17.954660510085873 0.640292044376399 0.774188635266145 -0.3854576899173832 0.3800073720989855 -0.32809864897424273
397 36.849864279536966 -18.054956890219376 0.5583948753351189 0.8019357195352758 -0.1556119017212407 -0.310920444352012 -0.48581119281063023
398 37.793931964063134 -18.05799443006258 -0.19132844403461172 -0.6648173434653073 -0.05037008108622945 0.463503739792016 0.5836480428802258
399 37.2908122835895 -18.81625657758539 0.05568712217657856 0.8309696476965915 0.028605782117629753 -0.5100885695217104 0.22018357132115438
400 37.91625837296257 -19.28317942078289 -1.2482981869256993 0.8821727454142131 0.23367691048553588 -0.26902096355763994 0.30788645621528277
401 33.059839293647045 -20.31373606858697 3.5380081408658985 0.6442842310583975 0.3161025867436286 0.6834158886834205 -0.13386451119892956
402 36.07110130481634 -18.506582528041235 1.7194196098465189 0.3200674273629799 -0.08085797768164828 -0.7352019178154869 0.5920278451448975
403 36.058699027360746 -18.46054005734572 1.4077893089648206 0.833319414416937 0.1811055524412212 -0.2904988677912521 0.4340390999008901
404 36.18779474681655 -18.298944745480927 1.2521481153804834 0.8471688686648539 -0.4581215611102434 0.12379149423551675 0.23896696249892682
405 36.7229791480524 -18.994372764403817 1.6155159197249307 0.8046184219803645 -0.5767613058943732 -0.13634622055694792 0.03667832019983716
406 37.022643243255104 -19.94930532230838 1.4604314875682076 0.7878767938125717 -0.5988668240736867 0.07909287614830633 -0.11980401386475667
407 36.991040081104316 -19.91747829598653 1.420868132340753 -0.31771940021527817 0.7020634173192728 -0.5887366998467058 -0.24402958640795888
408 36.39000095042883 -20.004242785356514 2.19043487521035 -0.49134994786942493 0.5622389308931438 -0.5579065467210355 -0.3622194064964748
409 36.444347185711564 -19.98930044288774 2.3083187598223796 0.6645116672526139 0.1348595330116654 0.09754285897544747 0.7285070631805318
410 37.29622906576425 -19.664529363109132 2.264910828971322 0.6646751852837309 0.03290891724095481 -0.054600028320985795 0.7444076424523155
411 36.325429690759655 -19.56374244977312 2.46456154808677 0.9906913185768332 0.07641299962406406 0.045603059234221054 0.10301517253991882
412 36.331134170587106 -19.46433074802527 2.438708441766982 0.5998839201452596 0.10374441461507374 0.12965998044343474 0.7826651060694734
413 36.43520389849583 -19.292813410441493 2.4123942974056707 -0.18172820893689928 0.10322917992559884 0.2960135413376417 0.932037862875336
414 37.38018346514327 -18.601068286609532 1.9523392195967815 -0.19848688212900942 -0.06305010135483621 0.14740900500838686 0.9669013535952296
415 36.592078676155445 -18.713882578699963 1.3147367876442144 0.6909265997833584 0.505859387504145 -0.49316427538181257 0.1533483331271358
416 38.12341557523266 -18.580975109406257 1.462189580597236 -0.823971772058142 -0.03198573569264875 -0.21446702731928094 0.5234991172451025
417 43.62177393880885 -18.130534667364987 3.6145868798347025 0.8307978447798215 0.2164311318219676 -0.36425896437525135 -0.36089875749264594
418 39.31963364293574 -19.817563443168 3.766671841144035 0.289696632705192 0.7416677796182292 -0.0207972322404 0.6046257030647799
419 38.43906158057824 -18.42260933111252 1.3759265648057302 0.7549767013506342 -0.6242657755404332 0.06577274617475813 -0.18967437298499096
420 37.579833845342165 -18.157205601813402 1.4448110500338287 -0.3690443237621749 0.14732323949706766 -0.6695255323104888 0.6275649064338833
421 37.53884230908314 -18.80425506906859 1.6477903697105147 0.8813841758709033 0.05075535704356835 0.45041367976854735 -0.13309149233931683
422 36.95129259139311 -18.423363620218897 0.4904098819785585 0.9348535339293255 0.1378059860463441 -0.12168106754025076 0.3037303048954999
423 37.09376452262125 -18.355017050857384 -0.40705734257351955 0.8343540471339509 -0.07999418036250341 0.49889263243836346 0.22036423584159254
424 36.53329428425043 -18.684711646145605 -2.3575577505914156 0.9689937329606958 0.020831524907601477 0.23176421362649208 0.08308154027829782
425 37.21506902923512 -19.09301307561827 -3.3230104382451087 0.6066861119823623 0.48589642798559274 -0.41943391773570743 0.468947557250749
426 36.91261555611126 -18.89779629662284 -4.5388801117935715 0.8922619362518355 0.38071066358301664 -0.1683977076386196 0.1748434723184272
427 33.31449466296588 -17.9670346750853 -9.339098332345168 0.6489609731541643 0.5932149356649095 0.20076306515920647 -0.4320183874498404
428 34.011061921243474 -15.229287527316501 1.7793433479718939 0.855144001607791 0.4301773624638442 -0.24228457705004414 0.1580327721124535
429 35.99504962472489 -18.925843165415067 3.0942249459614715 0.9405523456600685 0.10010214480667372 -0.1785143005468072 0.2710599383507856
430 37.16321758887289 -18.748905040241162 2.092471055959194 0.9542721157156786 -0.09252178987907134 -0.02651695015867235 0.28302172870537545
431 36.31186523928219 -18.27873755975593 1.9845448126448644 0.9730060268434904 0.1730365586073613 -0.0036361487306647796 0.15265778569721175
432 36.40897164260044 -18.201287195766245 1.9596324967078445 0.5400029127352384 0.0749717199385166 0.13345195799200563 0.8276271324425147
433 36.38068576850696 -18.22156693806605 1.9430019559262435 0.32401059046620223 -0.2112310958905994 0.8209330716630151 0.4200802938064672
434 35.95772691136491 -17.64315676839661 2.6781208277286495 0.541370252006612 -0.2992579512641374 0.5885693899575162 0.5205276189142418
435 36.123007293770044 -17.343332921767228 3.6830087416163297 0.621040849145414 -0.27455918627488196 0.4892005425909807 0.5473649112370205
436 36.61695700924309 -17.184035981825645 4.6187201149614605 0.5900380145250052 -0.2655283750399814 0.6060611219483414 0.46264429092634185
437 36.856068019815574 -16.97914701883323 5.5703487525537465 0.6043553758361758 -0.4117488288559172 0.5452925348507953 0.40972372773576393
438 36.93393822134818 -17.045906641344825 5.646104189204711 0.11826577241287928 -0.5963222422271833 -0.0881221983074006 0.7890801408388133
439 37.2750243868729 -17.41199378410716 6.620498183335169 0.03569124671173684 -0.4651375400967749 0.043925911580117556 0.8834272567635317
440 37.30960085120113 -17.405747515673433 6.7277746487143695 0.6764021297951455 -0.23240901636040281 0.24961409033362655 0.6528085583307706
441 38.109261899621025 -17.474293009054747 7.349874748357846 0.5044924764087729 -0.1035005386771562 0.3967049229945431 0.7598685306106425
442 38.80880443369417 -16.869046394347787 7.850515394033948 0.45276075585187553 0.019458577843745863 0.5387993762372982 0.7101579358671117
443 39.237234599417704 -16.007682275110835 8.30099617116255 0.505720785851869 -0.022718295732062466 0.5028764042753778 0.700603802315879
444 39.211662607988046 -15.997702590340872 8.31315276984465 0.23188123687737974 -0.5144316709730852 0.8234914533539708 0.058762012703971356
445 38.26396361971568 -16.133596022714958 8.73514686978498 -0.08426344880746876 -0.5105258572416507 0.8230419711295266 0.2342326493936605
446 37.44870471994122 -15.623304343840992 8.832090731632727 -0.08762198397799803 -0.6569517984742201 0.6774568569521222 0.31904377344464974
447 37.43595909018786 -15.619328757066015 8.845300906284578 0.617010268451706 0.5318979660261758 -0.5516641244547573 0.1790239541288786
448 37.27890807170243 -15.084395032154662 8.028355365056369 0.5108153188308275 0.6154245824194275 -0.5024164248551992 0.32847835459487307
449 37.05599267868574 -14.711438793844811 7.158008289987659 0.29314842689725923 0.5976628762335273 -0.5657233177629772 0.4866417716546557
450 36.99219722845577 -14.610423204108375 7.218522078936265 -0.4475322511164797 0.7914669869044715 -0.11815273856365009 0.3991676630450958
451 36.79699607819652 -15.504226241091146 6.655204087034139 -0.5246336563394659 0.8025515711222563 -0.054904936650672156 0.2786681723061804
452 36.41627667783787 -16.4644882474757 6.228589040285277 -0.5868681737246431 0.6815619682722792 0.05434719392929992 0.4337112087390993
453 36.49732441226178 -17.334087371542942 5.497837642438281 -0.4820938962261716 0.7835572292790395 -0.13980935342043307 0.36616511079318387
454 36.26729963793781 -18.3595514011685 5.021708683669038 -0.2718458234024998 0.7802415246784705 -0.0483069608638799 0.5612392083578338
455 35.98639388869111 -18.85884461258555 4.220391512544068 -0.31267346623872566 0.7887046015778585 0.06235010797148139 0.5256356333013567
456 35.770753630846244 -19.32701743060355 3.312044718565961 -0.2462607412789867 0.7675834636047167 -0.05586715244186922 0.589109612027634
457 35.48925610522677 -19.782277991274732 2.3351711743294223 -0.3011867965757708 0.7180374911393134 -0.07439002209903874 0.6230367561379434
458 35.40503490918135 -20.337050757558224 1.485534821553332 -0.20691991859161518 0.7850012328657012 -0.036092698289974 0.5827988751014527
459 35.161810309377344 -20.719860521815104 0.6167381660568941 -0.13326278472133227 0.8421468451340156 0.06204454865101619 0.5188257852322219
460 34.719080788450356 -20.83787344908758 -0.355074753254573 -0.214476127152074 0.7896910404516136 0.02428591276368226 0.5742806334480856
461 34.80885301346675 -20.837302058294405 -0.38551124115838287 0.6666886817292852 -0.4630088057843666 0.36165781388176316 -0.4586422059497689
462 34.891154902131696 -20.79627388770207 -0.4202830592779241 0.16085085601378935 -0.6010933032158714 0.779432889160268 0.07278883323658096
463 34.88211202029871 -20.778648484225688 -0.444228722592221 -0.13987023134960982 0.9798181308053017 -0.11012166532311361 -0.09091736772407971
464 33.94909594638113 -20.988771074854355 -0.29081675175121474 -0.10014659583529498 0.9930536943896121 -0.055801626895076575 -0.026480140437834938
465 32.93301407362062 -21.16413622483547 -0.25979052122831164 -0.07897059901173696 0.9966104163907625 -0.0031620710669038746 -0.022832514967175147
466 31.928025187551164 -21.352367972731816 -0.17730018332647904 -0.0016973199050539082 0.9990950718988469 -0.017352145242807464 0.03879509592783908
467 31.958976411762926 -21.359787647788835 -0.1515136052370622 -0.6912367809476104 0.7216737042532935 0.016912271266068795 0.03305680467226172
468 31.919521370993643 -22.35967184321302 -0.21507249154884533 0.8153326903811661 -0.5762400607760888 0.05584778201471733 -0.007811632135271246
469 32.2670241242098 -23.235611814239686 -0.063409011570409 0.8702520917447111 -0.3342863640604488 0.2486943495070381 -0.26280229097264884
470 32.944874885023715 -23.951549990779153 0.16324353884033485 0.7779797417566566 -0.0677447132069893 0.46613914173474025 -0.41577935950639694
471 33.51309206637032 -24.41043559553178 0.8466956800047143 -0.5526837628796746 -0.09157445834911174 -0.5169627530966663 0.6472281581775843
472 33.92474125884852 -24.92251921357873 1.5589153638315543 -0.3801967146737763 -0.2589046122418675 -0.41476938970296257 0.7851020400410308
473 34.45917934961742 -25.446489840288564 2.3223885565503273 -0.060731338838866986 -0.45429287780465233 -0.3197220154198009 0.8292813265199617
474 34.13877296733418 -24.951501670213688 1.5910507113199672 0.010072790666603772 0.35230669071989607 -0.5841723045449347 0.7311096040709926
475 34.24061894350011 -25.80157788975808 1.0876307423008285 0.21567900666214335 0.3572886386505496 -0.3379736669760824 0.843564576785446
476 34.18931381559017 -25.83405157710145 1.1338059388089685 0.8721478941957052 0.1323895488426265 -0.19499674554510277 0.42872756761615216
477 35.08633496504365 -25.79109178691917 0.7408153375816635 0.932552741299604 0.1096675652966351 -0.15537883443839695 0.30688080361122066
478 35.96787506317164 -25.684905644129653 0.341904051534557 0.9634699512934959 0.15454408952834484 -0.02699797457302928 0.2170550315365177
479 36.89083484143503 -25.443729381904944 0.23313245203964297 0.9205957132198086 -0.030023014105283727 -0.14721776711974216 0.36045676643617613
480 37.82789937399985 -25.58302115102198 -0.008739126845322569 0.8648357354907579 0.07450121218232385 -0.19443007424440265 0.4568431527678197
481 38.69824659843937 -25.7107183089734 -0.38128501264300074 0.7222829728654467 0.10530775038212659 -0.19835711171514028 0.6541192865602858
482 37.78934894829419 -25.66939381823839 0.008472634793658156 0.5409351689027803 0.24172903771399779 -0.14205018156609786 0.7929552076170662
483 38.68863436887352 -25.67387064953493 -0.5382390658210295 0.2893884401155328 0.3979961885797136 -0.20572781969413134 0.8458897261507667
484 38.09293630002727 -25.54921831569873 0.2494857837754919 0.1255436310755982 0.45475879823540244 -0.320631078546635 0.8213579874779746
485 38.47422903718739 -25.983342016646755 -0.536192577534396 -0.0521306822326995 0.3252080722875392 -0.6497253993128828 0.6851124047750797
486 38.486294635315645 -25.060550934115597 -0.0700597311971443 0.18914700738667703 -0.20302225446176517 0.8685214082570226 -0.41070176185300905
487 38.468932623652485 -24.97317419016551 -0.05844859381716043 -0.09775842733255843 0.3994964894111781 -0.25084721076459043 0.8763113155067865
488 39.054172376344674 -25.440926976666383 -0.7173302968406816 -0.29812462386075517 0.49000174607754493 -0.1775201263905957 0.7996915669275922
489 38.58747120344501 -24.793609116507845 -0.022490953722432733 0.8147466946398563 -0.4401444328846874 0.31691891422283286 0.2049953745377394
490 38.99781653649481 -25.42034863596084 0.6387210179739324 0.8227746999872586 -0.3358985628369872 0.35684154310999183 0.2878855009475202
491 38.478059948486134 -25.02190249069117 -0.22358022131835753 0.8748726154403708 -0.02634723901861147 0.39879051656224146 -0.2736235619398351
492 39.14122489442439 -25.269319084555168 0.3500423593314737 0.9487640081736884 0.019286610526640376 0.2708112116508932 -0.16166685217683685
493 38.1425124062881 -25.221055927036165 -0.2894835756582696 0.9943077463674627 0.04676115369738773 -0.027692148364265805 -0.09164412112906786
494 39.03539190234751 -25.074740036750175 -0.4797077877367076 0.9528972841351598 0.10579740625973898 0.1514877554566824 -0.24051015501064693
495 37.12838716374242 -25.95881089718995 0.010260124172084772 0.4093853859742432 -0.03307146510652766 0.777522973276959 -0.47620154343826543
496 37.69536394291468 -26.35411254283767 0.28352892794935103 0.21593769892725304 0.07395707698601571 -0.7935070043198635 0.5641346426528039
497 37.61199559170738 -25.80230360114666 1.0059191058040686 0.7869621642007434 0.009825130574831649 -0.44351555128742814 0.4288216117360224
498 37.543079859382765 -25.90806173506266 0.9030517819597019 0.8320989985325585 0.02534005515841192 -0.26227640860440105 -0.4880371130715994
499 37.51912954555184 -25.98170409509262 0.8713495044531054 -0.20092406519318176 0.07775778349370745 0.17525213982462123 0.9606611965824805
