# time x y z qx qy qz qw
0 9.186764034270574 13.114002899922305 -0.3972282443593951 0.0 0.0 0.0 1.0
1 10.252611671363104 13.122665240272326 -0.33738509379287557 0.021230922852985383 -0.08811995886987953 0.0035220495633242863 0.9958773598844662
2 11.235061142853905 13.153393094162169 -0.1642547920010084 -0.03288328622230484 -0.1521450901381069 0.11520517063489655 0.981069992249826
3 12.139856840725287 13.376179751012002 0.12798800724067988 0.026915806339810087 0.03359820345867206 0.17604232590458846 0.9834407961761248
4 12.026839452672402 13.317861141750397 0.17740655569553124 0.11816724810824049 -0.640480156316064 0.18173632859746838 0.7367452597117872
5 12.046089795686477 13.417369288175825 1.133081660085903 0.1896591544637028 -0.5971806073203019 0.1039008980835578 0.7724049007781468
6 12.297221058599776 13.365364492838236 2.1487580234216623 0.2381563277823385 -0.37851847568412367 0.15653797561648883 0.880625453466393
7 12.872015599069247 13.472642656453278 2.9474372843947716 0.1777413213413331 -0.415254488146348 0.2933500993442668 0.842565992653905
8 13.310096556521803 13.878140927958016 3.7361495757413876 0.2086925889471813 -0.49931162982064936 0.4166391047197205 0.7304431230853771
9 13.399433213475483 14.2212759293775 4.692306602486927 0.2681062632577895 -0.5138668747126911 0.44018754472380545 0.6857804256064651
10 13.501311693743336 14.55866896140493 5.672063516454667 0.31959905959290374 -0.46476352674321014 0.42432834366641087 0.7083761444867166
11 13.40203715619453 14.57806495641735 5.61930204872959 0.6805292505561221 -0.07191961349758101 0.6593622060577543 0.3113663269438957
12 13.527947536337685 14.886691812540068 6.537929867633462 0.6655693656431374 -0.20402785887148384 0.6592388008579364 0.2842433038175211
13 13.496499760997587 14.912641130444374 7.618178773065308 0.7059727115602891 -0.3485921347610267 0.5582332598911064 0.2616518329121957
14 13.620438737885511 14.715428962518832 8.630959208672587 0.7512897243231038 -0.45970363300891576 0.40973282887199675 0.23739277341458756
15 13.760832550431548 14.221650647370195 9.53497034285936 0.7826256193225549 -0.4244067965940584 0.3779168993086297 0.25407642197124036
16 14.027463655768987 13.82234961508604 10.340626997628673 0.771248950789549 -0.2687705729015341 0.5098046667497341 0.2702529126732835
17 14.403234611722409 13.797340404278888 11.184457534114278 0.7190062997193588 -0.30677056966328636 0.6018239603683538 0.16349213827853745
18 14.351848512549163 13.750352068946754 11.273482371288539 0.46269363477631753 0.23752245155729623 0.792152617806398 -0.3193617313426303
19 13.942319985959774 13.395579307129832 12.092506056954162 0.31914056045416583 0.08443166482469858 0.8861870444163272 -0.32510478150372557
20 13.369408883567703 12.959008747150847 12.72921704987639 0.345577511602195 0.21708651001578416 0.8406930507818717 -0.3559281177584472
21 12.895526005747008 12.469163156616995 13.392836881039052 0.18802839364562415 0.2461032831934829 0.8415962841466434 -0.4424863745868303
22 13.030426816633149 12.483081079029095 13.451109627141282 0.15528515105043203 0.37129007699088223 0.8061947168092491 0.4336822329542725
23 13.019150970370246 12.499945138857719 13.4544654553723 0.6509543335053436 -0.11076032939371441 0.5854939660642181 0.47030566743938157
24 13.226823458525557 12.921438565389826 14.309546193852315 0.5923423662569778 -0.11536001918437513 0.5799191666444599 0.547280866894925
25 13.238811324232879 12.92555715442557 14.337068942283222 0.29761961818952515 -0.40359694407574526 0.8436583316506252 -0.19176206360467832
26 12.564676098852448 12.336148618874141 14.617981510220059 0.3192763911888877 -0.4553064209865486 0.7963631539033965 -0.23783266416296842
27 11.815857137529612 11.69195087615028 14.856140239044446 0.38060222919160763 -0.433378616951038 0.7988142457789128 -0.17094068633491333
28 11.1680451258877 11.106317567094564 15.346551919414305 0.2675155182810212 -0.44418093307529677 0.8547000659358933 -0.025030850172836554
29 10.414354560530969 10.877556791122108 15.789725284515702 0.2969042774038643 -0.34315469067272264 0.8899610963249146 -0.04540875859075345
30 9.64376777339097 10.531333656006721 16.293087628971534 0.3835028404915935 -0.31171336569001307 0.8672262954421898 -0.06065394858292058
31 9.666917132398247 10.565387531780777 16.401582949003032 0.8603042801420614 -0.11775643855584675 0.3656091012460649 -0.33517152598921257
32 10.361732270954125 10.068740462580362 17.066389607579808 0.8071003405059144 -0.07029734382148502 0.495126582984528 -0.31384230216614545
33 10.829468432926896 9.631352586725102 17.77647545038511 0.8229218741960369 -0.00516479113564391 0.48303661720122554 -0.2990794883388092
34 11.47006826405831 9.369248888586023 18.6238578320908 0.700211611004452 -0.06402958030461692 0.6195563202155345 -0.3489324845031641
35 11.538594485476072 9.374581759143569 18.698058050573998 0.6956788819147642 -0.46493853761240445 0.5090260331552993 0.20188003138211222
36 11.529642091312532 8.92336057902293 19.604890288677012 0.6770813118184819 -0.5284126470559927 0.46860524755237115 0.20676095759070107
37 11.547479098583903 8.94776892669958 19.630671029124 0.8207699757349622 0.12842205775492196 0.29193823893378607 0.4739372180597984
38 11.573619155499351 8.936817195214962 19.62962532566907 0.9099754462043099 0.20786646972652326 0.1279636551356755 -0.3352037008044771
39 12.536985846671339 9.185960125353006 19.972221108983064 0.9060228093355643 0.21195998076101996 0.1734146016625127 -0.3226809747253652
40 13.397333432186473 9.399468627456226 20.417929732455494 0.8946242025358718 0.2291850936093835 0.12358101914874485 -0.36311081064940925
41 13.342030510872302 9.405600288878784 20.43910795178991 -0.4596529691489143 -0.32766523473037473 0.041612193710910884 0.8243925443841916
42 14.191927379471268 9.780954035986348 21.032465848307965 -0.4394727395810559 -0.340293810414804 0.0496919612852308 0.8298159692016791
43 14.91642604003731 10.141820711702119 21.481750621377955 -0.3107342959960437 -0.389231275757809 0.058111958203201336 0.8651972096450502
44 15.590433305819912 10.492074108103647 22.22993423628028 -0.4040795426905546 -0.4452391296312726 0.1675857128088509 0.7812789959332892
45 16.128357757164718 11.133178061756576 22.83577579324502 -0.49591329185052807 -0.4293404033613002 0.008339614338409717 0.754763059403556
46 16.105075474467732 11.087335989937152 22.890522492677434 0.1553381193621774 -0.71932340361365 -0.44146289768056096 0.5133755152499785
47 15.624804780279927 10.51237483972293 23.412828840794724 -0.13184644934875653 0.7861990603349058 0.4473417416737397 -0.40545396468519374
48 14.939329269656543 9.975060920780404 23.961213112233395 0.058214135617713436 0.7936503077654478 0.5173460770438336 -0.3147750624897861
49 14.133381681279731 9.832349361728754 24.595031152769575 0.2327126809528289 0.7254131483447733 0.6137154896436182 -0.2073013991842912
50 13.278097204943123 9.911692014843771 25.154319245700286 0.3524434007844767 0.7209057381983276 0.5896227614917188 -0.09177998151599855
51 13.326287507274852 9.952043437066987 25.20285540975216 0.6384052425316274 0.5794317657560324 0.18580979159691466 0.47135156357828273
52 13.559718993398596 10.758235990568986 24.928071138016925 0.6127624134810686 0.6186762430727111 0.11838374835039817 0.4772286862802802
53 13.815461866894497 11.61194867459333 24.436131528185246 0.6700879326311087 0.610140218202852 0.0919960703756275 0.4126109544219421
54 14.03564572139794 12.630625072615151 24.030855167668925 0.5061932695555373 0.6361297928297394 -0.11844607074245803 0.5701559338082365
55 14.134196749652672 13.087499376536936 23.081321710629698 0.5650652912861537 0.5268577531495736 -0.17550898788211788 0.6101792521075043
56 14.126821974177817 12.992556274240377 23.109215662793485 0.02668259156497765 0.4299306662125567 0.361842287747769 0.8267513654992441
57 14.506210900387146 13.607357151136931 22.406861264999446 0.00012241740452329338 0.45240184067314865 0.3458553357761387 0.8220198575975527
58 14.798248767620986 14.133259383410087 21.713927795448797 0.040030655686810565 0.5006804809152681 0.33786708868607807 0.7959663516873902
59 15.084310417984488 14.761823623422234 21.006509842897703 -0.007037895520795559 0.6232360154743354 0.39962572369533683 0.6721804951077438
60 15.098775519734122 14.733199047172377 21.066304864866776 0.2775125580830043 -0.05252220920783633 0.1329124647345989 0.9500328806753635
61 15.118284613159098 14.71003523833987 21.051801132733328 -0.3915516886245508 0.06509439495251856 0.008180038096669973 0.9178142959541246
62 16.089248356598564 14.7597071834677 20.865462569725263 -0.4525339551708948 0.1013618015951631 -0.01073826747030525 0.8859026437518435
63 17.11657313196426 14.639718867388213 20.760571517447133 -0.5561762765963713 0.11136750556546082 -0.13782922282785873 0.8119534059231431
64 17.02617241908853 14.610646839902525 20.70129300753463 0.5192380297065683 0.14729248821466412 0.7274713310186612 -0.42365345976152713
65 16.933851659618224 14.2261157193872 21.629755069604666 0.49734813867052363 0.026126702213736662 0.7354332726325474 -0.4594563373133318
66 16.951722804292817 14.253362339255878 21.707094995367132 -0.04051429221551095 -0.5426839709151876 -0.4698985701840101 0.6950165707211762
67 16.989104266060327 14.278722298718668 21.75804916963156 -0.435053484265134 -0.29856996359515064 0.21172162317163867 0.8226532665401166
68 17.77802705107361 14.884916198645818 22.00670634358314 -0.48699721863362627 -0.2282224408452737 0.20333973527323376 0.8181694070281222
69 18.52119313760317 15.423225971803136 22.15014181134681 -0.6373451087435049 -0.12520518033591585 0.07315072042674627 0.7568116326265268
70 18.573970975748566 15.395462133727829 22.152738877643085 0.2623484093977446 0.7474945016266603 -0.42088585889926655 -0.44190539248012267
71 18.162449713705563 16.193388808984604 22.560735848390884 0.2124147297491251 0.7931487472010158 -0.4235926537131898 -0.3825758893595927
72 17.61992306733581 16.831549609287382 22.976175618684273 0.14330718826203426 0.8824400561931015 -0.3523215112080752 -0.2768251248683982
73 16.85116616988612 17.321930398727506 23.333496096715376 0.12669818718356496 0.8511545185068341 -0.3898111787803186 -0.3279188922396766
74 16.17945104601119 17.775122678053158 23.81933423571183 0.13327002604872631 0.857924906218885 -0.38572630839245076 -0.3121204422337979
75 15.439796196481694 18.274917966442427 24.273736619579633 0.09634857923677724 0.7919859690552825 -0.4400704035439318 -0.4120839914669106
76 15.478469405828179 18.29036453877034 24.289923162405543 -0.6301204022341385 -0.45060972665276455 0.6322441023714931 -0.012905345817667465
77 15.383671294341188 18.74557013625305 23.412144984197337 -0.5618711709709702 -0.3931073832380234 0.7274280526871651 0.02481533072969222
78 15.077389208360186 19.23130060648607 22.65178498035441 -0.5283183360705795 -0.3490607669858602 0.7689306066218644 0.08821586548342206
79 14.679655998214194 19.723724838534658 21.86466960810448 -0.46383929191961476 -0.4450723605130581 0.7405714178113456 0.19574902375168746
80 14.690716648189698 19.788046127688624 21.861509830828346 0.8287339739068061 0.3631785690587516 0.03418143348798127 -0.4244207312016908
81 14.639817683988888 19.863692789955014 21.921456344379646 0.9108912213829082 0.15895360390827648 0.26824375356273783 0.27028914755627576
82 15.433182331619886 20.234511548527912 22.28212070837974 0.8635815068090101 -0.0004552044234463436 0.28149456125998323 0.41831517527752066
83 16.312240534816244 20.55156531241709 22.75645209776358 0.8212009554063461 0.048591968526840806 0.2567194222023207 0.507309520606997
84 16.226068048036666 20.545627375515217 22.749103761495444 0.542940765377767 -0.5513992031468857 0.6189974080063448 0.13422538113714516
85 15.790698309519339 20.110804860056618 23.52219671871899 -0.4434201385465419 0.6762157939863158 -0.5776018492857804 -0.11174472871894038
86 15.144798242353316 19.61351186791241 24.195739918058454 0.45122777038296513 -0.5676928526194647 0.6629548081420611 0.18603560595035876
87 15.25063401212351 19.585771952776884 24.17557634555681 0.6748682107400803 -0.14739889045496948 0.33069744730097733 0.6430129575473146
88 15.92972426429979 19.802498652151296 24.83456729319587 0.5646017898423787 -0.2846566766005385 0.26854270587245843 0.7266912759186103
89 16.67617569443025 19.895280494347208 25.52226599575653 0.488686962883585 -0.29916394762071097 0.19961619650955648 0.7948832359803977
90 17.431123742175355 19.926711643210545 26.193946385360746 0.5091670394877944 -0.27173621553910776 0.0840734087870082 0.8123053717652317
91 17.41893965845007 19.9222759396454 26.237095045100073 -0.37486181692570353 0.7329774477130038 0.43954225416839976 -0.35920089943630973
92 17.006272643961463 19.086960974561585 26.465954130632774 -0.46255268087935353 0.7499721440354479 0.3869598438862727 -0.2717515037708321
93 16.602922254973006 18.2235080952677 26.535389368389012 -0.5410813135148699 0.6861571333607631 0.4031951674315385 -0.27175919020893774
94 16.64625933605436 18.181366437506913 26.552944756439782 0.9157413331088344 0.05699259829422107 -0.36330486653065047 -0.1617999645577069
95 17.403366650855702 18.404677148766137 25.869597277144774 0.8886678196161365 0.037186915423335055 -0.4094573239733191 -0.2030550160537994
96 18.092320461968924 18.62174583582952 25.227881433112024 0.9047158777384122 -0.02797686378063711 -0.36899084438662694 -0.2110739974981728
97 18.69823063327493 18.780452796966447 24.529831471116086 0.9222294921844423 0.07123306559201505 -0.3489100344622885 -0.15060013931970537
98 19.416124358791667 18.993603377665234 23.865876633863046 0.8885115734537309 0.06287873810956575 -0.41587661910714324 -0.183412338223296
99 20.02667230869821 19.277517570774616 23.234235611092032 0.8402473848471859 0.06678338524175546 -0.35687539611122937 -0.40269624205295246
100 20.7522939036559 19.69315787150985 22.654302658572657 0.8697676459638095 0.018656288189502452 -0.329496503156729 -0.3668626982306212
101 20.73065241052149 19.703478475021694 22.707658127126194 -0.45151111879432393 -0.11983745743987925 0.7986844793453458 0.37931490328261236
102 20.45316162192312 20.371049830948664 22.159765939207645 -0.5027924194391293 -0.08211392396470849 0.662511862532183 0.5491221343652117
103 20.612050650412183 21.198919200130387 21.57192883730033 -0.5918042934887808 0.07389080215168806 0.626142375017417 0.5022484980297875
104 20.760825713290277 21.85720654126242 20.854175498306393 -0.574409922018178 0.09745082878673426 0.6267738028576979 0.5174081343650787
105 20.97424501795183 22.45931882961231 20.0960792474831 -0.4916728997123234 0.16896818069737485 0.5419734362294265 0.6602819912900572
106 21.326497659880204 23.010207386242353 19.365309241705486 -0.5621762274484804 0.2152121599179032 0.4675564035710759 0.6473272935655866
107 21.789670833397615 23.460089346972392 18.58891301203422 -0.4062374704351659 0.2812791102341564 0.5664823119370994 0.6595081273363645
108 22.028219273222675 24.030841396600938 17.739309877953502 -0.4802323066661455 0.26637904815441704 0.4632379239840312 0.6955787231661311
109 22.491658189331183 24.40600076479964 16.903895120066892 -0.4988295465441904 0.29106839721749916 0.3939767027139761 0.7150039366006156
110 22.519579828150874 24.366291234154858 16.97978067747177 0.8945099306910013 0.07913981720737542 -0.4399863972398157 0.000918407039831099
111 23.118828821674313 24.47128029076729 16.267786104666296 0.9105366558067738 0.18762463180273478 -0.3542562939009998 -0.10110625205512187
112 23.81057832217761 24.86820803087841 15.642997901468172 0.9122565532388368 0.2966672549379021 -0.2799292996285524 -0.03763121217653734
113 24.45672823190504 25.334341247497537 15.190816677577928 0.9427639780291538 0.21057178121635933 -0.22909571944882223 -0.11987809648239243
114 25.328681504583408 25.87473920513478 14.811214459471863 0.9677787315580831 0.13587159787981754 -0.19155460856508902 -0.09082988258766247
115 26.212699356664242 26.242116197372418 14.45239397576298 0.9643066434231075 0.2246721613858828 -0.1386328382133378 0.020397389959762546
116 27.084948913568486 26.641523973987216 14.099872915259281 0.950895331723339 0.22048937392316675 -0.21560282428011054 0.02641829396784225
117 27.906757920169834 27.007771294010567 13.66971571309696 0.9727394884089408 0.17502323137054437 -0.1514436510000965 0.014476765601702208
118 27.943779177540076 26.982076307789246 13.673727287812666 0.520451579569875 0.3373552682612495 -0.04698738878486165 0.7830158118421258
119 28.731307011569474 27.3542129799462 13.068162639503157 0.5349806504704315 0.37311409862225176 -0.12767416725890374 0.7471819591279522
120 29.47004086133256 27.608297879050248 12.3368723630109 0.5575817238758894 0.26434928248803163 -0.18871586084591616 0.7639426692578702
121 30.230844072168765 27.569769442457375 11.622556278491 0.4162454207060966 0.31189868322129466 -0.189359784655631 0.8328276130755995
122 30.86840174444535 27.533564306456924 10.841057432851386 0.4561579298852973 0.2346082400643293 -0.24842804377061162 0.8216826782675813
123 31.616223904091594 27.296214068680978 10.235437856450346 0.46614725922789474 0.31720191655803026 -0.34156002592850737 0.7519484194636972
124 32.20223316247712 27.0275503893626 9.352075296437752 0.43126848418828806 0.2368707009181448 -0.4545208705832498 0.7425028914399784
125 32.24819315061734 27.102568100285012 9.35144527757966 -0.10739473433748521 -0.6303313293779867 0.761198386252151 -0.10828574702278457
126 31.38486030880855 27.055446478832415 9.035864852223705 -0.037873420757667094 -0.6917304820544121 0.7135901564504069 -0.10422875233815113
127 30.514042950099522 27.033785773326244 8.837010093732136 -0.006355062767903277 -0.6932964011125321 0.6942526783194285 -0.19316555600812407
128 29.591780737411973 26.754901086039276 8.561336652263085 0.10859222534283014 0.7165499354489712 -0.6890124728827292 0.005072555095234597
129 28.626109440442523 26.888821963998325 8.355174890118029 0.11696640114188137 0.7043741270187251 -0.6984109108581931 0.048970907534525085
130 27.665410722076277 26.9947429017406 8.07695396139782 -0.03121690541296817 -0.5854073396090548 0.8083190966793075 0.054258543030895216
131 26.721969750652253 27.1051155881717 8.086414445243209 -0.07334191916204967 -0.5580108686267343 0.8261725827726735 0.026147597648644945
132 25.75546139448 27.133693166431303 8.000457328714738 -0.01971072816279885 -0.4765148691354103 0.8780671173459182 -0.03928363684773781
133 24.746483159163162 27.084952096973804 7.902776857992903 -0.05153027166657408 -0.33331892031621385 0.9411489786538448 -0.02194831291984867
134 23.790995927041287 27.104639762246332 7.7948184900654045 -0.16766980008298502 -0.19658589577670607 0.9604546869649907 0.10376713356734893
135 22.829569160554353 27.277856521426074 7.489149702147943 -0.2495590914832043 -0.13908079104469934 0.954945210677167 0.0803519634184508
136 22.806934414589666 27.347904806857464 7.443786958527147 -0.07993909973721447 0.516123693657348 0.7845946202806722 0.3341217667338182
137 22.040362808587677 27.79199918364438 6.9999431974234545 -0.03681227100627036 0.4454625837883517 0.8377688363627935 0.3136101400900458
138 21.187303097902838 28.223646004290732 6.785786124919882 0.07576414928841663 0.5166550769019027 0.8146434845733339 0.2523555393414379
139 21.173556776318605 28.282295789439413 6.822446487972723 0.18543598794528196 0.9087825850126707 0.347206777287089 0.13847440687130236
140 20.246767821007474 28.789521436531224 6.654124841406309 0.14435978731260057 0.9622064967378194 0.21350290125745985 0.08795123988461559
141 19.272356482167293 29.085006482576315 6.521575309443343 0.20733621156034543 0.9356547822343544 0.28526908755304603 -0.013541474972814055
142 18.29276048148997 29.39873896030398 6.637906652096219 0.24856719559949153 0.9257719338248106 0.2726063174970728 -0.08274340743986833
143 17.405784903892474 29.746248332193456 6.992798387025125 0.24080850214611083 0.9146454159936145 0.3231185678658318 0.032084566326331936
144 16.502562944751475 30.166568990595138 7.108625487331667 0.20219406984620886 0.9392975411414429 0.24685379742440755 0.12609873124586055
145 16.491092420027112 30.164308160229393 7.175655584251398 0.8023551798247212 0.5160209487321653 0.2991726179505579 -0.02107820074402367
146 16.496860134918276 30.17089625220715 7.107809010465528 0.2736661691324043 0.3646549373349313 0.8075981516252674 -0.3740572550307019
147 16.562115291136763 30.18415311277665 7.11752111451312 0.49876215159562076 -0.1347594681356369 0.842133318133665 -0.15455638573896294
148 16.083263867098445 29.862893226877734 7.894367818139554 0.573708158537055 0.008171537946907255 0.7659011346702383 -0.29015104119483254
149 15.928891124940375 29.431275240452006 8.80242124021219 0.6348764214076908 -0.025135584270935096 0.7213982467183436 -0.2754717799986473
150 15.936505932648885 29.425060494731056 8.691931687760029 -0.2999804768267892 0.5489239073313784 -0.38756995488376883 0.6771143090750763
151 15.94122190070898 29.42312109018006 8.66821095795282 0.2943396951206585 0.040988859518868256 -0.7422548637641369 0.6006178273162596
152 15.826771745588685 28.510772673072125 8.16125293190778 0.49347324884024624 0.06398856341007422 -0.6298763848702116 0.5963600893877811
153 15.81941249110481 28.549024991085254 8.16401652690496 0.7830748404568898 -0.39960915616012194 -0.4756815637902703 0.02886808664347515
154 16.02196076635075 27.895929783587206 7.408979922868859 0.8285612413847004 -0.43631745568212627 -0.3504610166262312 -0.017041800592327443
155 16.343167418330992 27.135067401575395 6.748827396308057 0.8674573013893067 -0.1427284709943653 -0.4726499122647869 -0.06122478476958281
156 16.877890668060775 26.908098885231766 5.986454238129072 0.894290361023795 -0.20860128159353947 -0.3395247224840426 -0.20360063437916262
157 17.589084227890563 26.639154185364397 5.316387553005643 0.8743823019249811 -0.16876408570574594 -0.3355979285004107 -0.3071616900632443
158 18.373104994933833 26.5915076973123 4.7005592205175875 0.7963055026586193 -0.3042883128094237 -0.2815463795734583 -0.4404972250449217
159 19.027133033414536 26.264874097674547 3.935395257543781 0.7356362451193823 -0.49884497692804913 -0.31294359147431483 -0.334752613754498
160 19.270922802787695 25.712419118736268 3.1372321293670633 0.6893267658538017 -0.5742859553923061 -0.36837170656718465 -0.24357039458330063
161 19.30044153354558 25.018352920078414 2.370521247664632 0.6920909908111186 -0.5347330102084338 -0.3961763236263806 -0.2794905880873219
162 19.29790114565857 24.981776383110287 2.2331643020858856 -0.1283971081268075 0.8689497137754775 0.47736624563503577 0.023707490008429973
163 18.39142436350147 24.864318157162536 2.141364233034777 -0.20696538994643074 0.8779411441031939 0.43159043645919176 -0.01069439161717744
164 17.464267735087375 24.507900290632406 2.0213613846546314 -0.2350492488380173 0.9290347565047787 0.26764290546566866 -0.10006771197886867
165 17.547259372642397 24.569491824342276 1.9500181042110962 -0.2508573507420731 0.9458391553090855 0.19058138262763843 -0.07834295410949321
166 16.765793210260476 24.22363387387299 2.1093684533604904 -0.27594586449690345 0.9602351077460426 0.026494741412746183 0.033172976901004035
167 17.62155940096086 24.648033545301438 2.2639928072529156 -0.3499465742992185 0.933233097259351 -0.04030368600641949 0.07063281256085319
168 16.875001130357845 23.956982487620813 2.168995820956012 -0.2546956253318682 0.9664415327318678 -0.030657869457899785 0.013453523255625297
169 17.75368522856068 24.552964962338297 2.1975402422273587 -0.321358950578794 0.9255540034376276 -0.19222353717344584 0.055931416574278824
170 17.760714015798758 24.533929909292638 2.234584546153086 0.11646478263974129 -0.6256900837388878 0.4284458104783956 0.6413907241292253
171 17.743987525100852 24.52350736191558 2.1801352600796093 0.6565519077912851 -0.2283380759911509 0.6503500664453171 0.3063431189089382
172 17.777360802133902 24.638224653507343 3.2783438806126455 0.6838045012605987 -0.21816509288952268 0.6387660356860152 0.2771161271998126
173 17.85875585270722 24.697927974231998 4.206702882542277 0.5698903596383975 -0.14100669680671327 0.763660190128976 0.26863581938947406
174 17.671940654594785 24.91800058902349 5.122480010216258 0.4486749102094947 -0.11394687757915171 0.8475635697987359 0.25950516216154024
175 17.69539709507035 24.82890125148313 5.059010218788093 0.9258916538948749 -0.3197035209352763 0.16316678330757803 0.11785968256557743
176 18.53242188093235 24.33348262370905 5.449030175489063 0.8393359002912006 -0.3543851907439011 0.274916605347494 0.3071599634847928
177 19.17420663737683 23.960497007405554 6.10442860745738 0.8020033202289958 -0.1623782419077512 0.38086864252763025 0.4305381028849543
178 19.05691748788972 23.87828701585366 6.009870479738823 0.40663201916884545 -0.14947918934482174 0.869280344771095 -0.23802952576125808
179 18.624685058244687 23.30102587766504 6.6758806076332275 0.342079045082448 -0.2707333423409781 0.8521083273969218 -0.289131082108417
180 19.21572640129325 23.985493609101404 6.283095956501867 -0.41268822151931106 0.7714618343134382 -0.4701859392776603 -0.11601832839063884
181 19.19065837761991 24.002830319577498 6.234469368001639 0.8102778136476555 -0.2308037012864086 0.29137009724078633 0.45308165115877824
182 19.8668065523064 23.868393710009475 6.8899067512119805 0.7602212304157254 -0.14792883538297089 0.3486115965001182 0.527873749369182
183 19.164779864085414 23.755176490710152 6.2444306269915755 0.42586568275377157 -0.1947489437089126 0.8364564087779324 -0.2846962335389281
184 18.73429161171302 23.129552616346032 6.854795770981126 0.5592302762404655 -0.18490854303265053 0.76324741441144 -0.2655630118141594
185 18.975005402468486 23.80019237814802 6.135946622105201 -0.6036349653020168 0.6895037951999766 -0.340470883262582 -0.21044933528063123
186 19.034496520506746 23.853031441866797 6.115636410082339 0.22137226765969578 -0.3583875177423153 0.5580312770853068 0.7149502080790293
187 19.037079195202512 23.84064966354139 6.165808983992329 -0.45899829765650174 -0.7158550228511359 0.09932163367117203 0.5167275511254722
188 19.03437538369211 23.801308218527158 6.145366965051708 0.7279842817672577 0.5541419219097742 0.39458650745248636 0.08524731091595183
189 19.165708819809623 24.66452329126821 6.688460162769133 0.60526411989428 0.727050894840512 0.3167056582769124 0.06891928246580745
190 19.2425046514272 24.682334717161904 6.748882044637959 0.38200612577752247 0.743245676138394 -0.40898024583249903 -0.3665956127517323
191 18.787684987467813 25.584587807637714 7.145881587438633 0.2822705176693298 0.7532761469829532 -0.42273346017543334 -0.4173665330250023
192 18.741327048501326 25.574013346570933 7.1850938883685815 -0.1755445280725764 0.7205677297476036 -0.6390152360761148 0.20402400244272495
193 17.860451090158968 25.049716225796683 7.113227541337193 0.19577009853972432 -0.6211000628038228 0.7513657201304899 -0.10657549021996164
194 16.99103308804959 24.68903269922512 7.251678216657326 0.32239580895564784 -0.4747982911001434 0.8103786003482691 -0.11795782820058201
195 16.96811989736687 24.798831242573055 7.1860358438104575 -0.307563956540406 0.9197937119389674 -0.21638640638652293 -0.11207525706360884
196 16.210930897749027 24.316294117954047 7.530375152502848 -0.20555466077827045 0.9699929408916661 -0.12721394901122568 0.02603050575068838
197 15.211828544649169 23.85290669341729 7.579136433657469 -0.2792135245580224 0.9523747628353567 -0.07302166387430391 -0.09843757119724811
198 14.41003076050093 23.40248074967449 7.757618291635793 -0.24612607255616134 0.9494669107829949 -0.17905947052433852 -0.07663059279308568
199 13.547637828387352 22.933103241801188 7.977972265190758 -0.40491056206614395 0.8942585801405063 -0.18078025336800696 -0.06056012355143214
200 12.927688559775362 22.242377391625435 8.148279278826363 -0.5446088466934111 0.802246581684143 -0.09639787568558003 -0.22474224312017602
201 12.619818217514961 21.37573826821103 8.662051652905074 -0.6355367682843508 0.7132129998696509 -0.16067893608862494 -0.24819853438939773
202 12.578480145871922 21.4172238453651 8.58968344180359 0.7247946112349439 -0.6135406051709595 -0.23479449037105732 -0.20763488296198065
203 12.768737553413281 20.671507617224567 8.0117961359255 0.6961615813742843 -0.5702103032592449 -0.3631890800090803 -0.24148075459053536
204 12.826218854046465 19.96149856452827 7.263072734257017 0.6824789708744967 -0.5718583600571036 -0.44885354874657973 -0.07570311832738712
205 12.701024148949346 19.27749252599547 6.570850205486868 0.6502746143682719 -0.5756038108342794 -0.4934232025840314 -0.0485460813348413
206 12.813520727303194 19.291529891006995 6.576686165469928 -0.4080743614099945 0.7849192112874092 -0.12507612439809246 0.44914709218398635
207 12.58984986481327 18.58075364520587 5.964965232388487 -0.4810176685730247 0.7653521719274993 -0.08703457583545646 0.4186681717727945
208 12.471844712377665 18.60613398762825 5.963159569242906 -0.5547756623337843 0.6574060112472245 0.5027186835255935 0.08552909500526606
209 12.117913798471005 17.962176761500228 5.3700957979689905 0.6578678047695822 -0.42374917239332965 -0.6104956811464353 -0.12223589344038831
210 11.969354616842073 17.565206459936654 4.504318963907475 -0.5987435278298068 0.4292876886437247 0.6434221195158456 0.20790922148520624
211 12.035755846315457 17.490739058615336 4.574573268956609 -0.09786511887430734 0.8132297025113807 0.5509856312202658 -0.15967060984969927
212 11.050401492326504 17.21534789293816 4.780907617835505 -0.2349203880555055 0.8461501453997354 0.4501149641630837 -0.1619841404345616
213 10.064653748942211 16.676237128128616 4.921408450428789 -0.3193323765676179 0.8818127815141624 0.2695403323815488 -0.21858879397987907
214 9.319826090033343 16.042229257232176 5.19998418012922 -0.3427768048030986 0.8642443434063053 0.28703212044810705 -0.23064765077981403
215 8.634789580476614 15.330044899479523 5.379369847038762 -0.3061036586118031 0.9186727237002035 0.21341322996573714 -0.12959849609200966
216 7.807235284436343 14.698139330137735 5.495053224319864 -0.1710288090704115 0.9556260137093393 0.1184145084681923 -0.20858109352046147
217 7.022588132767273 14.30642104398587 5.82066939835987 -0.18996212740487012 0.8874229461169693 0.09977186446707934 -0.4079711753514678
218 6.395724097455875 13.849043972723667 6.442699271459812 -0.23715405536750714 0.8847228093918971 0.19853029401902098 -0.3487251452378739
219 5.746375626493431 13.274132105001838 6.883244125682932 -0.2875919892578174 0.8860395571082575 0.08595513950249274 -0.35332204141157414
220 5.196306386444209 12.737351442418294 7.450300371453095 -0.25926867200419484 0.8604845988169374 0.04024447472158253 -0.4367223295990488
221 4.642244162171245 12.260032672099575 8.189460684008045 -0.32352786803161176 0.8819442573769661 0.13870548661108054 -0.31347222121058166
222 4.65035896848477 12.213533830307728 8.25271420704569 0.48276776943250355 0.8332031221076229 -0.15883227292828692 -0.21789939693287255
223 4.145249149974281 12.979615224091244 8.555869437185802 0.5326418045037714 0.8138492802831425 -0.20092754452385397 -0.11649111094496635
224 3.692483077231712 13.812785875856235 8.644099886499358 0.6203523367262928 0.7530855006451396 -0.21533829179714653 -0.0406771080852025
225 3.5525632773724682 14.781772559158552 8.323294652347919 0.6311073262242672 0.7560996572098595 -0.16536037027806855 0.05169912083092154
226 3.432504708005316 15.688845211548756 7.959334430062697 0.6360207111541648 0.7601063369407564 -0.06090961114045573 0.11834707768329164
227 3.422451351857497 15.764029964495876 7.931747018194989 0.5436972645618415 0.5820497128162593 0.3860582759275611 -0.4653712753343519
228 3.4302159456504797 15.766756851799748 8.012949134458854 0.01371821322630055 0.8591427795453234 0.5039361554597874 -0.0879422890390244
229 2.4827426475010475 15.737101916936613 8.10974073004496 -0.014684207328752204 0.9274277876121859 0.368127102391061 -0.06437786347071789
230 1.505683189425624 15.615887865254294 8.219463311985427 0.007356001335635981 0.9027548549554602 0.4203995835825121 -0.09079510571802557
231 1.4441283181976519 15.631546585779743 8.315350564752766 -0.22873278621912393 0.8959475167728185 -0.37607929723529554 -0.059360945815103795
232 0.6406636906274764 15.21923413806114 8.549810030196733 -0.30539714651119515 0.9089056606755831 -0.2548117164930384 -0.12527598346280694
233 -0.16234258754717978 14.63258863897624 8.98718314651426 -0.18751846397857738 0.9295350470949615 -0.3171715718011088 -0.014269405400982451
234 -1.0993503289366693 14.333662600019919 9.082939436005827 -0.3529042208412841 0.860979470567165 -0.3648263083665605 0.032783027589265205
235 -1.8212065757756781 13.65662668014958 9.348733948506775 -0.37256314800200824 0.8322610025933571 -0.3988360181645777 0.09730444454267823
236 -2.3920235443020483 13.035810678661015 9.455696856302847 -0.3613249084199079 0.8579356849397545 -0.3450751843149746 0.1196402450360514
237 -3.091168077704511 12.304258577570387 9.49714307372794 -0.2984835206253737 0.922354532587393 -0.204447200899903 0.1355398324285867
238 -3.8698245710765575 11.688065975311195 9.32946968207699 -0.2654044526851454 0.9493044156922971 -0.14510013089210394 0.08560113817642656
239 -4.676221872162755 11.11683245264714 9.360201813499229 -0.3523409095509425 0.9138162182303263 -0.19883590791748756 0.03549766863708344
240 -5.4051381413265975 10.37079977754582 9.540631598719743 -0.3469409065579578 0.8968349879277783 -0.22107920498392405 0.16261302810353498
241 -6.089374659839731 9.714819676041268 9.426426905629746 -0.2525271678721664 0.9375207279459468 -0.20704296905950748 0.12007548926066998
242 -6.897288170535276 9.17848342893528 9.317178018571356 -0.30794825431532713 0.9383887755531619 -0.15070714937636281 0.04337895465351011
243 -7.641031329635604 8.613887266516267 9.275659654724253 -0.3784156130466043 0.9114393988705791 -0.09593566051305331 0.12990841016240953
244 -8.332040711632311 7.888116833296154 9.116227571895726 -0.38974794683805986 0.9048367263673676 -0.08392363876729922 0.14941171108169185
245 -8.99733201440483 7.147680132530146 8.91378119771593 -0.4271780406171316 0.8855125812940522 -0.059259397211298664 0.17284303233456336
246 -9.589061609139836 6.311367990747871 8.653908337043662 -0.4972432609973291 0.8565745901162685 -0.01502957851090812 0.13712484359033456
247 -10.04918242768694 5.465455047870148 8.47567859517465 -0.5394635508380587 0.8275382867689086 0.10207748006588337 0.1172162502052183
248 -9.774774308005528 6.012743960970582 8.68697821794061 -0.5540368899540322 -0.5054981664415743 0.21857220715399278 0.6242923342105883
249 -9.392948024572494 6.847388133544163 9.087851945740018 -0.5497936716010624 -0.41367762328749047 0.17869506964900927 0.7033248287539502
250 -8.826359791568741 7.5020679543953195 9.517510841779561 -0.3566384044159303 -0.38773348858743 0.0965937068027448 0.8444770252230587
251 -8.043944867672934 7.989056507947609 10.078366337875115 -0.3521932546526626 -0.4284227332192734 -0.01126924233694571 0.8320377859299682
252 -7.457025613359974 8.223705512538798 10.870158782658422 -0.27959749500451087 -0.4383444026524313 -0.06794219504938456 0.8515064788845458
253 -6.858268644958663 8.360959062467838 11.664013143852783 -0.06532836705096103 -0.44286030148506544 0.04121068124842041 0.8932573187934444
254 -6.2781883523548085 8.467261806673546 12.44581923179073 0.010162632889651283 -0.49713487481227564 0.1095624249616546 0.8606681777402109
255 -5.928036320911587 8.538465482276235 13.39414298430961 -0.03698913391925881 -0.5381298776347581 0.08115220259721083 0.838130275543322
256 -6.013830033050481 8.577171236731923 13.45386287116973 0.23663084316759278 -0.5765467498240026 -0.5199351677507195 0.5841807174712336
257 -6.1073233561754705 7.670961369941641 13.807197352968954 0.1360443555874766 -0.4965731075563823 -0.6048702214603776 0.6074858824327203
258 -6.171487873368105 7.610410254074746 13.727316919206391 -0.4717697769210442 0.7997937212926899 -0.0551144946063371 -0.3670499604262996
259 -6.526137964758098 6.937593664725437 14.38353321860525 -0.5387243284364299 0.6976911825665587 -0.054202625288198476 -0.46911106055118995
260 -6.538359936448475 6.3267966593406735 15.03331199694852 -0.6114527357663923 0.6501318150523456 -0.026683141058187247 -0.45026901399475283
261 -6.5460116963824655 6.337587420899174 15.021359040523091 0.8919291778875277 -0.016695766358557837 -0.3509170007499356 0.2846767493197323
262 -5.848396806726161 6.079745087535043 14.250859350382985 0.9518728766296152 0.00015827205899312066 -0.11078902837632768 0.28576877519814264
263 -4.973321338671313 6.020071751132562 13.999907944498824 0.9165787405916878 -0.06747992782731306 -0.15108553582247394 0.3640096599006854
264 -3.9886275428267775 5.895879459315558 13.725953134608515 0.9308498961000768 -0.08609916403092645 -0.07926272286383013 0.34615433790126626
265 -3.9578428569022797 5.992050951376237 13.70221173940775 -0.603469418708266 0.7513482954562383 -0.14024255577701578 -0.2272276945005692
266 -4.135379744792913 5.194748574413443 14.188036410056 -0.4657996012522289 0.7993225894319269 -0.09450745664907756 -0.3676716879701606
267 -4.475600077673757 4.572672012643899 14.90217274659248 -0.45335395775680054 0.8626362810025012 -0.04734533783282134 -0.21928806321803207
268 -4.9326508532828655 3.689249528026347 15.316978111287526 -0.5613873825308712 0.7902538216798268 -0.1204279264654257 -0.21410328951887775
269 -5.216631324327844 2.9084636741567094 15.885676464380861 -0.4979161385606537 0.8527990058877486 0.012444138982605858 -0.15703030893014894
270 -5.708419828648559 1.9890531473791464 16.16376764951227 -0.3434623300777399 0.9176519573301753 0.0442556519623962 -0.1949101082423681
271 -6.436865102811849 1.3500569079364002 16.467916878576737 -0.3449128722539826 0.9210381544891831 0.06566398126650098 -0.16855880307151216
272 -7.096127174364653 0.7537419267471492 16.811820729307662 -0.14787695301626883 0.9361471599300689 0.12727786710624375 -0.29250854050160036
273 -7.903340844162353 0.4310543697211696 17.32485255387627 -0.10952858906524275 0.9110356645056032 0.012418986739807902 -0.397320116460982
274 -8.543059008186852 0.16537720686528812 18.131699501494026 -0.1457144474944574 0.9466228261534219 0.009078888301723577 -0.28738493103135937
275 -8.584086054706916 0.1974136865437029 18.094527488873865 -0.24715099194583035 0.8571688062285564 0.06650374423498188 0.44693990290824603
276 -9.022978112601185 -0.2121436057847988 17.2889966476597 -0.2740665149924133 0.7458988910720358 0.026408320029945507 0.6064857708888297
277 -9.106942221863122 -0.5586466132017236 16.41232133420115 -0.3358052965912408 0.7674742459786161 0.029849836270360003 0.5452770596820092
278 -9.172933739373322 -0.557747607391388 16.422966291463524 0.7968432575469286 -0.21101516487017097 0.38548660431390036 -0.41462453013703
279 -8.561437290019171 -1.2491526521956386 16.769553833367546 0.7691617078754831 -0.28117114212467625 0.41031210237166005 -0.4012194345015255
280 -8.651334570594688 -1.2118743565447667 16.825370591479288 0.8137231707150434 0.2721884305241954 -0.2891065717506095 -0.4244825672519928
281 -8.00557645388304 -0.48853188503577716 16.56676198601735 0.7771559428512409 0.3114571275836341 -0.31650403431033924 -0.4459240904387556
282 -7.35976218822441 0.26824504747039757 16.454562775531603 0.7907166045358774 0.4091411990047294 -0.2271767341845339 -0.3946662666525682
283 -6.745688290747343 1.0528912017559775 16.45646857990645 0.7518914790876521 0.42747565501921747 -0.34509572235472963 -0.36446222088680574
284 -6.675387998094419 1.0096607850663304 16.417057779257245 0.8296764556131163 0.4692948160373996 -0.04117138200881628 0.2995067143573994
285 -6.119427796866376 1.8006994115079462 16.182406536592712 0.7921548392093858 0.37349466723937647 0.07433996504774236 0.4769339722200557
286 -5.422649375481847 2.4746086604337902 15.857173090369516 0.8335656640141322 0.25160977758276054 0.10642035567467831 0.48014113706233147
287 -4.510811245398655 2.9829415454386243 15.841240209107152 0.7586226541201473 0.2633952646766161 0.14143800312669239 0.5788867717206685
288 -3.69717676961103 3.5079327156835274 15.711310597335284 0.7804027505428555 0.3544111846512561 0.016219612337324794 0.5148797755931719
289 -3.0130633931139776 4.055805639507122 15.464706458093602 0.8225016025945656 0.2856606193420078 0.03393730299802124 0.49064996051333104
290 -2.116439559219606 4.558160417853285 15.246410847370802 0.8215689009238566 0.25478006643507056 0.057433628330902396 0.5067672415605268
291 -1.1797170718753702 5.047146593484198 15.146029729464795 0.7484039899979347 0.45953202062393167 0.05115061907645663 0.47550541946917274
292 -1.3243313939395007 4.991270054543114 15.110631376739363 0.25335871983940816 0.8179955001527708 -0.36170451466038245 0.36859539455268986
293 -1.2959584898601242 4.980027059924452 15.195366218646152 0.02570705468620647 0.3155669952637003 -0.3617013450003847 0.8768858282949458
294 -0.774903154530252 4.407335731608503 14.661012057707433 0.27113594055139917 0.316638541116219 -0.2787940599961394 0.865158487291184
295 -0.1513209413753538 4.167481128623748 13.923291081822729 0.21993656313950496 0.30788438338927454 -0.2685144145507023 0.8858527664560757
296 0.4867484573819586 3.7396789533225467 13.265987388851649 0.39074647631924114 0.2349295173621857 -0.230497011418512 0.8596490218939367
297 1.3481128339657826 3.4837777698873342 12.654528889476603 0.403620390378022 0.20430068970186782 -0.24300630632832607 0.8580791010991343
298 1.9876151415772676 3.1376073583286943 12.121053764331911 0.38670382431345884 0.17949788251128765 -0.26969862829506186 0.8634253368595758
299 2.842824232333527 2.86616905022216 11.553667942221583 0.31088144587714966 0.19974096973516126 -0.4614060390885953 0.8065734552482895
300 2.3100172992989587 3.5052945052164444 12.181604591600184 0.580590080066477 0.7826886753640186 0.19300474856613736 -0.11429244689060838
301 1.8967565801021369 4.407702016384277 12.554956084744852 0.5989071537044935 0.7940614809739603 0.102965820495439 0.013214593626931673
302 1.5818618928895525 5.369384348887959 12.695947716298114 0.7336145719169441 0.6683714099750763 0.0271618442866704 -0.11979796498269397
303 1.6286930487183475 5.369137163577306 12.637935860547692 -0.5485303358957135 -0.5426174424387588 0.5574631932366891 -0.30645647317312424
304 1.3841214427762316 5.612922993867131 11.686089622472576 0.5809174834090957 0.5468086086176718 -0.4754618983620541 0.37077109679315884
305 1.283195846440727 5.921065787631556 10.706964333175955 0.640660386942899 0.478335558383367 -0.4313305946394447 0.4179752149544652
306 1.4998953097630778 6.249567615192337 9.78027774763802 0.7430514053221884 0.40515403364430336 -0.34606664724462766 0.40492307137941014
307 1.9363279087964516 6.549776615650675 8.918000140283532 0.723356105191377 0.3582972967107898 -0.4639921021314617 0.36481546213356936
308 2.2490146825061563 6.787285137826586 7.918285273670566 0.7311870984863316 0.45149973772298374 -0.393812206904249 0.32622899861358473
309 2.2754433622612362 6.756646509673317 7.907777392270608 0.67857599049623 0.20540654966783448 -0.5507704414188433 -0.44044828905889793
310 2.592449169333488 7.527140898528432 7.421344480237212 -0.47444180565304894 -0.15841563026730174 0.643060802329025 0.5798984959832545
311 2.6957252690742193 8.45088281640039 7.065755758100444 -0.38543042546708817 -0.16928045431517982 0.5514253990393934 0.7202204830504008
312 2.3130420035961765 7.549832864481336 7.279225015705777 0.23363611929958797 0.33076333137299424 0.6007576507269675 0.689275001338859
313 2.385144054264483 7.6069224892938205 7.309530458972664 -0.1723624225735619 0.37967564125646247 0.004096469089256609 0.9089118888330529
314 3.0829915351669386 7.454122886856103 6.616255432336451 -0.23146220648879368 0.3719463503846577 -0.10748465016083003 0.8924842908324363
315 3.7811140757628747 7.033129408637465 5.97134026945652 -0.2545904852834487 0.37592982851346207 -0.09398725232419654 0.8860174068479271
316 4.427642198044574 6.677447770337261 5.3274158247050885 -0.19846429118026537 0.19995529289323719 0.13347546457750312 0.9501653047370833
317 5.271446633880723 6.808350339761229 4.882361933897694 -0.28890649920168804 0.23919880503798624 -0.008324417103398402 0.9269561319001635
318 6.139769618271222 6.614033271110026 4.483717131404733 -0.3318800702811901 0.3829403607666171 -0.048804278819251506 0.8607150756289903
319 6.196092391073575 6.639961303199739 4.431577246036497 0.7927021141648473 -0.3570357783856891 -0.1714363041528569 -0.46342033271050653
320 6.2780828762654926 6.5631369083993825 4.443037077070121 -0.3206199643274849 0.72295791270946 0.5123247580993835 0.33475070898182124
321 6.363376070785137 6.600341946192321 4.470677056145692 -0.5484963854809018 0.7533923210044289 0.16995012412158472 -0.3204195391623376
322 6.307506709312679 6.672675524916297 4.514096073852104 -0.5850661917053539 0.6113452846003572 -0.492605201595781 0.2032107518835642
323 6.079203579390053 5.807666574196958 4.813131093782193 -0.4817110965916067 0.729382924238342 -0.43228292507416666 0.22155460261380325
324 5.599661780922914 4.973437925944833 4.8598283764608725 -0.45803020682365697 0.7420795450717137 -0.4390705226871602 0.2162021149999729
325 5.170036653484379 4.151248865082878 5.044003886486476 -0.43615194818439823 0.6746522095985652 -0.5251141562019015 0.280839806891925
326 4.812203011081178 3.2605273279490175 5.054395119414205 0.33224732269510365 -0.6054064485482564 0.6939801526750944 -0.20368185071620282
327 4.074290476047505 2.5241639157529194 5.355736395705737 0.2834778218134882 -0.6024698305140597 0.7333016597974777 -0.13761941577592327
328 4.054895553708486 2.497817440022703 5.3008618541698125 0.7334531608826858 -0.4368451052760613 0.21878432493411276 -0.4725952115189799
329 4.54568745483682 1.6517021281723372 5.144172492993931 0.6754702837659843 -0.47297170503701635 0.3007494767680369 -0.47915280882744593
330 4.56479946142165 1.6684270908870777 5.120053361955611 0.8685851829320324 0.0997721957901392 0.4826656882574173 -0.051372388664889565
331 5.050704347585645 1.8359105772062936 5.932782063789736 0.9118146805610714 0.18966790086133425 0.3639394532953623 0.012967267685988262
332 5.7039819113524715 2.196407733062371 6.707131728647071 0.9176592850700122 0.15029934383317062 0.36776527645862367 -0.007761778109787206
333 5.670162199194583 2.2642148067554775 6.698002298726032 -0.6064014524035196 0.6960572486451911 -0.28464063420736296 0.2583820707584398
334 5.579276714790569 1.3402823745955148 6.657015906075253 0.7165309362527537 -0.6662437635919557 0.15639229342365407 -0.1350707793168799
335 5.653075027747232 0.3655912440593795 6.710469073324195 -0.6929337957083311 0.706701992903787 -0.049614242835441115 0.13399057764980105
336 5.592069780049128 -0.6396093569288469 6.650023327389972 -0.5312881967042096 0.8467662068499582 -0.0267807102228693 -0.0016237424926245575
337 5.150048823730254 -1.5145663231584752 6.706204579462255 -0.5165066187539651 0.837408448917111 -0.1239815573379925 -0.1288276985187246
338 5.108268496061285 -1.526102377837988 6.815685620866027 0.4072438031947489 -0.3589383661010316 0.45672743298490104 0.7047806652138109
339 5.43966511565283 -1.1034408712580739 7.6608874236234765 0.29118037291555265 -0.45619489518866374 0.44333259050335594 0.7145323101373009
340 5.603077138439522 -0.6201797472447347 8.470649737643056 0.24903651731226817 -0.36593949237225537 0.4873680064132734 0.7526895291500103
341 5.762642778135875 -0.034940381439519386 9.326526339373503 0.219167289930969 -0.3151295959790103 0.5095634743878331 0.7700675959500055
342 6.103182458329099 0.6133970487239195 9.947419497706495 0.12139822579664922 -0.18483458614119147 0.4448469733669415 0.8678766138257858
343 6.08078390913819 0.6155152459056028 9.863088707783485 -0.1341373777026838 0.5196527177024056 0.33370196322839113 0.7749911074490273
344 6.192557498776718 1.0253715591947627 9.002842972486198 -0.07593772173533016 0.5011532600412164 0.18136951660868367 0.8427241368400703
345 6.1542723465143645 1.0074448357826393 8.923462799431116 -0.300922789126563 0.35441095802264305 -0.43969602711323724 0.768443720488754
346 6.6004336617763855 0.08435201275529203 8.512754517351489 -0.397902858746615 0.3351429899444507 -0.3913250319352154 0.7590897250478815
347 6.620552651981968 0.11805665415780041 8.425272716502914 0.3238747110727759 0.11676142956617307 -0.509990073263528 0.7882779111873246
348 7.102742397400105 -0.667270884617754 7.937193816291395 0.35156548627478207 0.10005246347514275 -0.6062233208030949 0.7063175622391108
349 7.296791861436842 -1.4718013744345249 7.355536379957283 0.4266947982768585 0.271631131007201 -0.5054731959847291 0.6990314198462074
350 7.6121648497498295 -1.9622347379978233 6.612448777885002 0.4170008319405865 0.320621797257599 -0.47171102749645827 0.7076727180147633
351 8.014851830865485 -2.3992514780850303 5.761776610474086 0.4781826423998326 0.2760420139743272 -0.3477467432847651 0.7577693379672681
352 8.561313343166217 -2.595461703023065 4.929957410788642 0.4628203573818704 0.270910825155953 -0.2983104445721724 0.7895666661311077
353 9.234542711308261 -2.8870478259484207 4.172119658238828 0.4503162433701282 0.1722538396459554 -0.3695424567350107 0.7943439232187116
354 9.954003315582606 -3.299279025024907 3.6016943824071066 0.6004770086586153 0.22647697483516274 -0.3306391433820533 0.691963365219213
355 9.9418128270113 -3.3276254451146223 3.6172428346386014 0.3132164358443785 -0.17008836426664387 -0.5911856157220443 0.72350879774982
356 10.140247655490668 -4.2885134129204046 3.5200633069304796 0.2869869663605612 -0.15933896809419756 -0.5090978788021804 0.7956562852042076
357 10.594409090741053 -5.221114824842115 3.4615254702457023 0.28174856042891816 -0.10574013094224184 -0.557204229950534 0.7739252028004922
358 10.2613331042845 -4.210532039139351 3.6518135691171003 -0.017094779955394684 0.8179808682993013 -0.46153176399460666 0.3429336647496508
359 9.547333358657353 -4.57189946693306 3.1122541959698546 -0.14404588051356462 0.8924554042120847 -0.26650495696890114 0.33428916182060353
360 8.80422707338952 -4.992851146926721 2.5775211987616564 -0.13649709510136354 0.892825912055759 -0.3179463716057488 0.28834101091144076
361 7.99693995171148 -5.386942524067062 2.104690500086316 -0.05997936569591437 0.8636086079817336 -0.3677250281501764 0.33964827628374833
362 7.296146946252774 -5.677767340825484 1.5282690778843753 0.09658683568847108 0.8593990923851975 -0.41413036075257537 0.28390179196709925
363 6.420286080091274 -5.779449713021464 0.9324834389644439 0.14533836891803273 0.800337913987105 -0.5234708066876025 0.25360263504318586
364 5.562333109332077 -5.924973124197353 0.3358157030944168 0.03728606790420599 0.762576048805421 -0.47116135624625016 0.44169502522526904
365 4.954058943687443 -6.364153322953079 -0.2660339078889369 0.0006666000588608838 0.7807462257668841 -0.4932529806286471 0.38358360717851886
366 4.283286807418029 -6.757858310875762 -0.8614746691705916 -0.03654548535545131 0.7549351339193136 -0.4652465731448514 0.46074179021588313
367 3.814887312973836 -7.228167961526635 -1.4906498012081801 -0.08264638842990925 0.7584907517829887 -0.5005360137103995 0.4090538508779418
368 3.0973188531416946 -7.783739790937707 -2.0600546174888636 -0.055574805322368595 0.7580922514991332 -0.45550076355103697 0.46338605248192344
369 3.7447464767661653 -7.27111474241861 -1.501220405189108 -0.3864091797833929 0.8423424561189502 0.29859528209928216 0.2280087496274454
370 3.713703136994824 -7.2088010472747195 -1.4475326302267197 0.853506260754684 -0.29837314898762624 -0.03143434016740451 -0.42604273151176514
371 4.457481052285112 -7.805083195446065 -1.8313319409458504 0.8262780693044622 -0.41589339925022234 -0.0342637459759177 -0.37831630728569465
372 3.8900642683490707 -7.186196843611763 -1.4330470301994251 -0.18193217048604177 0.8028186769881902 -0.29072748002786847 0.48770932898378766
373 3.3630796937594987 -7.7421413447292355 -2.0685300911252624 -0.1576047726787934 0.7561200586176292 -0.4059797701363965 0.48849116555464855
374 3.8977599942064023 -7.106527149795292 -1.4611456134264182 -0.3803031268795902 0.8648709412219805 0.21829704578060363 0.24436486351125372
375 3.920997920962803 -7.117519556445168 -1.5485554908692503 -0.04540048628404714 0.43819291884845435 0.4048365953211078 0.8012696754558094
376 3.8699510836532474 -7.12264073662217 -1.5018225375869625 -0.7191688761781387 0.17340464951886336 0.4182655935059932 0.5270491896882056
377 3.8485930544506584 -7.066607173286981 -1.4778549847863987 0.9040879120483609 0.07552984303682124 -0.3661727346958002 0.2069729896973716
378 4.518465087881621 -7.154218336216859 -2.0560432129592163 0.8092901769150344 0.09100019556955419 -0.5196243920401651 0.25837736965923486
379 4.923336833485994 -7.278078931134978 -2.980832518287213 0.7626770743935426 0.12761497108615955 -0.5816507469914904 0.2524292135895276
380 5.273739188295853 -7.298140021983149 -3.969913826943026 0.6930639301231902 0.12507309567047215 -0.5660420251631004 0.4285038334144274
381 5.605264501130211 -7.5804566521922725 -4.871068159306717 0.6432200417333257 0.2094346159981581 -0.4798863593145416 0.5586718192983431
382 5.560550402746829 -7.60686994292301 -4.917893825421898 0.827505664069829 0.5112137339872425 -0.019579022660072 0.23132564921955673
383 6.104521780286007 -6.686912574554638 -5.171097223205905 0.7872429940611338 0.5233751601458739 -0.1874273118778971 0.26682937020906955
384 6.433600256463465 -5.947137207524817 -5.733154384901237 0.7662059586483583 0.47024423563207596 -0.20053729554529617 0.3893373612716021
385 6.862420049754385 -5.349393925479702 -6.393905690767641 0.8107424407810199 0.31363897399936114 -0.06214097681481581 0.4903731107081259
386 7.526916758401597 -4.83080161282165 -6.698682509938951 0.788374854735842 0.23667198891055422 -0.050888221111863655 0.5655633006458582
387 7.63339378587675 -4.796540567935752 -6.72331393547472 0.9573807221625921 0.12258124521629393 -0.1607234951819249 -0.2063103226917234
388 8.559306787743276 -4.507252789561916 -6.964591588843808 0.9735618087246511 0.11030211525716602 -0.025385236779831333 -0.19840977222962955
389 9.53422678931752 -4.236833929936747 -6.9576565025407575 0.9700151401816886 0.10498867272338078 -0.13933251941944202 -0.16921718426422835
390 10.450581611869382 -4.020994404961813 -7.1937508310636575 0.9850199657528794 0.06211356610926709 -0.05323131243524724 -0.15180250113159507
391 11.368937255472161 -3.8883027902344747 -7.180631898567476 0.9701449517152801 -0.021539654505445826 -0.19103993622172097 -0.1478464024369361
392 12.300891484467499 -3.831982566662882 -7.620345347513441 0.9500392264689275 -0.04608672692009494 -0.18246267940152885 -0.24901576736771192
393 13.204056107943273 -3.8318076626748083 -8.031145603119839 0.9389249441323667 -0.1004216339308817 -0.18376574765393122 -0.27306701506017994
394 14.029341649104097 -3.8844596137860856 -8.443760740955144 0.9146247115061392 0.014583914413888914 -0.28851758499193336 -0.2828542905686667
395 14.084119702901663 -3.8441566714968833 -8.496940776247927 0.8832250826212674 0.12753363894920924 -0.2056574432289574 0.4016884867774495
396 14.982283570217579 -3.7636301666119123 -8.932424229359576 0.8807657288402415 0.19597116672978085 -0.16419646352397976 0.3986057627246575
397 15.01851896669399 -3.801489693401811 -8.983257636103291 0.7896328663414948 -0.3927120615075528 0.3024036254298475 0.36167557350018664
398 15.091929732191756 -3.8728936442201016 -9.038161667708986 0.43257167705611677 -0.3632218385887893 0.002367733906219082 0.8251945431334285
399 15.775898015568568 -4.144986975608122 -8.519716374613292 0.45862809730337506 -0.3251655585979673 0.06232034123699375 0.8246476841255682
400 14.988457425464995 -3.9744263600081995 -9.123087178018473 0.47753973369222674 -0.4068632959776759 0.7168535678757164 -0.304202273750866
401 14.58323265859303 -4.835608049443695 -8.737567377534514 0.4227865165832147 -0.40415481486752364 0.6825862127765199 -0.4381626514688789
402 14.361305755397087 -5.775286284271543 -8.513687469800326 0.4829619572078628 -0.5589994894737048 0.5707476333984864 -0.35848913181311115
403 14.03590571330212 -6.776974349613374 -8.431455371155856 0.4965666375291807 -0.5064455849428403 0.600512381474826 -0.3692144684059708
404 14.03260795567957 -6.694515631031672 -8.428843519775898 0.02818332637249647 -0.6816734812742045 0.7253621830747641 0.09152414111643846
405 12.959215026283848 -6.561831794878128 -8.257788815099872 0.035955858862722706 0.8103400670145127 -0.5768308680565507 -0.09655206710105325
406 11.962284206554756 -6.350358175605125 -8.214694965367748 -0.13844065287194918 0.7588465646033181 -0.630700582167571 -0.0848696216299968
407 10.968318220746047 -6.4031981797502775 -7.83358777771109 -0.12289451127349112 0.8543055989127428 -0.503034958163706 -0.044885561491743484
408 11.01924710021177 -6.388589609195278 -7.802506376303233 -0.3704620791585307 0.7380960838915743 -0.3837526504995253 0.4131657319817932
409 11.012727090241015 -6.4319136391033815 -7.7998284565206 0.8212285537317284 -0.20258605025192522 0.5070029076442569 -0.16580291438719677
410 11.055065200681247 -6.476736298075998 -7.736631078930785 0.6568824665123687 0.5066796523627023 0.4593605798146099 0.31744135329636003
411 11.13281720695402 -6.532647158645814 -7.723986039522842 0.8522889124594385 0.18077933152971495 -0.10684550964236053 0.4790683459169915
412 12.052594393349251 -6.274974756259015 -8.017438405509587 0.814438724727081 0.1787884988731643 -0.14876487831123938 0.5315950030960171
413 12.939685396084936 -6.107484057668092 -8.431840161352339 0.8023614767846318 0.2632867679704308 -0.1960024439618837 0.4984768603903686
414 13.689384790596138 -5.914213519568234 -8.997521896148573 0.810630431170148 0.23811827090648166 -0.21399597388043462 0.49028942093866595
415 14.453971860554924 -5.684030017286396 -9.563994514661209 0.8543582299334783 0.26230113180741466 -0.1615825759062035 0.4185226425905768
416 13.654919946088311 -5.958798229003618 -9.02990036207843 -0.4405840170256164 0.6894884422441084 -0.11483705655800584 0.5632973126107198
417 13.629673792340796 -5.932809800382644 -9.075561182485256 -0.028212184974774054 0.339325900912902 -0.42525843883432335 0.8385805064445458
418 14.122835673815612 -6.689077473350786 -9.659361450920448 -0.14104549282294984 0.32596778409985644 -0.5410114535018112 0.762337051351447
419 14.071967560919758 -6.708803376547567 -9.618251806780489 0.26216516771121756 0.7833576645425423 -0.418605234356478 0.3773457989838536
420 13.491166872103742 -6.580251024537029 -10.394371571583985 0.35698289171135394 0.7682885465228677 -0.332487799949017 0.4144246459758919
421 13.490722506827064 -6.712000288271771 -10.509586632895939 -0.22886508083967688 0.8727294114167851 -0.4309961707363297 0.01436836911349549
422 12.527182021582897 -7.0929461100350615 -10.385865564371343 -0.23825198267679373 0.830333418556163 -0.5036269404690692 0.011929443121045597
423 11.646827594916576 -7.479359537737928 -10.220717317550726 -0.12822017765161797 0.832514563257237 -0.5360694527674956 0.055755087814103
424 11.728139746291935 -7.38715826084276 -10.181067706489301 -0.4374931338706309 -0.5728139697467176 0.44898825468471865 0.5281036461095835
425 11.666817341014584 -6.4926508029052075 -9.963389949600066 -0.26191846611830244 -0.5230658114392178 0.5054956336907223 0.6342515576088759
426 11.429841997988408 -5.497632431144629 -9.68545147377082 -0.25858096048334517 -0.4917451704705733 0.5706490734770067 0.6047166354039
427 11.412056589013117 -4.4913644477017876 -9.387839633258663 -0.26757183721674704 -0.4561372428605238 0.4363523074478226 0.7279703231513054
428 11.439121516046043 -4.481217450299297 -9.39561581142571 -0.2605095672665831 0.8776314768952137 -0.3928008540331255 -0.08720805694516887
429 11.460843410702171 -4.4506116956603305 -9.426926393929252 -0.16826419160059572 -0.551675238244619 0.5920677219450879 0.5628475867972583
430 11.162835644450288 -3.5699473983672645 -8.986062992573652 0.23054371007484395 0.6611570390653234 -0.5691609163367917 -0.4310183508320327
431 10.640657091259355 -2.738707738737145 -8.712808035881043 -0.06730456905127877 -0.5837773922500107 0.5730535632363414 0.5712124516716469
432 10.674127502760609 -2.7160568471368274 -8.805322902744946 -0.5037976162610153 0.03231694507215668 0.39558548897353774 0.7672390095820791
433 11.368322282802954 -2.042464251064541 -9.298977688708423 -0.5344830629763583 0.03682514475216845 0.4126314356832771 0.7366865428330766
434 11.379052501501116 -2.097034259483386 -9.322268354560245 0.8555178054080811 0.27560819453565 -0.38527737374650284 -0.20902333126600736
435 11.945492724596516 -1.455106541528382 -9.84817806011584 0.780105265806258 0.40733503633685453 -0.46081656082538425 -0.11472593300064152
436 12.157529415617997 -0.6973069060103179 -10.493219312959493 0.7420040579772919 0.46340916322966147 -0.4715647446607466 -0.11094420657728601
437 11.978190378987403 -1.4548347224798786 -9.870984756605786 0.8107648274945819 -0.37052874175861006 -0.2722207088575857 -0.36230474975845556
438 12.534991660717704 -1.8519502493982158 -10.50585153702421 0.8343857960730781 -0.3885341533816767 -0.2532152058272343 -0.29786509447290427
439 13.214920237454646 -2.2555522014672387 -11.144452786878055 0.6548563248282517 -0.5386633059284357 -0.3654725686334457 -0.38397244465606717
440 13.404758016980608 -2.723751119469254 -12.066329098096787 -0.5461203407622581 0.6231174079528021 0.45767275226286663 0.3225103426993158
441 13.519535668511626 -2.7020440085801862 -12.060516953151467 -0.5955460346313336 0.09045928087518698 0.7792993729858209 -0.1727267391064466
442 13.265671854639551 -3.1306318154490875 -12.989510592649898 -0.6427891153662447 0.21426393827015297 0.6972371131190936 -0.23403744574960325
443 13.195454618690755 -3.1446787194449652 -12.973350882689555 0.9708263700179782 -0.0015394314532939635 -0.0688896651838984 0.22966933504359638
444 14.143514039289087 -3.2125115801240103 -13.184959521699351 0.9404422287707788 -0.0823340871327786 -0.10596263754878864 0.3123482541721141
445 15.117708054763288 -3.371169825699438 -13.358478918276612 0.8503008853987075 -0.18300917300246283 -0.25987297541138393 0.4194783469238481
446 15.943925881014142 -3.9274385173316944 -13.680925305014195 0.9085309490472852 -0.09383895608628257 -0.2325035574648077 0.3342272590769431
447 16.77139327038454 -4.3156293489061905 -14.090727785487589 0.9324700502674133 -0.03678009371988505 -0.13084251287464443 0.334704447064711
448 17.695005226069195 -4.544760571880199 -14.35065291647826 0.9075584031530317 -0.15127462279188716 -0.25275231937228615 0.2992824726198019
449 18.456725024829606 -4.923323798375181 -14.780809470936951 0.9007685673186384 -0.1344931077833775 -0.3151124760448341 0.26689271164719247
450 18.464550612977497 -4.850330947898295 -14.800176677319389 0.5240193086036256 0.21665942598550003 -0.2407172074153841 0.7877294480951894
451 19.27512758017429 -4.9079632860130245 -15.380174624190248 0.4718020513546059 0.28063508234406676 -0.2635135893442474 0.793225921869827
452 20.08449893208475 -5.026909124873305 -16.09111191653068 0.48593999264164583 0.2725587287705608 -0.26885465651466023 0.7856788380711281
453 20.811637896188987 -5.239634916915792 -16.809320545785553 0.4606000624481427 0.1765277334727617 -0.1625722489459566 0.8545500603594801
454 20.82484507807677 -5.211600996458568 -16.784354290579802 0.9586304912532602 -0.06393728934219926 -0.09828657932239254 0.2593826374224174
455 21.810997692402555 -5.31131119164819 -16.914090758474583 0.9378084028277153 -0.016455498537917276 -0.06371084706050634 0.34086000663092225
456 21.865834505148783 -5.306893805621168 -16.89620129942058 0.7292558105769327 0.24374733254757724 0.5831449106318467 0.26213586900670194
457 22.087700920199996 -4.709169094871237 -16.17852176583265 0.6488576538172854 0.19011558247330715 0.6105436000806639 0.41240310714652456
458 22.352278988225493 -3.971236956349209 -15.55910558916316 0.5406245285939827 0.19674793161585133 0.7072324958506578 0.41089848782913346
459 22.273410723896284 -4.022698645079475 -15.498194521614858 0.447066428360624 -0.29736839221270017 0.8267023452751773 -0.1681275713921782
460 22.370241577980106 -4.02138842384995 -15.583800486789723 0.8941532656888234 -0.1338651991354924 0.17317827167468772 -0.3906140449832759
461 23.278587379180834 -4.413041996472142 -15.363206252849045 0.8955320367444463 -0.06152325031751192 0.06929755138950865 -0.4352414389808627
462 24.385323838415893 -4.584325677340949 -15.199668650288446 -0.8523066477338119 0.037166361192906464 -0.08685356936495803 0.5144399841701687
463 25.39284903955957 -4.830858685772242 -15.135842523777695 0.8561459407243305 -0.13822816801542773 0.11898415638256801 -0.48347685805866625
464 26.372344421098923 -5.176989744446426 -15.067513299757154 0.852466896958587 -0.1588732859149576 0.03749512789374025 -0.49664230991390074
465 27.349960496957614 -5.508501589970426 -15.190892904477998 -0.8479625849776001 0.1324853903386821 0.11090094537252497 0.5011068310653911
466 28.35693940403007 -5.598198866842219 -15.429328193547068 -0.7700749964955254 0.1528721994741266 0.07330213557074364 0.6150133228810007
467 29.190245457359868 -5.782181251060066 -15.722457525290098 -0.7364081121640544 0.07471852712153843 0.0968646761863167 0.6653852031350587
468 30.152659006595144 -5.754275393403598 -15.920733379998032 -0.7060962974720094 0.1137678339561265 -0.029522202669951335 0.6982931606444147
469 29.22009275208041 -5.505480521903292 -15.797424034369778 0.2413878670744233 0.9623115962868115 0.0372301543096315 -0.11959182618921466
470 28.399668073935953 -5.060994257713526 -15.50218088695226 0.23285921515431185 0.9715865218557803 0.04099217743204993 0.010763728688767791
471 27.51111681262172 -4.634921152275739 -15.463502964414003 0.12840168734864263 0.9847066746493892 0.1043918559198943 -0.05448038183203686
472 26.592280677937854 -4.4519742048335385 -15.368869059442545 0.1630979029630193 0.9847138917246704 0.056175007895907174 -0.0241245514241304
473 25.635388732158034 -4.129650234429144 -15.289252445071224 0.17210025970592724 0.9650259087622688 0.1832823750904862 0.07425676405487208
474 24.71328858298175 -3.7682822285043125 -15.402012223389644 0.1443045215813156 0.9839177362494095 0.06410014553542893 0.08350607575118753
475 24.780426915240184 -3.748230403223035 -15.469298064232762 0.1719028502464227 0.6261065254458785 0.12885240521782698 0.7495579274084344
476 24.96836604308553 -3.2280538208849716 -16.35133138507759 0.21925192130415788 0.5769253077706918 0.1886800353928359 0.7638623099108159
477 25.255674250945212 -2.691378700805991 -17.171342120337073 0.15076739075596718 0.5123129845690435 0.1673574672850827 0.8287316078625936
478 25.718188190917015 -2.201043262763988 -17.9703234336719 0.07586873475064342 0.5614319906427462 0.09150907187063359 0.818940867667279
479 25.708284322958608 -2.1433678017651943 -17.981149089103997 -0.3458991365056787 0.44054744447634386 -0.4677535925665324 0.6837238573949954
480 25.72428963754122 -2.1919004569051657 -17.941480925603585 -0.03378608744801793 0.512118213230715 0.27921539067032536 0.8115615821274151
481 26.108102641360066 -1.6709281384866528 -18.807198698601045 0.0867318889686161 0.5209255797440702 0.2400058726517255 0.8145620301100001
482 26.485275559630804 -1.218503205403941 -19.582268869702215 -0.07269989374905363 0.4715032016942858 0.25823513632300643 0.8400678964281119
483 26.54957516607595 -1.2451296334268562 -19.510761900732057 0.42771061507298364 0.3995159621906898 0.7427697810171462 0.32518253046016954
484 26.63392980911745 -1.263397999032816 -19.50643293753169 0.5971725866051733 0.7986161209672217 0.057233697015500136 -0.04818191636385935
485 26.608097436888006 -1.2349572096346912 -19.529560601378048 0.9942999408828643 0.04817670890943332 0.055578780271128836 -0.07718569467565245
486 27.619891653411077 -1.1906329101603588 -19.412623104156918 0.9892836950172705 0.03136892897596002 0.05159048152729546 -0.1329367642289376
487 27.68082586211451 -1.181713482454058 -19.43826719580346 0.8091721623034301 0.026315269896700747 -0.0104049618766968 0.5868898151201839
488 28.58400248809192 -1.1429443942809914 -19.515534907310546 0.8654879520529457 -0.12135491693567567 0.023542236401654322 0.4854372792564898
489 29.534707279136732 -1.3340266332203816 -19.337967250126088 0.8503807739891921 -0.14596600706371202 -0.19682136025005117 0.46562626231854637
490 30.42252215154534 -1.7372865983354264 -19.567298032099245 0.8120868181225128 -0.003558080744623407 -0.19485620305431814 0.5500303628203872
491 31.310145606871107 -1.8821158139494656 -19.87279843453715 0.8375395977009804 0.11528699616578421 -0.11795761888775685 0.5208861017000634
492 31.246079641350185 -1.9086146177572987 -19.865497785065823 0.2735629335288039 0.29183230403553556 0.05451503470267949 0.914890888965341
493 31.311871768193004 -1.8621789753503175 -19.878601020330912 0.2662511033098949 -0.45639246654244553 -0.2739091203067597 0.8036106397269416
494 31.673601186610284 -2.456542288099121 -19.346722734682473 0.3917043241169499 -0.48589561424860467 -0.18523283770737994 0.75905333828192
495 31.58320995934107 -2.5013477393202717 -19.39987641336048 0.8039618195380669 -0.3519647890864079 0.27938172916765214 0.3895022841726293
496 32.15721506073621 -2.809506569670116 -18.712260799056732 0.8584713709228632 -0.2044180609830382 0.08482627456894896 0.46264961341441707
497 32.14763995245228 -2.825403969338508 -18.717682135388078 0.6770186976110855 0.5244107733109585 -0.3745525792102296 0.3554565927470724
498 32.09926864171867 -2.849488897364738 -18.705213234290316 0.2640921712069191 0.15943615319516627 -0.7477093244876875 0.588018880849681
499 31.846522464036337 -3.7056530416411917 -19.294571177755394 0.13575060048349585 0.27240973509208877 -0.6848790569567453 0.6620463639636345
