# time x y z qx qy qz qw
0 -1.846975465618506 -0.5025286923161048 11.054684588621843 0.0 0.0 0.7071067811865475 0.7071067811865476
1 -1.8031717116478725 0.44347430134725097 11.00323830985933 0.02220079575498364 0.021638140358201052 0.6422783125659914 0.7658442953741099
2 -1.5970860429942653 1.3696945274844567 11.040818300534253 0.0069063708941949475 -0.08336694799959933 0.6558794921787696 0.7502161993463106
3 -1.602050990179458 1.3265968280519125 11.08542448249013 0.07223604090141839 -0.010120220733141673 -0.15073671764192068 0.9858792915371237
4 -0.6624836270802985 1.0790724846111042 11.141989128560995 0.06034339972470537 0.07469228363031422 -0.18144319733764777 0.9787022545266996
5 -0.698209526857111 1.0382035091341038 11.162595733184627 -0.1173742803859071 -0.6453888324612519 -0.0814744566211575 0.7503722050799054
6 -0.49615604757943327 1.0424142313887763 12.15713410580805 -0.08315614460526607 -0.5948866372739238 0.011441012901041901 0.7994148157440599
7 -0.48655030527275983 1.014750988078421 12.135259301899051 0.058511027629009484 0.9679355430103777 -0.14810958729689544 -0.19426990084350676
8 -1.4356901939890048 1.2053762337858918 12.466139035018308 -0.029537770121971476 0.9660725553398976 -0.22450747873461005 -0.12420841335228036
9 -1.4527705347724909 1.2492359729347287 12.492432155703012 -0.28780568301777043 0.7994366011137037 -0.13317904325248814 0.510227745287137
10 -1.7259108787690423 0.6508528372199671 11.76261327460407 -0.31972221039031357 0.7868823025248394 -0.23710546067055027 0.47156648595563433
11 -1.707027620742955 0.6624943866880559 11.691006406319298 -0.40165680899839684 0.24444117268255827 0.08278833713754531 0.8786730974126847
12 -0.7838919243644186 0.6149608820950158 11.187526783843115 -0.3635787211828208 0.34039277274949764 0.07646504355767704 0.8637687021863527
13 -0.03549750894046644 0.5613391193969476 10.569282442114366 -0.44064586567116076 0.3962533056251418 0.040806229100073074 0.8044559593381689
14 0.6923593573133315 0.3341115516881593 9.857273495240793 -0.39645695264812425 0.28673835209025794 -0.025912756740804014 0.8717405182596587
15 1.4864597053758954 0.062449948474398165 9.415795366410656 -0.3432473004149056 0.1844585599311965 -0.0982373728657845 0.9156995953905503
16 2.350612926861204 -0.25918097593391304 9.19509441669592 -0.3809542926991368 0.12109450070894086 -0.12844217192583265 0.9075861156072892
17 3.2326743054111255 -0.5647193950729527 9.013636725487626 -0.3669734653280437 0.1768030404484231 -0.21399914928337302 0.8878488186281002
18 3.191231759656008 -0.585373167773621 9.012586971091133 0.4683110075887224 0.13669504444400393 0.7362487417086228 -0.4689744719365408
19 3.1597047864245136 -0.5674102016613098 8.97216261573637 0.25719292445255604 0.40233130311947507 0.8580549751457726 0.18900524270325073
20 3.13438431592895 -0.5555337919889524 9.035471247426628 -0.47338039754637345 0.4077082389218273 0.7757171546640782 -0.08915092312458957
21 2.59675751677701 -1.0802060218336202 8.442879382523575 -0.424368133817915 0.4625682388728256 0.7782440940148836 0.016686566961056745
22 2.0404349216770474 -1.4350472072069804 7.749001172359176 -0.40402326116258896 0.49748426981600236 0.7649072397866559 -0.0647419512151499
23 1.9997925036533588 -1.392449995811807 7.699224887577413 0.6470451585020766 -0.07522141838992874 -0.5982708815582325 -0.46663288927589036
24 2.008020205921432 -1.4085303770076578 7.707969540850411 -0.5245025126657689 -0.4105444090127136 0.018872189562864298 0.7456502148439308
25 2.0268015168366404 -1.4047818342264233 7.7638347019239236 0.8370050402522822 0.36632633292179273 0.34809144699749806 -0.20990456147386477
26 2.5063854733320445 -0.8658403632450254 8.488642299508324 0.8713870536635467 0.33780740987090446 0.22091617131364222 -0.2788669966059006
27 3.189224325596356 -0.4292629397977964 9.018222349553799 0.9012452582611488 0.28274271596233036 0.1329394426805348 -0.3002343178449613
28 4.044367353537739 -0.0004621371939405594 9.454529666101383 0.8890289436775531 0.33780700975586264 0.21303227052314105 -0.22390000709944569
29 4.712610132838265 0.4919447174997993 9.992160624692115 0.9129070303598319 0.3275534000117224 0.20521662555115844 -0.13113222585523904
30 5.400474338820952 1.0024821818147216 10.479414622072243 0.8910139037950675 0.30090604008844185 0.2610640976968242 -0.2177046512500604
31 5.367315278993681 1.0385707249919256 10.489597598559772 0.8278634395365241 -0.41229909011708143 0.14044926374358993 -0.3534481434118254
32 5.985859481823779 0.271881103352968 10.365372468442704 0.8384114595046482 -0.2962209189529657 0.1290497929224843 -0.43893683223512936
33 6.725889028665988 -0.321879040457662 10.335942292150223 0.863745968351487 -0.2977423949302561 0.16308251373033392 -0.37241973918301263
34 6.77227167797476 -0.2854295372624106 10.349020297271553 -0.6378171328084175 -0.026574999149970434 0.5739949967365043 0.5128477534685008
35 7.111733754008037 0.3500877786233628 9.667677463865314 -0.6414849350437188 -0.053950754350849124 0.6521007537992731 0.4004385110242896
36 7.205969989629522 0.9537267983558316 8.879386279459695 0.7221623968232912 0.01084145703156157 -0.617536411875758 -0.3114686427740139
37 7.158968182772657 0.9585420588511661 8.837776692160045 0.9549594130711547 -0.2244134742583338 -0.028500033601193964 -0.19203869412915409
38 8.127637522371737 0.5777666285930868 8.664146723475932 0.9636856337554459 -0.21639591925759494 0.05374635290638068 -0.14694942997945862
39 8.95605331924818 0.11552675026061643 8.722428034389827 0.9523391753292455 -0.25093202101710715 0.04259109957709971 -0.16813451221654765
40 9.820823503602739 -0.3223956029324075 8.742565779063582 0.9391366174248673 -0.26190516247063894 0.11767612336150282 -0.18862775425057468
41 10.665739010177697 -0.8044587006513098 8.832418228751761 0.9011497123278219 -0.30967670549207077 0.15389155331881985 -0.2614324460815492
42 10.676057666962334 -0.7875924875699669 8.849114728347844 0.7955986480632804 -0.3482759291018888 -0.04400814200225524 0.4937509006023243
43 11.42832845523197 -1.372821504476848 9.188249470693918 0.7700480216304603 -0.42670720389801164 -0.0734473016666169 0.468564296977958
44 11.985509613199612 -2.097804607726662 9.489858281915929 0.7165022586861823 -0.45512639144133893 -0.127463271265099 0.5130668529437293
45 12.582906868037355 -2.848736960166833 9.777069421502276 0.683183478611305 -0.5143957579946071 -0.1831428998295705 0.4848876333252128
46 12.554265210259892 -2.8282901911574987 9.783799421026115 0.881838636693632 -0.42511232323134907 0.152916100001548 -0.13511771842167156
47 12.607364728564667 -2.823593526152074 9.773867007951955 0.8819367187080146 0.38802721765813347 0.25360127978810415 -0.08549206653756657
48 12.650181489078888 -2.8235369744003447 9.733556254895692 0.4629314640577661 0.23629821140465937 0.7740061391334718 -0.3616242683449066
49 12.317866949395137 -3.1326536477238425 10.616800024148539 0.43651396017146765 0.10824525498623512 0.794495853720052 -0.40806233074131376
50 12.029653997954927 -3.730799669707912 11.41217378677787 0.41828100377358446 0.053370813645459696 0.7704983843612626 -0.4780426736491928
51 11.856200307226166 -4.432033575015341 12.031373131634707 -0.49946334851199675 -0.0378011504657906 -0.6875280970021505 0.5257495148350113
52 11.856287285654878 -4.4363940954085015 12.083021629342575 0.3859095341611594 0.37416169890456147 0.8239914306830843 0.17920651962809045
53 11.252181514090168 -3.891815026846986 12.58907493363894 0.3525297339276395 0.384292727539645 0.8325268315081191 0.1869250145809808
54 10.564813278427927 -3.3233976955783886 12.997545297528745 0.41413464353317075 0.4199300576124089 0.8026684598021001 0.08873887185567024
55 9.887623202761667 -2.846461762423511 13.646410314672837 0.4401204085344965 0.3462149390656027 0.8148084243669715 0.15005490175213307
56 9.317955074944521 -2.2793699179689906 14.265063939974429 0.4769704642133447 0.22962787785140457 0.8389780679215904 0.12603973789294545
57 8.876568519538141 -1.830499868043345 14.98105009755155 0.41867120575735695 0.17621105027257533 0.8716557800305943 0.18406598917446185
58 8.338718596338937 -1.3440532806528354 15.592797286860392 0.44740299183125914 0.20702275847155424 0.8416804018341194 0.22033211645972614
59 7.906827983998024 -0.764682158688611 16.214230366692192 0.5483686945399846 0.1995103333774529 0.8008161251265333 0.13483669923820923
60 7.51345944312805 -0.27035139858308604 17.040658246573244 0.48775340087274993 0.13848293440533396 0.8441130749778397 0.1743336268968514
61 7.044534949896144 0.12842407587592058 17.83426317799123 0.4782082591847197 0.11166394690156489 0.833118216643105 0.254483910900664
62 6.674233491755944 0.6010012394166366 18.592966114406526 0.4366775440526024 0.11756281802557024 0.8340587912544482 0.3159709465587671
63 6.265321033048797 1.182854593769401 19.22001181372305 0.3957721570939792 0.14642141643466144 0.8797587554404643 0.21897420100160567
64 5.622030413260194 1.6968423004164166 19.83180232640454 0.28270124608138886 0.12164315626873783 0.897848153375166 0.3148835363714879
65 5.021016053461877 2.3289275069928568 20.246727517764988 0.3541153475494691 0.13325046324935855 0.8828520126843227 0.2782426250109617
66 5.0092383643264675 2.2632831031216973 20.207487072855685 0.1458578022795476 -0.49715880309458127 0.756059582342788 0.3999156585673943
67 4.352092706762551 2.691898866715818 20.86635183049613 0.09325515433604664 -0.529431056553657 0.6947240604254886 0.47787520589810933
68 4.376319570569714 2.7390009739571184 20.874603605907595 0.4848907036073328 -0.3213450934095904 0.1980255946089459 0.7889259790224561
69 5.055713588168764 2.7831600661498355 21.536270745045577 0.4544866454302995 -0.29556648028197113 0.20902374804249876 0.8138743254418992
70 5.77937606270462 2.7799824498143324 22.177050901761078 0.3748961054377904 -0.2544493552061737 0.24397254201268198 0.8574297840095186
71 5.770854853559795 2.7575022073462896 22.13851313181955 0.1399852658803292 -0.46756183620188174 0.7988625916124962 0.3515801677940671
72 5.08769182289341 3.155592553398055 22.740875310183114 0.12692786076243334 -0.4664610675985111 0.7913361873810676 0.374286560162565
73 5.055517357266188 3.1413011674834586 22.705890709417943 -0.5434847174907544 -0.06562977984572488 0.5675501392730187 0.6149828723326958
74 5.374849705390155 3.8609981738421713 22.17702729308731 -0.4685114285057782 -0.005835126341037161 0.6496045599423074 0.5987294116395318
75 5.553159593289458 4.629909342375262 21.642896553975895 -0.4603392784975431 -0.019609340744347115 0.6869366107816798 0.5619798174273806
76 5.618569227234468 5.355015523650165 21.023888382875494 -0.38076644444789437 -0.05927141627408927 0.6712507104146813 0.6331874112481688
77 5.6537748390011595 5.38368962199801 21.055316316645065 -0.3279097478772976 0.12081033760351767 0.9365565356081597 0.02723812006752977
78 4.864413450391144 5.366009117586298 20.489994680140583 -0.25423038659602987 0.15767519845603503 0.9540588366912773 -0.01664867725586043
79 3.949445319348627 5.251783808300638 20.043293284930552 -0.34963953713408813 0.15643998582961274 0.9218263467819282 0.05928668724912433
80 3.1961994461340986 5.215329204567651 19.324814816355122 -0.4218852902915434 0.17417577862158007 0.8897476032131373 0.004980216226630987
81 2.5963030883260294 5.111463510930622 18.5289605462012 -0.43975519469346463 0.1260188432670031 0.8892158097299444 -0.005464760569222613
82 1.952331979108036 4.958247258469624 17.80399018967618 -0.38739514726614616 0.12104608331739602 0.9129136966098732 0.04314427111744039
83 1.9553584490338294 4.9532013283360685 17.73924871851131 0.8924567310619117 -0.02379675409911754 -0.4386648609248437 0.10260525067666044
84 2.5894011097128957 4.83839003935313 16.969403016061207 0.9165526884550979 -0.07352810855159261 -0.34910976073483146 0.18068525534261595
85 2.5573475664305456 4.868844785206541 16.961624760841506 0.6295465845942395 0.6183908980760633 -0.4481386655302403 -0.14295289944308043
86 2.4141275089654313 5.761745545799231 16.60779852402688 0.6888922314311119 0.5380728484293941 -0.4372577500676433 -0.2114491978294645
87 2.4863931010826743 6.724143978090137 16.180499972645773 0.5893834574032502 0.5722265660023395 -0.5155073735111655 -0.24379508845787146
88 2.3270961583157006 7.610390740522002 15.87293802426719 -0.5697628510872856 -0.49722484995988836 0.6258792021005984 0.19082181867169232
89 2.3359181956645276 7.552466159569824 15.872469035692967 -0.254588988795149 0.042850269438680796 0.8043877608651413 0.5350781544444316
90 2.0083794271671827 8.327475479592149 15.417290018606707 -0.25644903722604323 -0.08064288670195024 0.768587630452051 0.5805201722992175
91 1.9468562391702045 8.355134881026588 15.391942913616019 0.37965722788861267 -0.40854378913371636 0.7711314514379831 0.30709712840622433
92 1.4373089036720592 8.54694741558333 16.238354997129345 0.36649761972710376 -0.40125965386662527 0.8118595449608706 0.21343444934951655
93 0.7508502226826438 8.606213735319873 16.974222615873884 0.3580305103084497 -0.43140078705116375 0.8027180671438187 0.20334999213375768
94 0.7479441073937585 8.580222236229394 16.965420777935382 -0.1487401863265841 0.8395348911107422 -0.28025227420663085 -0.4410398920519761
95 0.2340421560648981 8.558997783858779 17.760116477744155 0.1612313065765393 -0.801121457975532 0.18575628731910912 0.5456221009748425
96 -0.06960532288164106 8.54254603811025 18.670223454152115 0.1232113710365318 -0.8054160342413434 0.15300842802265577 0.5592069302040898
97 -0.12972313362850277 8.537841577399083 18.677459240757468 0.5673968186383889 -0.42564847956987584 0.6653370808533524 0.2328321087831917
98 -0.3996845926990953 8.334500320363693 19.63598441222401 0.48148414735386047 -0.5005838041300684 0.6828195333901264 0.22659734268187146
99 -0.45823338177236633 8.316749078680523 19.65654872616352 -0.04011205731819244 -0.6222682836853661 0.6682790919366401 -0.40567999859163684
100 -1.1160523317669273 7.839524296535282 19.166471180047612 0.0025100875703356006 0.661588562387929 -0.6552276991983049 0.36465180073757814
101 -1.9190789386773073 7.38143785025839 18.680202256460834 -0.07275659512410894 0.672752824965696 -0.6490854653605006 0.347560315663864
102 -2.6866549147817342 6.878960041019056 18.356125910907018 -0.040874503099892656 0.7399800767468797 -0.5662659294803816 0.3606960744501364
103 -3.4641366968342755 6.382269764822446 17.85851516556551 0.12282524306214919 -0.6471362426600675 0.6521532167394978 -0.3752663387500403
104 -4.2346618950865125 5.733074257681885 17.545455454157608 -0.055366184945274566 0.6504464355163019 -0.625970985495566 0.4266313928984282
105 -4.940260709330243 5.140660436713616 17.080336033499265 0.023168511989544456 -0.6552290828289932 0.6786548362857338 -0.3310070728145409
106 -4.956214197994046 5.166695293658573 17.020668156216917 0.5511296721206252 0.47791309775847535 -0.17648669476989798 0.6608385597619942
107 -4.4994891287345 5.460811135570208 16.16950213878365 0.43586076038926125 0.47265353713322167 -0.2313917345333746 0.7301245760676637
108 -4.502765399314043 5.4267303186610105 16.164179150456224 -0.2111260809975795 0.489786368212971 0.16612659819300182 0.8294197036532063
109 -4.025446486956747 5.465120865278994 15.292824009722413 -0.33632443759826064 0.5135504068264171 0.11905660030720865 0.7803700264912312
110 -3.517633800608505 5.287219190984535 14.409632911312256 -0.4004645419685055 0.5167576867092923 0.14398639112856218 0.7428711617922645
111 -3.0551747063373713 5.084496440957147 13.597314097329805 -0.28486096023985996 0.5470952940642765 0.1696825997818102 0.7686018396251949
112 -3.0532030196691786 5.063123639769772 13.655654408709863 0.2648144827552922 0.46713383319780993 -0.3267965231312933 0.777729582872007
113 -2.716364111010015 4.764603188055915 12.7471165657547 0.23433852100648908 0.5562814407515515 -0.3620453897838557 0.7103235544342631
114 -2.683394788399357 4.805750535560688 12.765168990724012 -0.08603701967130524 -0.14826668517396344 -0.47782162847745435 0.8615689831190291
115 -2.2262362841410592 4.025136241938987 13.125025808628449 -0.02446035031842454 -0.11626687020651387 -0.3962020306163267 0.9104436594815634
116 -1.5598781571574607 3.235865267283642 13.31110295409854 0.06777158088099053 -0.13252738836075412 -0.41933036018347913 0.8955476275372309
117 -0.9224502906273762 2.5023353888057907 13.467837294677961 0.06634540882857297 -0.07873451346997366 -0.42838975777917326 0.8977089609366263
118 -0.9242199308403618 2.4454592822558396 13.515856410870217 -0.030306890408588513 -0.2018276164123354 0.3257979128012777 0.9231483226770268
119 -0.9404880913145023 2.4817986697214254 13.567385174377817 0.17930285609770324 -0.8187610475206389 0.17044947290766777 0.5181001930549839
120 -0.9407324182372955 2.4444179679590845 13.50034353794288 0.5147221791208356 -0.5059375363017204 0.6803022237766518 0.12758202070270824
121 -1.4267767481546894 2.1272159151354266 14.37137201421 0.4749239949933833 -0.4818183806082558 0.7037966563001531 0.21672220391156768
122 -1.3805108550903917 2.18222127205677 14.355700908602742 -0.010761639110636257 0.7025217361157643 -0.5556976532046777 0.4444631769127323
123 -1.4274803356562427 2.173437897042664 14.337435586999348 -0.33965424576907205 -0.09596250443510072 0.846767721273092 -0.3980083130834847
124 -1.3924833701560693 2.151430537629827 14.403985434500235 0.4297707578403782 0.25276256125141483 0.7590417786279088 -0.4186451500164697
125 -1.6990260296571156 1.7474024525345833 15.222384901572001 0.4003387559375986 0.30086644467407964 0.7885845420465852 -0.3568510655843587
126 -2.1146936052185583 1.4486186916792891 16.13482993971621 0.47210283879100284 0.3376392221616025 0.6987803329440923 -0.4181204510115811
127 -2.343197895280873 1.1268734212581042 17.10455663466051 0.48936564838063823 0.3520209059735313 0.7200595992591995 -0.3436811275837717
128 -2.3963928178035956 1.1074731441696222 17.113666685340224 -0.11102232344250906 -0.07817410740286014 0.8936682021422737 -0.42769147420656994
129 -3.0357213626955364 0.39117954845344105 16.844103174324168 -0.12371231254880662 0.024753250226569965 0.8596065068411526 -0.49513553066145294
130 -3.4666880248607894 -0.4313365619824344 16.633982441507925 -0.07502724618075765 -0.05305011026353231 0.8825369268827506 -0.46117802508349154
131 -3.9809165739155263 -1.2037009485107921 16.4370697852034 -0.15246188510912162 -0.09161695770520771 0.8789692529543147 -0.4424644155305025
132 -4.490251626749127 -1.968854559684445 16.059766459044557 -0.08342185578136584 -0.03191970490002825 0.9270185579611131 -0.3642231728113772
133 -5.227630543161342 -2.6610181209801613 15.857038606503089 -0.19024953576738177 0.005028638504913552 0.8809717382236913 -0.4332073676499632
134 -5.777692964711447 -3.470918175291709 15.480098120402944 -0.2562859699392619 -0.007520748083316775 0.8768039440016828 -0.4067871479578145
135 -5.811324486068164 -3.5175240733583166 15.50909278474878 0.8196335200533283 0.2508774519794682 -0.4522127069277909 0.2465057090339286
136 -5.377980765055079 -3.312795489697631 14.664415266534762 0.838733976093829 0.284273209248825 -0.34743922477234207 0.3082207730488066
137 -5.294712737032502 -3.2950294196084022 14.676228731968804 0.42538961212669146 0.42823255854791065 0.027639027394815652 0.7968040147105698
138 -5.34207823859971 -3.2703433444989014 14.671422863035456 -0.005024314837930875 0.5662627182289599 -0.6007239431167559 0.5643155450371854
139 -5.345264266589541 -3.1980408580142963 14.671050774868519 -0.3436653149703316 0.041106020703915065 0.8373307904008309 -0.4231803324765362
140 -5.731409641518399 -3.987375511077604 14.136356910450733 -0.41734657605803605 -0.009567858021850005 0.8210085238969034 -0.38945512608532384
141 -6.046902002714863 -4.651069169755768 13.458478968795191 -0.31931000491326916 -0.057744207362309515 0.883291366169887 -0.3383830517743481
142 -6.0780605069866915 -4.705567117443306 13.481805474125943 -0.21406500629961442 -0.1989600784902022 0.8209126047781158 0.4906052950810129
143 -6.5450744197488175 -3.821025041578899 13.288461147206005 -0.26386853194874427 -0.18993995080337003 0.8494329608885223 0.4156439075605297
144 -7.077006149525788 -3.000804816838223 12.989480823712153 -0.20982453576270646 -0.2105862664918532 0.8377744475406744 0.45799679431727974
145 -7.584697723923585 -2.2137425294526754 12.81709907141996 -0.23049044369502417 -0.27813785729140444 0.8134542596880416 0.45585705555798667
146 -8.129375753918717 -1.3292414998698836 12.680261361703819 -0.22572139054198043 -0.1890297024208958 0.7858523688321134 0.5438324005200652
147 -8.482035513003783 -0.389875159039452 12.505793937644036 -0.266585658776905 -0.11371552016931162 0.7572712056714807 0.5852701838193771
148 -8.685476499753747 0.5032872372374911 12.260536265397729 -0.2435051730463777 -0.11947887258799335 0.795377243442532 0.5420378864235539
149 -8.664101117729652 0.4778683268231696 12.340378091141984 0.6461178524977386 0.6022867213265287 -0.41772477280530096 -0.2128108084243154
150 -8.76813278169892 1.4250320752048795 12.010335684164257 0.6772772384258885 0.5112083027664519 -0.4618450699027056 -0.25818742203951567
151 -8.733606544990693 1.4242344826633784 12.039173430601915 -0.30327249368663645 0.10048585979548229 0.7082960258171539 0.6294800444540533
152 -8.750476130841225 2.2927627736535436 11.456948713722536 -0.3571327891981842 0.11882255581162417 0.6855619718422098 0.6231710470438587
153 -8.656992135160793 3.0675906066219563 10.777065961964281 -0.35766069463638617 0.06188634454221935 0.6539242428322763 0.6638011694081692
154 -8.52938745393101 3.9602458839512815 10.240334725408019 -0.277175939007026 0.09354088412849891 0.6675072285148309 0.6847318465738841
155 -8.534473968643681 4.028147010584303 10.259422084901836 0.3142261979217753 0.5135251596250182 0.4151864149590225 0.6820366909523267
156 -8.411796205469942 4.931258595329288 9.806672058907324 0.2809796514990276 0.5627305794694767 0.456421051088019 0.6293365987268977
157 -8.421750399431621 5.855280965277925 9.297879752081622 0.3425504907609255 0.5243340590489809 0.5002620934658568 0.5978886130725587
158 -8.43339691224685 6.8489585990814215 9.0641306386052 0.3853366052034395 0.5476296683016164 0.48724587384948254 0.5605434019795479
159 -8.50343731327869 7.8564444245092835 8.767048202898318 0.40367873574607127 0.6121026772801689 0.5005786054363679 0.46021174534368847
160 -8.701129955765367 8.777285403014487 8.556793180552907 0.4270735382341168 0.6675594248423263 0.46076726927205214 0.3995824455753167
161 -8.999134163812203 9.684338670932485 8.414572979548277 0.42391146964938364 0.7331449495286533 0.42160772636714144 0.32410565244663286
162 -8.979184438517889 9.71663775617398 8.453706067525797 0.622539827846855 0.2341792459439467 0.06169874748826222 0.7441757239200378
163 -8.06093458630541 10.060779745925966 8.17500068853777 0.6920788669425273 0.2146524459198986 0.056914275747934576 0.6868128818013249
164 -8.038687889462707 10.121173953948977 8.17517253288948 0.3342676471654431 0.5584305348778457 -0.5213622148668862 0.5519075272938546
165 -8.179000127077707 9.977233452710957 7.19218214700828 0.3371489811711764 0.5460934592472322 -0.49111875551679196 0.5889947930519135
166 -8.281804639997134 9.800609662264733 6.164534387871228 0.2670165462667409 0.6515562762496511 -0.4679654079000989 0.5340271153306397
167 -8.304520814322663 9.789323917608868 6.230441979157908 -0.2767508108425746 0.6843018673558766 -0.6688931693276186 -0.08787417742483453
168 -8.296482025218747 9.740871653375905 6.21844862858609 -0.16400257463470225 0.9472932416806518 0.0461974551767572 -0.2713014281468909
169 -8.274121677364342 9.740936273173263 6.148779406813239 0.8508475671439638 -0.47168857116234447 -0.1566046136010219 0.1704209620877034
170 -7.721908732794001 8.855058842103038 6.021316513859726 0.8582105910824335 -0.493397430813749 -0.049812034400439784 0.13248516086423123
171 -7.738458299700456 8.807386450711606 6.023510197320674 -0.6502091221167917 0.34960559981686967 -0.4227878658458536 0.5255991272693536
172 -7.761320229817841 8.8388715692755 6.032154733428292 0.8558566690868954 -0.5171902280213054 0.004401099220896302 -0.0020640601740476877
173 -7.712165814202691 8.851837290450504 6.078289981034205 -0.3222629389353765 0.9429459091536575 -0.014896759849286617 -0.08232677052519909
174 -8.536486508184671 8.23641208205222 6.298464854158406 -0.3806448752681522 0.9231674594210225 -0.0432676815209531 -0.0316105763001706
175 -9.217545294450769 7.581423271142472 6.379815422666694 -0.3062387670853642 0.9504412963799946 0.045155433284141164 0.028985280996959052
176 -9.17871617319604 7.612539736078345 6.384976023420428 0.303923015021321 -0.6875229382106487 0.15664672420530926 0.6406284525138518
177 -9.17349391839488 7.587473886228279 6.389696257788273 -0.3044925815076162 -0.6168708775895562 0.6216984915550872 0.3744937566727214
178 -9.713618747639961 8.4827530694672 6.5257955510350065 0.2720318324634567 0.6587797993796339 -0.6351456493200036 -0.29765393027100134
179 -10.351689694632856 9.25622968933676 6.524588936970565 0.2968975305123279 0.6595707126248964 -0.5753022213519732 -0.38189748039317145
180 -10.92824100000699 10.065976117836374 6.675079457955948 0.23288888069009236 0.7537354130077967 -0.49792875074927145 -0.36015643213213905
181 -10.866868748791974 10.082882414271449 6.658792388221695 0.35382023274565616 0.9177246864540066 0.18050142368908473 -0.003446566250415095
182 -11.640847336295154 10.687920706005443 6.802348106842341 0.37568136883287856 0.912583153380604 0.1446147639938435 0.07170820952145368
183 -12.325786579444081 11.347715262139255 6.759440793494097 0.37313390206977226 0.8960944512410097 0.23995598229446694 0.014385831305728387
184 -13.066120758122784 12.0352093336954 6.932846291902504 0.3273211498603529 0.8866258349593582 0.3245870261660165 0.037399947612514486
185 -13.845330127215263 12.601603703247987 7.0703309138740655 0.24548754731420835 0.8745279635759513 0.418243511089813 0.003011721869504448
186 -14.677567449419552 13.063226130051172 7.249034631887814 0.35243540949619934 0.8073850370165514 0.4686505325300966 0.06546268016423518
187 -14.700614108455925 13.09361608253447 7.30984894268185 0.1657857607803191 0.15112636270622382 0.9484377787004259 0.22392338857627128
188 -15.506990249950148 13.537961058313988 7.569470240545806 0.05853027009713299 0.09205602161499224 0.9626823066729048 0.24767452994951278
189 -16.34467064749537 13.963335518804625 7.686855371541853 0.13709504228030306 0.05847480675701256 0.9637324702660581 0.2213715702428235
190 -17.15453510817165 14.427017311227418 7.8882474398096925 0.1370991210203131 0.1214959059015222 0.9537527645071188 0.23832381345483386
191 -16.70406954360957 14.18124834377179 7.82507980131462 -0.6347325864332481 -0.20960702691125305 0.47548737264255586 0.5719188722595737
192 -16.73736888344749 14.180972344537844 7.829310131295077 -0.33625272287877667 -0.564832832504168 -0.16400087371989125 0.7355281715210095
193 -16.403351812563145 14.326867970306374 8.74848923221115 -0.36996312633452777 -0.5752141405173724 -0.2482751004772508 0.686014177830644
194 -16.186166289230794 14.40304296472365 9.774306672859803 -0.3720313733293634 -0.48680961322831684 -0.19901960632018872 0.7648530931017548
195 -15.797284803785455 14.45524590507249 10.64315842091197 -0.3864594137289866 -0.42615444351116066 -0.20123578242616716 0.7928087232663812
196 -15.86166178060786 14.455430319561575 10.661799751707921 0.7929599630402892 0.1732232226996548 0.4973423833435002 -0.3063637802725644
197 -15.813268787634977 14.440396952148815 10.633535621007708 -0.32849508058154014 -0.5394197249738207 -0.1306000318848946 0.7642388200128019
198 -15.483583261277555 14.588227196314987 11.589269402166233 -0.30231921012531987 -0.5533836203675393 -0.10322597568678252 0.7692295248114375
199 -15.146938758749563 14.755460506971609 12.573908226940791 -0.3358235380734208 -0.5677110526767726 -0.005792406463784691 0.7515937466290143
200 -14.771238203725057 15.16952774724001 13.412114604563884 -0.37509782743267944 -0.4684945079804842 0.03596525314438776 0.7990751006092407
201 -14.767840627541176 15.085264544042946 13.392867388105964 0.1907269019204198 0.927164236245988 -0.2812662032462958 -0.15773094440104604
202 -15.618496523626945 15.530879518931139 13.545881168775328 0.20588812494280764 0.8955645206215919 -0.3771069379723221 -0.11560547886883427
203 -14.670949995893611 15.100786840548745 13.511017564186218 0.7169879237533641 0.056246612134639676 -0.524911875689411 -0.4552275898662561
204 -14.68797606109755 15.068088128636827 13.523698330809104 0.9176113233485668 -0.2561599753090406 0.06811613193481987 -0.2961954065855882
205 -13.78054256745493 14.595935883804861 13.484935601119188 0.905343618678241 -0.2873094044509931 -0.016546072138521065 -0.31230188236606937
206 -12.9421848954557 14.118380830924243 13.287748309131265 0.9399892128555524 -0.17728611444011877 -0.08630189297977929 -0.2784634565073681
207 -12.039319475645843 13.870099806564856 13.087765623915102 0.9510963500679591 -0.12872774944416374 -0.17724329059281793 -0.21778364344063286
208 -11.153389584630455 13.72921005662316 12.76625357877337 0.9169708095552767 -0.06977712212036913 -0.23610545800095234 -0.3139265843382817
209 -10.224827033902853 13.743012405076264 12.276404659679075 0.9442472887732565 -0.038042616630716786 -0.2269701937782513 -0.235445000160347
210 -10.241881186832915 13.69085458877049 12.299458008036122 0.892011146161921 0.08809327157994437 -0.08020456196535937 0.436030869165456
211 -9.292414390889324 13.710856999021411 12.090748737665814 0.9334693834428522 0.05030142597404018 -0.01050703664963647 0.3549567282087249
212 -9.251534528687808 13.714913149750362 12.022765641241508 0.6476006745587313 0.7029890599182144 -0.2681073396170073 0.12057446823383633
213 -9.40109668352899 14.49179994616653 11.4947394015234 0.6830350775675557 0.6616747882738601 -0.2551857501935246 0.17472776045378044
214 -9.458283888955155 15.254132865923246 10.92967561034421 0.6702263327020891 0.6722945008342818 -0.2599292905316638 0.176786682259718
215 -9.506602764690808 16.117745298370934 10.330909844539102 0.7074996553385362 0.6153001043478161 -0.2373051850562985 0.2540398953527077
216 -9.418957805506519 16.875928325791975 9.620729218675502 0.7958512004371967 0.5480364632747591 -0.20440498774268562 0.15651039157154711
217 -9.099317086134452 17.635678854175243 9.127017062405828 0.8619915368717987 0.4649562263390465 -0.18915590363300655 0.07075550911927908
218 -8.665770626956476 18.395839396663128 8.765284767733487 0.8214730515212083 0.5358699021877402 -0.1922386383407406 0.03270748358761263
219 -8.281509106575546 19.238719048527503 8.470673406740492 0.7895757568484284 0.5543033619154338 -0.23217927966587357 0.12413979724614906
220 -7.999821246493932 20.043838292799904 7.998415683970325 0.8069857512898827 0.5073083064994012 -0.19878675135294877 0.22780717034007927
221 -7.522587890093769 20.81970868546317 7.459159069546604 0.7634073308715009 0.546804492144058 -0.29212908853014447 0.18131378926401678
222 -7.277973173270686 21.504253719308306 6.850505378626011 0.7831469335094787 0.4800812648708887 -0.2905472986611677 0.26792746573534704
223 -6.90982277558307 22.117307363488823 6.141548206184029 0.8326078125889582 0.4415838710327025 -0.252860540524964 0.21869947943474108
224 -6.4295436280254705 22.82827169279676 5.52135482718098 0.8461492472313981 0.36315131098108705 -0.26137856367442464 0.2895407107713024
225 -5.885466295751222 23.288476170259184 4.824483033462936 0.8788492542258515 0.35570788431482975 -0.25090618338068443 0.19529970948332376
226 -5.2775793274164515 23.87650487280505 4.276335947508117 0.9273435265736907 0.2695013571694641 -0.21541364597331772 0.14491364095270567
227 -5.251565831026982 23.881118179340856 4.264104704157088 0.5837287032572958 0.29296567970426574 0.044622119322479545 0.7559370198476484
228 -4.374278387346607 24.29900566061583 3.9061572328728174 0.5583948168425876 0.29311448168246296 -0.05991423085795051 0.7737502272000016
229 -3.5533303614296075 24.477362894039633 3.380482772497623 0.5888730055874457 0.22789497405581818 -0.005723251232262856 0.7754093812211962
230 -2.6655939890431304 24.73223947738681 2.991470290143591 0.5370864565917611 0.24207934736991651 0.13252970529653688 0.7971020040977658
231 -1.8373499463584815 25.163405021099944 2.790533540877896 0.5743188394193472 0.35315829022713147 0.1009436684989693 0.7316060883575487
232 -1.071503440740856 25.700566298141084 2.385591611426727 0.5040993949997904 0.4606241881300346 0.09885942352080851 0.7238342155849814
233 -1.053436985421421 25.67939714350191 2.333902088976154 -0.17097622604813031 0.15426262592779616 0.3961700521451686 0.8888303899797159
234 -0.4316482832159435 26.33270621887042 1.9619388479429691 -0.1442691780336828 0.21000129980400664 0.41532348403496977 0.8732652872748162
235 -0.48801943556924654 26.334913501495272 1.9288437455424439 0.6968915021635054 0.13389340201165387 -0.5439934174932487 -0.44775657765582266
236 -0.0754728612785111 26.9841716735057 1.3286051158836605 0.7401462085807546 0.1748860662973754 -0.5103826042494961 -0.4013826740382131
237 0.3755691428013344 27.664757657875395 0.6609933549800979 0.6929686721855524 0.29723906199724043 -0.5271289201572154 -0.391890878850582
238 0.6957658245826828 28.491250223491193 0.09829780358495632 0.6784509067784832 0.2316171177075511 -0.564839298734253 -0.40867400759247946
239 0.9986987546719704 29.269232749932705 -0.4235286810273611 0.7233100688798304 0.2049020605725427 -0.5608973036886896 -0.3467447253310989
240 1.28652238039078 30.005548028194838 -1.1123881276047172 0.6345406126151555 0.20243409175056082 -0.6291734017400139 -0.40064882376216715
241 1.2510446262910504 30.025779472187352 -1.1761287350691356 -0.8490382258076405 0.10758538360166864 0.06375609898187551 0.513317286086594
242 1.300868795087274 30.05665663480405 -1.2159606677538242 -0.5614087087102708 0.7063156834027495 0.30358501305859664 0.30622631665123856
243 1.1485546899431596 29.40365011890415 -2.0236379564133475 -0.5564836223805012 0.7309825365003179 0.2133952808091877 0.3323446456349266
244 1.1093909933061674 29.339227848181554 -2.0232049891665946 0.6529909827404039 -0.3357679236056914 -0.6248237823855475 0.2654391058277995
245 1.080321233050434 28.531757210199217 -2.651169406084317 0.6765531491439905 -0.2609120239077851 -0.5901347043795501 0.3548827733922201
246 1.283770174058282 27.80584908466804 -3.2237975420529557 0.7052633609654266 -0.2409286519554478 -0.5204192753368985 0.4167982176119501
247 1.5985090678103295 27.00483477284058 -3.8136701215150755 0.6922836360800415 -0.23777462572312896 -0.4411426358985152 0.5192299773419579
248 2.0388713990249223 26.209165088342406 -4.139932929601461 0.7278040344556862 -0.23928195974829447 -0.498454586279951 0.4056950290372371
249 2.430796390989917 25.497319294222393 -4.7041789087243036 0.6739786675605298 -0.1790196190638607 -0.6069672083769424 0.3811765202877327
250 2.5902710120175536 24.77284557517235 -5.318381230067057 0.6413272999525603 -0.12843458558954818 -0.6112010975685851 0.4456871883854825
251 2.5809290582783206 24.770971836554097 -5.2445092460824325 0.36434803591174514 -0.4934349750863327 -0.0956541941476188 0.7839787683545859
252 3.0633083055713244 24.262634320034845 -4.482933836461607 0.36600244015332806 -0.39996439019007896 -0.1226196065410715 0.8312852293126592
253 3.0654386139191043 24.303724479268787 -4.460725348095152 0.5511421504015481 -0.05349283721337164 -0.6489252700473813 0.5218015334507468
254 3.297249930403283 23.539962482231633 -5.139282747095391 0.5047032336409942 -0.03791397858000963 -0.5964791647430467 0.6229364190734032
255 3.567248074293876 22.736762852275657 -5.653527515562787 0.4933071724628911 0.024818811695587552 -0.4946556760718208 0.7150858845709483
256 4.114585804779828 22.108243270248945 -6.17292412993615 0.38449528579969816 -0.03288945437829648 -0.47481973918961634 0.790966417911918
257 4.683723686579889 21.357735776444233 -6.455536073943868 0.42282575980791204 -0.015061999601488484 -0.44669039775816954 0.7883268367634801
258 5.241604330361517 20.580232612699618 -6.819300386677703 0.42034337081578926 0.059406152835416844 -0.49901247826344397 0.7554924924536911
259 5.7049896945736585 19.921085856304078 -7.378442232074203 0.5220452458725494 0.031446359188984814 -0.4038863538732278 0.750570250483335
260 6.430772777324053 19.365991706705685 -7.88955520017779 0.5427783332817655 0.11876424209159604 -0.3787302989833506 0.7401689647318773
261 7.063826819848414 18.91111894695005 -8.490748497663825 0.51522062253827 0.09148468768117686 -0.40023029786385783 0.7523257078572834
262 7.663355913558747 18.394745915850972 -9.04741779888452 0.5342360186748396 0.11618096516159096 -0.38642390280758093 0.7428125113536622
263 7.6850318273386 18.459081942053277 -9.013386856049577 -0.271564489155663 -0.5091481981055209 0.7512123398589653 -0.32046975058364435
264 7.0993561699106795 18.27541034648724 -9.756965651184345 -0.30207579560930264 -0.5002439225028028 0.7089402076794961 -0.394854420820344
265 6.599448578224974 17.98320573712427 -10.520994873669556 -0.3491816559017626 -0.4960437702063407 0.6822531732553039 -0.40809723939797754
266 6.170659844131681 17.790277942069345 -11.397514767706655 -0.29518266958075245 -0.5825476160726107 0.6526882808989677 -0.3840618108644084
267 5.599084494160765 17.629397931149565 -12.244780148571103 0.21311170056763676 0.6634859551851923 -0.6282983308221631 0.34584822948693367
268 4.93511110748884 17.52902174765076 -12.97856565833309 -0.17222326335535917 -0.5779149391991751 0.7074314558490032 -0.36863831309971545
269 4.880187931417679 17.468848590930573 -12.966048566270162 0.6159966682761125 0.7141436523685606 -0.29984173334044295 -0.14367283459937638
270 4.67687420221232 18.39577954551616 -13.066686275114288 0.5659549033946301 0.7058149623184796 -0.40520289104810087 -0.13164688897652946
271 4.659556451897035 18.419707883491608 -13.148064932997515 0.8788844551347377 0.11312559303667945 -0.4121064510349207 0.21197402609286198
272 5.33901363566751 18.43792082673205 -13.920248328371873 0.8412469364035795 0.1293520105837425 -0.4326265339903286 0.2973313495698869
273 5.343018121402388 18.433744281155487 -13.92014687509073 -0.32651124560992845 0.13864134661891248 0.9117640671991658 -0.2070151425919912
274 5.352370120239625 18.475497065160177 -13.957336967939582 0.31818351126649885 0.28395915379366826 0.9042288282793727 -0.02228627926366697
275 4.561104968295988 18.561626029216914 -13.401638303773312 0.27938617296696955 0.3303293241604506 0.8956965171540351 -0.10273097445610929
276 3.7185306507457367 18.564842187980787 -12.853120738551741 0.2820996879915358 0.43486691862139665 0.8545598859101771 -0.032216929043513955
277 3.674312278253349 18.626429188162412 -12.843686644274053 -0.3700006392935262 0.20747284302795688 0.8396863465189118 -0.33908905290203684
278 3.196154228846747 17.968548754617014 -13.345069253143025 -0.3284102314275351 0.16126385405894256 0.8177822408888932 -0.4442666944015821
279 3.144019128251227 17.931306678589507 -13.347034581603602 0.8512320621339169 0.2756247830404935 -0.3261909487877757 0.3050154427206116
280 3.7536120158910884 18.247215150973144 -14.077982212979018 0.8104964690202289 0.27856701842834797 -0.41347568348319025 0.30746341102282426
281 4.263590180587818 18.384089469478546 -14.948800916485219 0.8295732386857965 0.15326276444409176 -0.4525329235322707 0.28902027577775435
282 4.7815543427309715 18.320032249934044 -15.78315493668326 0.8172967886816163 0.2395971571776121 -0.4550219076638794 0.2599504280224365
283 5.284726166934718 18.439540373361066 -16.693350164870004 0.7725628001648931 0.2000290098310404 -0.5035720187007133 0.33098389237103554
284 5.2448037342416045 18.414756703902185 -16.7251866114558 0.6710730293559193 -0.30428263068231165 -0.17701498466722318 0.6524866015018111
285 6.071738864438747 17.782371711337134 -16.58603734149631 0.6528209010957027 -0.3002445502016057 -0.06420080592616306 0.6925000633106548
286 6.924649472060137 17.260811197618406 -16.274401407135127 0.6697246868325024 -0.261986529399861 -0.14576469835878744 0.6794001434887202
287 7.774153242659317 16.73145581325105 -16.130193138885137 0.6882160128911592 -0.34879251758718577 -0.09697776435669586 0.6287271367578826
288 8.546132504491142 16.145230557245497 -15.812730398236459 0.7592086108730793 -0.23813996858273562 -0.06774073543060813 0.6019159686392301
289 9.466681742858665 15.734431708673112 -15.608698641617416 0.7492241854337433 -0.28921007470481935 0.009743604313175346 0.5957564223953984
290 9.502400721719072 15.709838153937737 -15.63179255020178 0.8261278822720641 0.2627460466575565 -0.33864235059156794 0.3657849033029071
291 9.545994246632414 15.718202750223028 -15.57404225912448 0.7140298265688206 -0.4134739717665905 -0.00025465895025551924 0.5649784213494163
292 9.5241731725155 15.698054319508906 -15.616639351908509 -0.2540034232742925 0.7840190769783443 -0.40554017054255986 -0.39539033621887765
293 8.944979461736848 15.606022410716411 -14.863841801488002 -0.306075529006751 0.8022487925542399 -0.39850296490796255 -0.3223507908289734
294 8.305874529273717 15.354544497402664 -14.079014192944582 -0.2937360869831685 0.8169701285844004 -0.44165396870228074 -0.22631988894953362
295 7.589270225659402 15.090652012999527 -13.372198124071893 -0.29389893696048724 0.7812440067171987 -0.516540777500711 -0.19096293357851904
296 7.586128859320769 15.016082505049276 -13.328288833738288 0.37590006437553136 -0.20809903930653526 0.9003292698080909 -0.06929024007028757
297 6.865405898369947 14.769174747619843 -12.63636279815465 0.2760797364498241 -0.154931560885471 0.9390270326366582 -0.13418055947483387
298 6.043444670442587 14.4500343870433 -12.083504912384859 0.20677608010342624 -0.2418468832352333 0.944917789392278 -0.07670794650148816
299 5.121862096754732 14.271881066859278 -11.743811179311932 0.10442080806480941 -0.3006339730390514 0.9391170219846088 -0.12951728887143515
300 5.177434667754192 14.297831157960758 -11.692863028873095 -0.23335110240969759 0.8162486750979662 -0.5281499665103722 -0.018519618788900235
301 4.2284563039397955 13.956724283846532 -11.38139856738599 -0.3462471429760298 0.8342030363747989 -0.42899301548376384 -0.013535241045123872
302 3.442505448224712 13.385544587908944 -10.979438001293692 -0.30229702508135653 0.810589668132016 -0.501389015110659 -0.01303664339286701
303 3.4647704344519834 13.389856424476934 -10.984570204069488 0.33393377621394965 -0.26487160304654345 0.8935545263419297 -0.1410374966343901
304 2.7229798944008454 12.904661361918478 -10.417123040074562 0.25522027031650546 -0.2942620270230831 0.8978797708634596 -0.20514480287352455
305 2.728873259975021 12.942119310275418 -10.467774176908378 0.10774804279241852 0.37985308519448285 0.8909562536196979 -0.2242742675355076
306 1.8882561463774041 12.634218578192014 -10.105288861050338 0.1102378308777335 0.407024973693402 0.8505057500556443 -0.3143537188511427
307 1.094431691475101 12.11665257453343 -9.633576395386887 0.14654580245541213 0.44516683990656114 0.8597954011955964 -0.2027379602176381
308 0.2519457238665993 11.909867234140144 -9.13883409345951 0.12149297343657235 0.3959054418641759 0.9004898055998578 -0.13272696982377744
309 -0.7231179835449654 11.797041087082999 -8.76619587669054 0.16224073385110366 0.43915923158650555 0.8635524047687897 -0.18733488145523092
310 -1.6268766876488256 11.580837284598603 -8.266112361024396 0.20000401559537398 0.45718718255791657 0.8637185337094825 -0.07048807258835259
311 -2.5901357495650217 11.591211539259666 -7.842432179010661 0.21120588483562683 0.44678002752520835 0.8676634600454868 -0.054219934685202406
312 -2.552327284519787 11.60936117157683 -7.857264514001364 -0.49486251293382033 0.17902941066608757 0.741246683660499 -0.4166688341737227
313 -2.736630372977237 10.841710633715232 -8.422347131919704 -0.50581810301296 0.2736866042951753 0.6873478902978525 -0.44361759094611786
314 -2.888140732487296 9.912339798630187 -8.880055946357276 -0.3931941664877756 0.26816875346612873 0.7338720772511093 -0.4846809686129084
315 -2.8911245611070413 10.077504192799402 -8.831718136281504 -0.4365983325684318 0.7944322565001425 -0.19697915376122876 0.3734414262157674
316 -2.8388545346822553 10.12300110485715 -8.854368384320837 -0.02294500246764045 -0.41165551156485025 0.779144095275943 -0.47217342730894285
317 -3.4302377875278136 9.462522047931529 -9.264324863425173 0.08800356667237982 0.36555012649843804 -0.756640432798703 0.5349053493134118
318 -3.0380309955867437 10.225552307659717 -8.781658267384618 -0.38864945239496573 0.7617516441739778 -0.20140492105897653 0.4776212867163289
319 -3.293291285198122 9.397847767686049 -9.365556682469316 -0.3727382301534546 0.7844061838605758 -0.16568308405773927 0.4672496828896455
320 -2.973302528706365 10.09569039551183 -8.802543877287732 -0.42110339564564714 0.7557056891829682 -0.2126507333073668 0.454269201174853
321 -3.252294292071396 9.292201432527815 -9.28738639293999 -0.3502732618961383 0.7911929465587464 -0.17778127659623288 0.46873892627788155
322 -2.924265871156805 9.965453532075315 -8.652440972997674 -0.24102065388062283 0.8123257448804531 -0.22207632558980964 0.48240857602234094
323 -3.336798472349677 9.292447813154373 -9.342665288401124 -0.306129426534138 0.8213402447336208 -0.2618193324202375 0.4039004998286291
324 -2.8621608516106214 10.024234449925952 -8.787728741423493 -0.31397354980997444 0.7481897041689848 -0.3158406721231924 0.49181037649486403
325 -3.208926992624869 9.251281778605406 -9.37438997072342 -0.38092425564861815 0.7680639797801792 -0.31804544359293135 0.4047487248065814
326 -2.8100417523126886 10.077524590363637 -9.002071901388433 -0.34676825267438627 0.7663276132651642 -0.23159916779154607 0.4887285479309887
327 -3.0575288289156903 9.35346404273255 -9.639376404516016 -0.40120841719391553 0.6874384164360273 -0.2577734637730253 0.5477344894701589
328 -3.0408413365886626 10.194801723560909 -9.135060871357437 -0.3442218851056149 0.6936102966350015 -0.35605024805880253 0.5231101901832009
329 -3.2968993593650553 9.376106309440736 -9.632608639344081 -0.4116732450810843 0.6132178796985124 -0.37250008608851115 0.5619009318078417
330 -3.316462539989376 10.295402849310584 -9.23826271798639 -0.42351248304469724 0.6168668555079614 -0.411541199378419 0.5203328747015745
331 -3.416934415202627 9.294122191397289 -9.535519916953369 -0.5050796693862555 0.6286594044033514 -0.4143123779845757 0.4219326181710289
332 -3.2519595020580474 10.223371353554258 -9.42922804327254 -0.4858141227653787 0.6474702781856042 -0.46950302500826685 0.3526099636936645
333 -3.5176140168806036 9.3115366919429 -9.434829997621708 -0.4796574265226056 0.609244788141138 -0.46494201410311614 0.4272920135297493
334 -3.381705244927261 10.252822934979976 -9.333177981268465 -0.406640045406875 0.7100361948582773 -0.42923725995755996 0.3824236526769736
335 -3.7666245212849088 9.40043806454251 -9.56381965537289 -0.4022659197523637 0.6537836679183228 -0.5216272892433266 0.37236274852045437
336 -3.3648429252368754 10.263596664783096 -9.533544033181927 -0.4524337838199413 0.5973485817809366 -0.5076139549453885 0.42521337684434884
337 -3.6143723684913334 9.347624094315599 -9.556814361092435 -0.4431462459290367 0.6291777586677358 -0.5035995909567407 0.39261202822258084
338 -3.2498491073028015 10.331133128318578 -9.461597600046192 -0.416362137624582 0.5751350195828174 -0.5447823892844016 0.44617757443392236
339 -3.4680164782625567 9.401644294834949 -9.469657358178381 -0.39157307035406763 0.666408241112805 -0.5166195389995474 0.36834065574454317
340 -3.0008782591743186 10.295345973380115 -9.394213236128053 -0.40613487287467803 0.70582602080013 -0.3863718756559515 0.43310606910850896
341 -3.245491988038508 9.364871539559307 -9.69442714968394 -0.46029362104404603 0.7236413311528888 -0.32582389328471 0.39788415002137023
342 -3.029703803323782 10.237662734842608 -9.382494561219621 -0.4109647362968327 0.8062141466985849 -0.2487626080904845 0.34531710064745824
343 -3.4484819165958447 9.358213709515564 -9.79083420688423 -0.4711046728533614 0.804386916138468 -0.277504182492028 0.23240805721919994
344 -2.9359621145278445 10.240040951193539 -9.683823894125398 -0.4701104299539592 0.7651738284770664 -0.32330374499254366 0.29829496196893446
345 -3.23330941714787 9.34673358022262 -9.821927059812527 -0.485295776584957 0.7800551710475325 -0.2184937170979687 0.32903257428333804
346 -2.89110129312512 10.19342446514496 -9.517499010788056 -0.39809104506379567 0.8475589744510503 -0.22171098746412615 0.2720506252615132
347 -3.4524948276845677 9.432304590419493 -9.829018844989188 -0.43573913977668616 0.8081289132585361 -0.29020459299278645 0.26988952522864157
348 -2.978544556659196 10.311431548629683 -9.59777294682483 -0.43335879681729444 0.848149715095868 -0.24001116854314217 0.187714818217475
349 -3.4964378915428345 9.536305091507714 -9.75247449161083 -0.39174504826208595 0.88076021190252 -0.10919458828526742 0.2426392552345447
350 -2.881079120680764 10.298019261658842 -9.379233994503528 -0.32971085813313317 0.9017671744776107 -0.024529847013712386 0.27839719766776166
351 -3.567478852387695 9.683344841917467 -9.847450893472914 -0.2490925315171469 0.9411253205362635 -0.014106849832778054 0.2281162830130491
352 -2.804666664392281 10.19217127122924 -9.432341269979121 -0.2193825251774309 0.9661776190806032 0.05631167584408676 0.12329278648055964
353 -3.6639393267669376 9.78550054276296 -9.685977565291155 -0.2999074510792688 0.952035390518999 -0.026372866367697718 0.05466816172164718
354 -2.843912158596336 10.416410072683195 -9.597546163914332 -0.28641516855150984 0.9540069673508392 -0.06970758593240307 0.054570229366764
355 -2.835937848626878 10.36758734785793 -9.545260383550543 -0.1411490050735353 0.6992616432373412 -0.6731818484982114 0.19477246087754532
356 -3.682752137324876 9.91762042583073 -9.641971990883157 -0.18308418976201327 0.6852952008703909 -0.6685045783146943 0.2235001026744501
357 -2.8306915099988896 10.525766117929068 -9.54685495276323 -0.30333338051612035 0.9515446549230482 -0.0451107074308757 0.02273002479376573
358 -3.6511637330647995 9.898923739870755 -9.541211227996149 -0.27695338300077904 0.9587530864747268 -0.05736080443285404 0.028268019641004945
359 -2.790387287715461 10.499576971665267 -9.482851838748724 -0.2262022499320129 0.9637669941874385 -0.08747916591531106 0.11105457474307899
360 -2.729789361690704 10.474185217222397 -9.456777131644678 -0.17578309513410656 0.5678533370164922 0.0437652811613745 0.8029492457616318
361 -2.3446424628123137 10.387907592582138 -10.374383962019534 -0.20137722190054594 0.5207144751666068 0.160982300259762 0.8138724401616381
362 -2.006529096871284 10.442951924340433 -11.266248219403018 -0.1109606312616368 0.6152618128483879 0.17629233587295415 0.7603036579374005
363 -1.824187502552852 10.582425374846455 -12.18960120135375 -0.12342624167480158 0.5645593309562538 0.22668897323674075 0.7839967054198205
364 -1.584902103161055 10.736780609196813 -13.15791048590823 0.012275600112284622 0.5198636138484759 0.24993724509840545 0.8167756767625401
365 -1.6176258563238455 10.76860429813005 -13.136682145019327 0.3272485771785361 0.3019687875748113 0.7769811962270831 0.44499824805807087
366 -2.081261690607673 11.646736408059908 -12.883947656157545 0.2682278291008173 0.341834231301777 0.8073786091444808 0.39917786950444667
367 -2.6065116049573436 12.425200786792177 -12.73739563955912 0.3671825494600705 0.34120535354491965 0.8000878290188369 0.3295684267951241
368 -3.1583486827004505 13.227311586104738 -12.422891855543687 0.2628619712695009 0.3299871079247709 0.8340594370650535 0.35546722508057355
369 -3.752081367283107 14.004712719659397 -12.211661891231401 0.24701807763763484 0.42697321439710645 0.7891646965824081 0.36591669157829537
370 -3.769083207985753 13.993932760054788 -12.164641460501732 -0.45124531875082213 0.5857347176077685 0.6720668861724378 0.04023187051206993
371 -4.390299824633658 13.505301642820527 -12.781692599585773 -0.4948738222576413 0.4953400718189584 0.7129330500993077 0.038269823237104844
372 -3.8782874778485947 13.87786682702122 -12.006622209244613 -0.3420349964999165 0.8299427126551595 0.1437703905229122 0.4165779995256424
373 -4.319586349035155 13.424538565360915 -12.845216634045133 -0.37934673726875273 0.7632444427627832 0.09704045312720401 0.5139427244082221
374 -4.075332303007312 13.871138012712601 -12.039869158106697 -0.4866953852177949 0.7604182456162328 0.07187662920119649 0.42394037778478444
375 -4.2792091330766 13.230565925909161 -12.749984416061656 -0.40509015597406317 0.8160180354759142 0.06488270408106643 0.40719376962579706
376 -3.935575919154164 13.762880726774512 -12.031909264750121 -0.4517802698076524 0.7946034870425321 0.08755894313113005 0.39602186514147425
377 -4.253246333044014 13.148864223037831 -12.700906881285567 -0.34403205890768845 0.833892281359286 0.05404070691205322 0.4281882851381937
378 -3.8366600444161434 13.692123819484582 -11.90300675951669 -0.40283466907252896 0.811915742019695 -0.018586597881952802 0.4221037735356178
379 -4.219064917291778 13.016930401828187 -12.609702192337073 -0.3955774386727277 0.8457510902963777 -0.06036578834450276 0.35295829055733857
380 -3.734227194912119 13.701002249079142 -12.050172613773656 -0.3086200452758907 0.8291009121269899 -0.07172930192925486 0.4606519862204459
381 -3.687163085042503 13.664018014009768 -12.070538763951532 0.30218131758802086 0.7872705840149717 0.24251052731766537 0.47966667904452204
382 -4.010125296516135 14.335242049928489 -12.698213199046194 0.2784175621093454 0.7621876911030597 0.2624536951114964 0.5221797033229083
383 -4.258502086023234 15.048299017457754 -13.340991785952706 0.2644445567658338 0.6992955463599023 0.3249919665222589 0.5791675378801237
384 -4.28716071256338 15.031147901491414 -13.348574517814017 0.0024769319091843297 0.9001911688185205 0.39120572874019943 -0.1913316549615151
385 -5.180269010256804 14.850760458305547 -12.980937347919834 -0.07988385114700897 0.917368757819987 0.3192798461545814 -0.22386047516532065
386 -6.019748531241835 14.588531078247946 -12.618772024823356 -0.15320196120378438 0.8559732405871859 0.40586892460736734 -0.2812639090250378
387 -6.01524621568143 14.669808378459305 -12.620296203699352 0.11107580699345718 0.3222505433696318 0.8671737378475856 -0.36307913846181766
388 -6.037363270464945 14.700763755900415 -12.611817999070416 -0.13326108690253485 0.7963649512305506 0.4381193145270232 -0.3950896270563039
389 -6.705341725613782 14.133783566919288 -12.090355859770526 -0.1769526713490454 0.8276563512356656 0.45334657228146513 -0.27955250269376525
390 -7.475924288510993 13.555471597479741 -11.733935518905756 -0.12427843544468223 0.8210550995361013 0.47142109786514647 -0.2969605066280782
391 -8.198816108736695 13.061567745270768 -11.353669165279552 -0.02537433547539456 0.848988425014692 0.44402473852436375 -0.2853363434065579
392 -8.24651202407052 13.007514018531399 -11.365746309894046 0.35187552686858314 -0.4395615637647496 -0.3856296788268245 0.7309302265329878
393 -7.928587204365104 12.145721805225648 -11.0244985093629 0.2332094985140039 -0.4763025592470065 -0.41027913358691415 0.7419031165865052
394 -7.970114444557969 12.205928210605327 -10.998341706706421 -0.306734152141231 0.027180091184935015 -0.6332385107175571 0.7100594278633224
395 -7.79539582294912 11.31394483518605 -10.589573782613186 -0.3370964175490579 -0.005975236711850869 -0.5828110009210974 0.7393657004670809
396 -7.521639003117508 10.490096228439844 -10.20074561301889 -0.34033840007744304 0.09591000776204996 -0.5653407367920821 0.7452253989010275
397 -7.174179007861501 9.634564656406662 -9.95829163031756 -0.3116980395679785 0.00965252061102724 -0.5568931040947431 0.7698189602673177
398 -7.161567511794433 9.679788229406876 -9.929558732908104 0.2595232539015531 0.27487241037947435 0.9236700013518255 -0.06266232759199404
399 -8.0172407790612 9.677352282948396 -9.465366179116195 0.28687832039920036 0.1789327537956259 0.9369607060953429 -0.08825267212591349
400 -7.99143092437636 9.740134246506553 -9.444627175102964 -0.32820145615340085 0.16754360624803225 -0.6485925463624582 0.6659884781189939
401 -7.9135381149348705 8.736764611414172 -9.254103652969809 -0.26603277499528 0.25268935856020797 -0.6102764434335053 0.7020949460642005
402 -7.829931123809011 7.73557602796767 -9.29189901502269 -0.15803337733074774 0.30518211545041934 -0.5838035594035363 0.7355696650123668
403 -7.678999311594425 6.789066589658141 -9.533323776636847 -0.22634576997458372 0.27628067003821 -0.5335355462523602 0.7666657711565358
404 -7.686251110704495 6.817569634168407 -9.599427623140286 0.31267909692409657 -0.14261441089318042 -0.6469262413352778 0.680719729715638
405 -7.724387628706184 6.792198380254342 -9.637480986357962 -0.21276003454203418 0.42853074976905825 -0.5610956225336878 0.6754748452589285
406 -7.765218391342467 5.8522005974384586 -9.97071143062126 -0.22576023077638735 0.4800668939928153 -0.4896655458666847 0.6919506837072742
407 -7.714673847696782 5.863248610124223 -9.98699633271384 0.193206785687556 0.8131350445835394 -0.5370577151906557 0.1142433708737648
408 -7.77534542656907 5.8746278204195885 -9.975027170618324 0.08040101482180011 0.940817908209726 0.1802207499184635 0.27553188872855816
409 -8.622569100594877 6.1201492635103305 -10.420106072083701 0.12875019193005816 0.9391414260395685 0.2626767688537411 0.18010465035333426
410 -7.728241936744287 5.723210114630382 -10.133584773344836 0.14819584837653768 0.9186329460581447 0.3540753467887977 0.09371312467783931
411 -8.68782280648974 6.056470548295057 -10.24157383049366 0.24503951493591808 0.9117840742884832 0.31096805002288147 0.10910687356363015
412 -7.859277380056635 5.5007994424630295 -10.214042559353597 0.195463098613053 0.9183435993465582 0.339503496597061 0.05636121377473177
413 -7.905611791617044 5.4855301218792505 -10.253430735859093 0.07750635930307312 -0.748865663093846 -0.36599797496858516 0.5470269328154637
414 -8.276886642393972 5.0383456991537905 -9.504612652024822 0.03856483777586764 -0.7820275379859424 -0.31229425582519227 0.5379758181345681
415 -8.255010548434806 5.068473849831662 -9.510351590689513 0.19384293090682175 0.9512588212176322 0.22688628321381657 0.0778086607166166
416 -9.159247231944768 5.514367340174536 -9.540786615074689 0.2796950566471109 0.933373622842346 0.17786490440536823 0.13765330090554445
417 -8.420901002206215 4.925701634472315 -9.397537825094561 0.2271414792087179 0.9639820301988834 0.13097728637669137 0.0446132752654686
418 -9.339979671871944 5.440194528157595 -9.414067789629293 0.1849980544528022 0.9809272840454526 0.0410244675484938 0.04329406802614325
419 -8.391985960604718 5.043739788706222 -9.376235596523781 0.26911685984592243 0.9547128842779182 0.08674557404289383 0.09259929656523787
420 -8.360677847977223 5.072562843556948 -9.39716958245047 0.15620370521286947 0.7800461693351527 -0.5928369811710964 -0.12519061442163387
421 -8.30516819834562 5.06878928053567 -9.403995410292945 0.27447236671773106 -0.6000448587530828 0.6466493697507228 -0.38269528347414217
422 -8.853735890498537 4.2179034208469846 -9.534671900487933 0.13900340724683788 -0.5892005278928164 0.6788744131933259 -0.41551211993877407
423 -8.216762317495258 4.896734402671781 -9.273744928363941 -0.3807296865978233 -0.6398508802501975 0.6665817990440749 0.03611733613287017
424 -8.230600959472634 4.907765731457619 -9.339174897994234 0.1724688302425756 -0.6663527061487285 0.483315196071462 0.5409574797055907
425 -8.18679518218068 4.9060359860055875 -9.305925774628957 -0.5579953648999415 0.8098193606931721 -0.13791055066808947 0.1175349131582054
426 -8.156637944735568 4.93852807954003 -9.267350632014304 -0.41087290353305195 0.6226534392944314 -0.46925491666626945 -0.47253145383314676
427 -8.43281927228719 4.88615483041588 -8.259468898952273 0.35440182638589257 -0.5680218064891555 0.5936985478647283 0.44639960469343126
428 -8.479663297527301 4.867091132079619 -8.274886248753617 0.5819644888011221 -0.05513384209108741 0.10243404062506992 0.8048508312426255
429 -8.456577374377725 4.903037117365413 -8.334099639169597 0.4279767437215701 -0.40318678742170694 0.6610912715609831 0.4660843828620803
430 -8.426274098254694 4.969003866299137 -8.32409843394416 -0.21862607130356265 0.017170287653346755 0.7945776030124333 0.5661751098019798
431 -8.379408668485233 4.940528817955572 -8.352798602059064 -0.10539611497572592 -0.22029510419099174 0.09385463050842963 0.9651699510187984
432 -7.467368331895723 5.1310723570163805 -7.893968502897594 -0.12706466618289777 -0.1467183861562595 -0.007999171489698035 0.980950711823489
433 -7.497577029284207 5.1601758934733715 -7.892586009855905 0.019578998927838837 -0.08567076073008105 -0.6744804531536692 0.7330438608095247
434 -7.426761744266305 4.218475840658098 -7.746787303713294 -0.02677944012771127 -0.0035229511778147988 -0.6432113996022335 0.7652120920523804
435 -7.550167861179384 5.223051900438506 -7.750069186405712 0.1489398728996878 -0.6476122326511438 0.7422438996975014 -0.0865407634763602
436 -8.449282970502729 4.912539310006958 -7.644628678111229 0.13839032949369495 -0.6273906666356978 0.7655775662106795 0.03346727111632856
437 -9.454045110450972 4.795413682166506 -7.357446054299485 0.15176635128509317 -0.5684474053152825 0.8023433126078222 -0.10039786213579976
438 -8.501384126902467 5.185130321077947 -7.507510338274713 -0.1401453263995163 0.9823883951389948 -0.08817961864459556 -0.08658339009473257
439 -8.488971619954938 5.232490710521476 -7.534294729238812 0.8192468433555752 -0.5678269606431512 0.05513479269573141 0.05802850207514954
440 -8.525954391581344 5.1618235559426395 -7.567412118028861 0.9839731667448315 0.08377590085316748 -0.07251681596241537 0.13971298066057167
441 -7.565143107012628 5.2483091794775225 -7.740184269255707 0.9837996207335996 0.15747320894929023 0.0011513411065010094 0.08566895074234973
442 -6.672442895921058 5.575555019992206 -7.741577483944927 0.9583711194709916 0.22549558559223964 -0.08247033778005279 0.15451595913942037
443 -5.840794834399629 5.974074889729117 -7.965996900020584 0.9492091755852827 0.2931575977631632 -0.06103220448838519 0.09662108400202817
444 -4.991083385564858 6.510984161243013 -8.18679330354831 0.9362327895746912 0.3357132030071766 0.02847140891380602 0.09977067668567212
445 -4.204355378706625 7.202464651605022 -8.21067431488472 0.889917969500705 0.41891999581319805 0.1041648862886829 0.1473150404136587
446 -3.5467161828578355 7.986309591745661 -8.095467714661767 0.8704780803442957 0.4087119156880757 0.18378521258951877 0.20358162306091887
447 -2.9925990646170493 8.74140712498212 -7.913525130630141 0.8631203266207403 0.3695859721332402 0.14259034686742184 0.31320521061544054
448 -3.0168835944790584 8.726628681630933 -7.981507128607325 0.8918730937735918 -0.3106090830493 0.26207313307738456 0.1984995089389357
449 -2.3201361654464274 8.282421535593173 -7.336814587269637 0.8327018182420791 -0.34671779215380955 0.3179851725551988 0.2920271982801669
450 -2.911626685821973 8.637628056481773 -8.125242821136931 0.2846185606000879 -0.2092960906137347 0.91097960253632 -0.21284638869031802
451 -3.647775076365645 8.154906773741772 -7.7578119439459865 0.3239658408472672 -0.13374718188598128 0.8754192202041952 -0.33286485876217176
452 -4.186777467146606 7.418342857272732 -7.23535784206509 0.40105368271338004 -0.055257004485345936 0.8716323632241845 -0.2763324635607722
453 -4.695022160602726 6.852668306252063 -6.59418731996552 0.47801027751019637 -0.056272557944585765 0.8235980649575327 -0.3000429989438287
454 -5.032633300549847 6.325313588221019 -5.828273043325807 0.4617203728188015 -0.04755620092465562 0.8224658777522392 -0.328789575581282
455 -5.3303157969348245 5.750898656115704 -5.124658292716364 0.38454954504271915 0.04559211354524258 0.8747010623558726 -0.29144649269363887
456 -5.868681712451322 5.226866247091002 -4.477510469260789 0.40443549320306177 -0.011687820144726885 0.8888989381807587 -0.21483483050702118
457 -6.393944414556992 4.805207480088443 -3.7973396749313633 0.3440401263428186 -0.035096158568350994 0.9311714869361769 -0.11543098820001452
458 -6.369617984684656 4.75741195509872 -3.7765669758410123 -0.16725689176645228 0.23862940185337228 -0.664301246741205 0.6883204154358686
459 -6.432472173853617 3.713634284785012 -3.908065191612516 -0.11384964934982215 0.17300663973672065 -0.667638610154034 0.7150983472093334
460 -6.397715165448179 3.7319641699732986 -3.9223837458576107 -0.40961505708055285 -0.5338635622963085 0.572820150634497 -0.4680622574960116
461 -6.347626122664955 3.7292371620348423 -3.929819658947642 -0.1223011561020629 0.8176215354089401 -0.0657196003972434 0.5587650545401471
462 -6.723175267533927 3.3946824313312605 -4.856673351262947 -0.1047816618215625 0.826551929282034 0.027613921095911476 0.5523315878236272
463 -6.733045857174635 3.3893186446116057 -4.800672184028836 -0.023890705253082168 0.9937421269227609 -0.016692133232934753 -0.10782945826475972
464 -6.759284981530593 3.406089272595657 -4.760477949111289 0.7745323339277865 -0.6155980156823596 -0.07959748022689202 0.12166753030223904
465 -6.544982017794571 2.4809237388722423 -4.7811461735829495 0.7421764275206549 -0.664528103723288 -0.08698821112841294 0.003098535022756906
466 -6.477843613653632 1.4982245753610246 -4.9515010557778405 0.7975465108903258 -0.6011969393467042 -0.03042443400700545 -0.039448154610522174
467 -6.430926844507266 1.463344617526544 -4.988576694420985 -0.5230944372818422 0.43945453714206933 -0.5082846106089888 0.5243078047179054
468 -6.340378932415351 0.5203702852411692 -4.935682761333336 -0.5505649339335817 0.5000895615470268 -0.39431006386339035 0.5397298004469094
469 -6.292202091318483 0.5552897575069052 -4.889458644662115 0.7918049745018382 -0.6088202700295937 -0.03656077019610711 0.03234302456331379
470 -6.008716144291458 -0.3597611309165486 -4.880730257543315 0.770824409967203 -0.6269503841019406 0.006311352748986184 0.11279677167197767
471 -5.748849984064828 -1.3077926563370132 -4.752768552452312 0.7547299754463023 -0.6450674795688005 0.0965379598097152 0.0703635792250285
472 -5.616852609187824 -2.2810558194731123 -4.464120111732475 0.7256541901379124 -0.6525050607458969 0.10630749028942346 0.19068785893351506
473 -5.57007877998531 -2.2581030227107832 -4.472893240692374 0.48932431521369363 -0.5149644432720416 -0.3823412857660105 0.5909217189315001
474 -5.5124148490100735 -2.2869873539594705 -4.435027972114329 -0.07053500168575537 -0.05955557231596351 -0.5737484639673953 0.8138124153872088
475 -5.136409851688982 -3.252642324520996 -4.300879804640874 -0.04882979503473898 0.03483073406465455 -0.5059918926711657 0.8604502749330922
476 -4.681036735701015 -4.081093722088348 -4.356034791526026 -0.013937198292738118 0.10928145564763425 -0.5811989251832352 0.8062698849151784
477 -4.358919439902802 -5.068681157373059 -4.518167615676961 0.08153659662661233 0.13824290782140622 -0.6543120141523144 0.7389969350298906
478 -4.220139132491553 -6.041088050504138 -4.884321740854467 0.07212256865134797 0.2596033985316808 -0.6375538367646297 0.7217544705705898
479 -4.218848224494054 -6.033774903707587 -4.875105473863727 0.24933485277912268 0.04771503601308036 0.06736056163817558 0.9648927200801513
480 -4.2037619936649975 -6.101783491121709 -4.861780466838584 0.28224585723557294 -0.6890325217071975 -0.1963814569708538 0.637970049031443
481 -4.251036963509589 -6.704811841325752 -4.113309635461114 0.26173601673819724 -0.7504745797207902 -0.11657784005562224 0.595560047302446
482 -4.361188458063825 -7.186388778695752 -3.293657008989904 -0.3663382796443583 0.7795055862209944 0.12378107882908315 -0.49279361850716435
483 -4.053535626227936 -6.46579647925213 -3.989199003888743 -0.1746256624649332 -0.4003820304235356 0.8943799399903822 -0.09635678837222889
484 -4.100363176232511 -6.4750254846456405 -3.9693329893577176 0.33555186004896775 0.18445589051163996 -0.630002879788758 0.6756310717626198
485 -3.9890025730087513 -7.190592049675483 -4.7038466857689745 0.3149396259743995 0.23548403826929745 -0.536282764558605 0.7468340486004028
486 -3.7115493800496813 -7.8397901061243935 -5.42412625727514 0.2277799838342054 0.26652747016151973 -0.5384046043652105 0.7662896766968286
487 -3.4893764178055595 -8.534773424656679 -6.116032579734673 0.19092056224015957 0.2805396507239982 -0.48017725701484815 0.8088736892316716
488 -3.0758970691851317 -9.16164498165739 -6.757649671277503 0.1593861895016934 0.37270070347704787 -0.41980326553425124 0.8120686217744304
489 -2.788776512220054 -9.699671783986918 -7.48960618059397 0.04332272232874065 0.36856834766079266 -0.436929336645251 0.8193737057114786
490 -2.4768771209387044 -10.421336380489954 -8.160344445516252 0.039201045345078 0.33114030905994585 -0.41021002090955927 0.848844574998813
491 -2.0278821784137024 -11.029849603444472 -8.791547474817262 0.10295618501332678 0.3095172680030927 -0.3904347713396364 0.8609063677917415
492 -2.0449147102975145 -11.054771887879735 -8.80144825829209 0.2207416179119476 -0.33745666613940756 0.8124633293800511 -0.42106944203109214
493 -2.598071563053386 -11.88822428006681 -8.79758156195732 0.126289152732956 -0.4046393433977839 0.7833454729218452 -0.4546294334174303
494 -2.0552641544513373 -11.062880018613475 -8.572492383511678 -0.42902055291285207 0.8158993520083444 -0.23546253495382616 0.307907465326569
495 -2.4748547445715197 -11.961342240770458 -8.853616776576457 -0.5086285911125414 0.743874896371381 -0.24547139600172505 0.3573386189544895
496 -2.1854568855933665 -11.031258202100368 -8.550404320322516 -0.48252461740834013 0.7262342658750927 -0.36747100110861886 0.32360291718096285
497 -2.501696915173932 -11.924429650889074 -8.634040396092596 -0.41569036819135263 0.7892358680757237 -0.32761896134857726 0.31140661280803866
498 -2.028369645983096 -11.076025722665058 -8.486545328715868 -0.43189952696347494 0.723470120990423 -0.38075851401753963 0.38088940211823147
499 -2.398957362827629 -12.037653933076513 -8.679012722279 -0.44238793101520074 0.7328939891322982 -0.40231563197398895 0.3245018512354068
