# time x y z qx qy qz qw
0 -1.846975465618506 -0.5025286923161048 11.054684588621843 0.0 0.0 0.7071067811865475 0.7071067811865476
1 -1.912769190208709 0.4250301601925708 11.093409465499112 0.09461504579941477 -0.07133863156097028 0.5587547698199954 0.8208239153184969
2 -1.4977877197623033 1.3976516342451148 11.315909344250686 0.026563732935208525 -0.044697517685584436 0.5552111404552511 0.8300825799398956
3 -1.4975178321663747 1.3388261517048807 11.249311635927913 0.24929877892146265 -0.05118566790710927 -0.2616874686571721 0.9309939929865135
4 -0.6470445989268657 0.9050443888623081 11.146407402508798 0.2743867014137788 -0.2047147255862284 -0.2366769519899862 0.9092787469264586
5 -0.6136467715610623 0.8218854774114219 11.23550365453946 0.011414239783746706 0.8700568325209733 0.3074979855565579 -0.3851179198536328
6 -1.3624405055264341 0.5872534624603475 11.908564820804497 -0.1036023289714409 0.8440751710834313 0.3157862172739953 -0.4208119864879691
7 -1.3351431820739896 0.7253286963710065 11.908293033722078 0.09088362216539676 0.9032047102342275 0.29109150141481127 0.3020383360384469
8 -2.17952944175791 1.0064614044755094 11.45858012494367 0.2496913050043077 0.8590978770840708 0.2634291509653382 0.3608464662658754
9 -2.1833418403428095 1.007151148973143 11.488329634147993 0.42958427468220006 0.4086277908219466 -0.11712082127904254 0.7967203980924965
10 -1.529239438327834 1.1027910226192388 10.761036676535914 0.3957124871917908 0.4426074064546306 -0.16183844475790896 0.7882376729326844
11 -1.4880999524077576 1.0215934137360339 10.773788048461581 0.14573552544459337 -0.10503673610337923 -0.37278171998248727 0.9103637898878865
12 -0.7172363249422903 0.32670404950115584 10.852004087384104 0.18942018140644495 -0.06698038675216833 -0.29540734918628814 0.9340064885819637
13 0.10154349390471307 -0.2547255485057729 10.739120503113 0.22737102752731306 -0.14212497199748977 -0.39977382686495194 0.8765179949833535
14 0.7693127159033922 -1.0119554197722427 10.690786788301772 0.3326923579395538 -0.2333553834645547 -0.3405428930438491 0.8478747537072064
15 1.3733958302269555 -1.6636317307315756 10.85823535039938 0.3574387066224877 -0.17121645164913837 -0.4152573492442411 0.8188307710335315
16 1.974881643689021 -2.457847406438249 10.918527513411542 0.294326859322029 -0.13346242406228634 -0.45483498178122794 0.829870243226686
17 2.5355906097941627 -3.26916118473954 10.802527409082787 0.30606321815696347 0.024132935396453864 -0.514887922794722 0.8003957364208596
18 2.550086076662713 -3.311866062400074 10.823752301006325 -0.27246116008939136 -0.3185632968499472 0.8534063234607151 -0.30980637375641706
19 2.5505988875594974 -3.183338947405642 10.75122576455947 -0.01658407935676709 -0.4735829423037952 0.7981688551638224 0.37198204757386033
20 2.4759974162817806 -3.197650699233367 10.802383786454419 -0.6201852999014268 0.005918878072670759 0.5176597641031673 0.5893755418213347
21 2.962592198651266 -2.5915237843688494 10.127558379373626 -0.6537433295954905 0.020832486383453253 0.43964158430500005 0.6155493025503925
22 3.6594426578205312 -2.064343073894584 9.505687505750588 -0.5867514001057268 -0.051176091428290965 0.45031535651197097 0.6710587767324031
23 3.721787492993979 -2.03684975817731 9.570421814987949 -0.22934940939628615 -0.5310774168507519 -0.09720055406168963 0.8098812740215741
24 3.68223260492062 -2.0932852529147823 9.599160660662305 0.3539902081831725 -0.5208765222461285 -0.5766452670498292 0.5204409832749952
25 3.6856157324566463 -2.1037095628657583 9.651575930169745 -0.0892498366552955 0.13669139672932695 -0.7514941604453259 0.6392233221134558
26 3.4506789957733424 -3.1663025484940253 9.498347879975265 -0.03516073519333902 0.07856377039469589 -0.8060879138513152 0.5855029733697922
27 3.1369128231823398 -4.048865484309525 9.395696399490413 -0.13201466239576984 0.22974501881468262 -0.8116897299899362 0.5205277489925346
28 2.6311430966506286 -4.907327666539583 9.406491741664574 0.31639844181684423 -0.16621716881423043 0.8262198876804461 -0.43545904056359386
29 2.1921654025605997 -5.683610968400775 9.815654629349673 0.38068329850961263 -0.28959744320897357 0.8355679644893921 -0.27025862399139183
30 1.6345524852294644 -6.346205459506372 10.328193630359838 0.38109338428486134 -0.4068584903536391 0.7799558648098793 -0.2844342634601921
31 1.5743797289072488 -6.328687338411698 10.380076256065406 0.06876094923456275 0.6813433491569975 -0.27851452275576816 0.6734039152202889
32 1.4353703875789916 -6.591579493033938 9.361800410923486 0.17079435610264565 0.5782287692369319 -0.3361755626624641 0.7235100340830118
33 1.491712798685253 -6.910784782912222 8.3883374957086 0.2407364431170895 0.5297138028815402 -0.3567087729635514 0.730895412000203
34 1.4560712675057392 -6.931315829027029 8.375373930466207 -0.14139475823290018 -0.13390556250459315 -0.4383141892405665 0.8774722184690368
35 2.05224532860935 -7.702077152723513 8.748145028900666 -0.06950729374610684 -0.2005300551596849 -0.5087487622965547 0.8343447308849441
36 2.436405424680837 -8.555325704612043 9.174281284692666 -0.02479643738133028 -0.08118002349116343 -0.5400646615484558 0.8373321335203372
37 2.456452358504761 -8.566256836282422 9.131749120314357 0.22049972074798463 0.4610675987646389 -0.404029640197075 0.7586544617687901
38 2.7116555350238856 -8.939790992472224 8.256445330351589 0.2474333148723492 0.46753358889563007 -0.3947751838844352 0.7512267647885444
39 2.919644571414531 -9.403743043149758 7.289952310011951 0.011534808979445189 0.4805985511039163 -0.3737551800155015 0.7932206794267305
40 3.1400501212118095 -9.905511146201823 6.484534672364445 -0.06067209651440128 0.44886144597059086 -0.46853405172848045 0.7584972916211572
41 3.2813391995657906 -10.732950122494803 5.821339767888129 0.10946758808073045 0.5544365090934065 -0.49532167397325627 0.6597525625842124
42 3.283838098561997 -10.711248903698992 5.856434964568172 -0.3370003859653812 0.6722729205974045 -0.08430997163919114 0.653736712119503
43 3.3018138453196073 -11.232949844955714 5.085323401349598 -0.30286881930084114 0.6977611365337573 -0.1212057352783157 0.6377374415651597
44 3.312973923372324 -11.813033970382408 4.315096278352476 -0.27457999100312436 0.6776103741519146 -0.13889105139385657 0.6679515590408746
45 3.38678931496615 -12.42591225867322 3.526478328884654 -0.2503977518648767 0.6136664286781779 -0.10297490405915394 0.7416944447064399
46 3.312241955668474 -12.44504100108756 3.5461146893289586 0.3128946497771499 0.4179290658343393 -0.5988295059567038 0.6073182500693689
47 3.384988264614278 -12.549282178497215 3.5104944297782246 0.08165798465874066 -0.47198808664715275 0.8443148958062097 -0.2401907082390612
48 3.4477721482542285 -12.59828114623684 3.459057530372345 0.6221194557262191 0.5410665183678777 -0.5559528911416367 -0.10550255134086103
49 3.2125477615603226 -11.769766769598018 2.8688727407395325 0.637257022856918 0.6363503572081043 -0.41909326537893343 -0.11542332786173704
50 3.092992417859886 -10.865960677107537 2.478204892834642 0.6861652656883291 0.5582053624692837 -0.4591740939472667 -0.08211670305794273
51 3.123851069970643 -10.047363344266458 1.9529245174371797 0.6598698562524116 0.49681032875242087 -0.5204103702541928 -0.21662021278317178
52 3.1172428470372826 -10.073919192324736 1.9868168096636118 0.15289628066356672 0.846806720289936 -0.1974811590871691 -0.4696193113966223
53 2.503807420109222 -9.618269170864382 2.7355869030543354 0.1232383725944332 0.8761306102234501 -0.10125489197567183 -0.4549229651278944
54 1.9668610310603492 -9.263811213151083 3.5671479371621446 0.1386437393728943 0.8797411505244509 0.03667448695723837 -0.45330828760683306
55 1.5092479342072322 -9.067651550822806 4.424605860277193 0.2687032743376872 0.8175286609581469 0.1305472457372009 -0.4923442449167199
56 1.1493695333282565 -8.787076815666252 5.214505671704962 -0.21715805058503732 -0.7801716351034553 -0.16666237829046154 0.5624928910738982
57 0.9125711272113105 -8.717281431171154 6.093300140052923 -0.15414408427413873 -0.7027336323662734 -0.14257203692812917 0.6797633834730683
58 0.8854504358235618 -8.654995817534065 7.083852890098 -0.051245072096946245 -0.6782831605997427 -0.008974937557861508 0.7329565792926851
59 0.9533184314094141 -8.545498673867613 8.064496098503223 -0.06411943689672034 -0.6289658092862372 0.13641045860241552 0.7626813852093378
60 1.2964570723437707 -8.29665642205234 9.062235554513702 -0.08889935099032031 -0.6102606155944493 0.09787732205620926 0.7810882896797827
61 1.462619758839884 -8.055331715970174 9.98201328644881 -0.1345587433209264 -0.6913681887968799 0.08737394285408678 0.7044641695826304
62 1.5057189645702909 -7.751162285818516 10.83362412200126 -0.06678284789935741 -0.7897898688023612 -0.00917993526611917 0.609661990903245
63 1.198990187630012 -7.674191052682471 11.84286209404151 -0.10645959419624564 -0.8279475880617868 0.0405934783955708 0.5491095662415524
64 0.7988134685363741 -7.47246408914133 12.729027330881568 0.1574685760617947 0.915508709620084 -0.08064884303593767 -0.36130764492299866
65 0.18504510448568556 -7.104612340910778 13.436194601318132 0.009501461152228283 0.9359155238691005 0.02587917431048763 -0.3511440199601965
66 0.16037952227419253 -7.151890551991996 13.368287839163319 0.3179028534546507 0.6250016738629975 0.6416761213120894 -0.3107449738478721
67 -0.4266607684787129 -7.107921457607378 14.243840138760284 0.43725587844262037 0.595153586394499 0.5923462441315435 -0.3220643296492047
68 -0.49638380216289263 -7.09435852400765 14.252646934036973 -0.06621518642301762 0.6626828982654421 0.6747620972229046 0.3180613739277781
69 -1.1941649290323937 -6.773379201180383 13.738385787182263 -0.0484866080774671 0.6735339395776959 0.5568629281294124 0.48363701300585665
70 -1.758837414630193 -6.314465401670509 12.98890975720041 -0.048894145446232974 0.7303118672385642 0.48420578838206657 0.4793732299669071
71 -1.8028605809832157 -6.3261799870739495 12.991238143699569 0.4153626431531604 0.5278298672743948 0.7386420622379497 -0.057248666174711416
72 -2.419219048877417 -5.942687518252753 13.779108001707634 0.3355690420327118 0.5001982196817257 0.7932914320463998 -0.08879111947853843
73 -2.3796711239289228 -5.898172219972716 13.726915656023193 -0.3922400677800182 0.25257098342497847 0.803940539624757 -0.36882954912468746
74 -2.7346022792820115 -6.739134738253772 13.194252306842472 -0.34175433000408384 0.22924981356027427 0.8351723953478906 -0.3648774738935054
75 -3.275883975007998 -7.527407841036527 12.844429683014905 -0.4695826532973357 0.21543031659305828 0.7645903919882571 -0.3853354939453302
76 -3.618165050739794 -8.350866006050703 12.296622777037758 -0.4666587137194251 0.2759253996547071 0.7505559990790994 -0.3778366194289486
77 -3.644584928343668 -8.372687502778534 12.270924532555712 0.2075740811509115 -0.4679373603933039 -0.2429117236041044 0.823979078689614
78 -3.1309738363804684 -8.984845139549742 12.867014008790967 0.23141365497193062 -0.334618089750664 -0.2240726138665924 0.8855901523950804
79 -2.4736028701087633 -9.51798970692556 13.375263162705417 0.09911702064982424 -0.5077675663561798 -0.25100944422268545 0.8181333471294536
80 -2.145208176262192 -10.068754109149602 14.163831518671806 0.1744994534484263 -0.5511402072352938 -0.1740985291112377 0.7971725753412124
81 -1.8426085198515494 -10.411897759718125 14.969941417748663 0.21095509745428667 -0.593203281226899 -0.23844582068262724 0.7394264024219589
82 -1.6593531210157528 -11.015516104416196 15.8084749040769 0.05655796062887617 -0.5818372389414418 -0.3076337282598716 0.7507516991039267
83 -1.7172568726260404 -10.906508710394366 15.879986634398055 0.24336258828748616 0.22365295381821426 -0.15838027299805435 0.930413723026195
84 -0.8537249122723596 -11.13327991018469 15.429729807297988 0.27715572999060617 0.23633269018938988 -0.20725788365267708 0.9079513921708768
85 -0.8334304195118926 -11.19560383923104 15.420962168212444 -0.016967976643375172 0.2516863626772623 -0.822988161847266 0.5089759798558028
86 -1.336607007995509 -11.985956139285673 15.13856071588965 0.09738769432592198 0.2777510721251225 -0.8113585252785243 0.505041901613204
87 -1.7922105516825264 -12.674507815175119 14.634967004454436 -0.12499167067748905 -0.39933004617868295 0.8253397120301695 -0.3791133817555603
88 -2.4370709833871884 -13.151128528472409 13.993436908465844 -0.17624685884771288 -0.31218076193730065 0.844867537944297 -0.39708822690996753
89 -2.492759630893711 -13.219733759246969 14.094321291241757 -0.4052579302610759 0.3814836896860711 0.8299855652623539 -0.03688042733131685
90 -3.086902311741309 -13.586055134796132 13.411306547010335 -0.4204971500310141 0.36325470547179045 0.8042339355196483 -0.2107983461201131
91 -3.0599047601562885 -13.515325816653595 13.408666009989437 0.2704241631723252 0.35744899820342574 0.8839295087545325 0.13330269768044908
92 -3.8014636818537237 -13.081278929216847 13.777680351785724 0.2813448550535298 0.19673415352318327 0.9350417854483892 0.08853024815232631
93 -4.662038630205263 -12.791027614546504 14.306792134475662 0.2707401789242917 0.029918418704038635 0.9620603089417983 -0.015639875226591205
94 -4.688634202392196 -12.768455979196592 14.293094338394019 -0.1627165039551879 0.6912196711179305 -0.6853559688389942 -0.16132545235326243
95 -5.612884228153266 -12.766002905670469 14.789647298445358 0.29779003803279797 -0.6271990464199648 0.6709103757111738 0.2604260301532908
96 -6.226527772212045 -12.844173311898585 15.495085846858283 0.33008193158184135 -0.6406307860075731 0.6555115050424006 0.22570507575056015
97 -6.210756758008886 -12.845316373602396 15.465721866839003 0.4360689999844446 0.1779268546477844 0.8821034321476715 -0.008910479280617195
98 -6.844154096130477 -12.71729715061803 16.233240810638932 0.4736298515446095 0.1576423993998214 0.8654991276121098 0.04165210366805693
99 -6.874198533440338 -12.774164934005414 16.294318601817466 -0.476828860126787 0.11084472309557253 -0.6453320543017068 0.5864249527456961
100 -6.685158292282971 -13.680051887606755 16.768520391198077 -0.45558205538403146 0.13683548350017402 -0.5636752998151121 0.6752712030330311
101 -6.370356497119286 -14.71222409863695 17.123067582538457 -0.6055524618052966 0.23129599474311455 -0.4668823675650759 0.6015224299011346
102 -5.853363328536707 -15.593761178136182 17.370767689136965 -0.573557291262969 0.1307221479641112 -0.42529580317338417 0.687798832125964
103 -5.196310986950793 -16.355709534069014 17.656799197971576 -0.5366153053778548 -0.020820964677839837 -0.43681111375278703 0.7216692818501871
104 -4.511094536446743 -16.93759593282738 18.15832569873546 -0.4123725020823259 0.045531277315022545 -0.5117124397142747 0.7523471282287777
105 -4.022401051418836 -17.737904243874265 18.507459645972332 -0.4178027211654758 0.09292160900636322 -0.524997157764817 0.7356523942088786
106 -4.039883300081628 -17.675247690486 18.520658230826218 -0.21772035317000446 0.37006715162083686 0.07256635565702341 0.9002123500227195
107 -3.2486758199405994 -17.691521003182185 17.780188777633537 -0.29928291601468043 0.32063298034812604 -0.008997476450478603 0.898634115484356
108 -3.2218552402738974 -17.61975018909762 17.84619202974854 -0.8022264867117928 0.19075329530595306 0.2563094936647597 0.5043325171008611
109 -2.3682808183417032 -17.677754486282602 17.28878313358507 -0.8047565144647918 0.11680287550051689 0.004672074938546227 0.581981281844235
110 -1.3910075559624255 -17.805311273406993 17.113944094959173 -0.732721215532716 0.0018578690592879004 -0.01302692028966092 0.6804016960432889
111 -0.30846131162566004 -17.836775550892177 17.140378494605436 -0.7267100587445653 0.017951925004615614 0.16209597777902993 0.6673043630128305
112 -0.31109920397504354 -17.84448086635477 17.07547911387498 0.053711123244033605 0.3093701964722144 0.09017436106102386 0.9451316211945529
113 0.4541469062337409 -17.59619007026548 16.557194057358355 0.09596734284384702 0.3126246339055047 0.15682040281461163 0.9319138740484572
114 0.36879418156161675 -17.575915751669378 16.546000016421726 0.17963279752975794 -0.42250726504064207 0.14189943515514605 0.8769744690366761
115 0.9688455191852279 -17.51333750677576 17.359063661934556 0.1281656781812238 -0.47032144864856856 0.06926818120561531 0.8703868180010108
116 1.4896275711220954 -17.54216980247389 18.226768908169408 0.15511827491462626 -0.4087576695939953 0.06998218608124679 0.8966370402603755
117 2.1116880213636877 -17.549040690154413 18.943404651778003 0.08030037385001407 -0.4269065626016692 -0.029181884145911736 0.900250550905063
118 2.0730425471948224 -17.64520865352642 18.91611764250346 -0.3626026915443969 -0.36975899526814615 0.6840739336252378 0.5136539952512208
119 2.090880457871917 -17.66138551247669 18.912653836716494 0.23094237703015646 -0.505580597365537 0.8161008099479471 0.15821929737384205
120 2.114791872592417 -17.701217926492554 18.887189764897546 0.37467996626706895 0.07545158240868309 0.9049525080696604 -0.18703726828780523
121 1.5014022894069248 -18.051222878001777 19.54237855599276 0.38873540131702033 -0.1207814600131433 0.8992288676001136 -0.1602625045186968
122 1.3964147858684632 -18.056656090900056 19.577879781789814 -0.3251550945806493 0.3069662384721975 -0.4456086216241892 0.7755506748373497
123 1.4393089020686438 -18.02888463469324 19.53866500099779 0.346068951218318 -0.0837405985982949 -0.5051749126973231 0.7861438168238077
124 1.4411933438457025 -18.091752161842887 19.50886277553663 0.16221817164338964 0.6370078591340345 0.6314965142799007 -0.41124008151259367
125 0.6939347208094331 -18.374683337187278 20.290983621995597 0.239342655457562 0.5928903720394105 0.628196666842957 -0.4433565695790365
126 0.12673433075922913 -18.610825069830305 21.131780283608826 -0.3515412707817702 -0.42984862566735793 -0.6528206123675082 0.5152418286757505
127 -0.1719128170590758 -18.95068492539182 22.000010743048804 0.46057853324918263 0.5217489985946913 0.6314235136460092 -0.3419791566607475
128 -0.1736596857047546 -18.90199220731163 21.978228830968707 0.07233023914901109 -0.16666171226940443 -0.807737204856017 0.5608500851916356
129 -0.5028508265559417 -19.875818066454293 22.07755697797487 -0.022931999021068336 0.288698730050074 0.8428588779491502 -0.45355934402310744
130 -1.0644345331478378 -20.663847504227242 22.2708382525141 -0.08040470321882544 0.31967895638112814 0.8528753486525893 -0.4049000965770313
131 -1.6666885619179361 -21.389595134984056 22.426569472001056 0.08310777008678548 0.26169594303242105 0.8350728273162452 -0.4767197342565398
132 -2.119595584473691 -22.097649328223007 22.871240362464185 -0.09450195785922974 -0.20684509226740908 -0.8160007974608019 0.531438788863772
133 -2.5939612459734183 -22.876440942659254 23.202298840847885 -0.11785035012105984 -0.04811996283119994 -0.8110142704356016 0.5710092970375127
134 -2.960632079344198 -23.773023716180028 23.38511273681224 -0.22497456113553352 0.06605757447543817 -0.8104136351554546 0.5368915939465013
135 -3.0071364630982886 -23.771660583451826 23.433062664677305 -0.393761996233028 -0.5878795476745878 0.6609181734147043 -0.2500725810613247
136 -3.636359728788499 -23.554639442476166 22.64835617674999 0.5603271180015784 0.5763405614861093 -0.5009928798560036 0.3207354242230009
137 -3.6974552885940204 -23.55829425759693 22.540446980327747 0.15570324053856338 0.7463539339856285 -0.0825357947605177 0.6417944754305798
138 -3.6605254135322363 -23.56922162841054 22.48589807224868 -0.5136903061282242 0.6276470038620487 -0.5423184620207295 0.21925371988715395
139 -3.6691384153437014 -23.59784583280386 22.578417998543912 0.09903720755365637 -0.11751676989100852 0.9138931205599123 -0.37574034186871996
140 -4.34176944404265 -24.212478785045406 22.622932248126105 -0.011828683761090676 -0.2221659242341901 0.9374176825351563 -0.26786278729988694
141 -5.1946837476215855 -24.757135756522874 22.48322697229863 -0.07519370545393096 -0.17673628486811047 0.8934190597493562 -0.40609429440426903
142 -5.213066837597607 -24.75566297435066 22.375000837283906 0.03678485290697932 -0.17694892622382744 0.9334036795583867 0.3099895531977014
143 -6.0644200566148445 -24.17691993919404 22.539469089293426 -0.044372391479200655 -0.13442609098319366 0.9016627013102668 0.40861361945396124
144 -6.792289050066394 -23.461130658569907 22.517511344602475 -0.13327172049997582 -0.20453206629371867 0.8212987924549846 0.5156293008398375
145 -7.215799204138268 -22.49609604568355 22.530805682489916 -0.2301590561925646 -0.10173474480724934 0.7596018661848758 0.5997348209333894
146 -7.322833106175538 -21.50523791349891 22.312134992676803 -0.1986420263974934 -0.13707258307042997 0.6573366653858194 0.7139054283716776
147 -7.2235116976504425 -20.555127584659566 22.27571526624492 -0.0795427973230903 -0.1167209819026692 0.6964675715745657 0.7035496269082382
148 -7.153748529454834 -19.503047184980137 22.332505538418797 -0.13878452398010802 -0.13925768519927026 0.738693477773673 0.6447310283453024
149 -7.159222617606198 -19.427726431573788 22.294070187543678 0.6382164133583621 0.5773256659815217 -0.30278591098277363 -0.409506504501836
150 -7.0880709516688905 -18.442315257140244 22.408584731027815 0.5873322025847935 0.5457322513044245 -0.3573326441783538 -0.47909349306539856
151 -7.080174129052122 -18.418884758316867 22.3251365743931 -0.020214452719227026 -0.20053821885123138 0.5836564258577438 0.7865881865602873
152 -6.836753446364961 -17.557245745810036 22.674466745269463 0.04201034711525939 -0.3031389372489323 0.6755380823202385 0.6708130997483106
153 -6.930239007744916 -16.652579014908802 23.143430204318815 0.023611859276773325 -0.315525666148356 0.5715646082636356 0.7570996847731256
154 -6.757578579421465 -15.864155181320065 23.65023786136194 0.10912542202805063 -0.27506439107511593 0.5243409563925927 0.7984345837192778
155 -6.7994655894109455 -15.895460066761258 23.595518799301324 0.6834977826142616 0.14961673367687456 0.5135564469074768 0.4966944634330224
156 -6.406473943852 -15.09532554743609 24.16581439460157 0.7953625037871049 0.143857980202177 0.45220861487998976 0.3771083898960328
157 -5.856546697028868 -14.439569879670584 24.89946987372603 0.7902608352505329 0.031451462306087474 0.5050181240329781 0.34562307820246846
158 -5.314773366977991 -14.085088772062191 25.688132036639924 0.859221941321007 0.08754177527156821 0.43249932923051904 0.25887916747010115
159 -4.7464525163106055 -13.713143135877745 26.35368479883302 0.9337814907542538 -0.10189568375166104 0.3128680176450977 0.14065205541466913
160 -3.950588105136878 -13.85918050370688 26.94801964541521 0.9119951686053618 -0.0023751279500239305 0.3791456814255754 0.15654942818175388
161 -3.262468006400178 -13.727447207070638 27.604377296608575 0.897210494227663 0.0019640202083849997 0.3743667315309229 0.23422002902234285
162 -3.3020658827118754 -13.792279449455398 27.59544650162629 0.8830181679211805 -0.22378792128281746 -0.39642886197521165 0.11420174605528276
163 -2.7501373942443497 -14.255358519449008 26.95500838244343 0.8751521576172672 -0.16557481765535817 -0.4019808545779861 0.2123795501666488
164 -2.7170083089983814 -14.285988920406885 26.921880206426508 0.7725836156084654 0.42529072896587256 -0.4649767766714654 -0.07771068076681036
165 -2.562057147395338 -13.557350283534545 26.254796471275814 0.8228220316830408 0.3860768271313749 -0.4169655998579267 0.00694811228192531
166 -2.221707803156213 -12.89371843403396 25.588236174313355 0.8137383580970512 0.45591122600107314 -0.3579170026159995 0.04324647738361864
167 -2.2638976745801282 -12.918193750613831 25.510623957713843 0.18733531773516568 0.9512623938428072 -0.1481228166572905 -0.1951024550717564
168 -2.367086852871138 -12.9179664623384 25.451008333634284 0.3630772690767785 0.7339030705775558 0.5551752803285039 0.1460876031316502
169 -2.327212092326248 -13.01128953111708 25.479376066936744 -0.26185150903838905 0.8026193247163105 0.3019994152192717 0.44275541782508915
170 -2.812028154529725 -13.179909194787383 24.560189627232578 -0.2759024011450563 0.7619126897354181 0.23131894057533484 0.5383850536499262
171 -2.797666909227395 -13.170408597931706 24.48732897330803 0.3066620434714647 0.5415981966112834 -0.28047744812275793 0.7307271622266795
172 -2.867676401688265 -13.178304144825706 24.48980382700055 -0.32668931760604353 0.5150289245920053 0.25356791399716255 0.7508146306424958
173 -2.912904573618727 -13.189372944126001 24.4952396203738 0.0893269643739274 0.600482615897857 0.678062259298846 0.4143342780349577
174 -3.6193073665840165 -12.538287630606776 24.092558381864094 0.00881351127247863 0.6582503580545856 0.6499926608610878 0.3796555398868589
175 -4.342674675405361 -11.989426609448389 23.595229473560106 -0.061878689054520424 0.6335250322066233 0.6615460371513908 0.39645163909079845
176 -4.288008015489023 -11.949446480888293 23.59777756844865 -0.4689566707954683 0.6823715713018044 0.5248182198195886 -0.19752092481794056
177 -4.278561534367134 -11.964224933051044 23.617795507931664 -0.049949439940700315 -0.7836712680301804 -0.33189649352336764 0.5226940928501762
178 -4.6798408273696275 -12.214649284362771 24.45207220591625 -0.004990286868074151 -0.7603335417006398 -0.32532049389862394 0.5621695283911144
179 -5.0636034081588 -12.545156374888109 25.32864968331466 -0.023869358493942984 -0.6581099932288579 -0.46114031389240756 0.5947025318935596
180 -5.422855789202739 -13.036170960677426 26.163309114060556 0.07878909337505105 -0.7159974127173965 -0.4228354558609587 0.5498637658674957
181 -5.3636187985947315 -13.024089619718998 26.16421809281407 0.3239536926136476 0.1539300500724439 0.8246806857922618 -0.43733432429650615
182 -5.809219967883771 -13.65642999678631 26.841401941183936 0.352034193729331 0.14234082729045736 0.7795844069904553 -0.4980553861860624
183 -6.097610671360403 -14.389116952380625 27.480041591792844 -0.12494624074791513 -0.16823763803691014 -0.7489810301858584 0.6285793112189227
184 -6.2693534664106 -15.241472711426368 27.80602150002025 -0.1672958506565307 -0.1476103062602938 -0.7246709033069327 0.6519780500439899
185 -6.456961528587869 -16.149720878246065 28.251637655334935 -0.3328281760719566 -0.14707814812094558 -0.5583044135704426 0.7455800462362787
186 -6.233586793648522 -16.899486004230603 28.810370912308215 -0.23957978445399616 -0.11953875952306416 -0.508325592537494 0.8184846387221137
187 -6.239030929066971 -16.883668028862658 28.759743375868187 0.7540638222336444 -0.27112731899988884 0.35589446813167425 -0.4808501392779164
188 -5.615857624951639 -17.529008470344227 29.03616416485548 -0.7263822218753745 0.31971092171395743 -0.27361396684409756 0.543405181635251
189 -4.9709584272201015 -18.233561431245658 29.042208451575746 -0.7526349517347078 0.31472262772364173 -0.14017748515216122 0.5611065582244016
190 -4.225952197478501 -18.88665592433158 28.916563892315647 0.7648477514231524 -0.3833214063784007 0.23712646629439643 -0.46026476677860656
191 -4.567694963304872 -18.505906510167055 28.86120643574672 0.674493630278007 -0.19838725460534112 0.45085487288847764 0.5499370177731828
192 -4.560676509043699 -18.46571139401549 28.8619994216541 0.5798953581304642 0.4888443307092632 -0.09287770953587038 0.6450785417478424
193 -4.00683114315451 -17.995479071381634 28.12909913529928 0.5249535178833354 0.5514306992263416 0.012643578305439777 0.6482191974481252
194 -3.634577286897216 -17.374181617180028 27.462906865797546 0.6474899993781051 0.4324052408535463 -0.003523012008848944 0.6275109535092692
195 -2.954645673512963 -16.827910877950387 26.998617772133443 0.7249348093689482 0.4418761162132804 0.0005165713885012369 0.5284077528192335
196 -2.9384506566871806 -16.79116127920554 26.9736662294497 0.16595321389379752 0.28563121875638325 0.30266610099948904 0.8940176558524051
197 -2.8807431601703706 -16.827840764672295 26.939660501515103 0.643532465399418 0.4712299999731439 -0.06527445843395988 0.5996227965799911
198 -2.311930917384687 -16.280483328579564 26.23961412516854 0.6537408103767972 0.3863373612048821 -0.13150763900833506 0.6372378967603773
199 -1.6901317511660288 -16.054962136497696 25.614903386486063 0.6825698351950714 0.4209711735952219 -0.24249191521565308 0.5459664478140369
200 -1.0972253093706568 -15.712127505902828 24.811323007699325 0.599116385564493 0.4764869851505055 -0.3162930835889481 0.5603377506505453
201 -1.1128993404517245 -15.625692904334338 24.74600284940128 0.24495057079083057 -0.06039435236999216 -0.6523960486964367 0.714654556912871
202 -0.9571296361901118 -16.66328570420229 24.51353143687416 0.3373341253964684 -0.008998891268693267 -0.6595069287552574 0.6716958528402137
203 -1.1575117449811483 -15.813692670421068 24.88908543067824 0.7733107995059316 -0.30759686023085997 0.2768556175398788 0.480338990693266
204 -1.131445376749588 -15.814952934368758 24.768100667795512 0.39414012533326764 0.06409284226551937 0.6883187375301434 0.605609597626649
205 -0.9600621627656398 -14.938439487036373 25.216026255084195 0.3198776997890244 0.043180907286565165 0.7313166795677615 0.600824084578485
206 -1.0089897330179334 -14.043233403664606 25.68967505639548 0.3968091728392687 0.008968146027829254 0.7302095214590008 0.5561079998328152
207 -1.0597844719799452 -13.149987656617009 26.308945063571933 0.5241870643611374 0.09490694354860774 0.713578149962962 0.4550019972683084
208 -1.0373221734766405 -12.40878567604362 26.933530339802623 0.4554597526377115 0.06141664782629265 0.8036501439322074 0.3780619727699646
209 -1.3471239806221855 -11.67893417269981 27.61573050872814 0.36634093288003333 0.1607253588467436 0.7824794299639579 0.47716624105593547
210 -1.4179310558435336 -11.625920987557077 27.602251536807557 0.03824882486363056 -0.5143860783295958 0.6777714746222713 0.5239941011171766
211 -1.8145868309540736 -11.056680945172369 28.22522793265777 0.08556119241087724 -0.3401465947186566 0.7407299393266499 0.5729735887802043
212 -1.7677555160890637 -11.003748802848248 28.27603427987296 0.2747864282191894 -0.35242732515942465 0.09818055551371872 0.889183883044745
213 -0.9655608866824728 -10.950730298345531 28.959264941786387 0.30217737663298117 -0.41923368586212145 0.22996827187069657 0.8246493458570585
214 -0.3954526369531699 -10.790414125815165 29.794288234121964 0.3338316015790974 -0.519387006412259 0.13082270453052255 0.7756797144031587
215 0.0953696302523363 -10.884033522921829 30.68187982999407 0.4641461198658023 -0.6322766069000783 0.1350055015766314 0.6054487478924078
216 0.2496412274738077 -11.35146904873906 31.62442151480461 0.43992269609327284 -0.5491491846651119 0.1058629606524522 0.7026352026518207
217 0.690796376416328 -11.7582025801931 32.46857494733486 0.38495575034891666 -0.600748043188355 0.0956470507393257 0.6940911327509759
218 0.9621237978511668 -12.157130169297567 33.377721425184525 0.40725345635472193 -0.5461707659315165 0.1810723919837911 0.7092636361679489
219 1.2224945132174336 -12.306876977274138 34.317474925406955 0.4270457786303678 -0.5131913527825419 0.21243980855761377 0.7135375716268982
220 1.5560914310430949 -12.451791182357674 35.30919919135947 0.4569450996689479 -0.4694527997964586 0.20124139628059098 0.7282287724848825
221 2.1135184153891102 -12.553696128668095 36.17278672554843 0.3302741077777254 -0.44181296675936566 0.24546409349017623 0.7971622764167662
222 2.571118008043551 -12.456257748911087 37.02786328289111 0.4676971924788393 -0.3394258173079938 0.32298534727138395 0.7494864349274074
223 3.121665167024817 -12.256059597908743 37.858905270439976 0.4820775420492997 -0.2503547365249547 0.19964518501439565 0.8155155114722182
224 3.8427794039000753 -12.199164664358067 38.47662137400693 0.23827515741261093 -0.19568332873044159 0.17767960160363494 0.9345388934608034
225 4.715812339924805 -12.01202066929566 38.98376835591603 0.3045142356328528 -0.11728316826968262 0.23453727992767334 0.915700826177247
226 5.625589259853147 -11.681447696814946 39.385267669067716 0.16572022716334714 -0.20929246342187938 0.2161810142434494 0.93914814600488
227 5.5470541774214865 -11.636657867659393 39.34296588906174 -0.509511436087684 -0.1994453425467887 0.07584503799437274 0.8335869373040175
228 6.473561822592014 -11.367741422233022 39.58359059473298 -0.6047593211703398 -0.14989881984394748 0.0028106464738705075 0.7821691681045605
229 7.494392911972112 -11.131106521136719 39.79067557538728 -0.7407479423069847 0.004376147217134142 -0.20120698806994755 0.6409282980609616
230 8.42284288767058 -11.347950671067533 40.05433951191059 -0.7806736567570879 0.009076881241862478 -0.20405515056390242 0.590616413081096
231 9.301845004176931 -11.618202095197102 40.34988601389905 -0.8092925254667035 -0.05058124711819478 -0.20074430854486278 0.549717080188106
232 10.20360985921212 -11.713690402802897 40.76676648217255 -0.7861849164726857 -0.07596356925904274 -0.2021815632501919 0.5790210952443529
233 10.274547704582963 -11.74183284657797 40.66236861506326 0.9617479268846668 -0.06586035362537755 0.23934166631195342 0.11584000051969338
234 11.140252646334675 -11.676180109899144 41.1856918544176 0.9327929878183698 -0.1186169070563255 0.26286766590383914 0.2161662819672314
235 11.084848158840945 -11.621696114397615 41.21838193809258 0.5612180838155415 -0.31322930928596654 0.057722635252612384 0.7639304677666297
236 11.839625937302928 -11.90879565156993 41.75730808897745 0.5432876658664788 -0.21234275805211505 0.20897959041491954 0.784905469473991
237 12.568992990422927 -11.830919665107198 42.289685277756895 0.575942302351612 -0.16672488463582352 0.2170691099561505 0.7703079116223199
238 13.408048750327701 -11.679057399786476 42.78593591658385 0.6114372031259172 -0.09615533186610664 0.3186523634304231 0.7178853460459266
239 14.250595028196669 -11.30251098413522 43.326102474374245 0.5040159903969355 -0.15750049067419455 0.3429119216378777 0.7768995371733735
240 14.94703993645891 -10.930317735692492 43.88973492807326 0.5937974548132299 -0.15540793052237545 0.22714245091925317 0.7560815199292182
241 14.99429118070071 -10.800070905842684 43.80257329649576 0.3086561973449202 0.32674246491587466 0.6415050702693496 0.6216445594389035
242 14.979112483180316 -10.852880119680261 43.70035297166156 0.5424705851184667 -0.19327773924480188 0.8064676878686523 0.1340867190195801
243 14.508969054641108 -10.740204907816349 44.61312267413469 0.5985153861753736 -0.09551883952373223 0.7700592308709796 0.19915889324300115
244 14.50051564796386 -10.705219828118592 44.56763512740118 0.2087782201947475 -0.6050863198112547 0.6825907614678256 0.3526358641833799
245 13.900824764257617 -10.400848181496547 45.27430326878458 0.2794209959929124 -0.6316395610076966 0.6573292795941352 0.30145246749129095
246 13.225664539568887 -10.343195016852741 46.06936645882203 0.1619376909493813 -0.686464399828403 0.6909296398519744 0.1586160294302989
247 12.269313526056264 -10.311514981208663 46.44871322781899 0.029248983705597205 -0.6584081885866053 0.7065127771232107 0.25784268443363445
248 11.327798027106429 -10.054858963479282 46.86943913188954 -0.06274052063068071 -0.5822905477143198 0.7624359046232576 0.27512331136212903
249 10.491018213401432 -9.614134552629887 47.098904808337096 -0.004758248262371338 -0.5295076961129753 0.8088682140221843 0.25559963062407565
250 9.61035812149516 -9.16410355663214 47.354613200212285 -0.02238486529113964 -0.4046204725857514 0.8292567740222403 0.3848563286586403
251 9.603732617126276 -9.172030574578093 47.36621609662597 -0.3020212618388781 -0.24460479572427238 0.8820667967095032 -0.26628897357677794
252 8.928606227069583 -9.488373267358448 46.704803274403645 -0.31152392389104067 -0.16466570933492658 0.9103677840271155 -0.21695286773470635
253 8.870008140138028 -9.440914551822303 46.69214168120972 -0.10155729587109584 -0.2752982413802014 0.8102941642255227 0.5072675441720859
254 8.352684489873258 -8.535889125467248 46.70475045670419 -0.10588042110107203 -0.19824345133530902 0.8661886127327252 0.44632517025402146
255 7.753008120084748 -7.694576769882875 46.661369328967965 -0.15816789819400337 -0.2100499784850721 0.8139340172381342 0.5180476214614864
256 7.282382557950773 -6.8220038367192455 46.677717733500955 0.005009406811079832 -0.14530488761329138 0.7759209982030031 0.6138468864682338
257 7.1004535302226355 -5.805770891045719 46.82964809732696 0.08360566021956602 -0.09411835494407574 0.8339352163082457 0.5373117194355524
258 6.682770300914568 -4.925577055307161 47.05159665684649 0.12457092566683069 -0.11111931246690022 0.8678277773122417 0.467984542266821
259 6.1303773111761375 -4.185663887669002 47.34691757051293 0.11948004430423965 -0.14601726008893579 0.8260392485060986 0.5310956963642763
260 5.676580100802522 -3.3931779995590405 47.62561022875345 0.08590496798949943 -0.21660508351058252 0.8337624488801478 0.5005424588478706
261 5.156431909751179 -2.5136573683394836 47.91362819692649 0.26895418974132995 -0.20136008488949694 0.7518093520540692 0.5673627218965991
262 4.972016268077355 -1.7848011442973846 48.54811041769596 0.33059382000402276 -0.22049431572972322 0.717153615326508 0.5725213314193154
263 4.962427594489118 -1.79248720472986 48.52285723130734 0.3971066995042464 0.1116285096820213 0.08325250203511243 0.9071462759334398
264 5.9927652443791946 -1.5050731438485698 48.446843014520354 0.4340354826552032 -0.017815132073129715 -0.13985564584605392 0.889795605288352
265 6.960341931588774 -1.7073022816674224 48.37420137717491 0.43981544545716883 0.0012843361981007785 -0.23282746952388586 0.8673823227694615
266 7.835873501966711 -2.126833207158629 48.17731566763042 0.46385368633927054 -0.008263979583049207 -0.37504426571998256 0.8025666720350898
267 8.624827494632147 -2.7302440784039117 47.84740830985933 0.29379990968156083 -0.006051909448190147 -0.2658531575301597 0.9181323902871424
268 9.447297084331883 -3.3203234577091 47.6926912629338 0.3046057146542973 0.01738053174698511 -0.21038427723973244 0.9287904670088147
269 9.41676480154339 -3.3624328637482837 47.72498575050488 0.30014316118229767 0.6531929187028528 0.04013309009075531 0.6940046317076791
270 9.514629566618542 -2.957890660734889 46.78835082194114 0.10587797296503873 0.5922547276699535 0.0571438901243378 0.7967174958634088
271 9.510997009138244 -3.0172651071646674 46.78075929328578 0.3828249633011839 0.3096797192905108 0.6350109875748314 0.5952348818683548
272 9.469717972812331 -2.0281659857535796 46.85510882541133 0.44718003521192773 0.29015245711958854 0.5692071414404122 0.625975077673671
273 9.470064864038012 -2.0461600779914355 46.79754091652229 0.7328889426395515 -0.2554533046223102 0.0096043833356708 0.6304959656769914
274 9.41847670614724 -2.0373631156207197 46.83367322462882 -0.5087427307032489 0.6456413537242587 0.5031316813608554 -0.26680814741815245
275 9.064050510277612 -2.9827573177701128 46.68775421634688 -0.4852895713008667 0.6696851887609001 0.4807386024375617 -0.2913866435979489
276 8.759299472964905 -3.9789739515435083 46.64930065927277 -0.4120432347605777 0.6935337744130491 0.4865925960517444 -0.3353489554241266
277 8.736994450196832 -3.933534650210861 46.588810130148595 0.6424673583610091 -0.3059345300139045 0.07303411611681626 0.698788791172864
278 9.602350413250056 -4.172413176221946 47.18772334656871 0.5752099281778631 -0.3950912467297846 0.04852986017692949 0.7146196876341491
279 9.60017188638977 -4.159725782076565 47.19917367095509 0.3634282299320475 0.316669214798019 0.49419568329784314 0.7234716004774773
280 9.88244632313391 -3.3003833711658777 47.08846060780961 0.27109588943019924 0.3694675633490972 0.530257329343309 0.7133217387999831
281 10.091372854515217 -2.379050655312564 46.95272132517806 0.29451817265613345 0.36610421861070686 0.5359540100762149 0.7014128927913714
282 10.204631010378751 -1.3755543528252774 46.75739793335205 0.1734577590171493 0.3011555742864882 0.566652657149412 0.7470759613710207
283 10.41091405002448 -0.40282229180442664 46.40613073663177 0.14021043312207904 0.34404414522979604 0.6078132318114589 0.7018103275185735
284 10.39769365670549 -0.40052267202075076 46.36381164879086 0.44896875315258516 0.08627535390777905 0.8670184200575867 0.19814812964432887
285 9.899591792735041 0.04690300533821623 47.19673191326403 0.4155176935013435 0.17076119199609346 0.8870313563927748 0.10658815352275448
286 9.183632039257251 0.4862476037151613 47.85835669304707 0.401569980257458 0.25801901839907054 0.8609097550207326 0.17607421960794245
287 8.536284494114469 1.006230800370353 48.4743362341519 0.3621612247427325 0.29752762034330116 0.8811346424855354 0.06259635961925746
288 7.80984474733466 1.353988019737996 49.07621520303797 0.35969063904250465 0.3102082312286396 0.8754332971151599 0.0894988254966112
289 7.082087330892886 1.722222675858057 49.68316133273366 0.20091028268628683 0.2620046032228813 0.9384381842871469 -0.10159931334797044
290 7.099294918741977 1.7383559504594237 49.6441965010409 -0.04973234235795564 0.30099454634657036 0.6674559105154253 0.6792875567175053
291 7.217044141656465 1.7535239486699588 49.56123045056852 0.08563515090744778 0.26055992162789365 0.9601474250083794 0.053777973372957664
292 7.205775261685018 1.753963214794275 49.53147491799844 -0.2673395190510954 -0.19615448846149955 -0.6313361160209779 0.7010475781410863
293 7.384912054302753 0.9665364221004635 50.14975961692847 -0.2592474319874649 -0.24780774066991562 -0.5982616495770252 0.7165647851502005
294 7.552326306219666 0.3589820672753651 50.84105185919411 -0.35793084597413033 -0.052642674997235045 -0.6629423427029 0.6554553444140717
295 7.65338745312092 -0.48403880976440017 51.37807269148577 -0.300985948120957 0.033210073861372195 -0.5785418057555813 0.7573598411725576
296 7.613139268556924 -0.48986573085191204 51.39877413848293 0.4323409669766826 -0.3177754335910886 -0.4560060736289212 0.7100412121089855
297 8.01708968408396 -1.4117186044939292 51.39849031930727 0.5941430854892173 -0.24189732910644773 -0.5603158878068351 0.5239520798773087
298 8.300658371921102 -2.3160353507968456 50.87038577798416 0.5816448182615211 -0.28574362757640737 -0.5672256169525709 0.508227295766149
299 8.504481815272031 -3.328715430433927 50.45466366991538 0.6055064933774535 -0.3178110025133533 -0.5916735633083667 0.42694314333547434
300 8.50553031596722 -3.2845019723517526 50.4992293552687 0.1691546184451149 0.13697012788325086 -0.6346516001245848 0.7415141573737061
301 8.662057039329103 -4.2201509536295205 50.06785498943109 0.30275409151934424 0.2111331387412073 -0.6069996811868543 0.7037855815748425
302 8.718750290436539 -4.936462706660716 49.460396421281715 0.29258922953405386 0.08692957319397235 -0.5594068803643153 0.7706482558638843
303 8.633511373954256 -4.874357722690354 49.428899383950046 0.7210122810583679 -0.32665277723866293 -0.43896144215386207 0.42514951015787117
304 9.112982841847984 -5.728580203138016 48.994725130462214 0.6454385408844503 -0.19980121343326776 -0.4843723079080472 0.5557625683539487
305 9.092930144047234 -5.75364154916198 49.05785493177205 0.8923083957633627 -0.42836381872410345 0.03635829740935687 -0.13772523322837305
306 9.668757055554071 -6.519541365907016 49.02973958418654 0.8949081644585644 -0.406327658368307 0.15203434927141218 -0.10451204653985724
307 10.317685094888615 -7.2841343267276635 49.30199749783353 0.9217252290402328 -0.36168030858292094 0.13448738021696297 -0.03902692783798189
308 11.01366700351712 -7.892391804243348 49.508543057154746 0.8184653270817562 -0.5396599505625865 0.14832591969942616 -0.12992716293777545
309 11.429438742331307 -8.809912712407645 49.64935590910034 0.8131428137573564 -0.5400501638989151 0.04530232972009051 -0.21234943802481773
310 11.739652268872506 -9.721820327050326 49.54960949722509 0.7761587205773727 -0.5660853301646964 0.09691432021097711 -0.2602549787843961
311 11.974552541331558 -10.658763175791771 49.36396100446866 0.8417710745855989 -0.45364888922511754 0.1273598057709549 -0.26344567403889424
312 11.925322466867152 -10.6319259207149 49.30556271749881 0.5328987787144785 -0.4688066498330091 0.6662210492280601 0.22888584552660476
313 11.563594173111452 -10.827394456927976 50.18672553623425 0.4361958273449704 -0.48220684753926624 0.6797706062566367 0.33929585800973644
314 11.24318978476434 -10.754360253554111 51.078708492479244 0.4688001301129697 -0.4782438742641274 0.6895137446426807 0.2758260877504649
315 11.304314108108047 -10.67209579842318 50.84311109545914 0.35014725974454985 0.6260028722016658 0.5646201909498608 -0.40831524642167033
316 11.22935788845314 -10.618830575838798 50.78186684124189 -0.07729573631213664 -0.765562565043164 0.0759301689512472 0.6341718517842999
317 11.087570856979294 -10.40630749324042 51.74217133426088 -0.10566517903608144 -0.6192010024555736 0.0403480426837524 0.7770437722219224
318 10.862681784042087 -10.623408634554856 50.891873401203156 0.6927272862630057 0.503784297381462 0.3105445413477248 -0.4121800291349503
319 11.081477871907072 -10.109304816461892 51.77868137363361 -0.6470196084699648 -0.44184979393120416 -0.32883759814624686 0.5272572615941205
320 10.709836855075547 -10.316993505344643 50.97858451831081 -0.5812268528040477 -0.5881182299190049 -0.1954489871887332 0.5273442771314892
321 10.989467317512052 -9.89984121026162 51.88207800941586 -0.6526300148672634 -0.5110939935751605 -0.2002793236367256 0.5222501181898972
322 10.558153888799774 -10.39077266686307 51.07837607121939 0.6549323759023485 0.4796095379598377 0.3203125030149945 -0.48830131528096854
323 10.750256099856687 -9.996655677822904 52.031443106980284 0.6570451574039727 0.44188006986721307 0.36022987846504506 -0.4932221605394402
324 10.374016178999415 -10.15976922538224 51.16432346090763 -0.6839903274875171 -0.3164287789375178 -0.40534323782597553 0.5174233463155519
325 10.767358099724952 -10.178255162709661 52.013011124357625 0.5821512235251125 0.5131429160103422 0.4473731009259184 -0.44456901518723035
326 10.599865446939175 -10.363277376659322 51.08943947603217 0.641485779487352 0.3572264963784778 0.48590045512225444 -0.4741159907793096
327 10.95013243340799 -10.378249676720623 52.03849022368875 0.7006595741399386 0.27081008437411075 0.5130182341947039 -0.41539180390454683
328 10.63087071746753 -10.386026156760092 51.16506015029175 0.7394087746923573 0.37570237097181197 0.44506946387845936 -0.3376915229570405
329 10.997315722091871 -10.2151279255105 52.04005586848262 0.7916220327589052 0.4074416435407054 0.3273504661110362 -0.3164925539351504
330 10.58919422993983 -10.618179755009102 51.344604128783054 0.7696561322889675 0.5130035688368115 0.1158934849864723 -0.36197441419024623
331 10.96793096502674 -10.00067973514172 51.88034917044136 0.8048103427254469 0.3999024627487753 0.19995279336165728 -0.3903552394377239
332 10.314798577407364 -10.379741201735445 51.27419089130595 0.6516694458589847 0.5030095074549978 0.3400891328314248 -0.4545852510516511
333 10.587241144782592 -9.99636534645264 52.00393721573814 0.6807216603449059 0.4329614725032264 0.37872717260200034 -0.45357261072292054
334 10.289984744734802 -10.246826512499837 51.095788169252124 0.6301175888426316 0.4753471824951251 0.37385803716920185 -0.48705959426859136
335 10.597278292603388 -10.028058148467892 52.051605896658394 0.6479610412146224 0.49657434557131086 0.41759533461619575 -0.39896684686233397
336 10.340586532737369 -10.355909443462647 51.088569268660045 0.597381736480431 0.51374879925677 0.466694443943307 -0.4017381338313527
337 10.353327373822154 -10.130477141724526 52.04471645259746 0.5838387438381725 0.41625897450585037 0.5509790268340091 -0.42694601453327685
338 10.314457844652228 -10.193278607774246 51.01183706692506 0.6489386984041525 0.34120370871755246 0.568389282343118 -0.37335267320374926
339 10.373492350480289 -10.226130598380921 52.00628685695293 0.6053990592487722 0.24112842446357585 0.575304701723431 -0.4943415440273329
340 10.099204637937074 -9.958301454424399 51.14064336312115 -0.5807628527804151 -0.2024373193029907 -0.49111620788365923 0.6168780357070159
341 10.544761593732957 -10.32992052152834 51.94006094024329 -0.6103248779498262 -0.1893836781601908 -0.44737487730556663 0.6256940825658139
342 9.970900219453998 -10.003844197957068 51.120739204324664 -0.5788498642427886 -0.32857558188077113 -0.4929160809910819 0.5603611859847273
343 10.239503538256546 -10.2208601378622 52.07944742469802 0.6621642915649523 0.30426692942458394 0.5490165567443744 -0.40931761146494744
344 9.983583938153984 -10.233529901932998 51.088877725814065 0.6667727080940492 0.3483902419231243 0.4883522156769645 -0.44221093215463697
345 10.232023626156272 -10.158476226168089 51.99598745929762 0.7072259398873119 0.32529109783270127 0.47403507836808956 -0.41147043162038044
346 9.832362273681131 -10.226927253426805 51.08059596170131 0.6633396410849295 0.3822898894429931 0.5346326738907395 -0.35777488034156013
347 9.945068836931627 -10.100629390064858 52.05352240652024 0.7083677239676281 0.32916321340576826 0.4818901547549795 -0.3970499028227201
348 9.61499335481252 -10.258680536341567 51.14632039323208 0.7263044949195678 0.24800884145892774 0.5199823746907414 -0.3749556310136012
349 9.9821143051767 -10.216037817651088 51.989807926878726 0.7143993852750062 0.33299137757478087 0.5006404546324912 -0.3579237292565473
350 9.65942897223851 -10.328827421999527 51.08787255130431 0.7106453892527006 0.3077403811686654 0.5308977733125744 -0.34413157777773196
351 9.881277255868747 -10.214977402654457 52.02901300001048 0.7610113387914591 0.3449110568808771 0.4134532639215203 -0.36187636510939464
352 9.539726642717113 -10.394573420667095 51.094020067315014 0.7198897263631981 0.2837742614537969 0.5377891105768475 -0.33468466197009017
353 9.759809173014695 -10.392552973740322 52.00739967432349 0.702467203180912 0.17268209079864097 0.5523930719911513 -0.41422532272758816
354 9.45747119537351 -10.229176436635678 51.0912920186223 0.6313132142669952 0.01630269949281396 0.6490639852421896 -0.4241388811965348
355 9.47728080492986 -10.151629895449178 51.12636618889154 -0.23957656259911628 -0.5381496027267831 -0.3831462585270863 0.7114752422360822
356 9.618422383212035 -10.42325627564676 52.10329141861059 -0.32053014900573934 -0.49077613977732554 -0.32216302337885994 0.7433775558698401
357 9.307013619806947 -10.173021008802264 51.148847194280236 0.7835715554516346 0.20198630309115453 0.5560235416409071 -0.18988146826843208
358 9.589261455796729 -10.056681575274935 52.12371839332757 0.7500410794786353 0.32138696713186354 0.550846374594534 -0.17526285416015286
359 9.434518033156461 -10.369292495852275 51.148602167966644 0.6914724610447862 0.34660229344441673 0.5772028964483881 -0.2618577898923901
360 9.490093872947796 -10.419262600126777 51.1534879525318 0.8309420998279802 0.5213762878951052 -0.1862419280020082 -0.05491755100404495
361 9.892406754861886 -9.535937992473682 50.91232788866546 0.9088875945075836 0.3749850302693805 -0.17244303893357468 0.059774291693362756
362 10.552621577087033 -8.875735738265634 50.58040233593017 0.9156398077711594 0.36878006040161554 -0.12835694594685088 0.09554843746588329
363 11.215001797156038 -8.201478532257962 50.2636253265527 0.8922950044601251 0.42596543681127097 -0.1397329264495207 0.053270826195402986
364 11.715370896011402 -7.4301931935163745 49.9815732150248 0.8655246621264194 0.492225311166568 -0.09013408878248172 -0.021381027507445277
365 11.791431197538355 -7.482508205584625 49.943440772032474 0.8838778192766304 -0.4672020227619011 0.005079571254800428 0.021365122837075354
366 12.350262100447765 -8.313646799429916 49.858316510601426 0.8712995771862341 -0.44879188258410113 0.17943538390868452 -0.08500491705337306
367 12.855586544052102 -9.115086942539238 50.046020801640054 0.9103452499192515 -0.405409769745593 0.060855125682104265 -0.056666552943475466
368 13.495064103063708 -9.93590438274422 50.05082084489746 0.8442937758908076 -0.5235997054879122 0.03818265230898858 -0.10748699208585741
369 13.911911213211956 -10.931276225137825 50.05009232569769 0.8925792213805154 -0.4339655218971725 0.10451374520415675 -0.06366424764078961
370 13.852503763118532 -10.973423268366123 50.12618802866238 0.6656407453237636 -0.25114035431017845 0.6543703978601277 0.25622315080054736
371 13.882579123517905 -10.971348738421838 51.135078978084934 0.6291902671415739 -0.3705338453739844 0.5882049816795645 0.34761929850631984
372 13.872797266952803 -10.880845822311457 50.10981616908757 0.6703343815333749 0.18777341360454522 0.6851357300575859 -0.21443412386097097
373 13.847815965856345 -10.903650202323455 51.14041077274733 0.7234554783641691 0.15058425746926735 0.6116707908064098 -0.28248078855306386
374 13.58463129827719 -10.736349276581517 50.228317548523584 0.8102790542787687 0.08613959109216206 0.5144254817818047 -0.26719702232086495
375 13.981634870154798 -10.89768906515428 51.15586422422787 0.8229693621565078 0.1001131334061869 0.5058260224213728 -0.23840894386049744
376 13.511035114013346 -10.817211401131052 50.3017954206553 0.8316505295840019 0.17727756723680568 0.48471558429874584 -0.20489232083017084
377 13.967147976131384 -10.750262548147031 51.10304781107742 0.8758146126367632 0.19381234143628648 0.3326781305634381 -0.2910512017561792
378 13.309438083137787 -10.92071970132021 50.385226214157576 0.8358320986190614 0.2987958961108967 0.40029986844900717 -0.22774048982350253
379 13.866725315881821 -10.560434750890712 51.19222398678448 0.8895300753739768 0.2687038842242276 0.34681854326297684 -0.1274808442744484
380 13.204848986931784 -10.99480606426886 50.511017877065505 0.8631314718014669 0.2785281294719086 0.33104984147063543 -0.26044605188211206
381 13.25933801821026 -11.016105182771886 50.53368551731832 0.7620563538117703 -0.4951347556928781 -0.06170332417032638 -0.41267952106494854
382 13.755350302573538 -11.751695369820977 49.992742058423595 0.7607139593778588 -0.561104584116386 0.036359746088563884 -0.324274400092906
383 14.093005234941705 -12.671922653117791 49.66829192836175 0.7520373690194823 -0.5442737550795439 -0.0218404471852527 -0.3711184042817275
384 14.076408698655655 -12.64389241873184 49.65125604820691 -0.5587914970834067 0.5939521604868768 -0.5702009022535742 -0.09921605167243017
385 13.7632512622345 -13.236879840053161 50.35610812926517 0.6480042708030281 -0.5273756962462866 0.5325118244929489 0.13563368609962292
386 13.760568681721082 -13.781274934854887 51.203457028704655 0.6747858976841875 -0.47621480397987787 0.5570045893775352 0.08734609418465579
387 13.819209768914321 -13.718384884750243 51.190445674306034 0.18790450418325966 -0.7473626308868376 0.028061520473916787 0.6366738147043881
388 13.831793125565989 -13.741165995488464 51.171656934103524 0.6338983619118912 -0.4538876012053989 0.5705882326993921 0.258046470509507
389 13.791242045629028 -14.061317107194057 52.12905510823416 0.6650300865026789 -0.3544711373055665 0.6486093063999904 0.10672939855007313
390 13.68028737467816 -14.378730593854788 53.08496192671102 0.6995962027205094 -0.36716794989626617 0.6033759104978841 0.10812196973263981
391 13.698016537254441 -14.79609091090465 54.01113529863257 0.6814676939466872 -0.44171044628308354 0.542286094315679 0.2154517478769428
392 13.703849931179363 -14.799567627207416 53.976999813386946 0.1536992577808699 -0.15042650422396833 0.8059103774924523 0.5515948408338666
393 13.397630406396964 -14.048582099203701 54.37172279503486 0.08964209034600984 -0.10019942928150645 0.843462909024953 0.5200910411737762
394 13.333956156429295 -13.999362363882726 54.426721075884224 0.4328849703376137 0.6072095387522619 -0.49180884174535683 -0.4494788556597051
395 13.045939070838164 -13.048350938443601 54.60311262327957 -0.4636849752125144 -0.5970386296178939 0.41056276802293706 0.5098816843342159
396 12.968201714821268 -12.108969358703009 54.75170805815047 -0.5402190430404025 -0.5136929720511825 0.3112566730933273 0.5894083469519297
397 13.251376827731564 -11.12297965035393 55.06834026897692 -0.5368595540792227 -0.6337382750332236 0.1433990318155642 0.5381396989872872
398 13.347769835867021 -11.167142036192686 55.099922426462975 -0.08890834531815317 0.8086591824903636 0.3455979218844507 -0.46768334276083995
399 12.817924346113454 -11.568625676347635 55.751641221170715 0.09362400604600424 -0.8190513579149866 -0.2636422051827527 0.500881429318243
400 12.79385761418776 -11.447632285231975 55.70975542667412 0.4252879424936448 0.7598511817539678 -0.23442415462696556 -0.432205579885374
401 12.500429305354272 -10.636314010773678 56.14665348844263 0.3538917327918252 0.8161893484770464 -0.2938681947460518 -0.3496241882520568
402 12.071573129202744 -9.816864602828895 56.59868572318345 0.19553422784810787 0.8616000132943049 -0.3310320472875004 -0.3314054412645379
403 11.304340399418853 -9.194458873724502 57.04288270387094 0.32668165472244803 0.7826598748208439 -0.3058649329083713 -0.43263062724474427
404 11.342101433079417 -9.13012987948182 57.02491934451294 0.13657724135585095 -0.4348035911160216 0.7403668642165911 0.49411476467145615
405 11.262737238994342 -9.13110712961507 56.96783761994858 0.19110115611739348 0.8309950040563907 -0.1708222064806022 -0.4937078337812885
406 10.855121457273587 -8.593439287092552 57.6698437105945 0.28313275278810174 0.8552405599160223 -0.2728396514968839 -0.3375765891530672
407 10.83005821667781 -8.648037700205125 57.63579991627722 -0.30109132291162355 -0.38927739135920836 -0.11737349700369454 0.8625720781737731
408 10.73554499922308 -8.600688318510832 57.61456609777756 0.8235278358422129 0.2028179380844804 0.4064708472462599 -0.3397767471783612
409 11.353039330325547 -8.550170221308836 58.381542844417005 0.680333241822251 0.21331940909364025 0.5313057040664214 -0.45755410456256385
410 10.954194280028506 -8.35482205403144 57.54691032676802 0.6521434029775441 0.4303493748100567 0.41742596175292046 -0.46396547717272013
411 11.224338693414722 -8.1453450292225 58.46927422546686 0.6048746098798939 0.5287570641544472 0.3880765115731612 -0.45159638461199025
412 11.07914034014451 -8.497344184111666 57.5258972688139 0.6091728836685143 0.5467971626543084 0.4419140750202824 -0.36692398533640636
413 11.018237896461386 -8.446608818500025 57.50036905033429 0.01550748749705186 -0.2458626480859558 -0.7373255164597187 0.6290168192386434
414 10.869768227383785 -9.361774930293933 57.734547539580205 -0.14562798788665834 -0.2162673406527262 -0.7143320346634305 0.6494233370958307
415 10.878613412524075 -9.25446906066047 57.756268031116214 0.5556181582703587 0.6367499009476714 0.3827530371918159 -0.3732802410573391
416 10.787226872948894 -8.853828712180217 58.57705475605695 0.506638191897198 0.6815375740940575 0.4792571356584834 -0.22166839091208038
417 11.18086802029683 -9.279099858474304 57.808513871114386 0.34463418855833255 0.6830088226847795 0.5513466516579041 -0.3327808496850569
418 10.56857792998677 -9.171997509711536 58.601927039500836 0.26990028273719613 0.714295617797689 0.531707726525438 -0.3663638919524532
419 11.169160526682006 -9.199057599665444 57.72217821395579 0.09673965962804976 0.7569609311177476 0.5277702221805501 -0.372974770723026
420 11.218448163706048 -9.232194206264936 57.83764378515944 -0.05543299476585055 0.9497315055422578 -0.025475868603857497 -0.3070638868226025
421 11.185853645226851 -9.254768549581035 57.83626545286838 -0.06167750376066306 0.8558446919414914 0.06768212661056835 0.5090627451924685
422 10.747626064190815 -9.257002183310213 56.92578437052816 0.034766409533227585 0.8812116028717195 0.10204436466181072 0.4602655270310711
423 11.4443023997224 -9.431001447414749 57.76857798312284 -0.04463866621273767 0.8927018381932058 -0.09035706144509738 -0.4392339001172672
424 11.542218881942965 -9.4702630269843 57.805594883726556 0.4998184016669914 -0.5926499705001541 -0.28200730683255915 0.5651720593892322
425 11.570361106836613 -9.490771912066373 57.78972137435433 -0.1737914435067394 0.7876597276796641 0.5908759893945418 0.015945303774531957
426 11.536722168909437 -9.359787987439896 57.73463479935966 0.4689878754040185 -0.5840071930514472 -0.34369038893373616 0.566447603704677
427 11.623082817282405 -10.28810862747382 58.10028543483035 0.4852666126026379 -0.5947088648648209 -0.2587791237629726 0.5864051891387252
428 11.60258296378722 -10.356167581945689 58.066129530517514 0.8195044202260845 -0.28723155808545897 -0.4861838399808885 0.09765147726043805
429 11.732637583743289 -10.43201768802094 58.00364056725183 -0.5092600978329082 0.7877382273995936 0.19172568002817855 -0.28872807529974553
430 11.745108255554605 -10.423912801290903 58.01559316087266 0.4703403056918334 -0.3667486019434197 0.3273155666214456 0.7328983419694312
431 11.737073205556209 -10.325144839426244 57.93004781546066 0.6864419294524903 -0.045540002497810685 -0.185758817525416 0.7015819605531493
432 12.635598196596979 -10.610665017336302 57.74300933872833 0.6076574046048897 -0.1162225975194125 -0.2800441326739987 0.7340436432594166
433 12.612726935989809 -10.474753813565647 57.72736384527971 -0.565513413545293 -0.45396780472014175 0.6318308334644288 -0.2736742758491738
434 12.362868953234177 -10.265243432521928 56.81438367955923 -0.5020856855040694 -0.5595439003350673 0.599661102410025 -0.27427568296537197
435 12.836979190777182 -10.549810588122629 57.79084738760492 0.13686517356451378 0.9459269346123476 0.010850250677259596 -0.29389186906119663
436 12.127858815086693 -10.218315076242158 58.24450317651123 0.1617531439498581 0.9014632223102018 -0.08105688629487418 -0.3932299078511497
437 11.456805016163319 -9.901603438571975 58.77772656383601 0.21628623712249728 0.9491380669684469 0.03379562986088453 -0.22630742114455002
438 12.190938903995818 -10.194434014954828 58.29154979464919 0.4273961120965917 0.48245335077568013 0.720172468565646 0.25675463619981476
439 12.236505501697149 -10.087853158332305 58.36695607836192 -0.10534182322540007 0.6339347290883601 0.3762855435994203 0.6674122033745745
440 12.141557552251687 -10.07796673960537 58.409364701671265 -0.4613906508800741 0.3796819979057826 -0.17715680645480594 0.7820330643096038
441 12.836155788012174 -10.703203603267543 57.93705373455103 -0.507077419297822 0.33199392479137974 -0.16693437364329822 0.7776795224488015
442 13.613568068206288 -11.305758081374114 57.52184515260673 -0.4346780320264095 0.3182300682269112 -0.08136638282007592 0.8385488321479673
443 14.367872131198467 -11.685742620587423 57.03376843196869 -0.5248153001160905 0.40028099716104526 -0.02293264333135559 0.7508782311038545
444 15.007935082720934 -12.123327390132244 56.37891033159361 -0.5070250942761964 0.40882441685405746 -0.08418359489583573 0.7541228496130902
445 15.663487436033396 -12.625429949922408 55.80453495379988 -0.6025719275194853 0.3182957354523292 -0.08690667744899254 0.7266650716616901
446 16.36304810235577 -13.19677715551974 55.49617965925078 -0.6184519882632918 0.2348840290500436 -0.24705619265725925 0.7080323924652726
447 17.168516882591398 -13.807880697495762 55.39158673853487 -0.6011272946996365 0.13790537841026776 -0.3023687111753754 0.7267745487252283
448 17.192491708575183 -13.807119969900494 55.383362088958876 -0.47958222129923334 0.6738747406307497 0.20588239490094545 0.5229781701212597
449 17.243525738738143 -14.145867410804964 54.50098852319476 -0.4572647841811507 0.664285360414034 0.2029309285024256 0.5553853755227124
450 17.260216732871573 -13.78978281777561 55.4271665012403 0.43315466191209995 0.8864143074308054 -0.13762358042065534 0.0877864713835757
451 16.734603039903625 -13.03794166480073 55.10788419120241 0.45693311360210803 0.8764850676814038 -0.14973576097364283 0.02377514902271098
452 16.12776234161398 -12.194138504252011 54.95587631518627 0.45561994019161656 0.8839795573279755 -0.104459145988998 -0.008882519083754802
453 15.524090377613847 -11.41550903632659 54.836852427412126 0.43789104636863163 0.8546276290061169 -0.0647370315502302 0.27142616674821995
454 15.05310012426079 -10.780700230404708 54.30323649197008 0.3271520222464198 0.8321396113309258 -0.15000830082657754 0.42191554993531183
455 14.716961766773247 -10.404880552915722 53.514680184898985 0.20914112110213945 0.8910611509656198 -0.18793876342261442 0.3562990849092144
456 14.134197920828447 -10.10052179004164 52.80899311027951 0.07190948104439336 0.9401097627135563 -0.19587682370079965 0.26954578557913395
457 13.212190807706882 -10.099239301854325 52.32893080210758 0.09673106296028199 0.9424519165025539 -0.2086425046856881 0.24268455199645467
458 13.14846611084519 -10.111473378013141 52.315750084876925 0.7799132034695515 0.5556367303750303 -0.0139063314323029 0.2877669766635898
459 13.571497544337847 -9.240790895625548 51.98007447865403 0.8131649056511486 0.5324102535363592 -0.10597532041791369 0.20993186896950386
460 13.581536403037907 -9.176233126509032 51.94355097548154 0.662899870361899 0.5298845320183002 0.45946236370021204 -0.2620696108764571
461 13.564423605994435 -9.2225329498469 52.01714337802152 0.4991423374901975 0.11359135623892902 0.7889303665902739 0.33991588280684654
462 13.288789813364556 -8.59765381315754 52.80238595287909 0.5634698104965163 0.15344876997079895 0.7890763542300862 0.1905616825293684
463 13.359341297861782 -8.561570871860678 52.736549396216894 -0.15053156135978668 0.21398594102797083 0.9651659953222684 -0.0022062525996104274
464 13.349273656478456 -8.572513078716819 52.74759027322979 -0.30070708084141534 0.15622498411831937 0.6453056911154236 0.6846528834987197
465 13.414522100288705 -7.687552977425177 52.050649453529516 -0.2591525042718019 0.13513651489002565 0.6825481552001385 0.6698552960945522
466 13.43566500118625 -6.818814750204266 51.54664309189197 -0.18400271892711098 0.049156203178879816 0.658881478724538 0.7277374967048447
467 13.370627576543184 -6.806305006546646 51.58851201895673 0.36201487178311864 0.5431115656462017 0.47346820440121823 0.5914413912555249
468 13.222865204882192 -5.883787240662662 51.28706316645468 0.37509260732881244 0.523171247502814 0.326682756538442 0.6920084958250641
469 13.246509148763128 -5.881652903431526 51.25280821555204 -0.08507834912615064 0.26785873830926543 0.7154137931901522 0.6396846686724771
470 13.011179143126114 -5.0836674329768075 50.86720229041933 -0.04254689595303667 0.24583245354394045 0.7503415609347469 0.6121631386839109
471 12.82571839612436 -4.223936858260707 50.418680256988246 -0.16530173504466256 0.1820624463800817 0.7278733159123896 0.6401008029928006
472 12.726266109763028 -3.2222526040923256 50.01308621493641 -0.18046945173917012 0.26851726581111013 0.7624951481015785 0.5602949259736731
473 12.687561642279306 -3.210922620922717 49.951238254994365 -0.5909097731637566 -0.394389625289582 0.6253869563972844 0.3227593812914533
474 12.659807669149302 -3.155542468818049 49.9881880660735 0.587303817904182 0.799264770300783 -0.08963323933365552 0.09064179410053488
475 12.332613312614244 -2.2165543180000427 49.73408431448878 0.5556793345921476 0.8204103284428587 -0.1331830296439234 0.02023982970221531
476 11.988656606573892 -1.3141571263679577 49.62279681314146 0.5144282879426064 0.8227246169892841 -0.1772002802049078 0.16458372294846402
477 11.578843209613563 -0.5817108793674045 49.14899153540421 0.555842575542442 0.8231729110280251 -0.02046681911917737 0.11404603929613108
478 11.087894096160179 0.22266151425156044 48.90733013252691 0.4749696880508411 0.8324885875500785 -0.23090169872107036 0.16748418599821924
479 11.032081809820218 0.2235523056464489 48.95097717652296 0.964455768730416 0.21968180067915316 0.0228766560571175 0.14505735148771773
480 11.011230562268914 0.22397248831380234 48.91908970610605 0.6728115300517539 -0.05430622651736496 -0.653800424689763 0.3419363734181356
481 11.165519555416376 -0.27327899465119476 47.95758746196262 0.6761503977512713 -0.2914802171368281 -0.6173631644620963 0.2769885300946782
482 11.178296623559776 -1.0421472220696049 47.349000887116354 0.6520672574470802 -0.3682182860958974 -0.6114357585849705 0.25567537752717523
483 11.239182496552981 -0.2566335127981796 47.906266907401275 -0.07602133083182071 0.9297894970680195 -0.35988801671916293 0.013887541989333787
484 11.316047710616786 -0.1392011033115405 47.97924278134429 0.5854990946846346 0.6903881683704304 -0.3570963422455523 0.23029804482983163
485 11.088393370862885 0.49188591285474564 47.20083210582122 0.5680548214657525 0.7056755783660955 -0.3578584821309588 0.22643543157844145
486 10.8524143707772 1.01908344161883 46.49976680068863 0.6410833284448383 0.6190682318583802 -0.4010392419751269 0.21197692489948658
487 10.733658312526934 1.71970839369727 45.70168007371708 0.6574647030034255 0.5542655980946225 -0.3875622528988896 0.3321525420666919
488 10.835835899294208 2.2255991574730083 44.74265068787276 0.6932742113734708 0.5116795667538574 -0.31132933338360647 0.4007853976706193
489 11.125092665531321 2.718994002004216 43.97020142395646 0.7470174359820233 0.4426094971527026 -0.311812173323713 0.38579133211649297
490 11.571694746212673 3.1463169342645116 43.228576231118076 0.8486931125555259 0.38702663234426277 -0.23698715373352744 0.27160168541883833
491 12.172838298051627 3.706222352944554 42.595120872247385 0.7163030203519636 0.5065771205103337 -0.35547761918471865 0.3223744193773409
492 12.165134213991715 3.660307786619913 42.637480749210475 0.11469965645776596 0.9203882252350452 -0.3697415036927651 0.05496111447347998
493 11.176790343557736 3.700052635369828 42.4032027717389 0.2770451956050154 0.8908282068197294 -0.35791107039409237 0.03963245155019975
494 12.05828921043421 3.259271406007855 42.76905934335346 0.23900156656591637 0.8578403417734581 0.3998716708659989 0.21700425351561337
495 11.305908612531981 3.8400286534255486 42.5576298132666 0.32224218907226904 0.8217332815725288 0.45556809738923254 0.11563777142054339
496 12.086103754251255 3.2073618598782043 42.47987525295742 0.3896881996413766 0.7306740521429876 0.5463326614933482 0.12561512476928827
497 11.514401520184544 4.001278480414106 42.786030792484055 0.5085375199930334 0.563936257322784 0.6380619525132519 0.1274458049175465
498 11.96009812975119 3.2912181590115965 42.27830637839245 0.6384853140280732 0.4733935762467632 0.5671319422980018 0.21586195997458144
499 11.918715575200205 4.0735326018579725 42.796670236901804 0.68891529772826 0.41905797410408413 0.5059907189225178 0.30620176233986135
