# time x y z qx qy qz qw
0 -1.847522092342802 -0.5031728713242901 11.055512497177144 0.0011474252413533096 -0.0019506246521401806 0.7077229254201723 0.7064864749685544
1 -1.8162160188876608 0.46940729081411803 11.03766891387169 0.05435996426119612 -0.002841478754711976 0.682890298457008 0.7284900552219676
2 -1.765582424938848 1.3985682022797887 11.13907391685976 0.0029039701422927766 -0.05995039891825091 0.6763641500950207 0.7341178741136836
3 -1.7211253778083948 1.4330704506285386 11.158679603178932 0.003368428292763336 -0.055849790992511875 -0.029471093189627314 0.9979984515033766
4 -0.7458477650184696 1.3696976124151305 11.312008263236935 -0.011539320771204533 0.006774916897849755 -0.008535489949203284 0.9998740370609157
5 -0.7195140086099128 1.351941312229507 11.367985384387666 -0.03131003946734802 -0.7349315567042753 0.027257128314374407 0.6768695127901951
6 -0.8086795568244188 1.4715704922686483 12.336434899638743 0.005278100478594815 -0.70292834049217 0.128935392248127 0.6994566136752759
7 -0.8670328519358454 1.5101814258970236 12.349412170866495 -0.03158604472247351 0.9967485060934896 0.050762304422747595 0.05401782880567503
8 -1.8797478785349762 1.475072823059005 12.203212976266217 -0.10444117236443112 0.9764751070884607 0.10696890863553575 0.15539002328671345
9 -1.8304632649735966 1.4286250260543027 12.207167880046045 0.08335420984094394 0.6361934924587523 0.12631209085173806 0.7565415861402399
10 -1.6378852396546317 1.7622965065746865 11.336931048045978 0.02499494495461099 0.6506963918167196 0.20464591657937997 0.7308142768383796
11 -1.6972373662608666 1.7986479693833444 11.348674426147145 0.08876359176182005 0.015398460170102388 0.050446459209474825 0.9946552503029166
12 -0.7349661783642533 1.8637970129385237 11.287938913599172 0.03099010436241471 0.04817378243476502 0.02413306841490533 0.9980663781164136
13 0.2295988320254947 1.955289019891142 11.185184027165063 -0.03760756377777641 -0.02580120218557414 -0.03229214525282055 0.9984373723311094
14 1.2677703573710826 1.8363513657569461 11.23002354095518 -0.006929907624078317 -0.0507361378940902 0.016926105859324584 0.9985446047284781
15 2.214302745898376 1.9193085977722624 11.304485089687867 -0.011470777313744983 0.028237948509499053 0.0052168085370060185 0.9995217978816078
16 3.1919129142127964 1.931000567822059 11.24878049428366 0.012647491528605885 -0.04446624139411355 0.005862559077071933 0.9989136222593934
17 4.17651008495015 1.909781373826894 11.378161019505688 -0.09924331518646949 0.02882520884043247 -0.042706606011641224 0.9937283419169803
18 4.180915882430953 1.943321372291565 11.317643138421957 -0.06807876355133165 -0.03841537327592676 -0.73908784162486 0.6690580717783009
19 4.111483714878677 1.8988512097781667 11.359189887693473 -0.05528329939772488 0.048993202614484976 0.9950783174067189 0.06604971712499033
20 4.134744103820489 1.8801973582213978 11.309773383087348 0.7201365930187709 -0.025072428580908326 -0.6924973896696304 0.03495748877022939
21 4.148716922687414 1.8292369159691344 10.257793449976372 -0.7031827313242831 0.0014138589749196106 0.7108885424742956 -0.01302027453215308
22 4.08732861494762 1.862112732683581 9.290283400344896 -0.6691363700525866 0.025210721670918056 0.7420620760834771 -0.03106143950880465
23 4.072625970113893 1.812393868847211 9.323172740602486 -0.4610624421705175 -0.49175173414438444 0.5162617029195666 0.5282759794693875
24 4.033425718464664 1.7714110079784402 9.32864960785896 0.001644452708050928 -0.6710978729278408 -0.011184534726002875 0.741282568869646
25 4.025189861701383 1.811733195485372 9.307378052091671 0.5296550974797989 0.4910371964352451 0.4851107560690929 -0.4929660270005969
26 4.129473362966147 1.9007947728289092 10.340285983882262 0.5819372560895726 0.41404866744476176 0.5074266114920162 -0.48211094668331894
27 4.222094356365901 1.9021934282113047 11.315960114777246 0.5291244634143891 0.4550709449498876 0.5159619279392712 -0.4967102034345991
28 4.3101922909512895 1.8213127418218935 12.346610621899533 -0.5289049318262388 -0.4819478346994813 -0.48649308331995206 0.5013086251005595
29 4.380107973652119 1.866835466348475 13.305005498757755 -0.4492872165805342 -0.5283178622987534 -0.5125970008516242 0.5062267753796803
30 4.341567903712321 1.838426747252391 14.320606016946709 0.42973199806790296 0.5161070321984355 0.5485921874740395 -0.4980065792681248
31 4.325991393452948 1.889991938809302 14.319233556340167 -0.6296554323458872 0.024802728071534955 -0.0005431366745516543 0.7764783101929352
32 5.321778090170287 1.8930189457926847 14.23855910053669 -0.6377995787871205 -0.07766373379892583 0.010861980660084791 0.7661997514535758
33 6.358775679184271 1.9837032725164883 14.353364844354838 -0.6722137874712568 0.005982026074941738 0.03841111855188836 0.7393358000727276
34 6.377681802722684 1.981108153130535 14.380846691041343 -0.4579976052926171 -0.521734417405831 0.48045609066825107 0.5359042229542594
35 6.324063812472879 2.981719670927175 14.543682491272152 -0.429500328141332 -0.4969817016928836 0.5413425724172887 0.5248684364653342
36 6.194054587572268 3.9688196582145836 14.621021343262004 -0.49809996050904076 -0.49873520016368067 0.47288303847120106 0.5287166172769957
37 6.249616474199457 4.008071023317392 14.658461352006427 -0.6728610819471326 0.07432181793510928 -0.060293817994739034 0.7335522389655506
38 7.243305843473955 3.7711144074207668 14.603793768508416 -0.7009505161875942 0.042846786525529285 0.03536030988897547 0.7110430192508305
39 8.279637388598003 3.809986540226927 14.435182148174508 -0.6751384956273517 0.12724062752591475 0.019778163014815966 0.7263653754802797
40 9.229682678056882 3.7111786099824675 14.177093812582081 -0.6979283577476969 0.017442397749471587 0.007918133361163163 0.7159113586027446
41 10.18936315927041 3.652966454346467 14.190561008465165 -0.6888657090461149 0.024435800488891168 0.021681982784177132 0.7241524826840043
42 10.229354319364909 3.6704971147672207 14.208519983936114 0.9952772602808321 0.0527142004643751 -0.07047882811317954 -0.04095269252534306
43 11.257857830125038 3.7382050461304748 14.018556026532627 0.9986916080122235 0.015422769511337786 0.04463626164959595 0.01961668709309868
44 12.207313800873575 3.804825643329044 14.153160725412816 0.9996137042177484 -0.02253244249210271 -0.008547165416530954 0.013844758530016182
45 13.238408845693554 3.7581709457544648 14.106513735782972 0.9999033121117693 0.007045087327250948 -0.009841585097144629 0.006846632401437359
46 13.280181646163003 3.738816428831025 14.103097907218375 -0.7180223587044745 0.015561388038015947 -0.003299691179199012 0.6958382338165354
47 13.307765830904719 3.7874492769269277 14.069889780947749 0.49202752021829305 0.5005477605938529 0.5294910341349269 -0.47644527858196123
48 13.309194642794688 3.7459765534676595 14.048855602446402 -0.028333837052009498 0.0012161347532085537 -0.7057751031614985 0.7078680798365954
49 13.318545684782762 2.718840124245807 14.132149125685144 0.013243736041129942 -0.00700137665554855 -0.6912214756224133 0.7224876855829264
50 13.309519403738461 1.7733487844629603 14.091284370950195 -0.01772660623386304 0.002138985105577854 -0.707436670038995 0.7065511659167265
51 13.33785643697555 0.7669516737704786 14.147625433397316 -0.04327579588305207 0.004327294095668247 -0.7169340018495751 0.6957830962365006
52 13.37474016003434 0.7149291372612131 14.187888960291598 0.09730706854132333 0.09411680974394157 0.9898405212478545 0.043463812894089224
53 12.343589620942623 0.7914953959749642 14.436282644940883 0.0029942251423107883 0.13929680796634353 0.989625380330049 0.03505767409270732
54 11.333018653977005 0.8247725560956456 14.389567605030074 -0.09824108776540154 0.06788357184665142 0.9928434161234425 -0.0015685688842082808
55 10.362889793596676 0.7626476230702123 14.256035398858998 -0.06851768009183683 0.07812015019116275 0.9935212551443958 0.0460226599106047
56 9.359277077110482 0.8246600981612932 14.15590697813173 -0.02004935537295015 0.004749396168898415 0.9995481037847873 -0.021887320653652807
57 8.354060495721603 0.7984703698767271 14.150674653076068 0.017230975167589656 0.005740323702765453 0.999567279483951 0.02313862492920342
58 7.3919462207851465 0.8263709091715813 14.132480157152091 0.035277495522751744 0.01974739062037943 0.9953347767656247 0.08760263143451538
59 6.345841930405117 0.9873327362697915 14.154722060178388 0.024703213913723945 -0.017586914906282697 0.9970715831015237 0.07020477062018936
60 5.390006468749711 1.0924631504810816 14.146839699337312 0.07371129614064056 -0.1238273674516984 0.9893004504440176 -0.022760638007613757
61 4.430713922557964 1.0578386950645762 14.264903554161613 -0.020993172744638623 -0.045113211880498515 0.9965294472015913 0.06673189396405768
62 3.3850262487206884 1.242016785552945 14.259263575793799 0.014607021214122879 -0.0450748881417793 0.9988025654336755 -0.012178861743397518
63 2.4113546921988194 1.2219800899868742 14.27729454391651 0.07638043488832745 -0.03850156936282168 0.9921702029234732 -0.09100520179453052
64 1.4574121283663257 1.0169999205985336 14.425017676824481 -0.030138815581236413 0.03407346985111126 0.9986982069001002 -0.02307687115252798
65 0.43173488723602954 1.0117612596770562 14.340156880670495 -0.08766782001134181 0.021771755179571625 0.9922522307251067 -0.08529862034001172
66 0.37319647310362203 0.9771541797929864 14.368818766870875 0.029438682743884677 0.7317518099574699 -0.6803663619843313 0.027825636784758263
67 -0.6461688695998236 0.9314699822535888 14.238861462453913 -0.006743934238735537 -0.6843177383613972 0.729011684905676 0.01434278863793917
68 -0.642404246657438 0.9553954105410463 14.28768072160862 0.4995204377410232 -0.4537057602301215 0.5164316158201337 0.5271895309985072
69 -0.5403609234794073 1.0857948654753813 15.318536392931218 0.52236553639084 -0.5087124695286375 0.468094047813956 0.4992332442239108
70 -0.4994798680368684 0.9866430268195296 16.343379763975783 -0.5394716604727406 0.5780707048185568 -0.45425681331889867 -0.4104331070110216
71 -0.4651481893031571 1.014780705291877 16.413415088319592 0.07046992766021759 0.8446378936162144 -0.5306533273899787 0.005278645003434868
72 -1.4095053417938328 1.1442255129729364 16.364202883964097 0.15166797815046368 0.8063666810512179 -0.5704624144060869 -0.036636509716011394
73 -1.406544744442763 1.120845772499252 16.33468378335239 -0.46535366588399785 -0.5066972015780136 0.43635039021415334 0.5799157253612709
74 -1.2570710703272294 2.113604597102905 16.510005933344996 -0.4046697851687242 -0.4623740725579485 0.5605562348682178 0.555184014132288
75 -1.3638084882337418 3.0531860589706943 16.55914930293813 -0.4176399917508092 -0.4518918502840584 0.6201113907013269 0.4866543496771615
76 -1.5187601598216598 3.9962970851966126 16.503384598190316 -0.5244275344110457 -0.4182980192967484 0.557750109304678 0.48879171819353484
77 -1.4938896051960169 3.9451447756134357 16.476077171373397 0.7122692473812938 -0.03147694407107082 -0.7004284249704651 0.03288985740658525
78 -1.4858898468341775 3.863353092540946 15.463819211487095 -0.6955625535304177 0.027996155066455336 0.7147934920553018 -0.06692692390306992
79 -1.5400742588427698 3.748889126675193 14.43466838595081 -0.6336792967373287 -0.024830331127885748 0.7721804909502173 -0.03963953756598681
80 -1.689755136326982 3.704193167639451 13.506802024740471 -0.6713353068219844 0.021937503004301924 0.7408151047897923 -0.00454227822308814
81 -1.7398035379620371 3.6387293419251105 12.51306155770249 -0.643663184705083 -0.0025460200387865104 0.7652932112823795 0.0041860724283536745
82 -1.8663659135061819 3.61757059065365 11.549852690514632 -0.6362564563563574 0.007152888739674748 0.7664927229595545 -0.0872666235027863
83 -1.9191929387036595 3.6573405989875574 11.507725324419473 0.9839488826925704 0.03896899433483817 -0.17183218416584534 -0.028279218754570096
84 -0.9704316375192998 3.7949190029341997 11.151859244527836 0.9668398083797276 0.07793619014308859 -0.20287277156827288 -0.13412447112454848
85 -0.9102849396066666 3.737225223722628 11.163969570323133 0.6785876624562538 0.6974175874996998 -0.03927247459142756 -0.22712367940776498
86 -0.9164934014634215 4.71330008383542 11.427558386526702 0.730805382884175 0.658497207266453 -0.08173290394974454 -0.16007702140450758
87 -0.7696239421105809 5.708435427629633 11.498870845718741 0.7135528815461746 0.6793935505600279 -0.06353208497877502 -0.15884068393468687
88 -0.6692075755015379 6.740925319432411 11.665688087820374 0.7456915940918056 0.6638059005914952 -0.027425257035079885 -0.05053343563716683
89 -0.684831487667054 6.727547476019198 11.645763508947876 -0.518766402327891 -0.49428604580502405 0.5266082303449825 0.45743469093536815
90 -0.6765832444041446 7.677548166303922 11.569844333760761 0.49425792818564224 0.5920195457082247 -0.48911444602077037 -0.40741749670191935
91 -0.635390280468839 7.731297327398922 11.569853260298652 0.048221041205788656 0.723794902129367 -0.6827394191206663 0.08753602924136475
92 -1.6180132896285908 7.690034738837968 11.349894174544225 -0.01804674205982826 -0.6943557404169463 0.7193962657234962 -0.0036652031524302617
93 -2.57164066613702 7.679537507768876 11.293093425488873 -0.026524404862745293 -0.6670201876328812 0.7412059561435382 0.07067004891901948
94 -2.6176851214505095 7.636321027649658 11.35292667859346 0.012476993030163704 0.9937926040180696 -0.05724075014088164 -0.09457315352265286
95 -3.6083582003777854 7.651573848642748 11.590704458014407 0.024635064016406027 0.9978576857591456 -0.023354398143259434 -0.05592606440359715
96 -4.548715531546666 7.723474530802296 11.735772998021963 -0.024294654975266807 0.9984270272422098 -0.009276348697720977 -0.04967082007331032
97 -4.585905486371257 7.75396731194429 11.688760201746403 -0.03680452681460588 0.7474558056645335 -0.6600701416802662 0.0652889994296858
98 -5.625133988381614 7.637209928551014 11.59877264890674 -0.06888433117605484 0.731882853842107 -0.6766373144877168 0.04200454514944224
99 -5.620372243386544 7.65738275522577 11.60582549241312 0.46312406593468036 0.5573931298355643 -0.46873110188488876 0.5050942016000795
100 -5.7252383378520335 7.6490784512056855 10.556480824506966 -0.4869457649721724 -0.502880248865112 0.5142634505159662 -0.49550820451374983
101 -5.711489607033144 7.61544706690133 9.597442927721543 -0.5157607131905094 -0.44539288023753276 0.545456588841933 -0.4879479261682063
102 -5.7400948800936655 7.494278010122329 8.54335678643386 0.47769059823127424 0.47799132220210117 -0.5170682699418555 0.5253345529091645
103 -5.700528106099109 7.434957686131208 7.48369211078886 -0.4697734916163792 -0.4983757251620779 0.5302886258811181 -0.4997284026397185
104 -5.767568023580114 7.387748093328588 6.516366075786195 0.4980643372748062 0.5386141241783158 -0.4951512690622015 0.4654588724223921
105 -5.809270567091251 7.475061102811191 5.565244854316544 0.43803579696075895 0.5005065669956348 -0.5490845728669919 0.5060868984815455
106 -5.756974453722794 7.5261357658138 5.605998589863962 0.6787980774771519 0.026482134053375517 -0.03286601981728667 0.7331109679514226
107 -4.71264393957564 7.5084460611537995 5.549197083575742 0.7113198998229397 0.08737280637073216 -0.02127654564461826 0.6970920322512788
108 -4.670091997784116 7.557126944423624 5.592050733555156 0.008843775217352435 0.036951018961902435 -0.021525496283202803 0.9990460764385914
109 -3.7378133208027062 7.461040378459142 5.531179194137295 0.019985557870183173 0.08169933674514303 -0.007319937735482722 0.9964297337813489
110 -2.7635014790794554 7.432385546896553 5.429671101225805 -0.030856847334375746 0.0439561759012048 0.00949184437475305 0.9985116997126728
111 -1.7187070525640413 7.405675408194677 5.292589265632201 -0.09478126535177814 -0.017015158980512958 0.027875309542594436 0.9949622923614182
112 -1.7215137421081141 7.457695221160988 5.332238631949106 0.6981858436307884 0.04153699801338948 -0.033564755353337056 0.7139219934612403
113 -0.7082477734325549 7.472234583823551 5.267623171773578 0.6785529363246967 -0.010540150975227213 0.020715315295926337 0.7341836919564078
114 -0.6688517253764965 7.512073134605489 5.308519443404526 0.4047222047814598 -0.5918799317105853 -0.4584335559367205 0.5250873814769528
115 -0.7772446183214572 6.598276145774129 5.55531615084102 0.3989268719354309 -0.5111815912395301 -0.5352830591718221 0.5413157841678807
116 -0.8347989287642018 5.654341883831743 5.643262951265403 -0.4592663163891037 0.536084747862601 0.5045709535272511 -0.4970872625566627
117 -0.8981009073651688 4.630927532436058 5.746877342659275 0.4798398207948846 -0.5000477174396761 -0.4929175633968863 0.5260592194399589
118 -0.947407765090377 4.60718651791491 5.741159542196058 -0.028883610550069556 -0.6893463026927216 0.027174635891957653 0.7233456650658838
119 -0.9348051312707668 4.607543563314833 5.731178380292387 -0.047451056839031336 0.9943526399598439 -0.07920935116037445 0.0523173326776207
120 -0.956010480740911 4.549781921870561 5.688423015806314 -0.025017996228032524 -0.5955737492241205 0.7873646928553264 -0.15723501373643536
121 -1.9309521290161273 4.322712779419284 5.396201931674828 0.006146142869786343 -0.5868027544153129 0.7769892709511906 -0.22784298357676827
122 -1.965054108923765 4.332778387968759 5.32973054518511 0.4577411926111658 0.4644931721508167 -0.4736119493921053 0.5919550785365302
123 -1.9945212039549247 4.28441360144934 5.275513332212 0.7199466127686 -0.01083977948032908 -0.6930287485566284 0.03564446125095014
124 -1.9697899329193118 4.238509149751619 5.3361856151967455 0.02633898780855536 -0.0024791631059968844 0.9996280848620885 0.0066184157067834485
125 -2.969592058449207 4.300058031759941 5.351749195456269 0.027810081209856542 -0.07299841005909663 0.99689079666076 0.010323325288875298
126 -3.98828901114234 4.3138791473741875 5.3978600139196935 0.05891994192462415 -0.14140466472675484 0.987398438265675 0.03971756975973019
127 -4.952342083464143 4.417195901641231 5.538923480954963 0.027756648984379136 -0.15498092329692303 0.9874936632523574 0.008169876843087079
128 -4.9158481918459005 4.378811107395829 5.4814429727802985 -0.6983942245548026 -0.09772670533620822 0.7067729332214421 0.05627627420312275
129 -4.913257609109092 4.635501298993463 4.562455753259343 -0.6720031619355198 -0.0712356816464738 0.7370670467383548 0.00833046345804715
130 -4.99475374609247 4.79223054878967 3.5693080120485017 0.7254036437145517 0.024218576159803436 -0.687756927891143 0.013907637908013202
131 -4.934554963750078 4.763257652721044 2.593416980462938 -0.6847384596585654 -0.0225115216949041 0.7265944757376557 -0.05183571242797976
132 -4.936966643755459 4.725282856587995 1.5666177131987107 0.7078659878086587 0.007270335022130345 -0.7063067280131595 -0.0019213265425740162
133 -4.932583947934314 4.685753214093616 0.6164015731089979 -0.682077349551277 0.039838816055719165 0.7244157408192499 -0.09167983648371868
134 -4.930886932924494 4.540177365013091 -0.4011353183106554 -0.7037110156772677 0.045801142182633786 0.7082215972721138 -0.03339507368713728
135 -4.96842048806844 4.571145174801955 -0.42055678405921226 0.9953501903906511 -0.08060931124639444 -0.05271862369372437 0.000940290122904445
136 -3.9457715607400217 4.401332041668741 -0.5810575649114068 0.9924318711793155 -0.0391176983891605 -0.11498789509972417 -0.018071267824701063
137 -3.9419859645268867 4.402463496323406 -0.5885261578744331 0.6919171313341375 0.041520256564757996 -0.01812642320534411 0.7205540815531579
138 -3.890174680699161 4.34405915695224 -0.5475805487595137 -0.4844161805504026 -0.4900478326907204 0.5356113809729116 -0.48817469646467454
139 -3.868250447582681 4.3192131898291555 -0.5166481740006257 -0.6742406268305838 -0.07397288496125475 0.7347721494369857 0.0061219141909882435
140 -3.925763506577004 4.455066709884923 -1.4787119764816972 -0.6598666285135673 -0.10025658487832476 0.7412964178141893 -0.07074087007185943
141 -4.0938504655424435 4.487890198484595 -2.431791897975305 -0.6493135315570702 -0.06916810934011938 0.7572601154276147 0.012838534564133941
142 -4.046849577399637 4.471129491195336 -2.407387950963393 -0.49544276043442387 -0.46298495903272274 0.5040431916198801 0.5349035986271072
143 -3.967321231928284 5.421373361772877 -2.4433997500732696 -0.5211120926799901 -0.4579753636958147 0.5284700697648446 0.48930577195973035
144 -3.9725613372399526 6.40957308779792 -2.530354873592359 -0.5144024261456883 -0.4272688493593336 0.5456870167782553 0.5050318347017633
145 -3.971623572981761 7.447833517482698 -2.610010144327259 -0.46101541134653595 -0.49399729728302405 0.5231939168212435 0.5193260884832381
146 -3.968221880414207 8.461646094841797 -2.569741151518094 -0.46701638564591647 -0.4881756743957228 0.588413224099959 0.44424102036034224
147 -4.180516276674124 9.46290504810202 -2.7037773175177153 -0.46895622279082927 -0.4336086943119497 0.5409688018273378 0.5471894706336542
148 -4.188262109270168 10.42098347863027 -2.7275987148034706 -0.4363080811952554 -0.5376665993651012 0.5155082252801907 0.5047783235038398
149 -4.244256945499793 10.482740855340394 -2.7769188083887735 0.6991361530069197 0.7127998310769342 -0.04659898301673579 -0.03088001226011159
150 -4.268675601805284 11.442413485254024 -2.8525101350396813 0.7008864423708714 0.7126781123937579 -0.02788098124372059 0.008411533775760656
151 -4.31350840920637 11.458134442406319 -2.8461448121952135 -0.5234985275617858 -0.4961198446311217 0.4641872643691228 0.5141445078976776
152 -4.276191223899917 12.41468470389525 -2.7633048516346688 -0.5965086988093666 -0.41748824975788024 0.4578495595046645 0.5101516582549164
153 -3.986634046940597 13.352968882882209 -2.9172510840936563 0.5678764886023168 0.525127021514198 -0.44728127220873226 -0.44910730176614455
154 -3.9281844826759857 14.301396793122425 -2.99685533944103 -0.5236057696962899 -0.46849522839392715 0.49646056629345864 0.5097804674842469
155 -3.89875292846439 14.25206251415883 -2.9647473247720884 0.05362710266975827 0.01746815086644469 0.7124105316332168 0.6994928391217683
156 -3.9120901703897903 15.24890294897149 -2.9524331594168634 0.00514511973977671 -0.04219299458490418 0.7465270858634192 0.6639959254566948
157 -4.0404579460683285 16.213784042995123 -2.8512020853443496 0.04558369227930041 -0.023426043526876373 0.7294360336910715 0.6821263960849938
158 -4.141051749736984 17.223476500580446 -2.7518844411332086 0.0409582675946944 0.11307681892583982 0.68012921833686 0.7231599406090932
159 -4.061764376419396 18.27148391515948 -2.916541439843384 0.0673772309653346 0.07487136683048445 0.7146512543666894 0.6921908492666577
160 -4.149691703427351 19.227286998991698 -2.9484036482092986 0.07446042906850306 0.08085964268156998 0.7055120358972782 0.7001215108053902
161 -4.19670614974735 20.216055804223725 -2.9010690068796987 0.0162418594560545 0.013188947959289626 0.6975208585555158 0.7162589654120303
162 -4.19476295207369 20.24795807267721 -2.9468912811448074 0.4965008939950511 -0.476964523106183 0.4986066081540467 0.5266717728009753
163 -4.101082698626465 20.356132705239183 -1.9728973807596406 0.5289576577881661 -0.46983010631760663 0.5001383827365875 0.4993246094260484
164 -4.107673718573555 20.413732663638203 -1.9156396973161474 0.6768134918471369 0.0039149817169777485 0.01017322852972199 0.7360738248254197
165 -3.1443798660990536 20.440789256955984 -1.9341911374556915 0.715718030458185 0.028973067777523252 -0.06141904855254218 0.6950798246931901
166 -2.1530112443189933 20.35141410535366 -2.0265079131055326 0.7181168583351103 0.11072632270904346 -0.04339841402462377 0.6856853774832828
167 -2.2063372427069217 20.353450910681783 -1.995499007898584 0.46725506118331717 0.4986368698401999 -0.5165251852866724 0.5159803414851296
168 -2.254288534508725 20.395229843601268 -1.955365437221619 0.03653948254350551 0.7792075385417251 0.026715300115226725 0.6251294032717961
169 -2.3188354306639836 20.389690741820715 -1.983176377102016 -0.5220598733970012 0.603973780127766 -0.40672079382428905 0.44412538474829966
170 -2.403149072017582 19.403022567027957 -2.107387100235183 -0.49171799901390634 0.6168206336113701 -0.397673651022176 0.4686164558353881
171 -2.38043193533999 19.370114639453373 -2.0809733673499666 -0.0007069914647995806 0.06405421730781795 -0.7251823853347321 0.685570612999404
172 -2.3744240157519245 19.414036645264027 -2.11635565593563 -0.5148335068627725 0.5903576139633712 -0.5049691442385272 0.3625334621988206
173 -2.4254469512927375 19.460522617782342 -2.150971317429616 0.06258277399817655 0.7799633236587542 -0.07172669911307676 0.6185433620856559
174 -2.6646498776115575 19.47800661478562 -3.0642741816017836 0.13521962730878748 0.7893253736202843 -0.12559805344945932 0.5855819634512114
175 -2.9563654468601595 19.538527182638518 -3.9629564635215 0.06847311310890493 0.7372080097012634 -0.08152238343010663 0.6672255122620475
176 -3.007964456927972 19.573216592209498 -4.003264160078955 0.032324699823316295 0.9959185882634296 -0.01844733504428247 -0.08222514920919327
177 -2.982961591715183 19.531162833559403 -4.055371798749513 0.747201299622698 0.6464190586592433 -0.05719588027967841 -0.14339194441558406
178 -2.7795167826497473 20.526917619816675 -3.9890330906661475 0.7949217056918072 0.5857383188569593 -0.10771661005030321 -0.11578961767758233
179 -2.483934663651719 21.52679664450779 -4.041099472807752 0.7431638469011189 0.6656728690711653 -0.06324905206529066 -0.02422159066896399
180 -2.3454569569145853 22.458738978969446 -4.135224194709935 0.7530081464429056 0.6577755559769697 -0.004935468722502084 -0.016902381438662576
181 -2.298170211422262 22.45600612274826 -4.097166445185696 0.4518319610701719 0.45720300958813037 0.5040676871456758 0.5768267103339151
182 -2.2057740572138 23.415411294336092 -4.158140107226307 0.43394599204248324 0.5500416698569467 0.5072530901609184 0.5018359691507231
183 -2.3203870555408512 24.367334109542966 -4.212525206848668 0.5116890666108308 0.5375800066595342 0.44664466573671585 0.4996904823186134
184 -2.280909641065057 25.391369976397065 -4.29257821033963 0.5125292970932058 0.5037957229599573 0.4871227208121504 0.4962006086422782
185 -2.2907971465675954 26.354744017925235 -4.279229045193516 0.5431643714077109 0.46849449143602084 0.43900367144405655 0.5410740740286953
186 -2.1325896180742974 27.34620013687721 -4.342782429237675 0.4833008476213121 0.5031688568574196 0.5049932883744367 0.5081566400964334
187 -2.1209623364484678 27.341339414922608 -4.381858967146883 0.047035573325735124 -0.021064463797311875 0.7061126635681964 0.7062215300849146
188 -2.137966401033809 28.295361068596776 -4.238797494377469 0.006405942597408225 -0.031784022171836956 0.7383338562974852 0.6736555918857219
189 -2.2139506706325287 29.354072087296146 -4.12773510235772 -0.06911724354822649 -0.057743333829500795 0.729573469378633 0.6779462123364763
190 -2.285259659939829 30.416278489096758 -4.1578908666233 0.00957357887743593 -0.00318803184111174 0.7080308189454424 0.7061094408545358
191 -2.2343564611996247 29.932364783737317 -4.178955739975174 -0.6863258212402515 0.12096270598791152 0.028527388105564457 0.7165968734140915
192 -2.2490237383335847 29.920927686281036 -4.181520013276511 0.561133448351382 0.4362262254679956 0.5259496761222854 -0.46713260595049005
193 -2.2275040879912464 29.87927050691299 -3.197434890577963 0.564555891274172 0.46946810927805716 0.459592829353744 -0.49965064915912033
194 -2.073528521294896 30.004574765397162 -2.262768090522689 0.5267804116412295 0.49761084812360673 0.4848226766591966 -0.4897272852698882
195 -1.9984419967340017 30.075893172507477 -1.2880481723731354 -0.5350223761057962 -0.4749287607880041 -0.46121354526876834 0.5248578806716088
196 -1.948472908864754 30.038999759782676 -1.2911431692459816 0.686553897239587 0.02609423626699816 0.7265944659901715 0.004828976209692137
197 -1.9017519082255236 29.998479308422397 -1.282060126915689 -0.4199445301764794 -0.5722520979139533 -0.4850651283057454 0.5107699573288037
198 -1.9815921353752557 30.04668129463219 -0.32733528313881166 -0.45468847184666783 -0.48619739282488517 -0.5481305871749763 0.5063826104668685
199 -2.06626988225673 29.98922098529685 0.6626138103926313 0.5329563672070933 0.4734000034551864 0.5349903911947929 -0.45347020708232777
200 -2.1015226670787417 30.04978300949479 1.683609493325385 -0.5148062500638974 -0.49808418551997585 -0.4831340865029572 0.5034561783204214
201 -2.1351521867743153 30.048463624554707 1.7255979382557767 0.6999626509713149 0.7087292757822312 -0.08324285306758865 -0.028735488643338632
202 -2.161066977190808 31.057041757083237 1.6997610995289332 0.7082438001755789 0.7052700171120128 -0.03130720857172242 -0.0021865880091618134
203 -2.188621282699071 30.03341117268266 1.724928009460136 -0.7146103841937211 0.002240690961140586 0.010093300664840137 0.699446283418682
204 -2.219677292850162 29.97266705684672 1.6790561738785565 0.5730389427050073 -0.5167228875468123 0.4467814107183266 -0.4527805193085872
205 -2.200861392423528 28.991932986201512 1.680085058070798 0.6293920467063372 -0.46176902777709544 0.446413676733214 -0.43743553325505896
206 -2.038845973672211 28.002836852253168 1.895571676017603 0.5877044121773062 -0.4213853662025024 0.5464126966932307 -0.42245835528504105
207 -1.9980132300033595 27.091497477902518 2.1569443522485763 0.6211015988882908 -0.4951340927921648 0.435093298716286 -0.42399157471047566
208 -1.9043379492364205 26.063039068748765 2.3377195493316623 0.5332110327566459 -0.5251864257584833 0.5189570989264405 -0.4129754741137452
209 -1.943356737230791 25.097989749628933 2.499782689979556 0.4945482293141995 -0.4998429621720839 0.5659726695342147 -0.43041143036580815
210 -1.9019727677487475 25.043953032799145 2.4786452434101687 -0.6680403109528472 0.7306670453338538 -0.059049735979553666 -0.12790989205634037
211 -2.0302332725504826 24.050404995556274 2.6989196044644403 -0.6967173687580959 0.7158466442461477 -0.042846828634395005 -0.017681608193264527
212 -2.0376075510170537 24.00126615262871 2.6533875995248395 0.9967588517832767 0.014661152546805374 -0.0012027088286492198 0.07909105821239353
213 -0.992501532566103 24.089355912082496 2.6072843200643536 0.999207674443871 0.038682069306082124 -0.0023529227874648593 -0.00906557229452239
214 -0.037712415090907836 24.118079702511316 2.595027956699774 0.9993576514917916 0.0011187766209621414 -0.03366722955070517 0.0122290800170248
215 0.9970515945001451 24.070299082334497 2.5279135149139615 0.9946027838521114 -0.002780879131355876 -0.08582824683073888 -0.05823298988415854
216 1.9392105216527287 24.030717595792623 2.4041532470624074 0.9948890812291231 0.08625929513641392 0.031320850532779526 -0.04211952487320005
217 2.9734258904720763 24.180098707001036 2.4475567760817967 0.9997049212052974 0.0008329219006983937 -0.01945892229675672 0.01451644247279278
218 3.9297566637968204 24.167117142789845 2.3706304106566978 0.994647748409561 -0.0673728372338351 -0.07654115897613531 -0.016679579414466704
219 4.90495506188287 24.033275135991857 2.166328551855418 0.9908222069737175 0.03325790426802227 -0.1309616429106191 -0.0037833923379144148
220 5.903890771872506 24.07672967958252 1.8475570473845417 0.9927417315852456 -0.03668784734123932 -0.10906544822273037 0.03496547197691973
221 6.829324136546244 24.05018255189187 1.6399788641586013 0.9995426510235956 -0.01134418114826609 -0.010978684469709558 0.025792766934015922
222 7.844293172451054 24.073827832327126 1.5719156572260626 0.9981275770480511 -0.01753376568879085 -0.040272368798490325 0.042568102005081716
223 8.814312453930908 24.084906753034677 1.4591382317462274 0.9999287328734208 -0.010775146027199211 -0.001409736242403307 -0.004943485205260027
224 9.83272381083388 24.040737822198746 1.499575173865682 0.9961997849635322 -0.06525793975218765 -0.042168951678190486 0.03935948744933751
225 10.880133836218423 23.94766381148466 1.3880445495537825 0.999907546283813 -0.011501002363807716 -0.0024689361978633374 0.006821303640998934
226 11.929880765025132 23.890912654783754 1.3938910207597395 0.997997030854235 -0.024461896011792342 -0.02407087471966918 0.05314259158028792
227 11.977983247357725 23.86110950044692 1.3591705425050629 0.7001933297842234 0.03837878434427654 -0.022243551079713736 0.7125739219711189
228 12.996037504665502 23.91394657845144 1.3155479837446555 0.6978057292174935 0.010832945196820867 -0.012761594377995086 0.7160914419810755
229 13.981296712504678 23.905087160133096 1.3135801634841828 0.6930986515669084 0.004531171002418069 0.00915291452188467 0.7207703877388659
230 15.016828689305113 23.879022104762438 1.3381886169573798 0.6804667031981421 0.007042635285780137 -0.023466866322415236 0.7323692875263735
231 15.979208944516065 23.8383798973507 1.3205836500784156 0.638527023327668 0.041787170502097515 0.04685462321941355 0.7670343650350374
232 16.93957017924017 23.954949625905765 1.3640681073320506 0.6903139719370509 0.07719037397289555 0.016728017041629118 0.7191859563146876
233 16.9953420119195 23.951803928798363 1.3472541527066848 -0.02420611271228539 0.0249147319551368 -0.011922880232496137 0.9993253550100314
234 18.039404834007286 23.88196877122353 1.3497170737812583 -0.015724791858629315 0.023245591500665883 -0.016821255048678978 0.9994645660429259
235 18.034238734689122 23.906351793377148 1.3034019107384314 -0.687951610562872 0.05647570134386174 0.021735240285687858 0.7232293246345809
236 19.032680617343537 23.816953274027668 1.1410606508610581 -0.7431744847047761 0.06865988748170772 0.0248722436639514 0.6651006515031472
237 20.011914325940158 23.739742208899415 0.9790080036518808 -0.7753728830792767 0.0060503201486817254 0.03622329561833671 0.6304348964532143
238 21.048385270538073 23.822791283225925 0.9517393414071627 -0.7656672227990298 -0.012248830030271739 0.0222380796442834 0.6427356672130818
239 22.07960430282324 23.842472664004884 0.9859095801730323 -0.7118086852716153 0.018505399093692247 0.0030326787411229248 0.7021230295581614
240 23.044578863260224 23.78647637327294 0.931668298262648 -0.6665970036968245 0.03156989087073602 0.11519371662797767 0.7357867791026553
241 23.055230081613797 23.811783262134362 0.8848707594988735 -0.571806039008731 0.4834771859403257 -0.43154203245294903 0.5030498371481191
242 23.09136167843418 23.817045607152078 0.8779567549271896 -0.08649274739379634 0.7859137990892304 0.03658404182811438 0.6111629184864911
243 22.858052642146642 23.676556432367224 -0.0827305882354781 -0.07761429894699035 0.7575027842273909 0.09668706876444735 0.6409502033859242
244 22.81029587868341 23.71097836674385 -0.018416284186526324 -0.5142096829034815 0.42694138917182733 0.609763570853067 0.4260256328917884
245 22.737885816160933 23.751164538195233 -0.956861539439923 0.6121056158041099 -0.41755206855048854 -0.5673365685462906 -0.3593135165011183
246 22.779588298777085 23.662321858758524 -1.9981493233969339 -0.5739484215960152 0.39488133182716056 0.6027967026107228 0.3889576820728573
247 22.76469111392059 23.69035885303302 -3.007721687487833 0.5840355220204358 -0.4480620865212798 -0.5065648836305003 -0.44892637961355336
248 22.83028699886756 23.626464786481993 -3.9926978826763584 -0.4922230492018806 0.5176312010886684 0.5016237993246361 0.48800407113570576
249 22.84641571071376 23.658914862244387 -4.9683374710464605 -0.486209343313306 0.4911665417413994 0.5685394130401683 0.44622733955751614
250 22.72069959110714 23.702519620840082 -5.94241340670358 -0.49880166419801264 0.5165132084566676 0.5005602850966981 0.4835808166863162
251 22.77271178661592 23.755292515244626 -5.897540461138716 -0.011020894447176084 0.7053424602203984 0.7087259304708486 -0.008837939468594748
252 21.779590244752544 23.77772562576816 -5.906328820132332 0.09953348124353986 0.6753574756478493 0.7307382351222758 -0.002645359803028471
253 21.73830425784705 23.73802633875993 -5.89206996323117 -0.4381592470660326 0.5297072719059367 0.44625303549186407 0.5729615245501191
254 21.725850062890295 23.744007935552425 -6.8546456658563315 -0.4871554498678667 0.5235001690199109 0.5004887746625216 0.48799398268520444
255 21.724398714738697 23.77380029840275 -7.844583049875942 -0.5273921973484091 0.4458973411733753 0.5525351455584476 0.4666239859171795
256 21.723565650401895 23.83062291702439 -8.822988985589184 0.5888043807328724 -0.44587881408735414 -0.45376475630452806 -0.49859706207891463
257 21.861691463212555 23.763683561782557 -9.790370063155075 0.5606151480784978 -0.4660225569146164 -0.4963411609902809 -0.4713587636806033
258 21.883723603922434 23.723053691500365 -10.741359109187906 -0.502410489559357 0.4810503015205701 0.5529814438802724 0.4586783514749579
259 21.827600975270403 23.694977606232243 -11.7873169087448 -0.5073517056288738 0.49846218900034994 0.5372854333794204 0.4532704005455693
260 21.705985453447994 23.669085329190054 -12.766430169371331 -0.5165690639598371 0.5146391107759032 0.5782027444853131 0.3660390335593955
261 21.486036037227315 23.527695702245516 -13.748840061123374 0.5443683910815961 -0.508042425784986 -0.48535921724094266 -0.45823834260459007
262 21.49700055917696 23.44102372322583 -14.7608246597814 -0.5253240942549086 0.5214638170349827 0.5385125442507973 0.40263423004396903
263 21.541337590792125 23.46073748129238 -14.814596978814775 -0.7726167942655439 -0.03456449080148254 0.043687324263657894 0.6324239107538154
264 22.508169244152274 23.55130886456199 -14.877806466897407 -0.72164702720413 -0.04176776502559648 -0.014674700042487913 0.6908441757088728
265 23.482548214509926 23.537935249642228 -14.78265064738452 -0.7186073261367922 -0.07296664246757398 0.008314278609604448 0.691527477892774
266 24.468926820385963 23.703320439927108 -14.697979294976987 -0.754919370000254 0.05770018315579246 -0.029406472686539946 0.6526122072305596
267 25.50778859908565 23.54890298020454 -14.777486271949355 -0.7074860181928372 0.016995423307986927 0.0008479394051652 0.7065224487919642
268 26.545478305092193 23.56283496344301 -14.80887096137335 -0.713639184898923 0.012573091054794748 0.0019311776541157636 0.700397959528008
269 26.605939839664025 23.511975922011494 -14.816487347516567 -0.4722257701089045 0.542958721510137 -0.4735674658084449 0.507870558419066
270 26.54521522346351 22.511295145567406 -14.918683029958451 0.5212591678575111 -0.5077432132026048 0.49372250392526784 -0.4761552252038753
271 26.541542519108113 22.471131128653347 -14.95803957225077 0.05530749198536497 0.7457919534734121 -0.006046097575690995 0.6638515558230661
272 26.388627577628522 22.5338410208054 -15.895400339858357 0.021463493171747457 0.7265231304053209 -0.008837239391951076 0.6867498544935033
273 26.408721620646585 22.57944143286503 -15.864696309207492 -0.04970569442158347 0.058478601649196896 -0.024129791026340153 0.9967584212216357
274 26.438235880921656 22.594213100914573 -15.909344699561247 0.028397900286268565 -0.6809520550817187 0.011165901416726303 0.73169199844256
275 26.46264471471664 22.59650089940535 -14.915536179853119 0.043043457243318504 -0.6473164641369104 -0.06666289010549559 0.7580796232115812
276 26.622496739722013 22.468552324969156 -13.900515609580543 0.1206351873876318 -0.6152214413135572 -0.05941937609572427 0.7768005326056457
277 26.665096283177235 22.51207763627667 -13.865874365288999 -0.00615668174213375 0.08397936901168834 0.04949459332128735 0.9952184916299964
278 27.644404182581717 22.605049005365604 -13.998724873576554 -0.016833558026200374 0.06302553802380505 0.05887760312589516 0.996131437477574
279 27.598519794622295 22.549235040089286 -13.97600468000122 0.02252501233921523 0.7861006739340859 -0.02008229600506298 0.6173613655280514
280 27.339429694180396 22.557869028195007 -14.972660887311829 0.02343713898799734 0.7155330605028141 0.05481054855371878 0.6960308496114036
281 27.27723716543233 22.705120709944445 -15.967268455305048 0.061389579318824154 0.7352277000951606 -0.07432878891245188 0.6709297874611364
282 27.226743292523796 22.685244980931557 -16.999750568059135 0.024481159062135223 0.737185248955806 -0.03541256836866611 0.674317826825359
283 27.130968333021862 22.65475470143135 -17.94696670743346 0.009765740957945064 0.7669558246628846 -0.05636211373499113 0.639145292914327
284 27.075526031646383 22.607554423532182 -17.942993953256803 0.5417143621091023 0.5945888930779352 0.4248066895823738 0.4153900270819577
285 26.95537366148525 23.64894670307699 -18.01886188383217 0.4906888788452618 0.5354184830098121 0.4431014128327728 0.5255593307845035
286 27.016862515402696 24.598288933782097 -18.094764531553253 0.5064030826084599 0.5763926227269347 0.43379738183284977 0.4723846884749541
287 26.96807978993093 25.60232185737401 -18.15252853521353 0.519378209993771 0.5281686744066962 0.4708729392106796 0.4791271245486264
288 27.026531842983402 26.554253577189915 -18.163940291768704 0.5445682796580287 0.49980380575506217 0.5109810512374984 0.4387936984726112
289 27.03485177945206 27.574943260780863 -18.029143703851894 0.4994543005834356 0.5442297855078929 0.5092594932877174 0.441604020238812
290 26.98462676065764 27.610911168731548 -18.00753803425351 -0.1003744460363314 0.7371539852212411 -0.004904624653401344 0.668210234366663
291 26.971940439185424 27.644335800478995 -18.05938599290047 0.504735000533595 0.5204819043573895 0.4704294603087212 0.5030281198367544
292 26.98637368827325 27.604996556544975 -18.068750360966142 0.7680114049192387 0.06709725176686082 0.6356010842382744 0.04083751258881535
293 27.141611420750106 27.789423327702607 -17.116210058039865 0.742188486388576 -0.011602189665586996 0.6700183355568838 -0.009852405025241047
294 27.19881630600059 27.756722029126625 -16.087890040994996 0.7347874465340607 -0.00019132927099308486 0.6782972525375235 0.0004571751431732281
295 27.26570224179049 27.744671448780622 -15.07753132973176 0.7333120760849635 -0.09452569673983958 0.6732332249933733 -0.008678507292745885
296 27.259584845764383 27.738298663229042 -15.06002159961025 0.4939189303183012 0.4972198008846842 0.5154541991475728 -0.49307558088243797
297 27.19529148814236 27.74997200473943 -14.0284411779348 -0.5294152908774199 -0.42975275672799357 -0.5007518811101944 0.5331787424817944
298 27.32211415859044 27.622352154962016 -13.019465811702691 -0.5353620243370448 -0.5108845410736248 -0.420954447988506 0.5245777743179983
299 27.414668290082055 27.69754529368244 -12.058770485914623 -0.5256329671915226 -0.47397861590133095 -0.4825572771048171 0.5159386880074804
300 27.463700795194534 27.645718637577527 -12.083615537103695 0.7184020814169287 0.01047408545238434 0.6954937705230523 0.00878396911357
301 27.505364784727185 27.718868507134694 -11.052878494615507 0.7389881628218972 -0.006197799729159862 0.6736790515824613 -0.0038233423322967803
302 27.5505404499124 27.762768364842383 -10.102789991719513 0.6955749830705891 -0.012788839561945214 0.7182640038450655 -0.010426374703827812
303 27.56186436482102 27.796166411258387 -10.048818515944928 -0.4829161685290798 -0.4650532085716528 -0.45761123859299124 0.5840457530740167
304 27.71234302009704 27.703244721637496 -9.10145833308666 0.48407328469957855 0.5386442117072091 0.4774232433518039 -0.497596739279834
305 27.723170704477607 27.665590803970396 -9.143501827522256 -0.05156958853783946 -0.7263909617327654 0.08286173066332776 0.6803166041208057
306 27.648807390324563 27.88987677017532 -8.179531462810886 -0.04531162275686114 -0.6987008659927586 0.03905685940928024 0.7129084923306729
307 27.65664571587412 28.055585557262027 -7.237923818749792 -0.0290009698853327 -0.7490448501195498 -0.01157784646107524 0.6617829778155476
308 27.521789374129167 28.062732636136484 -6.236670972335398 0.014529875101806443 -0.6698033916556135 -0.033145454737512695 0.7416560375850832
309 27.664810947550848 27.935462569375254 -5.211146330473732 -0.03341408368400432 -0.7087005850460089 -0.07375922781769381 0.7008470275878613
310 27.667319893684038 27.898422767836102 -4.160675519543566 0.0065251411579756845 -0.6461821344870494 -0.07879265743356981 0.759076932028095
311 27.86329141460956 27.8089484263892 -3.206834017239616 -0.017049994813504103 -0.6830285505349458 0.008706759274385962 0.7301407324440463
312 27.806488237663224 27.759564991101126 -3.231113272973437 0.032964454959551776 0.06445179904150265 0.003028846415458699 0.9973716139929615
313 28.804196701676066 27.7834451527114 -3.3298709667292026 -0.06471426647322662 0.017225228041679443 -0.00029922171037589424 0.99775511309144
314 29.83161067366103 27.791635741535647 -3.316980855604992 0.0194272123170935 -0.041036294948234533 0.02829629882092442 0.9985679372939755
315 29.70918823317955 27.747167354038943 -3.3135622044202235 0.9986024770193709 0.012495032730827206 -0.03503273479334674 -0.03754563277841255
316 29.674235077988303 27.79682684729874 -3.3040748215995417 -0.7490540115107241 0.07418136708480674 0.07208310044477453 0.654384626383742
317 30.604896349397688 27.797677536453424 -3.487510363919022 -0.7236526308420065 0.017488972620502547 0.009502783561519844 0.6898773099738142
318 29.57741471208217 27.83546792961832 -3.4059920081304553 0.9958654542724384 0.0022935060004051202 0.03896285209745513 0.08202824497335182
319 30.596008314923424 27.88115822223099 -3.2825852233024944 0.9858448574996933 0.0632696417870965 0.09614951188634892 0.12191037992541522
320 29.63578100073255 27.710836970105355 -3.441246379604592 0.9932486568676189 0.05909445041808383 0.027797042072804572 0.09587635794322756
321 30.62451911602301 27.794544780724895 -3.336200103142966 0.9892364340915597 0.06392760044348333 0.04891854245170151 0.12219458077899528
322 29.583487446715726 27.689139759247148 -3.4681790116161793 0.9948388139736881 -0.0062502896510635295 0.06298674447441023 0.07930534730533062
323 30.57212246681038 27.691899348297536 -3.3613435959935294 0.9948590969335575 -0.05386496769163514 0.034334493856971626 0.07858170929491613
324 29.619041075097737 27.7584210965235 -3.4084481448753476 0.9997948758171831 0.00650266049429738 -0.0133199743129621 0.013802173035488455
325 30.59537608046997 27.739086488772504 -3.4171441655115142 0.9986900537991534 -0.01547927602755898 -0.04687017689549152 0.013481653240329934
326 29.595021762955938 27.771653465058275 -3.3217187425558334 0.999716952040266 -0.0007085011674265432 -0.021835111489759203 0.009420283204140676
327 30.582061407084804 27.742475185329383 -3.323723979690277 0.998558443105502 0.00367034414966898 0.029811257713633542 -0.044484302737826505
328 29.596269004708216 27.784341968861536 -3.423380997660771 0.9957012848172702 -0.016111858243485048 0.06147272714425569 0.06738295967547817
329 30.61616210400983 27.824109544474847 -3.351443959710771 0.9990930615974829 -0.0028710620248712485 -0.03935302419272587 0.01600471047859525
330 29.645958421951228 27.857890711829235 -3.2891409921652017 0.998961774636861 -0.009920608618158702 -0.04385653879963908 0.007318356614243414
331 30.688609931441427 27.797136807381147 -3.3593137812305915 0.9890001003301615 0.004893439439528001 -0.14777883243048043 -0.004033916566556571
332 29.712561912853733 27.767210154692638 -3.1031369808762688 0.9852543647638164 0.044843170157974864 -0.15110608499030706 -0.06655732779291514
333 30.622038640203808 27.900515487955467 -3.347200094031321 0.9729018492244965 0.06418458845046361 -0.160159116336165 -0.15392006963167226
334 29.6683577012937 27.676588429400343 -3.011216523923717 0.9835788647129092 0.14066280582287866 -0.07715670554332509 -0.08266459180205335
335 30.645799136707165 28.028025519214754 -3.178957501710299 0.9950969165551643 0.09723029605083917 -0.007404033488166197 -0.016540147531874563
336 29.620155779564154 27.84615738500866 -3.1536576563313634 0.9990690626095582 0.008958524328024898 -0.03710743567940901 -0.020094556367856772
337 30.658410379369844 27.82992893412645 -3.2800376558626634 0.9885639287877636 0.09862698773494546 -0.002646349145912197 -0.11404855468716309
338 29.64500607920858 27.58135142455961 -3.305886845625765 0.9818231067122222 0.09367727935242956 0.06743878238449973 -0.15066507587886285
339 30.61316147019288 27.70370170690095 -3.189919922904123 0.9850449464352095 0.11122394921841668 0.1078977240511326 -0.07532441680690877
340 29.624770513496916 27.50699856373708 -3.4505195094504684 0.9978007861259218 0.05482085771710535 0.03679585487386104 0.005859166302061942
341 30.669871162008505 27.67503460453089 -3.423389505356273 0.9969729167687313 0.014689312307684178 -0.0729231791068801 -0.022614979162531242
342 29.72565670172686 27.59428685562577 -3.246762751287944 0.9940410277052655 -0.03275923420590488 -0.10394971960436612 -0.0019296650164995035
343 30.71873976223536 27.501822662100345 -3.483234487709132 0.9903179956019255 -0.09380117308184772 -0.060485942691304036 0.08254125182112569
344 29.73356969350433 27.755506718761833 -3.360858072453115 0.9992867053939901 -0.006733438296187693 -0.036991563482397634 -0.0035164559805366934
345 30.787116297128513 27.694733059626497 -3.4059044668885323 0.9983745825197325 -0.007008461564987156 -0.044940890439307685 -0.0343422598494104
346 29.74218419691193 27.761221763045274 -3.3536800102777513 0.9927720117344172 0.012555861558194855 -0.1190405124488537 -0.008685588825405632
347 30.677974860615606 27.75383555411186 -3.531132232678841 0.9830621225542879 -0.11413104784651636 -0.13087870076872873 0.058598061415064066
348 29.702722878647506 27.962830038154415 -3.2199229015639896 0.9964642883859132 -0.03949364787371979 -0.07215301408793293 0.01712063980140496
349 30.646095069898365 27.837729559068727 -3.3555632720160946 0.9994845705501578 0.00033984872876729295 -0.031733901336282185 0.004841202432010099
350 29.656805134652362 27.803110768779 -3.30145256923831 0.9997284805498451 0.00024553392739278315 -0.01925907627715368 0.01311460527578386
351 30.606826601784714 27.817697070776152 -3.3825546512474642 0.998278812983561 -0.05794537005821357 -0.005696974925102604 0.007020691821459625
352 29.568577872884898 27.889592148364677 -3.334751191202236 0.9974175697254775 0.01416960205908985 -0.030556440875787752 0.06343278254510146
353 30.601159332985805 27.978276684659562 -3.3565689127537435 0.9933052043138442 0.0053731760662382175 0.02069584205892976 0.11352348736479763
354 29.608173808533447 27.93990837058736 -3.4000166445170166 0.9943049948848474 0.015350915548084675 0.057042339827874156 0.08870229989036757
355 29.567000600794366 27.968752338011196 -3.3862999069703497 -0.7577655009898167 -0.03689788147020249 0.02043363393513222 0.6511623902352386
356 30.59865160758697 28.024344417621467 -3.4125025218293366 -0.7385494624082846 0.02336429197541618 0.0025069572635454947 0.6737896679247907
357 29.592633436148365 28.01721023349308 -3.373030696368806 0.9998147183241339 0.003433916693097248 -0.010864141673239255 -0.015514756339732389
358 30.54763919007252 28.072711400457948 -3.3388297906015594 0.9961873544683254 0.02529310662202084 -0.04892814003130487 0.06765390356722113
359 29.58412220985947 28.043751760519218 -3.190525135253619 0.9880338744981364 0.02110897504214379 -0.006930423006287301 0.15262844837652087
360 29.564156301377707 28.03336444699082 -3.237207410561563 0.7388507306540644 -0.06035961509641892 -0.6543424307861657 0.14930605463349153
361 29.677136596238707 27.79698654319804 -4.171241659654784 0.7326322471179776 -0.020244339595467575 -0.679747291735606 0.02799600998919043
362 29.720645804013913 27.76361927058172 -5.203508761276555 0.7222000555924303 0.004372072418753134 -0.6824386636739148 0.11262963645514092
363 29.738678279709397 27.623737999905924 -6.2380402104188475 -0.6897897097350272 0.09794567394411278 0.7132779719509454 -0.076363185036026
364 29.764425901994063 27.431981978021465 -7.1713038238032585 -0.650666950394158 0.16888952505771004 0.7403427221165728 -0.001225479323138496
365 29.805408236093108 27.448470549018406 -7.232131880365817 0.3404418946875349 -0.5343705066101304 -0.5289491184343246 0.5645886184775111
366 29.686987480631473 26.436816687626923 -7.0151081729633935 0.4735222906809362 -0.5260275157780555 -0.47289613805680353 0.5248246711842022
367 29.73236809600718 25.450724188778807 -6.922164904949641 0.4217472638293675 -0.5051180011923432 -0.5334705183244848 0.5314078061173914
368 29.650515428630143 24.44030979663518 -6.872365089477624 -0.4168222848385613 0.5328561734558045 0.5753158585997581 -0.4597120230270492
369 29.455559607839984 23.417882784249194 -6.846424317181051 0.39390259361746777 -0.47443411777645056 -0.571719778972193 0.5411926726805322
370 29.483421025851218 23.440764302455595 -6.8309646075901735 0.6634709409231911 0.07215462591835745 -0.04960041097374308 0.7430611144046718
371 30.52281482405942 23.456401286348555 -6.979799224630294 0.6688338360587649 0.011253926040126245 -0.006405049939245797 0.7432991485444311
372 29.561713738969154 23.497442795200488 -6.999627570349234 0.9994773840212605 0.013929246508045287 -0.012959393261738816 0.026134059157029398
373 30.51511974492817 23.51551083398655 -7.038760569424058 0.9995446196739389 -0.022906912346428658 0.0028406112836979183 0.019435986601386106
374 29.571974245258925 23.59235670246816 -7.093226843944743 0.9998295754606318 0.0025531938170541666 -0.013557249790694932 0.012267934368013073
375 30.5679368789009 23.641624231316403 -7.110479489087719 0.9996482175422143 -0.008208777725005377 0.007274210964098884 -0.02414835372823848
376 29.519198907983775 23.643480858589246 -7.125542724436691 0.9989787256618102 0.004531917860870736 -0.00798510375244317 0.044240315478878724
377 30.469414667624587 23.69437817727505 -7.181429289994807 0.9996940017473398 -0.0037526977955968997 -0.018929632992612935 0.015475436162185805
378 29.442669392402024 23.741188117401958 -7.146275570847356 0.9976104164882559 -0.00570829204349133 -0.04430032847150251 0.052710086448346766
379 30.487591384271877 23.69474038275864 -7.248332504889904 0.999219296215275 0.008372056862017455 -0.019035024925191907 0.03359128698110401
380 29.5346716490315 23.706802310444814 -7.147396662918039 0.9998361928411095 0.014767104563926613 0.0014404125571176383 0.010365583411414851
381 29.565506371306405 23.675116687989654 -7.190281629433735 -0.7020778608047628 0.7107245581140234 -0.02392773679287723 -0.03721213879106224
382 29.533501765666045 22.71742838339654 -7.132547141913867 -0.7028289650654798 0.7108004982248429 0.020166230707002235 -0.01968300605531429
383 29.51594323295674 21.689667520280278 -7.147205622207123 -0.6894737811099858 0.7240153629562579 0.012219374425561242 -0.016683712232756415
384 29.498816422211064 21.713537084914634 -7.093694781130704 0.47768603127655174 -0.48998181302847027 0.526101775118435 0.5049265299445277
385 29.515804631312985 21.73231336251843 -6.047530361335013 0.5318209328578106 -0.49665101644466747 0.47099518015277525 0.49866602401966587
386 29.592226075579237 21.718941123940468 -4.989644516281628 -0.5140986276705896 0.57878909222474 -0.4782205323904318 -0.41474198021069697
387 29.636928893545814 21.737326606434355 -5.031604057180164 -0.004945958017630873 -0.6942969745146718 0.004648260837307786 0.7196566141919698
388 29.68346604797626 21.699996232084633 -5.044238250570559 0.5103729000560371 -0.48847054474228124 0.48033575290631586 0.5198014950800869
389 29.765489592276772 21.65459721471105 -4.0205362770880795 0.5025807380300111 -0.46098182596893533 0.5339429436649709 0.4998132559245909
390 29.817824830970153 21.694759782082897 -3.0668682081192395 0.5388739896587234 -0.39536679609057723 0.5331105364206539 0.518741819960223
391 29.877470210060142 21.86035675721436 -2.0836631537218087 0.506634779856195 -0.46612475529732356 0.4934372957458003 0.5315717707950146
392 29.93458774908348 21.858804555550044 -2.0420721314749555 0.09420543063788428 0.08920693289390229 0.6758357260621443 0.7255436109153239
393 29.982685205711064 22.844600736075655 -2.001363365307496 0.15239778024560827 0.15855217592580023 0.7240528355479803 0.6537458339602128
394 30.015384594046168 22.902813116621008 -1.9626332001528577 -0.3956852015977912 -0.44748430425781943 0.6081580923983155 0.5228142627452425
395 29.913895229843995 23.94836179835041 -2.0097202085588135 -0.46307605628071896 -0.4241615826425929 0.6077990573571411 0.4860327394172094
396 29.812298456540002 24.885638168679094 -2.1556104193229557 -0.46442622069919764 -0.449602485126492 0.6030324676562785 0.46745880443898147
397 29.70346904323481 25.87807491825219 -2.2760152075940305 0.5232171729170514 0.48571279642790527 -0.5185788055798062 -0.47053468708937246
398 29.750074856956072 25.87390078443773 -2.243805306808191 -0.01928398412645403 -0.725591830981482 -0.02530442833538931 0.6873894883366853
399 29.709854457127513 25.839704116631346 -1.2088310154130708 -0.015428962042062597 -0.7154355150039352 0.1166900457849283 0.6886925324236274
400 29.71227625316677 25.881731370789105 -1.2592108978860546 -0.49975572441965865 -0.48391116371782394 0.5158116863444281 0.5000125056131722
401 29.76113539083821 26.92492213382541 -1.320452830044601 -0.4918642158774598 -0.5084245074307928 0.5153984571627933 0.48367193813288367
402 29.694343614232 27.897305407826277 -1.2750256118511254 -0.4744380904255406 -0.47585535830239006 0.5236501338869421 0.523699067794149
403 29.673417200254807 28.948654079686378 -1.2709124407386705 0.5506056256017746 0.45992516039288445 -0.5063263683598621 -0.4784724658711006
404 29.723844695192113 28.96564409328059 -1.2589319676490296 0.0480722196228067 0.038949928409895064 0.7081448961479643 0.7033511006865565
405 29.698476335646895 28.926636513736277 -1.2956019976145723 -0.4309554355972431 -0.4407452388498796 0.5570880262999733 0.5564835827888849
406 29.676420262739402 29.971412050404332 -1.2785485987462106 -0.4316288070124618 -0.45067809117384156 0.5013959702154699 0.5993228780420359
407 29.72674797213098 29.991310427484045 -1.3276689165768298 -0.7184898160053834 0.01496782304067527 -0.0054036241623145525 0.6953554123007071
408 29.707098659162835 30.018490198686106 -1.3489191989075204 0.9984744337823702 -0.050223975699602144 -0.014752417828418584 0.017570529761978683
409 30.664469153223575 29.931408946507098 -1.3422439237783574 0.9990636035465382 -0.011721798296136478 -0.024306392232595307 0.03381885287743351
410 29.613139371208177 29.963769355563922 -1.3452905764570318 0.9950351922702583 0.034772165426579196 -0.07251471987285292 0.05863000986695282
411 30.54756002593529 30.021884645286026 -1.5332497464964552 0.9988774047159243 -0.0025384045780033 -0.018967724958507313 0.04333257735326326
412 29.59021451281365 30.045196917843196 -1.4547747880772313 0.9966050362786606 -0.014681910632305324 -0.05983582703868333 0.054612425022070636
413 29.585185730909654 29.999139604599602 -1.428075552408244 0.7559181222222214 0.0028094797065616266 0.6544933231750194 -0.014777998481854612
414 29.68896423457263 30.034993389004995 -0.4227181611737071 0.7251993166375352 0.03753562829825722 0.6825012505532144 0.08287985732375101
415 29.73666657344759 30.075050294636206 -0.44505689150793243 0.9847910760349907 -0.033522601671079656 -0.008870918636137723 0.1702471102298021
416 30.687969555262846 29.993686850881414 -0.4644652586276438 0.9885022605447917 -0.010205875079648902 0.06908999467316727 0.13411075142491916
417 29.68309070319386 29.987376401310275 -0.6596611755343746 0.9884646411823758 -0.07482903645807767 0.02589307177675941 0.1291039010600239
418 30.70989201617733 29.85309312505758 -0.5922271894446144 0.9923187274107623 -0.11978960816647655 0.014798720945548773 0.02711071492200745
419 29.777936876268694 30.02616353346998 -0.5811750632923665 0.9847071823125776 -0.16880314091709442 -0.03282007727781725 0.02793040003339988
420 29.801280183655138 30.01869193472253 -0.5618733572969706 -0.7358436301302674 0.1600341623279044 -0.08099858258570165 0.6529643546961977
421 29.863356422446845 30.051070266331436 -0.5538062228969574 -0.46388999114970947 -0.43057061157464893 0.4802036877000148 0.6073050657442793
422 29.971914822700608 31.02868263735766 -0.5135350711004717 -0.46455460610512245 -0.36544213158654965 0.5435631620897107 0.5959699281230801
423 29.79849348017433 30.004810586462316 -0.4101145709971026 -0.68564556600123 0.1806796394430411 -0.0022099882343216536 0.7051525662334281
424 29.7659917237631 30.028136916898347 -0.3808965807907956 0.5743127434175693 0.3740870080616253 0.541566379739456 -0.48675418794663255
425 29.721096795628977 29.99978675903712 -0.4388772877179511 0.7722022060603781 0.6212332563001304 0.060511465283228316 -0.11879123196389207
426 29.7499672475989 30.037400570936985 -0.39307736671991855 0.5048754425730472 0.4130556012041247 0.5704787744314588 -0.49903890201441153
427 29.79885064100544 29.827498193048967 0.6278983176076541 -0.498272225324267 -0.47063942311312085 -0.5017445631110575 0.5277079838989035
428 29.843986234876642 29.874839867091584 0.6202634272820821 0.028404131323862075 0.6506576502399986 0.7536882492693778 -0.08827145870076393
429 29.865498308503707 29.899254669820518 0.5820481549164782 0.5105974151267126 0.5029280152624518 0.49374715454821355 -0.49251135875798074
430 29.843259241566766 29.946106870030547 0.6258225094399367 -0.0925193457700387 0.018808916334469978 -0.6672936407517237 0.7387865675125098
431 29.797657971041453 29.94342910476068 0.6346272843622107 0.006677489035182939 0.03724222872871177 0.9991456806961355 -0.01662336565678841
432 28.801612181258335 29.953694191240817 0.6208516263664515 0.03281200777181584 0.01397465199661326 0.9981864556411145 -0.04849619595582188
433 28.846344418185687 29.966504065236375 0.61820724085149 0.07836735131803674 0.011334179780608184 0.6833962726787731 0.7257407451045147
434 28.85989023146446 30.956007282987656 0.7275859192834451 0.023286550914905484 0.016768012138582717 0.707906005369517 0.705723499592568
435 28.816957646755526 29.89852154292094 0.7355883277140446 -0.7053409193433474 0.0671706789212187 0.05766016929490388 0.7033189832999163
436 29.817463428158373 29.883866761872305 0.6078436016297789 -0.7383667931747223 -0.0046116363029050445 -0.010368739640290163 0.6743038638371858
437 30.868966040848957 29.841358322891022 0.6826365172801465 -0.739016897493321 -0.01373618898741917 0.006116182959581182 0.6735190677608555
438 29.88060801504871 29.76828694046416 0.6252820159899519 0.9964167839568407 0.08321854702757922 0.008537034725332711 0.012465356706616701
439 29.918560229065353 29.807562548124746 0.5754085420149629 0.6890721069238007 0.7144856148380153 -0.007236134062757875 0.12098585046592715
440 29.874875672866043 29.801880600546067 0.5605346091115405 0.02830656663434039 0.9963817277949167 -0.0786693257981613 0.015275077094890625
441 28.829228505938868 29.90791133059829 0.5335683893566452 0.09027737774512978 0.995480655925926 0.011622394077491827 -0.027077272769962683
442 27.84676291607837 30.038074608388165 0.5856458094290418 0.03367255907737706 0.9958227570914324 0.03753768095155698 -0.07611910228567774
443 26.849761399476797 30.068607902394024 0.7328713968867012 0.019307073977688303 0.9991578855828084 0.035780500106915185 0.0055238016085360645
444 25.805043107114983 30.10346103153719 0.7748712449106393 -0.043945302771114934 0.9983686585545402 -0.03287434280318525 -0.01575149407586549
445 24.833700028126696 29.97451920339311 0.7749671343587524 0.021936124621845545 0.9991149832827476 -0.009792740704027835 -0.03452765335196421
446 23.784352767083995 30.064203307623778 0.8278175801670083 0.035014380080401884 0.9917143095455332 0.06646002342655179 -0.10421030043308216
447 22.85440834896641 30.05799638599951 1.0413887625321452 0.01951137093230077 0.9993141089206727 -0.015758663780183743 -0.027244864328645927
448 22.805585690782266 30.041459833922495 1.0068626200084454 0.7218882356570672 0.6880109533433607 -0.07402236075307851 0.006244470195958365
449 22.87568477669143 31.029586638714747 0.9390993340763779 0.7154444591077523 0.6955940652082506 -0.0076507220329023245 -0.06503528912406731
450 22.869985168365226 29.976875448185808 0.813622309985838 -0.7176661615208206 0.012158097494171793 0.012216591426771072 0.6961739841212147
451 23.81702384391283 29.98421020973316 0.7563182723018521 -0.7488033305404034 -0.009086413915190295 -0.07446800627146122 0.6585328581746822
452 24.850452497376835 29.831558166498823 0.8435956067741714 -0.7609550789956012 -0.038641372598970006 0.00916302316724592 0.6475880257392821
453 25.81410971291273 29.937976945264932 0.84440032401493 -0.7503302575831919 -0.02367708103972024 -0.022854475731273534 0.6602435712126449
454 26.85046799920326 29.969678724607164 0.9585348098986686 -0.7314904720021821 -0.010601822962194331 0.014385043091016694 0.6816174596173226
455 27.82492638826102 29.986254787090083 0.983623259616619 -0.7861739488628614 0.10707871860328987 0.04612349821110537 0.6069079774269082
456 28.852054519179887 29.85954488499903 0.8191829524083116 -0.7330910399294917 0.10405616235705858 0.0667478290044866 0.668800844477492
457 29.839632484548137 29.82329180923692 0.5862210147733523 -0.6711555818181468 0.04388172853360745 0.11634082023980431 0.7308141983029458
458 29.86575152166957 29.864016141958608 0.605683886608227 -0.4867470021695109 0.5074705449490956 0.5063467487229936 0.4991632718316888
459 29.792237200650252 29.824394296965995 -0.4391669156804406 -0.5090710418572701 0.42135193459666964 0.5428592551563375 0.5182789313150831
460 29.836119863705576 29.85333522877807 -0.39361247408477157 0.7219064460552542 -0.6902183707241355 0.04075029552372485 0.028090875271540916
461 29.890676752084673 29.886816954850186 -0.35850652109356446 0.4928744136842682 -0.5026863170647707 -0.4794937026291778 0.5238960470457917
462 29.893627956123648 28.90643854302933 -0.323454498416653 0.4930160722752086 -0.4854854862651288 -0.5059754061673365 0.5150027994662122
463 29.84572725461647 28.945854672571024 -0.27778225273098706 0.7500907853196079 -0.05882847607545614 -0.024898228308710288 0.6582424343722769
464 29.860265514467773 28.919590989151683 -0.25731964724769696 0.5813906955669806 0.43714071906230295 -0.5375706702518775 0.42650981856316306
465 29.940034304224188 28.97290275579342 -1.259206801945572 -0.5220692602236796 -0.4521517705909763 0.5709470870759402 -0.4438714764889081
466 29.819252241321927 28.917525992990555 -2.295236318495537 -0.49263991340771995 -0.40760659741901567 0.613400146640595 -0.4635763556949634
467 29.816641884750204 28.978988128953432 -2.2581505103053963 -0.6229708566196994 0.05610480191769318 0.7794765555846325 -0.03429084860735447
468 29.568381397728928 28.816398682415077 -3.175211631620073 -0.615300767172656 0.0832738879701905 0.7831366032885343 0.034168495559011816
469 29.58914097688027 28.836576362319473 -3.1579056091382296 -0.4834463618131631 -0.5130587978276436 0.5217423110808184 -0.4804531673839977
470 29.561990955357988 28.854590000350107 -4.175616747994579 -0.46220246457154474 -0.4960159033290951 0.5405483246497906 -0.49814115881637006
471 29.5168962948907 28.821123844239878 -5.227587071122013 -0.49341645586204624 -0.48283411450497604 0.5417550583282508 -0.47949231039765994
472 29.48119976540302 28.79620237587849 -6.213214068568525 0.552246703903478 0.40695016933258576 -0.5371761844951676 0.49077172343069747
473 29.53506502227507 28.83425337473181 -6.1952087049443865 0.07067458862101836 0.6555711591667879 -0.11910569587788816 0.7423243165904021
474 29.484029423289964 28.866708537560744 -6.18518977949198 -0.4846202941325243 0.4952288663323818 0.40082199462178725 0.5993607170089318
475 29.696443513515288 28.911043375601565 -7.184862937688542 -0.4484320651279385 0.5746343234904561 0.34631365118758006 0.5905683129265267
476 29.74058455428565 28.810495745242626 -8.168238749410971 -0.4722847961033995 0.5536660982125944 0.420854056054059 0.5415558942181874
477 29.723554558002633 28.72990578644843 -9.15556212770845 -0.5338967596587434 0.4790547492841739 0.4647542667010436 0.5190994787103402
478 29.80665513746319 28.744803783311202 -10.105364581862242 -0.5458637882901819 0.4108270655477273 0.4195515772354645 0.597687477605286
479 29.82391474884926 28.743824808311295 -10.155790979862084 -0.039539345819919955 0.6876037612043903 0.7174447851749013 0.10445423847335268
480 29.828785265240032 28.689881540678392 -10.21153392606825 0.46594776390518294 0.4988832594320843 0.525628396373896 0.5076642233756339
481 29.72523295967314 29.709829918774318 -10.189958236250135 0.5588850054060484 0.455169723137687 0.5119450387954332 0.46731183499220763
482 29.72556311092739 30.64979018382883 -10.083285360229628 0.599742851221148 0.4840157286359038 0.4832033869746957 0.4153935166301526
483 29.61619399623496 29.659135681941766 -10.225901877263194 -0.605428294120558 0.136461458426858 0.10365908519329274 0.777232040705461
484 29.68187081171363 29.686354941922872 -10.185490919392583 -0.36028602642801877 0.5606082284424193 0.5508209842014841 0.5025023748467963
485 29.453958614574496 29.78065991916085 -11.137028260949464 -0.47884737495195867 0.5777597084431304 0.49111617565833576 0.44238423661796383
486 29.257287611344317 29.6126569058428 -12.065151102466807 -0.5127205983028159 0.5208370436715635 0.5224700160254322 0.4391713155134952
487 29.185993950167127 29.48402200980123 -13.104036542738543 -0.4498049952626827 0.5174436003988444 0.512949364821126 0.516537061373744
488 29.074156071700756 29.581261893361763 -14.112522716459019 -0.4729468511956081 0.561628561172514 0.5132312742758581 0.4443965507568989
489 28.940285283379552 29.537279051038578 -15.06919379389061 -0.45263906574575313 0.5396456358148821 0.5711382196173141 0.4215466735714181
490 28.728246516035572 29.53486228686583 -15.999735936631208 -0.45003612925916 0.46550555697519164 0.631638538924315 0.42638575835997006
491 28.541189979955327 29.68057338846475 -16.943170233488598 -0.4456152461988037 0.46691321398358554 0.6292312594331253 0.4329978350002465
492 28.557052586881017 29.709792596118024 -16.933166192588583 -0.6776464721003491 -0.03828892181352748 0.1464163854091636 0.7196467601539135
493 29.491852800710287 29.974208370321094 -17.05464323501046 -0.7267582710955163 -0.0056454277953398085 0.19917345959427069 0.6573587129813624
494 28.558942407826915 29.700530614769175 -16.82752995314523 0.9960588034398193 0.0333113876278984 -0.06958508206937432 -0.043762174280287114
495 29.491767881054507 29.744629454022732 -16.987026116927897 0.9913441222924085 0.05621304271779998 -0.11147251591332552 -0.040630077783024736
496 28.569368187914492 29.635702671038235 -16.778950238322743 0.9993008278233984 -0.0030036594113432543 -0.03642361752697214 0.007883757217272141
497 29.594571152137256 29.667706739470965 -16.86620698180978 0.9972718382602208 0.054941080619059536 0.049298346082744283 0.00017705082855873485
498 28.644712008262115 29.608159419295784 -16.922382720944853 0.9990080447065477 0.03701798042434284 -0.023019891513964285 0.00909287257082577
499 29.620912445942785 29.67731747057637 -17.019801892598373 0.9942692408129743 0.08449208397781467 0.0642366011759341 0.012783723543686943
