# time x y z qx qy qz qw
0 -10.878304265328973 9.866335093285727 9.131574474797421 0.0009658038200680311 0.0007498133276072607 -0.7045106790403931 0.7096923334241385
1 -10.842955153255309 8.777404112549544 9.135838048626876 0.08400648029022517 0.07267976299436026 -0.6105134701949791 0.7841771904555859
2 -10.603582064520097 7.813037986493955 8.875887826978703 0.16738735747477976 0.17669337632496332 -0.5542100572841567 0.7959975726882506
3 -10.261904053089946 6.929332015725807 8.418863561069863 0.13844544110878676 0.07442988654562774 -0.5720270569331009 0.8050329794247271
4 -9.793580810161677 5.921075277826368 8.0946156468582 0.10481678082770356 -0.0633085462282898 -0.6596476389453949 0.7415325096481907
5 -9.551042188859336 4.752109684910892 7.971604872899999 -0.04919044881936086 -0.002867019131830154 -0.6737632315029333 0.7373026433025803
6 -9.436811199978658 3.690838173674931 8.096258407387976 -0.06888280180015462 -0.004778596380131024 -0.60119471841911 0.7961138330526382
7 -9.092598433133324 2.7376903404293382 8.220486274880072 -0.14576909091488296 0.051203675402472025 -0.6162175913430901 0.7722729024628845
8 -9.08122212799685 2.7725279263010667 8.20911906369622 0.6429531484486001 -0.49856749519790255 0.38070923757732367 -0.4394339291126897
9 -9.099468678162417 2.728843578540139 8.2005284298111 -0.03353297154742428 0.017166448237422735 -0.6456622031201817 0.7626933671772064
10 -8.890885724733815 1.6911483821546247 8.270976252160827 -0.04964614435090637 0.021226876308702482 -0.6945917718444896 0.7173750417732675
11 -8.887751110614339 1.6342862761981403 8.248283981732168 -0.038500757987876395 0.11372115181861048 0.047982011735908506 0.991606231229505
12 -8.812922127954698 1.6122292749184748 8.235141399653465 -0.0482054707024535 -0.00618383348762223 -0.673741790601436 0.7373669319917476
13 -8.73411412811002 0.5744389008826697 8.360949574501808 -0.02630675645857784 0.06615767393546898 -0.6884764823648313 0.7217556719379662
14 -8.64640612149563 0.5653538786297883 8.38445730389047 -0.4777015641014845 0.5126537835857148 0.510260255844134 -0.49861988040603183
15 -8.651573964363598 -0.4331528685996919 8.488481595517312 0.43596330607409406 -0.4735850913353303 -0.49512978212266245 0.5835234835694425
16 -8.622936246899936 -1.4082519174259154 8.68239566891411 0.484523557659609 -0.48409516986294826 -0.5296961294447031 0.5003107025034923
17 -8.708937818114357 -2.445049409867277 8.719712816427954 0.4775157230916676 -0.5076127391282025 -0.4619085460373459 0.5485877654237894
18 -8.764738815144723 -3.467889574957397 8.818176769091588 0.5337887661561115 -0.4405406505081572 -0.4201344653266398 0.586924628397962
19 -8.726923992509658 -3.53239147670999 8.851361593338687 0.02292849691844485 0.6161595596038801 0.7870870750818852 -0.017765623458127454
20 -9.634220670905194 -3.5557501789922283 8.922916859873084 -0.0882717410088964 0.732227848796811 0.6748931791051553 0.02386784412109503
21 -9.631767652019743 -3.573696411407142 8.920354619230164 -0.0979794734455951 0.9942286550509176 -0.041235273678943335 0.014458784997020137
22 -10.657203075286166 -3.756515957336396 8.868178708462011 -0.08481806070459255 0.9942324911371087 -0.044854924045431434 -0.047913316880480256
23 -11.63935971128874 -3.944303012564278 8.910399766852043 -0.034814243786290576 0.9990416664737027 0.024945652113647212 -0.009023941470357032
24 -12.697880296152412 -3.993574018417459 8.85225970156355 -0.10246241854420639 0.9696173131773403 -0.11813069263624053 0.18811926597270395
25 -13.641370924491843 -4.226812462924705 8.538832135220492 0.014629946602759496 0.9840275617560146 -0.05666830655752249 0.16812027063628018
26 -13.627530733082297 -4.230921016162181 8.544003360629285 -0.08084822140839935 0.7650754687051472 0.6379521896356459 0.03376530793258536
27 -14.666946315936192 -4.319876404473741 8.368171016413813 -0.09650047185540107 0.7067306074627276 0.6993261058854238 -0.04650274222212784
28 -15.651807020061412 -4.580381037614475 8.3184958363843 0.03571950934074471 0.7360484907734438 0.6721664902233122 0.07175615167680774
29 -16.68902129327634 -4.427924860599784 8.342727673458976 -0.03789781330776644 0.7212920287305684 0.6915469793386173 0.008021247026774644
30 -16.697815528509484 -4.407854030308744 8.35807184580346 0.2089586565148284 0.6204435173950206 0.4999935509923938 0.5669149588395325
31 -17.04811926974343 -3.5410641077943867 7.851302992929254 -0.31224339955296815 -0.04938023792033482 0.6305992474605795 0.7088090297398079
32 -16.9131716984814 -2.6592745329568572 7.57084102127552 0.6975010268271153 0.5751525036593874 -0.18125717829468327 -0.38708881464866196
33 -16.677535762390022 -1.7300144922612255 7.8052557148431205 0.6275650239657721 0.48350280305982835 0.5259970051393071 0.309377327405562
34 -16.599032282439584 -1.6802382691903126 7.869139351102759 0.08709578318040742 0.619190522144359 0.7772709782706617 -0.06976566617581403
35 -17.595476952062356 -1.7122597847149825 8.065774582037681 0.15614771317073306 0.7244584933578185 0.6673989358656387 -0.07318772765076839
36 -18.51384387927544 -1.6289690822288527 8.387349516691332 -0.012092010735883412 0.6772281781909943 0.7354137643349931 -0.019554364400422526
37 -19.63679533928049 -1.806999402631433 8.393320726306813 -0.008372001555491207 0.6400933110577138 0.7679159970056242 -0.022704278715356012
38 -20.660773402279823 -1.8340090897202832 8.382589222606345 -0.01423382258866682 0.7736479171864079 0.6290941782186258 0.07420790698488713
39 -21.75070107372597 -1.7839899376063126 8.260532713883357 -0.03275803509888991 0.743821480659204 0.667312545368288 -0.018721186941689085
40 -22.74634512920127 -1.8500334275704804 8.339700886364092 0.05066557101997972 0.7486616001803983 0.65473869663618 -0.09086279467251764
41 -23.767441590780905 -1.879692233192695 8.52694095569443 0.06319334459715834 0.7290628404230896 0.6740824671459391 -0.10043307920842162
42 -23.680178504059416 -1.9094366129167533 8.54231174495124 -0.0633894434525156 0.9964750958795549 -0.0544385460543861 0.007456973521254231
43 -24.751721053278825 -2.0250564092352126 8.581986932723277 -0.11113780924974272 0.9786431892366766 -0.15086246160643688 0.08453646073665852
44 -25.687608213316512 -2.2218574256299535 8.46578805235055 -0.10995598418022717 0.9556279655824074 -0.2180105451456976 0.1647916112703011
45 -25.690987139385232 -2.2159439488320314 8.416648762428078 0.6266886384795267 0.7532935545854026 0.01587578250436938 0.1988922586493492
46 -25.836844495574226 -1.2246142455872842 8.119997178961082 0.6567862262740002 0.7350406972784689 -0.10976218523707557 0.12766866887816383
47 -25.853963304316228 -1.145124970083123 8.138355443054946 0.3903291584154105 0.5177650874965531 -0.5087981482018339 0.566292244911396
48 -25.895422123750095 -1.330184468411751 7.099269359344854 0.35704315101995177 0.46169396276464736 -0.5927402973261904 0.5549935251713076
49 -25.98827658671213 -1.3180527666911377 7.177544553505369 -0.07660022283887408 0.729731772972994 -0.031579059961310794 0.678694856578923
50 -26.075240070587995 -1.3738941824366364 6.163591554163231 -0.06872537212100557 0.7133056040712957 -0.007398575204867232 0.6974361616035191
51 -26.07002717388383 -1.3168187559104887 6.142691422057779 0.42977046706896416 0.4920601575960398 0.5176262412491164 0.5524827791996716
52 -26.092109169707474 -0.2664134799319796 6.054927472411491 0.46001047241052817 0.522419766220643 0.5156286208287423 0.49959491442253606
53 -26.204005679061908 0.6467841151731435 5.915279748721562 0.5091860780051624 0.4786250694012643 0.5349927219491962 0.47479508039547397
54 -26.29437767899812 1.6484531873074557 6.076470458783378 0.5208946835809952 0.413195889681452 0.5621115627364867 0.4919029135971376
55 -26.269710574717653 2.612502370493483 6.276342138832637 0.4677902056007085 0.4985192711667975 0.5144520410078722 0.5176774645686334
56 -26.325815922863057 2.731609465611529 6.343187936074142 0.6909810891681706 0.08162643611857955 0.04095657934204356 0.7170807611051537
57 -25.345692786793467 2.88234809997537 6.205243030077019 0.7695963193197318 -0.012263646654971322 -0.042612968820278825 0.6369892017519317
58 -25.354528126569104 2.79803518585405 6.19690388501371 0.15275087769886697 0.009857768505066493 0.007072738593819584 0.9881902499676415
59 -25.39364179685265 2.8544822607809412 6.202720787913163 0.1496396517017506 0.6691418908202175 0.16566300266375536 0.7088108874280582
60 -25.403145610169858 3.248287964800748 5.370949582528325 0.13121241000523515 0.6176659099733566 0.17125647851039055 0.7562693605360619
61 -25.28759356773981 3.6534020161728105 4.5527123276763035 -0.03475822208688141 0.7473449126525687 0.04852158366484536 0.6617500309394309
62 -25.441236865509044 3.6090655274907095 3.581306882281251 -0.4694664806998373 0.768852478267461 0.2030504226047467 0.3837155405262162
63 -25.729690089016376 3.0767446764784507 2.7804256823308524 0.9536142516884818 -0.048467905742116374 -0.29707296058380517 -0.004286861271722401
64 -24.968998039319047 2.980762421274544 2.308291634951764 0.6893969606607895 0.5447390589295221 0.16656393178366102 0.4474903853011958
65 -24.648343013459478 3.8798608899159555 1.9971780701977353 0.36903441934219516 0.6592633745217631 0.2819138507386345 0.5913628168194708
66 -24.689973052314805 4.794804704207892 1.3647126514987775 0.17935357806810656 0.6668316470649577 0.1728962838244028 0.702335193156739
67 -24.72856787371593 4.791352681086667 1.2954818857322827 -0.1812308497962611 0.9705926891377123 0.15569120731284877 0.029418681819832638
68 -24.63701165134445 4.7936636479346015 1.273802405471128 0.34548334509952694 -0.4333518253028076 0.053628542489476204 0.8306451909184933
69 -24.096632444877432 4.621331327917268 1.9896421772367041 0.45435266888631237 -0.4970169129502983 -0.012287986827605176 0.7391798467876172
70 -23.61488270819746 4.093393926108832 2.707405778320381 0.46686968452431066 -0.5735448434422733 -0.12459055307259528 0.6614803128725835
71 -23.309937203830795 3.473870451059911 3.3530760012052863 -0.25770872427721636 0.8512667470292168 0.0592974851565358 -0.4532272576619985
72 -23.7994829104338 2.9059123688306716 4.069052680046975 -0.21843671165098638 0.9129072501829133 0.03743844672719217 -0.3427595633578
73 -24.468433068048384 2.416166859672632 4.665577459590338 0.06597138434406297 0.8851563608410881 -0.07076113999982672 -0.45512509750200913
74 -25.078264759167944 2.5484917750527245 5.515733456364566 -0.06692619438885343 -0.7447772529677721 0.20121999756167483 0.6327228781604813
75 -25.197761823589797 2.5219863126822712 5.580244674445595 0.4650242827262551 -0.5887011303359464 -0.4039023916183877 0.5234942728063562
76 -25.27171839638833 2.487586448535744 5.567703078857882 -0.3426863138589628 -0.04889340728243394 -0.6240659164961841 0.7005121389996387
77 -25.01596629710753 1.6763103614843546 6.05878343244444 0.6009619828873907 0.13639057582777758 0.6632900307952542 -0.424604099128887
78 -24.976057661357334 1.2464004933515325 6.996056245345672 0.8716897779759797 0.3729199783616849 0.3047297101474754 0.09070515125583253
79 -24.962667959801244 1.1710469845520255 6.973879984391672 0.1184084650904794 0.36316446699650873 0.08561291385568241 0.920196410711973
80 -24.97884301798518 1.089564115597529 6.963203270958726 0.26297947730882426 0.09774891616016362 -0.5623660552528748 0.7778376204602162
81 -24.90999319259622 1.0790610849254745 6.955787637069318 0.4986175378696424 0.6826654268317149 -0.31229536637784955 0.43338212939207926
82 -24.901586543511325 0.965339119146968 7.030757004079388 0.8645508033656837 0.09365371448931266 0.014620449690613537 0.49352520970356684
83 -23.908781160358835 1.0835778368982654 6.932891879629 0.7563838277894012 -0.04136896192291191 -0.11003487393274591 0.6434783916859055
84 -23.849536382331156 1.0379001617791657 6.936065563721087 0.48504328566928484 0.5146432769752972 0.49804432975276147 0.5018238277447478
85 -23.916538355537575 2.0193238883606317 6.870344075858163 0.4331910534981907 0.6116723726657728 0.48181945712121327 0.4539299840569805
86 -24.212241575373845 3.0300548519860584 6.669508908127652 0.41115174575111463 0.5765800556296772 0.495646196387131 0.5028364837826124
87 -24.300847816402737 4.053572462777248 6.446867556915892 0.4707583916557455 0.49486028383453273 0.5198912630562365 0.5130427962331177
88 -24.309495558873255 5.061747434595416 6.477082368496247 0.5348474157706546 0.41330811749114066 0.4844345215311241 0.5553717999757402
89 -24.220468434865484 5.082727417190512 6.520129227563928 0.6941981296590102 0.7188951685627089 0.01854961356475434 0.030571313869771487
90 -24.22042970480836 6.067071853102589 6.464391454409653 0.6640377162057071 0.7436350066998701 -0.07640187884750221 -0.014954637252824912
91 -24.38103989781195 7.058798317161778 6.371103133733588 0.6588879593159653 0.7502670912338169 -0.05405565315513702 -0.006628366462552662
92 -24.497025522424494 8.068476833838044 6.305036777159419 0.6739168530762402 0.7279057662449137 -0.11867872090750287 0.043642087610246474
93 -24.55285744329647 9.114434090845867 6.084384078618008 0.7023150485296024 0.7107769208881725 -0.03700989320839992 -0.013416748722945777
94 -24.52102813053395 10.10287307474992 5.9486045577899445 0.6889833714104977 0.7231035686073345 -0.045377128828219766 -0.019080334548177518
95 -24.618279774612255 11.144403149377677 5.887413009382184 0.6767083740720584 0.7316063454731949 0.0727471018441746 -0.039061373470219485
96 -24.613175675016592 11.107147210134539 5.823627086654769 0.9874401615602547 0.021983804127363588 -0.09826427065959874 -0.12174881028447203
97 -23.517114173134768 11.14461264060188 5.605066398122498 0.9773021338572287 0.05642602185517063 -0.2038139328479293 -0.012510954910273228
98 -22.705196423135412 11.252941815795687 5.209875475077106 0.9977020580833823 0.030335587231669764 -0.039728555828768504 0.04573835693653163
99 -22.730807219169026 11.219689749353703 5.3227744364305405 0.7376311585198913 -0.6744215852304882 -0.003552294434016111 0.032298305838741825
100 -22.696815059038986 11.18279731739093 5.398207133178433 0.46576760677047513 -0.5048627704699894 -0.4603525408721107 0.5623607895197386
101 -22.743501675769707 11.271252756445053 5.373203188111197 0.7051426533696452 -0.6971110937118868 0.0529036416048725 0.11836877175833276
102 -22.74344614684557 10.265491577487545 5.461013228230251 0.757586147342221 -0.6519437666197867 0.03050239568475252 0.010107342789619228
103 -22.664933117712003 9.28559123073224 5.549241719803832 0.7136227473481588 -0.6982944049494131 -0.03081301130494659 0.04666965628683906
104 -22.64242920369922 9.195158040300289 5.525114929969211 0.9873913390119605 0.11578357638985344 -0.08991829854083809 0.059726097060352076
105 -22.622154179367502 9.126535933464794 5.457213398334241 0.7420837128148263 -0.047269914149791 0.6628459147907011 -0.08782147594132438
106 -22.480610552015854 8.914587673401952 6.415038875634645 0.7569786715703337 0.062229231935868184 0.6503089088947901 -0.01446155221100435
107 -22.334559793203763 8.99027305272855 7.434441373398419 0.6889017689021273 0.18156078270506826 0.7006095306715701 0.039953980017078054
108 -22.366741273113576 9.375551271652615 8.412181439029803 0.718133695854045 0.1301746237164791 0.6806894144514757 0.06324937369643496
109 -22.425895425076387 9.724318954176244 9.451376773523277 0.7329715563960524 0.05268380517971487 0.6768160177331171 -0.043556771299295034
110 -22.358005798819875 9.720870337493874 10.430386408753218 0.73493452254666 0.051576452055570196 0.6758398896400312 0.021249958442838085
111 -22.395276055372758 9.688952593481476 10.475606678948099 0.4970878971618768 0.5019172842917891 0.44233664657311683 0.5525585519406825
112 -22.271787838959053 10.702476131302774 10.367122715825284 0.46291538670505505 0.49723862652379397 0.5200866371393436 0.5176610695363606
113 -22.38267952411348 11.663406461557186 10.35420349464116 0.4987356728882102 0.5488286824975007 0.5005507279058443 0.446652856981493
114 -22.4708148643946 12.691531674689701 10.328461236014567 0.46615306439198584 0.5740683930891354 0.5189656517661329 0.4287440412425249
115 -22.664019783559755 13.630277915834753 10.282533176664309 0.436857604039361 0.6118898650864685 0.47303925773892036 0.45932568775898514
116 -22.803856687519733 14.597805355350816 10.173875271532737 0.4566008212823766 0.5833365170520469 0.47316058013153023 0.47681575402605914
117 -22.896150765359213 15.674320420030401 10.095090735075871 0.46863527629539187 0.46485246627604754 0.6090398977494708 0.43973124218996923
118 -23.10491633939792 16.56812214413883 10.271374045560751 0.41505474583642893 0.6117640222540526 0.5310187970172001 0.4141175874659335
119 -23.477772415815014 17.494598883427777 10.239595225568731 0.3663936710570014 0.7450804130796268 0.44249765209727127 0.33883135000006953
120 -23.990185431181242 18.360914495907267 10.058641324916186 0.41047516239346543 0.6567370030477424 0.460140644485014 0.43413965170074487
121 -24.26013945975828 19.294340370858592 9.869581575689814 0.482816968751215 0.5901063065898824 0.485786377009806 0.4274036938544429
122 -24.419675477661794 20.22210563494074 9.891553613531977 0.5712157353961835 0.47871966146444095 0.477590338019367 0.4652392270582011
123 -24.507357263907114 20.178005939427514 9.90116231691296 0.6943483672881332 -0.027454321592006736 -0.05758395049471628 0.7168058968198077
124 -24.527924920070568 20.20863206598228 9.891265574291682 0.5433666872485531 0.34849871442367847 0.4795039242789805 0.5944554447850866
125 -24.567011101881292 20.178850586483403 9.945630722463656 0.6235594873258622 -0.21401377078312128 0.7367789325350386 0.1500948908311888
126 -24.457858251880793 20.23111280180556 9.968182633384938 0.6695059773814865 0.2609500868046659 0.45100396285652705 0.5293979825564196
127 -23.980479323593162 20.99138683359465 10.262888808319726 0.693628997777639 0.33733095627347 0.37752775818995393 0.512405533906186
128 -23.506762090966124 21.75588223368991 10.372898688041317 0.6655038359594416 0.37371159444874363 0.4145465706853767 0.4955758561823206
129 -23.50742760657376 21.808580453565614 10.345087072721729 0.699610599302952 -0.07577553432820541 0.0634393495491825 0.7076570685501675
130 -22.470666409324178 21.677690571409535 10.537814109188615 0.6611746344666038 -0.034367301257209805 0.04476320242450512 0.7481064409901513
131 -21.574596222866436 21.640777090287635 10.661337602045638 0.7151491004376171 0.041420008958464524 0.020300595701004932 0.6974482294875595
132 -21.651682955490866 21.634844904537893 10.671589078068553 0.9991087460310125 0.02248329477475915 -0.02952076176348476 0.020118143187489695
133 -21.631229942825307 21.671201571808904 10.616175382597685 0.7025630314038742 0.1886671442595573 -0.6844282196375846 0.04866115232163864
134 -21.662441499209137 21.897211887525636 9.647027855643937 -0.6975882105991339 -0.08069464292609041 0.7118556061791181 -0.010984488494718742
135 -21.651753992349857 21.920440524965148 9.528344583093796 -0.5065240608651072 0.4432352927544523 0.5312673772764838 0.5145199946196064
136 -21.67788809158241 22.06246159106394 8.508510344963353 -0.4505076444991805 0.4843459711706673 0.5495940422216977 0.5102922997782328
137 -21.668644573178895 22.007379893408373 8.409334061945168 0.05401671638481277 0.7280870683819873 0.1155983370416238 0.673504595143298
138 -21.5821077853693 21.80968175971288 8.361611238301768 0.5858018188607402 -0.47153410645694843 0.4561328032987212 -0.47585153275170283
139 -21.512414470730615 20.79599080949295 8.45556570892217 0.5458584695242994 -0.4861415565407383 0.484264986252951 -0.48082464718665063
140 -21.43601210251974 19.824386360153824 8.5269103559594 0.49420929871616887 -0.47833296879569054 0.5786295102538989 -0.43834076913847175
141 -21.58295577197265 18.94734482435564 8.663225895050504 0.6527206577211832 -0.4234032436007424 0.4120091503578506 -0.47427196450327785
142 -21.264614686422103 18.01241312906441 8.782857487865671 -0.5449425984928349 0.5177983743966736 -0.4064556953324795 0.5193420602568501
143 -21.13496135267488 17.00813981348303 8.751988594683466 0.5366412352980962 -0.4830927734234955 0.5208658916367892 -0.4553419372001015
144 -21.208206180555145 15.985881257183923 8.909908635757983 0.6596045973329843 -0.47037090964787975 0.4407069896873369 -0.38658806470834434
145 -21.055953872964675 15.017853208164869 9.15036405922147 0.6578701192290827 -0.5102970805290473 0.45893847748047917 -0.3101278280273195
146 -21.03727034181076 14.133010339943723 9.421826985941914 -0.6037242153106578 0.4723235511659752 -0.378191805516912 0.5190361192646924
147 -21.0627966742508 14.094280634271966 9.274835463785493 0.7684637040002751 0.03177524453938736 0.633830748001682 -0.08192955728104398
148 -20.839599602929322 14.003987088379318 10.254027120291838 0.7235426832448976 -0.022609308047785305 0.6849518481589096 -0.08255767932826273
149 -20.761481809887627 13.854140452959951 11.2669605568308 0.74479338667657 0.00418509351788957 0.667192783440974 -0.010912647679515528
150 -20.77172166806118 13.842763318156283 11.220108115634991 0.9957577793662252 0.04003957526197942 -0.06375821885784567 0.05289770101393084
151 -19.71018008256015 13.901840177349754 11.040688970343508 0.987568553770023 0.07125944171238333 -0.08304737005087008 0.11284315619061142
152 -18.69503184970963 14.006686274446496 10.804930539066913 0.9619611998096126 0.13679557079899285 -0.1268592429702612 0.19956040274473263
153 -17.775193216516115 14.175112136333892 10.513154824196594 0.9952826209230421 0.03200363181118707 -0.010080354973991363 0.09103108525691748
154 -16.820284956724482 14.293519854337417 10.518794448880582 0.9847538743115308 0.10164502111101711 -0.12500651709747873 0.06558557307005847
155 -15.931814621120864 14.509358549408226 10.345301186966083 0.7603495178568966 0.2550626410129749 -0.1314784391912117 0.5826878065328913
156 -15.077998172622667 14.649450609833218 9.824576488899739 0.3332214998883242 0.4487555522691735 0.05973260082843222 0.82705133015916
157 -14.472813353520523 15.0276723095315 9.09401065077719 -0.2928235623810161 0.4663405638615396 0.30604757820909617 0.7766052534487126
158 -14.36783743637605 15.012618906871381 9.006655172350458 0.83652555878184 0.16013690044737608 0.25998040241554066 -0.45496302374994324
159 -14.331790847971874 14.992103793824203 9.066092502700588 0.6480077124851364 0.1949692547100385 0.4066692314992388 0.6137533139865006
160 -13.769829913470186 15.76693479087857 9.252196353670342 0.4347990158809331 0.482393799320527 0.5050503099354309 0.5684806264070965
161 -13.684888206764429 15.773451220375717 9.188709751291643 0.6760775415185467 0.7359788288754483 -0.03475993463089527 -0.006787359266902797
162 -13.64845751104032 15.830450850595364 9.212873055499625 0.997237579460032 0.06992501161050972 -0.017241928867948703 -0.018177424264147965
163 -12.671216208290687 15.995587658892582 9.21889626819901 0.9986907227623177 0.036692371415837206 -0.026407381972418677 0.023940767024556168
164 -11.679188094796325 16.13477319218037 9.1649886020312 0.9946603526043062 0.036715301982072186 -0.08832419865496755 0.03875055469795939
165 -11.71138881184507 16.180979093127082 9.150976197306056 -0.6482539308829123 0.708820147477804 -0.08705406987259241 -0.26412578167042977
166 -11.657167706541925 15.287501668368078 9.571924729028762 0.6509460503423636 -0.5379971816640037 0.3888183154199691 0.3683050225821572
167 -11.554348404318336 14.938989997904331 10.423893610836622 0.5226563632092713 -0.4686010490390319 0.5145554823340438 0.4924185602070224
168 -11.543453850559581 14.971520558558808 10.410000480065886 0.00014951051784463934 -0.49797062459376185 0.8471901759317852 -0.18518650191894157
169 -12.445244858151627 14.679466737812955 10.14852077291535 0.07435202154861893 -0.2212087727493554 0.9580798549802354 -0.16619701330471828
170 -13.371787995586526 14.382717797063714 10.095417499776246 0.09856274953339558 -0.02899212390726369 0.9900740149021411 -0.09590769610055894
171 -14.307515277230243 14.196007507780058 10.265259702135502 0.0257862876581058 0.15452260308411592 0.985907481945634 -0.0586878995069768
172 -15.337500302996702 14.138384181884012 10.321093176737556 0.017786089394084503 0.27748165348994897 0.9603196292393004 -0.02176687157681858
173 -15.330637047078563 14.123758941097 10.333792365149604 -0.04686335377788751 -0.22895990668407976 0.9720548275637066 0.02214947886516863
174 -16.28055469420223 14.189432932007808 10.272226633644337 -0.02419386537425062 0.01756049856517049 0.9993716480692927 -0.019041922268016532
175 -17.313018589450426 14.083003973882592 10.143080737468022 -0.020429277878556976 0.15523223492653865 0.9876122273971469 -0.010377193296797154
176 -18.286876585105382 14.005679231892532 10.029063465906425 -0.020746563881357594 0.48504199026786027 0.8732083914033294 -0.04255529281910084
177 -19.315478771593195 13.85063278749923 9.979206313739903 -0.0004903838009258479 0.7136576677230005 0.6997612932179207 -0.03204099464558064
178 -20.34434635831576 13.767088922298075 10.061753563264048 -0.061921526530920305 0.7256804051383076 0.6840188286790287 -0.04088907143664833
179 -20.300067882955048 13.766108890658197 10.070089971074468 0.6003351834599523 0.3991288566194565 0.5302466879546596 -0.4462423929064406
180 -20.312570979139906 13.785838845009277 10.051777644643762 -0.026477349726283645 0.01317432068578293 -0.7604445302844461 0.6487291450107705
181 -20.437556978381476 12.778376049319663 10.160104230562514 -0.04096692191478067 0.006783606637056379 -0.6912084506171876 0.721461413926767
182 -20.371709381803576 11.809923263503 10.11616662818423 0.017496579505433364 -0.05224296864994589 -0.6898030668108313 0.7218976873149154
183 -20.384970512931933 10.79384323692597 10.143575099284995 -0.030807135939037337 0.019250061448005843 -0.7316545324851952 0.6807069858634858
184 -20.47174301952898 9.744049715923076 10.17870348195282 -0.040935158194849046 -0.13573315211887413 -0.5704115109395763 0.8090312308106942
185 -20.229174579471962 8.798713191126684 10.341100195842197 0.04095912441520113 -0.10834085577182173 -0.07440005223712304 0.9904792987866444
186 -20.22606041081166 8.749468134096073 10.412371794951602 0.7157319357613493 0.23377792194943053 0.2779165038743067 0.5965216644972753
187 -20.12960397604592 8.7940205638462 10.514433506153676 -0.0006270946629276554 0.7414530167818263 0.1158059520043483 0.6609357095344283
188 -20.202088648069804 8.882083561301842 9.505464435196455 -0.3341500239175796 0.6673327635693077 0.42963344133042236 0.5083560270847731
189 -20.43056871489119 8.915937612541171 8.518563844841104 -0.5390374459597657 0.4340205673060965 0.6297111370559928 0.3528861896931051
190 -20.709903352576816 8.828468735918817 7.604612054655942 -0.6913474312847242 0.017100067594853004 0.7221941544800418 0.013487778880271724
191 -20.74054611983136 8.776339399283362 6.6231647188996305 -0.6980382474731345 0.10606894159019083 0.6996883577787024 -0.10921623818606453
192 -20.730545201047395 8.748091768167132 6.644854977383544 0.588338044638513 0.36862814347862227 -0.5449361136943314 -0.4701236742157903
193 -20.568967494399278 9.652209979619583 6.380529169134656 -0.5589481516434264 -0.37224022759732794 0.5775660411107484 0.46414614604491194
194 -20.476477591021727 10.574131635268943 6.052897243809219 0.6693439326841506 0.46520941414089856 -0.4077067779146235 -0.4115022284460594
195 -20.21509276660463 11.578135760509044 5.889978375885946 0.774485512121449 0.5511955414153646 -0.057052030484986874 -0.30512412630819624
196 -19.83352894395509 12.515164971583813 6.205691782574506 0.6034034340740922 0.6754729499490298 0.4089707085918344 -0.11128139623782553
197 -20.19254599744168 13.17749442939545 6.938151546033904 0.45545728022681214 0.5635702376607082 0.6889426911331288 -0.017470588017853138
198 -20.148509605947154 13.18551829378418 6.867612920195065 -0.10857619588771457 0.28272449876597244 0.5119631022982037 0.8038481506909628
199 -20.117568615007837 13.20227442746352 6.947656435282298 -0.3742387426117741 0.38756295577835664 0.3494182357054001 0.7665815125563806
200 -19.751660982764843 13.41838368207663 6.064243140484272 -0.06457413120386699 0.056630368243173385 0.029746198784599737 0.995860606023642
201 -18.748070533406338 13.47861623457477 5.970583648550706 -0.16000812708918405 0.009273513426158944 0.11908537479047507 0.9798622733451668
202 -18.791068369766347 13.453901353566936 5.880585594676477 -0.06504377372779441 -0.6982085239138245 0.1182045679594545 0.7030660315694713
203 -18.816957769763736 13.467308966290652 5.819183461950615 0.4243746889027789 -0.5437478213435234 -0.38078705592015527 0.6158292362713064
204 -18.726498554444465 13.35361629474361 5.821249853997492 -0.18425205055120977 -0.08157239086893145 -0.6245778772713091 0.7545194511335455
205 -18.494602761733354 12.542640593685203 6.246511640598738 -0.08015413175828041 0.07620204825478483 -0.683979599118125 0.7210689779723303
206 -18.44809971742939 11.611223944138171 6.331875788314984 -0.11138644428608435 0.011182757236723158 -0.6749367176680524 0.7293342396414437
207 -18.326312668480032 10.710084033303298 6.42686271493808 -0.007773309754677443 -0.02441489978844453 -0.6965732581288778 0.717028022035051
208 -18.316606431985665 9.667021936708098 6.447428613425816 -0.034062086831677905 -0.04530572340067225 -0.7487817670905023 0.6603885454341544
209 -18.2312640877252 9.619025165754948 6.412784092803493 0.3976270274951403 -0.3886293358276396 -0.637354694539474 0.5335156789523976
210 -18.301684222441416 8.576504354270426 6.326739766988908 0.42971533532745687 -0.4393805493590357 -0.541255107967901 0.5738748744526317
211 -18.225663548822368 7.622339165288811 6.444202301662846 0.3702991174219242 -0.49448929550668363 -0.4699595666384487 0.6304735569322868
212 -18.232258691758595 7.57925234953312 6.399414669974558 0.5639025772201359 0.16329419196317743 -0.04649488204631319 0.8081999234218484
213 -17.239806305093655 7.631520221883951 6.09442674675053 0.570660360739614 0.12680960413063813 -0.010505281832290853 0.8112679680810704
214 -16.216878415556405 7.742667748643827 5.8601072120808775 0.6219742525359122 0.06838271738306352 -0.013162714004349043 0.7799349819733319
215 -15.202891613827905 7.819884086442426 5.731387657758799 0.6721479470901588 0.053997773840600685 -0.009813899351482287 0.7383800275076947
216 -14.157018582732215 8.029904373544955 5.704733667623437 0.6362071685932124 -0.008636135860633843 0.015289013396596884 0.771318417942527
217 -13.157742398161858 8.073753873102614 5.7147145666529875 0.6057185427198521 0.037195362681395436 0.007095626085822849 0.7947774557011468
218 -12.139458730072281 8.111698611565027 5.630186495641711 0.6772528097688567 0.00033793628799087783 -0.055013298235319016 0.7336907076394827
219 -11.028123042203905 8.135266052299377 5.59673122297587 0.7189068656633112 -0.04537139460649446 0.022257160858836264 0.6932668850046997
220 -10.10957831242897 8.13572879274146 5.695342965690907 0.7123008911138914 -0.05548828125175911 0.12846376338796248 0.6877830709302768
221 -9.11777920854636 8.208894308256625 6.000874796720387 0.6897986451983855 0.06038359887348455 0.011649866868031234 0.7213847313823022
222 -7.978584774367617 8.274416118222186 5.970464250001524 0.7161297093994355 0.10749097628804484 0.10539587560632521 0.6815391688944229
223 -7.005269805478914 8.618079495661435 6.007702384107502 0.6489545274996034 0.11791096467658758 0.029706442677717156 0.7510476369114267
224 -6.051398622892781 8.808356153782366 5.873602390924673 0.6542697726286208 0.20901162183221847 -0.08511714475434773 0.7218034900389626
225 -5.10119223661242 8.901304636426763 5.501243883597784 0.5792148528975105 0.12744908417423276 -0.16079924138658538 0.7889299646328329
226 -5.04000228622605 8.85454925814727 5.5085473612014155 0.9885640562192046 0.020839395682398176 -0.06567210035758604 0.1341417219721316
227 -3.9916020062554702 8.8992768986102 5.321322639070852 0.9818348463835641 0.08151533147688815 -0.16055274597870062 0.05981973687567757
228 -3.0292719114176374 9.052951478187039 4.939307777039704 0.9965817139983028 -0.011876318285462015 -0.07974202290034828 0.018029147843099537
229 -2.0151982534307735 9.06736494944409 4.677254696111327 0.9770158734095112 -0.03609962037735722 -0.20962610274015323 -0.01391752723853209
230 -1.0279748839608016 8.976490565343854 4.310751670442105 0.9988128270800091 -0.017956153631622215 -0.02488454787146775 0.03783215939423529
231 0.007600409510748817 8.923287931349815 4.271320791745935 0.977715980345569 0.025597212845760345 0.20836551214217924 0.00024046030811180263
232 0.9529617847797472 8.966590758085571 4.614411168125782 0.9637562689835422 0.11111077317869766 0.2422787913240582 -0.011368260777624215
233 1.855569249545694 9.101578646364846 5.0535043845322125 0.9813272730304125 0.10749775852201522 0.1303289709482925 0.0919531100670109
234 2.730837159566402 9.30254145998386 5.3139703053519645 0.9985370823302576 0.02292045417522692 0.03988944798114425 0.0284109121912138
235 2.754678689724421 9.312046897772182 5.301164852230418 0.6224497093486192 0.06238546756468329 0.778020848990814 0.057861656597172226
236 2.7417596392154273 9.322115158342362 5.348450551207771 0.44687967482657215 -0.47249178317771723 0.5675430450030805 0.5049207493508945
237 2.832482743087461 9.306137141367685 5.3297672827608364 -0.01933665513502011 0.05073066096438219 0.7332315898296635 0.6778081804479564
238 2.758258256007524 10.246088866735036 5.25033060107114 -0.008646778009740527 0.20563630230752858 0.6413555979111983 0.7391224130218933
239 2.7227950994071866 10.284638856288307 5.253017757719633 -0.15962262320698226 0.15814237403181283 -9.522518504648567e-05 0.9744288576536864
240 3.70203462101929 10.267895813873182 4.967648136022029 -0.2580656371157584 0.12927089154416205 0.08443234610601362 0.9537097789529316
241 4.656669007332073 10.306814741752861 4.692363438862966 -0.1914196431730146 0.15990723621517014 0.0011674379226826012 0.968393945201145
242 5.568787642621259 10.193083613458112 4.327085163583543 -0.20512021422846866 0.0748118430056262 0.0663355958575228 0.9736161844295709
243 6.52855450108898 10.241530625677886 4.120523527727402 -0.07616526587370304 0.03730977525832854 -0.006611734929908149 0.9963749885990605
244 7.56875723478476 10.293285952124833 4.107689596315267 -0.019660154463135328 -0.030973898135780418 -0.09291298917285891 0.9949981268342791
245 7.611595126799111 10.2922080726194 4.0270396200736265 -0.10479209451825207 -0.8168950342545187 0.08260287500770215 0.5611398087618146
246 7.60994445511387 10.274092979824427 4.03347527014185 0.055825339211859656 0.9110905008692034 -0.2908217807888599 0.2867408630568393
247 6.7601384715487915 10.175230001052432 3.4801132258264578 -0.03253789752831901 0.9447189933202695 -0.13920240909903267 0.2950762582543685
248 6.034472345989349 9.972883427894091 2.88743688243334 0.009404670419786107 0.9968096322728828 0.03829561549741189 0.06939420016088872
249 4.971641692026422 10.013513280243727 2.856485727698756 0.04021960608988042 0.9975767113932121 -0.056611249399076094 -0.00427254179088471
250 4.90923021514831 9.999558019690747 2.8977844892685005 0.06603203097214991 0.762495974759074 0.6389723706025461 -0.07716196581519712
251 4.904492587159762 9.973048897572946 2.9206716874341447 0.5091265558059992 0.5302338004735693 0.47249928663753543 -0.4861961447147601
252 4.968763196750175 10.161321870242762 3.9552990994325383 -0.5851370253620312 -0.4830538820001695 -0.3873262450182983 0.523690737511237
253 5.255055940762287 10.27280492959229 4.869805208863445 -0.5837522330675305 -0.40975782707107844 -0.3167952538859941 0.6252780346837469
254 5.735142975448615 10.313895282293306 5.793200189024679 -0.7321383851080091 -0.30927756289751196 -0.2766272895638772 0.540183410341483
255 5.7541669669776 10.268810979270434 5.813315244156204 0.8212583256647833 0.30454012132857977 -0.4153102026638098 -0.2455758794971448
256 6.161396548938902 10.946279456148282 5.295164287210368 -0.6743145675701412 -0.1807053843978205 0.681462822556394 0.219667588610159
257 6.116203832852097 10.944110369797572 5.362295637956458 0.1492890828314021 -0.021055009255697744 0.9818685055320424 0.11490732864737088
258 5.198912656469706 11.183123610447339 5.676193522003402 0.22557048448427564 0.2060115558392344 0.8972648094495715 0.3187366579382596
259 5.278622759320169 11.196840973511666 5.680450931345431 0.05088167177365056 -0.3022974884997943 0.7283866724227526 0.6127643424361002
260 5.260546428362303 11.1547087632188 5.73455530454354 0.5341839939816148 -0.532243884370644 0.4131024765528627 0.5105979357476815
261 5.324060165185398 11.046541345997719 6.693177990263428 0.46331284875077516 -0.5510371074595809 0.30227356336738337 0.6247639580467202
262 5.33667919522682 11.084355298560281 6.66364983669777 -0.47887969595469776 0.8338739776554924 0.0754177191943087 -0.2638950431949644
263 5.343441506799242 11.104446869170996 6.64720142257173 0.24059765210853776 -0.22859439550577634 0.1461375797207359 0.9319341070786997
264 5.370574557124495 11.2337944659044 6.663825607570914 0.18340033182682544 -0.7397159825596775 -0.050770881308018094 0.6454509284545105
265 5.3935210200469115 11.201668933449865 6.724891527598745 0.5501069015078355 -0.48396741895387824 -0.508804593574948 0.45196882620552675
266 5.3603176796624705 10.206159095148578 6.709995425970693 0.5004457306947198 -0.4972521986954536 -0.4574909253760317 0.5412913953875027
267 5.504764900588004 9.255161311802159 6.8578471459236905 0.5023507899021767 -0.49502952139652184 -0.4191009793446697 0.5717900191004808
268 5.47667141928782 9.292292567124308 6.7947070530710665 -0.05305552567515183 0.005001180141942794 -0.6523913346527553 0.7560063795117852
269 5.739189058001665 8.28250622877635 6.909693233341414 -0.012900377182912441 -0.013579074421878999 -0.6623372499699974 0.748971665891685
270 5.737710127433718 8.280262231832737 6.926219806560819 -0.12731558350746092 0.079043904149685 -0.03134570421896524 0.9882106305034101
271 5.776264161030467 8.370179576063384 6.95716217131403 -0.8014686675329622 0.030985464929035197 -0.0107945777284194 0.5971359585703542
272 5.8370998110353005 8.319405994404782 6.909690632090706 0.5803582584727593 -0.49200250469044626 0.47102801879396455 -0.4463747671092401
273 5.847991448517685 8.302950913477812 6.901191367539334 0.0051879348524438785 0.7405444328146045 0.03621922128892031 0.6710105784326242
274 5.7209343339531245 8.327667351771318 5.878688564244923 -0.028001046556539046 0.7328419117070891 0.009628055143755558 0.6797543485637932
275 5.763803798691079 8.258329606692593 5.846827524922684 -0.02810637569623538 0.9977828318504411 -0.059678628396852236 -0.008826858014438246
276 4.861039311436364 8.236318958713431 5.957199040739314 -0.08660162864408114 0.9921446293650893 -0.09006696621606541 -0.006093761960958463
277 3.868991930017736 8.062775630148144 6.051122816407363 -0.17054480968041932 0.9719088601629812 -0.08317345956831552 0.13924730177350664
278 3.022426026601902 7.702458330861822 5.8009563834481295 -0.007270006869200917 0.9868829751248593 -0.12294195763155137 0.10437631657876496
279 2.0563903109626933 7.634828633151008 5.626809766865195 -0.05992401919909421 0.9574877830561513 -0.24495641803056914 0.14008072846354153
280 1.0837973316415785 7.427696972538788 5.29466642209537 -0.09311598232894068 0.9872934396492924 -0.12748261194083196 0.01814556455799263
281 0.07668947119143639 7.234994938506076 5.241654958815751 -0.06752490146417571 0.9955352669630745 -0.023593085776738708 -0.06158965999699359
282 -0.9309608183862028 7.056083025755903 5.402691392346469 0.017288858290965797 0.9994384348786943 0.016328093646549937 0.02360727904886656
283 -1.9812859234303208 7.088961342905155 5.36362303252946 0.023179910905440047 0.9978649590845876 -0.050432527291242625 0.034420565837144174
284 -2.984395527205074 7.07207625003732 5.294436413749697 -0.02748531336968099 0.992329858445192 -0.11749753742392834 -0.02683911858514737
285 -3.96489273348963 7.01789485582492 5.3217826182465355 -0.027184767978212693 0.9967922187432554 -0.07525993126235757 -0.0014845165050945356
286 -4.9155013989827525 6.95994932847555 5.290266110474621 0.04095098482095798 0.9787796775395966 -0.18860165530911469 -0.06886781027692897
287 -5.90052934676355 7.073568489934392 5.443371114828134 0.01483511223612697 0.9574952662811642 -0.28799629078974365 0.006393041956197343
288 -6.9209239124966935 7.11176895616302 5.3960600601893 0.03914779077837149 0.9176013662655865 -0.3909097583251337 -0.060537128697083116
289 -6.8916468091042224 6.973379398572325 5.422846770043962 -0.6528866654870783 0.6575315406150877 -0.13178450585195184 -0.35217058244957034
290 -6.762342297621464 6.194531357111067 6.0825340888913715 -0.6357142324523375 0.6738747624683751 -0.04910865999787616 -0.3732941985605188
291 -6.675786816142364 5.391205283545191 6.594292207421705 -0.6313437912247789 0.7531148731194168 -0.02499712627482886 -0.18329797829285324
292 -6.82740571262439 4.407484204466973 6.94610643697127 0.6978654677938936 -0.6425127613068551 0.08225951568881444 0.30560515783816733
293 -6.695468718969433 3.540928636583292 7.423209100545361 -0.675560001801326 0.7183395114802689 -0.031595289128428815 -0.16312194186366305
294 -6.751380891838666 2.6075024113458523 7.701353700671187 -0.6567707982767303 0.7437525870934155 0.011338500252402826 -0.12391790078443923
295 -6.865905255622621 1.6215510167884999 7.93527014169694 -0.6777271414283854 0.7277525171976277 0.05652075965947246 -0.08869948822479756
296 -6.869520851382986 1.7203261146418394 7.966474898630686 -0.43599588646941656 0.6411234286263245 0.4573345433605635 0.4355610768851578
297 -6.888251028058162 1.6507027691198068 7.8840706387981045 0.7242038700008028 -0.6895419205115417 0.0077632035857268 0.0006536078347471276
298 -6.766436177435441 0.6358233744510489 7.901640520932371 0.7272848908190456 -0.6855966524229204 0.03176462033974086 -0.002219609759745466
299 -6.744269751916894 -0.30126930207669433 7.907376046842422 0.7412576441744908 -0.6667199178586206 0.0565915848637849 0.053094713541776695
300 -6.738924431030301 -0.25647175534572236 7.904942564875864 0.4083426504544177 -0.4865103569569384 -0.5151439515094213 0.5754916694590388
301 -6.712410233598951 -0.2691409511604361 7.857502059700899 -0.6963897174888237 0.7067384970941308 0.06802303803624954 -0.1045701888555474
302 -6.7921330763597565 -1.320185141239746 7.906484853269282 -0.6776313208845368 0.7316660634661544 0.012035049471999402 -0.07304602735552665
303 -6.832358509709717 -2.286485775442113 7.97376425193586 0.7085150701322868 -0.7053947050707131 0.019095932142564307 -0.007749247011796659
304 -6.781761806555013 -3.298411350744048 7.955921335415242 0.7066907255865421 -0.7050064958494789 0.0232574367737848 0.054892174439703935
305 -6.752202039954868 -4.231324872875288 8.069445726003424 -0.6445093623476897 0.7364818428152844 0.14729529851721124 -0.14320011202614943
306 -6.652570071022408 -4.216289860733184 8.044645765940658 -0.5337744215050338 0.6120921471686798 -0.39163835967595584 0.4324898444492396
307 -6.696575745794567 -4.301494094409961 8.140826776179207 0.18967430606091798 0.70559806887905 0.45057623388695783 0.5129679134904096
308 -6.80072762487436 -4.248832824718029 8.122313750007875 -0.3616751262854794 0.6283283181332033 0.6852118539935312 -0.06985229276860093
309 -6.801755534144178 -4.263483943667306 8.21419183595655 -0.20035270590009624 0.8555879641351891 0.4396956863565974 0.18573026749808985
310 -7.704069421773038 -4.526091602606865 7.67013082091459 -0.00634977127120051 0.6983891429215483 0.6958943684878476 0.16716253575789314
311 -8.641392314783488 -4.282504356993183 7.455392371163269 -0.06812016901200155 0.2660820332065017 0.9450418912629998 0.1773578809540813
312 -9.558629812102543 -4.059762335149712 7.268332064143633 0.08161074296458455 -0.11412338503921918 0.9825096896418103 0.12243467392823294
313 -10.592955203591425 -3.8108664110349686 7.547224101880887 0.16077731004890236 -0.43201276483062123 0.885013572849281 0.06531924271906386
314 -11.518859710977834 -3.899966122147767 7.883855874509471 0.16205314322764713 -0.47310465038987415 0.8605666261739007 0.09662220482469057
315 -11.522754797334642 -3.8696343005421325 7.9237747223949 0.14173096954972675 0.022499046083685026 0.9785482461239228 -0.14781561217818995
316 -12.370109540493013 -4.05205501060283 8.299380390736358 0.05970704566662241 0.08740456413001492 0.9924567603333191 -0.06184730985013336
317 -12.346318606219128 -4.059486553823696 8.276288247390626 0.7049219868125264 -0.001553269760882222 -0.6983151538913417 0.12425186399826564
318 -12.346517381719547 -4.221310090630999 7.25962350671828 0.7540452381307906 0.04845419800287249 -0.6381690061321781 0.14767629857375755
319 -12.395973776561704 -4.136407632804994 7.347023997681763 0.6855879102329768 -0.44527479765847605 -0.4294645537261841 -0.3837444058293914
320 -12.209076440441805 -4.438919573529151 6.4148123091364955 -0.5201133209349696 0.5255741193401334 0.5661245229003391 0.3643583442666088
321 -12.352750055193093 -4.608367290467233 5.462736583977139 0.5631327728262353 -0.5377710968505744 -0.5433521136334882 -0.3137709485774415
322 -12.612164391342953 -4.848807942137929 4.54191229937576 0.6550843316504013 -0.43465772477076164 -0.5360456058619805 -0.3075585946763854
323 -12.56433234220256 -5.0277242021405515 3.6225779222200982 0.6326149480145288 -0.47846643053947785 -0.558679792854713 -0.2423738670962707
324 -12.594305008821438 -5.368928746638373 2.5974889196625672 0.5861457463878335 -0.5122709974149231 -0.5288584868590188 -0.3381128363078819
325 -12.652236625698546 -5.626116648665538 1.5936687643533007 -0.5579812257463412 0.4944853963546153 0.5929106836920853 0.30429930277674516
326 -12.847749372158262 -5.799596723667358 0.6225503240255996 -0.485411536465118 0.545419489449008 0.5764881773250512 0.36681685103086087
327 -13.146170900462057 -5.84085990699164 -0.4341627127875777 -0.47896579839195536 0.47127321747954165 0.5571429021276761 0.4879396530986069
328 -13.096853614424562 -5.650724731854417 -1.4204220883641039 -0.4697957907086497 0.5487626383330004 0.539541421420657 0.43248877022833465
329 -13.317787808238887 -5.697441829152865 -2.290883680121475 -0.5595875209613719 0.6243340484568023 0.45560429471702196 0.29915469068234646
330 -13.355349863385607 -5.702076564990089 -2.1883292727648875 -0.12027362997331713 0.6827356902755352 -0.03218723532415733 0.7199793143134163
331 -13.33168613395906 -5.9559334093945955 -3.1621014415651256 -0.06927688459286722 0.5711711702526091 -0.06610996438516133 0.815226152759076
332 -13.30207200886273 -5.995891984746992 -3.1839722882070505 0.297054082500362 0.4733181005739338 0.5394501020951541 0.629859059701833
333 -13.296215463713123 -5.001194616039254 -3.4531203674445696 0.3865179142387122 0.5933458426207413 0.5305972502089727 0.46584457825321496
334 -13.51974658412252 -3.9637776396498445 -3.5882679189337123 0.41684551448974555 0.579355338070792 0.5469149605197866 0.4375742625638508
335 -13.835275510644541 -2.9668371280658152 -3.608322624551805 0.44918289966583863 0.5766533570577509 0.4557677364438945 0.5079186931573051
336 -13.944531965758122 -1.9339761162173672 -3.7322304448334576 0.5122173913353029 0.5353432635524645 0.46069549267842697 0.488672279967296
337 -13.964242371340207 -0.9521603807901227 -3.7965862247709468 0.4833092937000775 0.5426862637079541 0.43510869154997245 0.5315864674194646
338 -13.897840813403294 0.07603579789565787 -3.983890100517504 0.4255106103328685 0.49786595324933947 0.39779797190895616 0.6425161372560209
339 -13.808082414376528 0.9632703113778082 -4.38539377913047 0.4520226891908544 0.4475023112452554 0.26805856648497284 0.7235756870022955
340 -13.834511914195591 0.9982433495158656 -4.319499761575025 0.09468260276876485 0.7955131687171783 0.5815320965787121 0.14147234280683404
341 -13.823469641663335 0.9941130558571043 -4.352467733679991 0.5759276776796062 0.503238243734054 0.44927730031806973 -0.46174504604266914
342 -13.664809827815159 1.142619716056075 -3.357217753052431 0.5771945835965945 0.5480299148899281 0.42300657237246275 -0.4330993705631476
343 -13.702049321251172 1.3717285819449927 -2.367172644529142 -0.6245756006890908 -0.5149299433678045 -0.28544974281609864 0.5130993244717011
344 -13.331706908230307 1.8085115528534297 -1.450387115635775 -0.45657556390694065 -0.6074264292645755 -0.37822781817094525 0.5286923538652677
345 -13.353918288171558 1.9377681478125788 -0.49326319635824967 -0.5441532298555408 -0.5550573723555867 -0.3629296038881536 0.5138975369206168
346 -13.270089202693242 2.104526177530766 0.5470934867288523 0.5681210693957004 0.5926781842380792 0.35911381488492305 -0.44385615732547345
347 -13.338595067178492 2.0406071935260948 0.5181536962130344 0.6859643676586916 0.7183333784365568 -0.11363129419002359 0.023194238664672438
348 -13.35600303300266 3.097561352568884 0.28982297866628065 0.7571645221480423 0.6409394411865552 -0.10487707175141296 -0.06999513520696868
349 -13.15331115736275 4.02635579804718 0.29239720145259623 0.7555246972494835 0.6495509266381263 -0.07790417753476929 -0.03459717722963337
350 -12.98043361231229 4.929575149438577 0.2410680508542571 0.6998664010665797 0.7053240178080166 -0.11270415924127654 0.0016801937350271181
351 -13.000491202438678 5.942767908166773 0.04032901651479187 0.6753159605514184 0.7320984577226125 -0.07353953793633868 0.050716249711464816
352 -13.049161690256284 6.81772710064688 -0.09588085342241857 0.7040210721179418 0.6945896315079306 -0.08680434296821957 -0.11985232520663314
353 -13.062366189759747 6.904732117690468 -0.047117371351565344 -0.2612586145277935 -0.5324692592800576 0.43547756014757555 0.6771851437123225
354 -13.0541482879466 7.785166849283613 0.4804914772750595 -0.22933412847402568 -0.508767454107657 0.4875952518303352 0.6714256515433289
355 -13.046715117406237 7.837968543315043 0.496123982450426 -0.34616910722973493 0.2786059720138618 0.16003644783824805 0.881438595094006
356 -12.997529354001106 7.851136754984222 0.5886038574457788 0.4567302311677539 0.24041450074735526 -0.1255286335408239 0.8472549356180956
357 -12.134699405554995 7.840780756501644 -0.01136386414893372 0.7871410138137247 0.339745941956385 -0.07194296582181449 0.5097116135279133
358 -11.427664454379048 8.33292292134121 -0.43108192194187217 0.9213474039690199 0.37913030119132046 0.015556667360397531 0.08448174961945296
359 -10.76028021631876 9.012979840549775 -0.4510146387332723 0.8923281617102953 0.3312829783127606 0.06913708090220569 -0.2987006932420378
360 -9.961671582440488 9.460893848469263 -0.17168179442630327 0.8578612795861624 0.16483317496515734 0.04774314363268906 -0.48438067844802046
361 -9.00256511996907 9.657102666790118 0.12533429377110966 -0.7123220813078166 -0.06546399331755567 -0.184858992264326 0.6738982646061915
362 -8.076561504603115 9.496342868707087 0.44870907289374246 -0.462915071200109 0.02688887205944054 -0.17661625989252216 0.8682127171130043
363 -7.162588143617714 9.154559667637468 0.5912373435393632 -0.1815909522151057 0.10461927254848433 -0.0583089809131178 0.9760530706011384
364 -6.091877182949633 9.035393365453038 0.4258452153206693 -0.026360445710046768 0.06540481086618595 -0.044918350634438144 0.996498710181708
365 -5.072395471838938 8.90317140435742 0.3177840026485514 0.24133064443747593 0.23467655098893378 -0.07110909682843893 0.9389515071714698
366 -4.254066266386754 8.849418979148039 -0.17605834812370216 0.9116431486145994 -0.1000173474615279 -0.10321499413010896 0.3850324204239695
367 -3.3717359948255896 8.640425986635211 -0.28600336820957883 -0.8048712868126205 0.22967559747944227 0.16868898274012917 0.5205529355302457
368 -2.5574389358399925 8.344729741690967 -0.8343771778505239 -0.10669209174981356 -0.0067053602104919915 0.074946921342841 0.9914407671080139
369 -2.536099383225264 8.34902133067489 -0.8077601949345747 -0.05760791054896443 -0.050883450750691846 -0.6983930508514503 0.7115752592693807
370 -2.4706964584056568 7.33717739964104 -0.6988137959291919 -0.07658543113403095 -0.013962576775522158 -0.7184917878968814 0.6911651531381937
371 -2.4833273555416513 6.373713899092082 -0.5770489467181168 -0.19575645154919802 -0.05967705954729828 -0.7262234914974386 0.6562907135088242
372 -2.6223544636794514 5.425329372971728 -0.22563037355279258 -0.031558611551628396 -0.01877956444205576 -0.6730463543753044 0.738688017270087
373 -2.571982445122267 5.325490896252285 -0.21083913985340985 0.006364165546828195 0.09085555696127275 0.9934768782530514 -0.06861820124952159
374 -3.5667759963063403 5.147718051527732 -0.17439370687820605 -0.04871014523580951 0.08814378892311898 0.9831095652652095 -0.1528187714563641
375 -4.575322312375954 4.790800449934975 -0.23533520202574965 0.17278263094331683 0.1163245985019461 0.9677536873626341 -0.1416599831416487
376 -5.41535066858928 4.665495073006688 0.08434932877601888 0.26017416601829374 0.12020683142452875 0.9569380645444483 -0.04614392312628786
377 -6.295040548212336 4.615237378439904 0.5609659987093726 0.2374658812419369 0.09167937802843505 0.9617994587978128 0.10073057106233743
378 -7.13290690246036 4.779267370373143 1.0334153450892924 0.09824040415892742 0.08724524416019061 0.9912215549490582 -0.01472818272873478
379 -8.084586614611572 4.850679351779928 1.2983056510125925 -0.030211642520722094 -0.11373001162544098 0.9930298271636203 0.006671092509236811
380 -9.115639939893287 4.8686966920960835 1.1979211443391038 -0.17028145989189158 -0.24582045773372826 0.9539176280379471 -0.024853287410764834
381 -9.059239514627137 4.910783683300105 1.2402838149196063 0.312472595881563 0.8361690899699021 0.19843302313997513 0.4047301139394912
382 -9.524709382731109 5.616523064308355 0.724635587757582 0.3861864971796683 0.4588297630009442 0.6762847165331312 0.42775485989559003
383 -9.437585750351705 5.613561747595698 0.7368046374231816 -0.4584944322097225 0.06065321918949093 0.8362770184710484 0.29452468659148007
384 -9.851030842430093 5.988548650955896 -0.15076500134056264 -0.33380020023990475 -0.393801932971905 0.7188728922568282 0.46553112536724367
385 -10.157636774762382 6.835548921827333 -0.2808393105620001 -0.3178945068697891 -0.32101234831066977 0.577151415681289 0.6802869968705599
386 -10.001247775108425 7.790656442317908 -0.2539635978705028 -0.5003427939131617 -0.4113209120612351 0.4874928875865826 0.5855107859235219
387 -9.780893201160595 8.82935521009185 -0.273662019917686 -0.41552093013456426 -0.4628900185260172 0.5212565799373403 0.5842660055497945
388 -9.827531957595534 8.7953145784923 -0.25637319674785963 -0.07216521157181524 -0.6939324834027653 0.7163480714146779 0.00976377476887535
389 -9.746893167978543 8.791666029625784 -0.3055077637598491 -0.6254686975637141 0.3839411517950069 -0.4577014383986049 0.5018839443677353
390 -9.506477921678984 7.83196013524266 -0.18573485485569535 0.5906532013838056 -0.4666779230612664 0.468459679008473 -0.4624781518791578
391 -9.499561928771602 7.868693377549467 -0.09207002667332762 0.06006368560499464 -0.6436798243437702 0.7615069681599058 0.04664520177065978
392 -9.44777764842583 7.845859374764046 -0.059343035253621765 0.42392442805629704 0.5649147331846636 -0.5435836495848062 -0.4535154235878903
393 -9.713614012155027 8.822820273669684 -0.026563488156316845 0.46942467216756883 0.5717860515967538 -0.47658637171215507 -0.47493854197991614
394 -9.758678079049627 9.849648182202374 0.015626977228466524 0.5318650641062558 0.5625444377481478 -0.507963840132972 -0.37767187644731126
395 -9.89190426213683 10.87612740696105 -0.06179226622574331 0.5655251091076713 0.45805932005470845 -0.4910731942624349 -0.4787589457719438
396 -9.923258407269845 11.846085969970515 -0.26316933976496715 0.5920542297038801 0.41861500799017115 -0.5178972213222338 -0.4538895596087707
397 -9.845791959565712 12.757094857471518 -0.5069711467375192 0.5821402526649146 0.42223108267695386 -0.5563140221863282 -0.4163512312549898
398 -9.860577896161692 13.648729479206835 -0.7620283988121509 -0.4574984510080495 -0.45454516713372795 0.5908480081675404 0.4847499248118117
399 -9.995502681203716 14.728753761983914 -0.8523348347587499 -0.3818545307358836 -0.48428252563114643 0.4739858053068041 0.6284862839334331
400 -9.909433853240333 15.70945515380411 -0.603606823731226 -0.5071528156693474 -0.4063829361813235 0.5735370092373586 0.4987025463884902
401 -10.000895275312125 16.710221402078954 -0.7951811324334058 -0.48311778596245275 -0.48776711382086696 0.5374851987904365 0.4896836822304809
402 -9.959816488191315 17.740387522832616 -0.9194883217638048 -0.43036492309612673 -0.5677171413173085 0.5939341144849404 0.37379880694560447
403 -10.368757387171971 18.659626237877188 -0.9302686645752732 -0.5063475444873372 -0.446505026987097 0.6276936522700508 0.38761592326268096
404 -10.35278584480207 18.636084048518445 -0.8824847640156028 0.020168226970435917 0.011152987745203655 0.726185076023909 0.6871128647066456
405 -10.343115494558116 19.693419077925213 -0.8794374652943592 -0.006050247754881777 0.00719387945876135 0.7656551981305156 0.6431825247751662
406 -10.458827272585596 20.74768543250492 -0.9054937820840713 0.08795618998084229 0.16721134889072267 0.7539874058951436 0.6291319934621904
407 -10.69854107058233 21.73890123699821 -0.9917425988051742 0.010139681910616191 0.08995901796319346 0.7527822185864974 0.6520149486920066
408 -10.79431373392346 22.591267561796926 -1.0542134604166271 0.06887146657489976 0.11160042777983958 0.7289021396928095 0.6719402773777007
409 -10.9330506321973 23.50647865422498 -1.060279023189598 0.07811938622120049 0.037929736935827414 0.8037290580942329 0.5886240716513031
410 -11.209081087573036 24.45387806383735 -0.8707200958521817 0.024455939899610032 -0.017052284673105607 0.7472588208002657 0.6638639780310802
411 -11.276008974190926 24.525519893665336 -0.8822816473922477 -0.3875176987842561 -0.393054282673788 0.6845537629351283 0.4761559719798797
412 -11.623716932241017 25.587277218591744 -1.2004297235899535 0.45635599250481673 0.2722161061833046 0.7484902611940488 0.39673659843403447
413 -11.76986926787801 25.630494182873054 -1.0641338607930528 -0.5038355781278578 -0.5025082828031746 0.5997714719429227 -0.3659362203584011
414 -12.051652805427395 25.70752493379643 -2.0674454822542208 -0.12693034986946647 -0.6405254010698428 0.755157127186681 -0.057910362850626604
415 -13.130673606564017 25.72590012107386 -2.2756000492314543 0.04248783980388382 -0.6441894399338138 0.7636696732851074 -0.004835188846022822
416 -14.135886601250423 25.67920112693562 -2.2188010548168373 0.10516287688591724 -0.5938130409179047 0.7976107536804078 0.01199697354669499
417 -15.132358998244765 25.49797582225349 -1.9410236623772774 0.1311892570115602 -0.4859742483240209 0.8532554127183241 0.13628503027677294
418 -16.062101392127133 25.584294614999905 -1.5820183544042106 0.22365286296183592 -0.5822090687532716 0.7807573002475603 0.03781580701986221
419 -16.828120915762923 25.477349000356007 -1.220252976979729 0.13859607601140855 -0.6311059867546006 0.7620166944926973 0.0427424673032068
420 -17.847301939395624 25.380763272650434 -0.9911448030361795 0.08789141755069517 -0.70433982327938 0.7043599483038274 -0.007587838238285632
421 -18.939131150898234 25.210885641674047 -0.8750179612314267 0.042919992986845845 -0.6203438094895902 0.7830179884944232 -0.014637688482139219
422 -19.926389844198912 25.096353163794483 -0.8494233086710702 0.07762072172781236 -0.6828637668195453 0.7263374583622805 0.01029544089869273
423 -20.92714602172538 24.97418505861455 -0.7419043639051527 0.011619442257771496 -0.670602987552858 0.7397476807190165 -0.05412938682116685
424 -22.002415157390885 24.889636998934222 -0.8705188958705878 0.09968088515218422 -0.58977943240797 0.8011078192805676 -0.02121801431196749
425 -21.957430392348556 24.907188324873303 -0.8302079860817961 0.05132143440476723 0.06143408167344482 0.9967828726143052 -0.003983571557112669
426 -22.880415872763592 24.8741323024491 -0.7737672189137238 0.022216787412301566 0.09025904305669705 0.9955397525076323 -0.01613445631584249
427 -23.92564282738745 24.82722398375235 -0.7415662619099093 -0.23920616270643 0.7503756889739225 0.6103072184897054 -0.0850989787220426
428 -24.789997493628647 24.36097212497192 -0.8909078567747863 -0.2507536088022445 0.9370543350576909 -0.12990709759302255 -0.2053678329661098
429 -25.49896292548206 23.98185795454963 -0.47891161659549575 -0.16121042432023489 -0.5953144565744296 0.7422295964384604 0.2621204361639514
430 -26.222861927436742 24.636495798435885 -0.49160553595832196 -0.07079818459980987 -0.23464655187578276 0.9646992953989679 -0.09635290450687611
431 -27.31159516479252 24.44946438319312 -0.6811570172557683 0.013840382254635079 -0.19840127011581718 0.9719359460706785 -0.1256419379473721
432 -27.326419753260023 24.457008133384182 -0.6678207652549005 -0.0049234881476803525 0.018969258693181005 -0.6361496519713176 0.7713167616393818
433 -27.21691516421628 23.407807751657103 -0.6980461560780494 -0.0885596303340304 0.05907013900868275 -0.7087534547015535 0.6973782696651852
434 -27.230614752880243 22.378085195423974 -0.619516363426453 0.025884286602141045 0.08937405608349973 -0.7655927511059102 0.6365610899673061
435 -27.46453279146899 21.389985263492065 -0.825622837526676 -0.13944817186052758 0.006284954047855798 -0.7390172752417694 0.6590661375094342
436 -27.49619130455092 20.377309637328345 -0.6719360492469033 -0.0967859591573667 -0.13076072737574143 -0.7109027035012986 0.6842159428431207
437 -27.562225548375427 19.47641787007606 -0.3957631374246357 -0.0921938498917676 -0.12693248689326317 -0.6442616430814115 0.7485421651899549
438 -27.42681322695328 18.522200289580763 -0.13372017207331094 -0.2471018908007032 -0.15005404625774782 -0.602261781269003 0.7441136913046837
439 -27.332428456485406 17.69242813842846 0.4209028065817637 -0.21853829125026286 -0.16041336808177276 -0.6470258719211963 0.7126472392865155
440 -27.39437864006483 17.679980541997054 0.38929074820487203 0.6306556318420904 0.5972070043146513 0.2541907247754235 -0.42544605235155075
441 -27.346553752084393 17.71318663864378 0.3623621920823389 -0.12268880782609244 -0.031687930045799256 -0.7012271041277212 0.7015866874166543
442 -27.238001539818242 16.757109292730647 0.5945296187110952 -0.22282227818271436 0.046958042802531026 -0.7041818029435409 0.6725125745774605
443 -27.2582024575185 16.72788362082159 0.5883525539101169 -0.6421932403617467 -0.4423431210481264 -0.36142617643331487 0.5111668262748252
444 -27.206581210487627 16.695582434486823 0.6017567445659802 -0.0882343222772434 0.05927231778768964 -0.720581505760811 0.6851742772987272
445 -27.19411028581197 16.71968661231535 0.6137049530693603 0.4304461713179313 0.551853896371298 -0.48895627316295087 0.5206679686634684
446 -27.255673531003097 16.636887239065164 -0.30667258207339637 0.335669937410232 0.49600931710998586 -0.5410508493782785 0.5903934525772933
447 -27.401936329292948 16.306070712938713 -1.2274061660315254 0.4381328807309374 0.47404756205836707 -0.5239948175423934 0.5556508966227267
448 -27.42264958853047 16.107141665891042 -2.2472102818507227 0.4046011656029862 0.5471493066820622 -0.4946362576822802 0.5406112333055173
449 -27.492040900826364 16.05278886181725 -3.211170041348669 0.4542677428982205 0.4967652870966178 -0.529860407826075 0.5158614305376574
450 -27.541566177623746 16.021456644840985 -4.176003615014026 0.41776862955825017 0.506874828869192 -0.5622702086434815 0.5023937623894876
451 -27.664146622484658 15.9009359105874 -5.250119429039214 0.44875975090294445 0.49581834763288823 -0.5285887518497555 0.5228506321484488
452 -27.752309573720076 15.78316670862937 -6.25899847863875 0.4992010660574901 0.4992881175600514 -0.4135104096433621 0.5749076555647704
453 -27.58287707093015 15.718944745592282 -7.211102183599949 0.44521924478110786 0.571908635558358 -0.4743368413122995 0.4997048104873366
454 -27.71879831557793 15.711576253379713 -8.159510975773516 -0.44550255349966816 -0.5071710447941477 0.5459047309646933 -0.49627918640423946
455 -27.80982108999272 15.534049673160983 -9.159521077733713 -0.4811204049002979 -0.4676877270861193 0.548263362650454 -0.4991979878733587
456 -27.867037998441944 15.552931187414313 -10.113776019572606 0.5531353258728209 0.3825474439969363 -0.5246675805210239 0.5219412747744606
457 -27.89145614708073 15.585162756335494 -10.078238480283161 -0.03486217642891379 0.7158202578838221 -0.09005549363067701 0.6915750104831088
458 -27.9834494035364 15.361550580918752 -11.149484668802584 -0.05781979166968766 0.6672864458267525 -0.08513430587597834 0.7376569804930942
459 -28.00072187457067 15.32702831830927 -11.153789204827612 0.07883572405690635 0.9672610891223397 -0.2018539985172741 0.13208284281039837
460 -28.985916278834303 15.428917990285663 -11.396896852645385 0.09706730248501871 0.9668485646180408 -0.14232687552094905 0.18848037666760076
461 -29.900885250025908 15.60085674010874 -11.763807692932803 -0.0018248721997471328 0.9843829098228296 -0.17486442835318153 -0.020233348385967933
462 -30.778688844197305 15.611375516157356 -11.72301094426194 -0.03151276759723036 0.9980601475063721 -0.044513573610692775 -0.030023810589716426
463 -29.91735189104437 15.617708982887889 -11.678084356899804 -0.13183065728475366 0.02235763481698378 0.07173366149540737 0.9884205055408971
464 -28.9748489102701 15.738363252449028 -11.777161315174968 -0.0861577997139403 0.041797290330806335 0.0288831185856849 0.9949852187496154
465 -28.926356464281913 15.742256174631335 -11.797039081110366 -0.12666768647293286 0.7649040631702189 -0.11300817480898967 0.6213744634080354
466 -28.87454527398787 15.757503200821082 -11.787843900029085 -0.5618247166969647 0.4039476918024038 -0.49839893611175257 0.5222812943984901
467 -28.61241595503356 14.777865917860195 -11.633784423254484 0.5822947963805337 -0.434885773317533 0.48034309896846583 -0.49099657997539436
468 -28.529427335077948 13.73722367014552 -11.485040960657102 0.5486559363862644 -0.4942182237014421 0.48684598518933164 -0.4665897529249133
469 -28.549308615121536 12.706332823254982 -11.389048529456556 0.6166452186896915 -0.5012086374377326 0.46700259490685725 -0.387875176281257
470 -28.551744709906718 12.7150845012358 -11.357479860747342 0.0689870330294189 -0.5793120770074724 0.7826212951986957 0.21712258060505965
471 -29.562823960591796 12.943565633905388 -10.94164802150949 0.11845050204473517 -0.6083198206529868 0.7440629643935559 0.2495731944419135
472 -30.425796850177683 13.191640409380287 -10.54960712892046 0.13390687163341355 -0.5886014949820387 0.7247600815777911 0.33217473411687043
473 -29.69334185342582 12.878565503154622 -11.209363057731828 -0.11522169120833298 0.0948399968649014 0.030708120114000582 0.9883250215535481
474 -28.73556380742294 12.91181734937774 -11.374440168447377 -0.21853678144335095 0.0016096494442957088 0.004339578805015154 0.9758177351538773
475 -27.710951441794776 12.930614516700924 -11.395452005547767 -0.08344555168636213 0.009407653026561954 0.021180848125348456 0.9962427955277676
476 -26.642411652172793 13.008446368652283 -11.433339427444713 0.039962265570540494 0.07467257613287302 0.04471209341437194 0.9954033616613188
477 -25.717015894350137 13.182082880194955 -11.597296409567662 0.09164282025830595 0.049567963145491584 -0.039593764757961454 0.9937690598509304
478 -24.66004966160214 13.1498323776634 -11.745871039419614 0.05512709943583427 0.01897334293552298 0.004412268946594087 0.9982893102945587
479 -24.656680222931175 13.146116847947793 -11.718069471869043 -0.6533613658607108 0.04968167574208094 -0.030570472695132175 0.7547954046596207
480 -23.61459680155852 13.068035750765754 -11.79774986484479 -0.6867711303329403 0.08908139276234296 0.031208251089233547 0.7207190611248507
481 -22.615963040684743 12.981255464627731 -12.007425754801067 -0.6898476175614975 0.043978791493075 0.10375327329399077 0.715130329887018
482 -22.58115427592693 12.98633687439453 -11.970279982380204 0.9960275102690671 0.07707601601619314 -0.037224816918815386 0.024551976450684687
483 -21.525030406167154 13.205569371566947 -12.097869293939008 0.9856574851532568 0.1473088571471684 0.06579862164012196 0.049497110598622086
484 -20.590664966718784 13.501191649935615 -12.041689391074422 0.9995875327466545 -0.023616936933884527 -0.01609158556022258 -0.0028399896962797238
485 -20.578359349522202 13.4834950379661 -12.10436188320704 -0.7371358875565832 0.002785164134428034 -0.033433761834758206 0.6749111865323378
486 -19.540473251331978 13.448235713420356 -12.095905370635355 -0.6930076194321007 -0.25501522877689337 -0.3064129550990682 0.6006819236903812
487 -19.454232214996303 13.494345755693073 -12.159625206368492 0.6294542162831338 0.7766645163247167 -0.012925045793207024 0.020311619254072186
488 -19.646498550025054 14.548684269296297 -12.265893671712762 0.37766692084608156 0.8609817421578267 0.25063138294030485 0.23078571544821175
489 -20.215626897816065 15.430262744718393 -12.475506097224187 0.05615641234581627 0.7954727514324932 0.5137858903730814 0.31637575434031706
490 -20.94042204800607 15.816656671289195 -12.968799645607538 -0.10963770950452632 0.6576150958544809 0.5859936387584429 0.4605794325559298
491 -20.886364527299193 15.779436539894142 -12.891489271419271 0.29034613325943515 -0.3805589220335687 0.6344285356017735 0.6069385990165158
492 -20.945027210234578 16.31105947188943 -12.046605553863266 0.29414316379882294 -0.6078554481540442 0.6648033445833962 0.3194183250388016
493 -20.941056925047757 16.322115296464432 -12.055200289368385 0.20988583521649676 0.027315051270255134 0.9773144537626144 0.00763430522449655
494 -21.912942610298316 16.278923969862266 -11.628285802545298 0.030896862464526418 0.02990561086443661 0.9987572806153017 -0.025197871866488745
495 -22.96346711364256 16.18090798782715 -11.531779160991759 0.029875297895975712 -0.0028994486732169065 0.9994387405798855 -0.01487493196992777
496 -23.956561050975264 16.27019468515453 -11.51202526799826 0.10591649233681685 0.0902821713853099 0.9900750556079856 -0.01955020316675983
497 -24.913115861178078 16.25307736069886 -11.257284760184202 0.12530283082056629 -3.8095469902896947e-06 0.9905747421685642 -0.05532522708061469
498 -24.905840382040882 16.27270112012818 -11.20222831534613 0.14184321251107274 -0.6715496412621396 0.7267370297748573 0.027474932925262555
499 -25.86576212308219 16.214363531717915 -10.997642854837016 -0.14654360392848806 0.7239615500538255 -0.6730860296997991 0.0368760466193834
