# time x y z qx qy qz qw
0 0.6627225853103127 -2.259382158351448 -12.845881363510864 -5.213214218996057e-19 8.625522111448983e-18 7.345934610792072e-18 1.0
1 1.7526734939272326 -2.1720305348730995 -12.851599891759983 -0.011884416419309705 -0.019698824144679574 -0.0005928962534672975 0.9997351476504776
2 2.770770318504631 -2.211590380613225 -12.808257329657954 0.09678162425992776 0.01130962049121516 0.09113101492488601 0.9910603149196899
3 2.7882902614402623 -2.24660891347783 -12.795001149098491 0.7675517217011764 0.04749229155479706 0.06458691725431298 0.635953903106207
4 3.7850699483298227 -2.1030214782539036 -12.7807199280321 0.8792880493678977 0.06339723345088805 0.10493347890802242 0.46024154748765433
5 4.754136162704659 -1.9118030549744984 -12.770904695851648 0.9254525446578806 0.1044160720309052 0.10258741929380281 0.34944340441697824
6 5.820818133733093 -1.6296292424820427 -12.62123932114327 0.8576294984609684 0.12570972340007786 0.15771079153534012 0.47307083512467785
7 5.841866855975471 -1.6062493583277495 -12.61870641194538 0.754982029005321 -0.44387002453478963 0.4690303711689333 0.11398266587348574
8 6.019967623440795 -2.12580078928333 -11.757232048772027 0.7053423189792914 -0.4923477476276443 0.38600829492422406 0.3332919211631064
9 5.968103142060638 -2.0105560496073798 -11.746250069764795 0.3513825519916184 -0.642465876108913 -0.0715753013169543 0.6772332511275946
10 6.008995973816236 -2.0416414577184625 -11.769426491506358 0.7544914627010411 -0.2224804466234713 -0.5228741002180397 0.3284018253643543
11 6.353720672477702 -2.7009441911054486 -12.376802329127742 0.7055529710937586 -0.22105905329247624 -0.6210632565715138 0.2600160211890606
12 6.4624890244240785 -3.3495140406154094 -13.114499561802328 0.6804288126691392 -0.1805437978149458 -0.6548002670864163 0.27505849956650924
13 6.422893613681444 -3.356635028306281 -13.11195469296403 -0.5631672108506249 0.6934132188840445 0.38128786140681203 0.23799236803606896
14 6.282605479863294 -3.922416585406747 -13.89668365734995 -0.6268201694120193 0.682436482179476 0.3569037212190916 0.1183074671724241
15 6.124682413161785 -4.685607959866182 -14.532056616502015 -0.5405109435108288 0.7370285302824101 0.3815534223725345 0.13803568875689531
16 5.7840983875266785 -5.2874780732272875 -15.136226398748134 -0.577044107795139 0.6839396519025283 0.4372835487607667 0.08960886227126649
17 5.814353311984779 -5.224867201037322 -15.07590390036608 0.038321121609363774 0.9103522601082792 0.3746358657893916 -0.17157570404512854
18 4.845499888128552 -5.232788252382825 -14.781386270773963 0.09622909989454952 0.9592246622260037 0.21826274498660306 -0.1516224978748447
19 3.909890949544633 -5.134337636592931 -14.44647550423174 0.12675161724697462 0.9577483472263866 0.25579697717880767 0.0349290334333222
20 3.909778241155958 -5.092563721352166 -14.299524684792123 0.2777248369113237 0.44600492529795177 0.8486484117493353 0.06119146025286674
21 3.9303117999405908 -5.08907748129008 -14.349412611763846 0.7481428936672432 0.30040434681733985 0.42801159958086077 0.40846726881438705
22 3.9065074309411716 -5.147711830227519 -14.385015197565302 0.7178017032279047 0.6631388557593434 0.13630684184351077 -0.162566963716359
23 4.0095300875882005 -4.2602265229942935 -13.934718185194642 0.773144218356543 0.569785056009853 0.010308546617598835 -0.2783644040396179
24 4.4108050618627095 -3.4225076092782167 -13.52637993489603 0.7343698869930089 0.6449136876558725 0.0033218745432851597 -0.21160380360829545
25 4.322334700066854 -3.4451609442602393 -13.577209433045011 0.17738375814024476 0.9587968787886345 0.22119349574010266 -0.017804073002799542
26 3.380526257328209 -3.106552134913778 -13.516898446348243 0.23589836039622952 0.9432819594403885 0.23324984602687818 -0.012869261249573946
27 2.512799639241383 -2.698210264032545 -13.351397492583969 0.21095772107782432 0.9620653639743113 0.15059352522436217 0.08513909512748123
28 1.6767157739626024 -2.3132244272182407 -13.392002181253726 0.18551865839347778 0.9825026182342649 0.015333872239082343 0.006025355828021046
29 1.6447631535762646 -2.1981876510902953 -13.382250273962878 -0.11112822400240141 -0.679855842648561 0.6857271102537517 0.23499974746736824
30 0.793756540011944 -1.7488674175438346 -13.210446120924853 -0.011870006278999243 -0.4840984248512703 0.80497194310247 0.34282355348676036
31 0.09847267179233486 -1.2172920900339703 -12.897135015401977 0.05998478660452557 -0.5763766994172316 0.7550673282962537 0.3067002697821862
32 -0.7566635480142654 -0.803747127257064 -12.493653361062869 0.11608853052687071 -0.558298986207292 0.725140727409206 0.3860008037976993
33 -1.4056958168544584 -0.36694327239297453 -11.866153251779183 0.10646991276585395 -0.5406855890608487 0.7445689141503746 0.37674976249294045
34 -1.387894757758504 -0.31185881343891425 -11.836357040223223 0.3715594067305988 0.19021053050807435 0.871688842736586 0.2567530385455917
35 -1.9951953425870077 0.2996891321098543 -11.309039706595504 0.21324081320130878 0.14381893785429561 0.9295647152309382 0.2641096531695348
36 -2.8681294465639584 0.8319840625695737 -11.00403701373372 0.14607639013555584 0.21883776642164088 0.9280968965964103 0.26345373552232043
37 -2.9017440702498365 0.7349556385904888 -11.028187273777535 0.23021792362294863 0.8463547251841363 0.48020038436878537 -0.009538220656626132
38 -2.913602076047466 0.7818559991161353 -10.974364123296425 0.23813154599510944 0.868685691335805 -0.3868298132864088 -0.19758854223668
39 -3.7912770431320046 1.431980260175812 -10.847358300412587 0.053378315481923844 0.8808946858032047 -0.46947746153440306 0.027680698531629997
40 -3.7777007853742894 1.4937521442134418 -10.839058646546798 -0.260226303230517 0.5086122690835536 -0.33624262840275654 0.7486900064041617
41 -3.863880175812528 1.5359086042429688 -10.907460623319949 0.1248106283576154 0.5414768091700082 0.3793751054551446 0.7397970678104516
42 -3.879365847598909 1.4982836202871077 -10.89897062465274 -0.32235542681345497 0.319786768198614 -0.26904310981226165 0.8493757747614118
43 -3.337929401132225 0.7962768398329824 -11.260912103512178 -0.34079981026165146 0.2992457235928914 -0.4230503965749762 0.7844334568303067
44 -2.8515343284574945 -0.03357463546924552 -11.477984565947683 -0.3040256990143921 0.2985118928158325 -0.49254163730206935 0.7588555591877258
45 -2.4779727524954502 -1.0040076972017038 -11.65063184848621 -0.4319072664794803 0.3314183903243977 -0.5342333118387981 0.6466936927470054
46 -2.2767023543305664 -1.9999621314712406 -11.652190202076723 -0.3292038187137018 0.21275250099983717 -0.5570610583461769 0.7321503918846646
47 -2.3343734069656548 -2.0498958143908683 -11.649623081832923 -0.5845721226520283 -0.2777665309458052 -0.08732051898422914 0.7572953945910145
48 -1.5185617736610741 -1.7181141196891603 -11.148110004451814 -0.44303581482643556 -0.3120994176408497 -0.023558942799714377 0.8400941593080378
49 -0.7092514482860901 -1.4779938658678566 -10.620354234299505 -0.42525533121327297 -0.29588444186033547 0.06561751626209941 0.852821576825587
50 -0.6863487999688476 -1.4240657829448065 -10.5591765467733 0.30595480168472544 0.8450980503404447 -0.20562243313121698 -0.38719550569452404
51 -0.714482326358657 -1.4914504586033934 -10.635554952915198 -0.3034870405271692 -0.30946897994689454 -0.18419200130104382 0.8821552433327171
52 0.012509550904250774 -1.62161304058908 -9.97686390326866 -0.2575357524089769 -0.28115901633227075 -0.09272603222610735 0.9197971660718547
53 0.7741054264390594 -1.6584385041512877 -9.436323886630008 -0.13321021000558983 -0.35102289355531147 -0.11828684834473296 0.9192639390615697
54 0.7221192508526119 -1.6900720356001844 -9.395477584375373 -0.080065991892136 0.9092513660054198 -0.06477945569390747 -0.4033051109019179
55 0.7684529277930032 -1.691718594681728 -9.406067294191647 0.5691466033070928 0.7101137443427912 -0.3648616732314912 -0.1966890272642997
56 0.47570999029303607 -0.7119772516865261 -9.508704349908358 0.5705896705672112 0.6921411840341287 -0.3847896801023278 -0.21749692248991573
57 0.25811155794883783 0.2490122276367818 -9.674447948592936 0.42772163876391395 0.7674147005098967 -0.4572424359914017 -0.13805155523595894
58 -0.373739942243318 0.9782194396365822 -9.885686254630627 0.5048786544373873 0.7133885983564257 -0.4680832971562331 -0.13066093123768008
59 -0.3807912733141244 0.9767352971807892 -9.756075464705914 0.08191657934446431 -0.5697644873635355 0.6808703903096611 -0.4528505433003698
60 -0.43136047328754923 0.9393513642837379 -9.800114511429406 0.4863006208350019 -0.2432300697154567 0.8005234678746901 0.25201788972925404
61 -0.7966948612387952 1.1408879736989543 -8.88667660308609 0.47563534572427263 -0.1376523112364947 0.8405782005063913 0.21966143936166954
62 -0.794334506634502 1.0804999329287535 -8.900871916366382 0.9399226923929396 -0.18524022498230835 0.27219312409883056 0.09023466388606108
63 0.05253132194445083 0.7790979216367512 -8.444739407125565 0.9459467647947513 -0.23802173635780308 0.17335570234505374 0.13593443882995082
64 0.9259713156773083 0.4068364524123654 -8.084658915848998 0.9177068308754223 -0.27913686416552747 0.23929159695007896 0.15045369805194714
65 1.6265791011833741 -0.07648093616744832 -7.542375891530328 0.9430563827826551 -0.24620359193318564 0.2077715216394315 0.08282176650933894
66 2.338773297266007 -0.5490094211674107 -7.086876466382434 0.9197660698467123 -0.2486784971587208 0.28895170992900343 0.09325390682817812
67 2.24901776790094 -0.5845724369502742 -7.094964953547466 0.8568173475627128 0.4544180869709407 0.12390405108470597 0.20979995537193777
68 2.809483102728047 0.2063715020516058 -7.152986162032636 0.8994727384443084 0.3305363469634679 0.09010563535433407 0.2712480241567394
69 2.799948483861511 0.1923407835929534 -7.1928230558130135 -0.805663748645117 -0.14491517886433702 0.2710644917548389 0.506388740360122
70 3.663394466492032 0.7230413987672284 -7.433766048859863 -0.8001445947466922 -0.0871203464573971 0.21200973081292296 0.5542838142787778
71 4.582012019420849 1.1462969809151509 -7.72418740420458 -0.8175669945943856 -0.027807164359297396 0.23888905243372313 0.5232045408705105
72 5.522517813803481 1.4122615288234202 -8.112344186967205 0.8855818361047646 0.06806877155837109 -0.21090371097652102 -0.40820470183007523
73 5.552196343176735 1.3128766734088948 -8.101419135412538 0.7173932267499248 -0.6026640223774085 -0.25588354965218857 -0.23804756533644697
74 5.5102803313569275 1.3677608291675878 -8.043804056091066 -0.39608732698122956 0.5288612063696738 -0.23847110791112183 0.7117247954748522
75 5.767000395000226 0.666271229368177 -8.508360431555545 -0.46621005747658195 0.43218122043554175 -0.34575382713773656 0.6901607537596848
76 6.13156277894287 -0.24551368235683976 -8.752580840376 -0.39409421388474936 0.4846285642719497 -0.23934145831902226 0.7433307282791383
77 6.482454095092906 -0.9982899797738946 -9.363797279701533 -0.508519394465348 0.40398170236838826 -0.1609636547387364 0.7431672163499168
78 7.108196659940836 -1.6092148250387057 -9.73462118589308 -0.46632991965592313 0.3168348557971642 -0.30708373000942857 0.7667148511338404
79 7.156830461378788 -1.687976289059051 -9.620190340549655 0.7991583403132926 -0.5250902164171972 -0.06829968731160957 -0.28453710556583217
80 7.626313213468149 -2.484742565996912 -10.150780643215448 0.744897839491572 -0.6244838617990007 -0.036725856176566124 -0.23194466271396144
81 7.743760816700661 -3.3654812885486614 -10.455226131100412 0.7280672817514436 -0.6601903574518377 -0.13520059610541163 -0.1256484141699383
82 7.911712898721829 -4.30295874560887 -10.762627233208354 -0.6321584190030902 0.7461024567919223 0.1373560911881252 0.15760761868035117
83 7.85790749531045 -4.307216469824831 -10.773481976729014 -0.5862818908915426 0.3517201657793425 0.6897866144511662 -0.23824545309572628
84 7.589109828534966 -5.071956642537692 -11.485577269769994 -0.6026842440839466 0.31044102305494536 0.713993639479666 -0.17496044101493954
85 7.393676202849381 -5.67578086524391 -12.289683197537151 -0.6147541060226107 0.32622482754539023 0.6847800002962281 -0.2161737778168746
86 7.395101243224323 -5.6579672232092015 -12.26925579272615 0.2255316413687133 0.3437523001650848 -0.7104692792180236 0.5711420472703527
87 7.464837794222573 -5.705909484042486 -12.303027072527234 -0.20812913514414666 0.7132937414589708 -0.3096676109134707 0.5932961084068863
88 7.3305778249772775 -6.383476249945903 -13.068590115520855 -0.26158498280093323 0.6742491108944434 -0.319823149966573 0.6121066785916872
89 7.2470666262739645 -7.09581752384862 -13.681869953059213 -0.2582854864666777 0.635769345312257 -0.24736039039717417 0.68403127436138
90 7.201348149226777 -7.143621780279857 -13.660047639908484 0.08694700647555374 0.930037130761119 -0.35591181338528805 0.028247735543958305
91 6.181384604091399 -7.042594779015065 -13.842650823003208 0.1306174314585106 0.9359998232217229 -0.3261723300064282 0.021331400944680803
92 5.220458281469838 -6.867378414509325 -13.92750793484337 0.1676597911822313 0.9210506173773821 -0.3149534725139803 -0.15607775242121977
93 4.332646923876677 -6.52414526725579 -13.781970044368098 0.052839457273596006 0.8907913965378388 -0.38192802923608515 -0.24047798255357858
94 3.4611192717839985 -6.210958687241566 -13.425266682464368 -0.06557149902578448 0.8953585813038573 -0.38077237698821303 -0.22146283282709606
95 3.4802645613894945 -6.2097684921011345 -13.403304180611714 0.0866476453027426 0.939390548768222 0.2995157170002559 -0.142576006811286
96 2.5308882593653226 -6.115926410243904 -13.064643817160484 0.1255329233386889 0.9106053913855493 0.3308815797475828 -0.21344012397241077
97 1.6453947399188662 -6.139494901923266 -12.653057063843137 0.047010885079662425 0.9474297456070506 0.2892592260395155 -0.12843657568623948
98 0.6612560281904756 -6.159941960792952 -12.299954345819904 0.043432919907912294 0.9430182053920364 0.20411145977586928 -0.25916936114367406
99 -0.16911484279383937 -6.20837136183241 -11.85374486201549 -0.023887264016613754 0.9658460016771923 0.22459201306088655 -0.12700128869913302
100 -1.1587636199617195 -6.277232744221348 -11.601393286786454 -0.09246872351349424 0.9533462768927625 0.14376914360172255 -0.24881889971326648
101 -1.947796827062706 -6.527422021139452 -11.102386821243305 0.04969783850435152 0.9474016921360988 0.1309087308413227 -0.28778996295070225
102 -2.7928312687137873 -6.505965814240989 -10.593365660632848 -0.05753788406246893 0.9330763989830061 0.13639513205392387 -0.3278020645305839
103 -3.608312802064034 -6.663127674263033 -10.034143288563559 -0.15012320882839553 0.9267585681542556 0.2346813708823914 -0.25200442989063093
104 -4.306026212763936 -7.027306666464087 -9.679725167879363 -0.2482789425379189 0.9013365464488153 0.16470578264765606 -0.3143596696308209
105 -5.030237680161067 -7.625801923113779 -9.24945473421691 -0.34775037987801327 0.8705619188808486 0.2831069301673597 -0.2025884616171579
106 -5.76266188252257 -8.405143891597925 -9.070317399196105 -0.33060210084217284 0.8940549376961172 0.1988068493253594 -0.22769245916643374
107 -6.5089333992406715 -9.14924049787814 -8.714890538656318 -0.30650693147843355 0.9016164325181492 0.16182784665449096 -0.2587528890970915
108 -7.185281809175768 -9.741550972873483 -8.431453097214826 -0.3905757600472201 0.898349457173022 0.14358706664811172 -0.14071809674617
109 -7.863691369005592 -10.507674214913585 -8.360433718604739 -0.6085547358462376 0.7798297331244902 0.06140342767578536 -0.13325291698033342
110 -7.879477651114145 -10.48147778104679 -8.209902543310397 -0.4636740055439472 0.7223496694608764 -0.43464336960513744 0.27258487278439814
111 -8.246350491850848 -11.403956181168514 -8.181038298922987 -0.3819692659972837 0.7125076722097049 -0.5473486636775118 0.21642952027449125
112 -8.205798562486391 -11.493166105193765 -8.157709439073157 0.03663418200587598 0.7518124688494936 -0.5689933791053877 -0.3311834581095841
113 -8.15150566881374 -11.449733175639143 -8.11961264177693 -0.4180320594752648 -0.4167809989916885 0.2947826509285908 0.7514292946391374
114 -8.117893511162302 -11.5109517897497 -8.079527722649395 -0.5585807607446591 -0.036778820427287584 0.7564631051371167 0.33822835874628765
115 -8.164000427218378 -10.983738689743785 -9.001483182098749 0.6754528934480345 -0.024269814496112565 -0.6596030092338677 -0.3287829603958044
116 -7.995665564057298 -10.565949204038409 -9.933387087122046 0.671406183161194 0.07189368243126602 -0.5861774410583365 -0.44770642527630794
117 -7.71709246465385 -9.969600143924287 -10.61027932931298 -0.6064820340536647 -0.18544659279128015 0.6872772244055221 0.3541738561860215
118 -7.622934660589384 -9.22252678510884 -11.364265717151426 -0.4442599334136482 -0.23814025298874847 0.7334293749754413 0.45607420820836836
119 -7.760591679499982 -8.371308538193624 -11.763336086528795 -0.47818492489026165 -0.15497668755907673 0.7147669561591561 0.48624027219460847
120 -7.84087211223175 -7.50920810996371 -12.206760579125296 -0.44976290395483665 -0.23826982136391625 0.7068232596523047 0.4912654089876583
121 -7.826160285085803 -7.518754183698854 -12.237101827317561 -0.5048162583259184 0.02280154529686578 0.8356473941698478 -0.21525349585787892
122 -8.307195960528023 -7.93154305475469 -13.10578957203183 -0.614657874755804 -0.14885213246378945 0.7583140820121106 -0.15810911638419528
123 -8.542693388747436 -7.995853426381624 -14.087654708954904 -0.5303887619244746 -0.08244083009417559 0.7842058836220475 -0.3113075695356125
124 -8.746330491903278 -8.389224062015133 -14.941912339427859 -0.6091087812083826 -0.115284430245377 0.6626505396098971 -0.4202264331911427
125 -8.664789788070038 -8.788701956705834 -15.815854518522224 0.6294030617753168 0.050257786072226945 -0.6256176204318966 0.4581795868129732
126 -8.648856116543268 -8.76549937746426 -15.828710541896346 0.04076790775469788 0.42012521455200547 -0.5259927234740733 0.7383525151628205
127 -8.544732039341753 -9.50459345036727 -16.501733439033774 0.1361107241787535 0.43534878936672533 -0.5336480384641998 0.7121552312549378
128 -8.45474553928453 -10.197750210314942 -17.266176750513868 0.18059527047755722 0.4878125625218818 -0.41226046290956 0.7479743062756692
129 -8.297082239530939 -10.612992220336437 -18.090122395943627 0.11386481898014147 0.4581637345240692 -0.6289017515434356 0.6177405460799676
130 -8.354942936706125 -10.630658994836558 -18.0736397456817 -0.33431611769111347 0.7543345357375564 -0.08631643424140223 0.5583561720133456
131 -8.365822616150643 -10.745515082206309 -18.00471185789344 -0.29861283020950424 0.10704879787574996 0.2959220809253554 0.9010000302599519
132 -7.516855205157496 -10.312137904330296 -18.34997862403208 -0.20248778860168845 0.27260713737852416 0.34159527035805737 0.8763542179886454
133 -6.982572218556758 -9.799167896615732 -19.033979558690355 -0.12376229256323298 0.3339003699024672 0.3039506194274394 0.8836331019536131
134 -7.004111765133393 -9.879596290551016 -19.1424180244129 0.5208425594803083 0.45562831304943585 -0.03633971763616252 0.7209752377882692
135 -6.925040715377429 -9.92531408187817 -19.076732568072416 0.7633801661782945 0.0727560156661169 0.4366997899006173 0.4703728070060475
136 -6.373387648256033 -9.392241547916514 -18.50643142725359 0.7930280183246203 -0.015654846770275274 0.30928107658586446 0.524601471205158
137 -5.602365198539222 -8.992223921973409 -17.92199046892282 0.791438535324572 -0.07936659835086009 0.4057566595510789 0.4502083085633356
138 -4.949294189357844 -8.810448422998615 -17.275198392861515 0.7782292084912434 -0.12288922800963782 0.4417918348715056 0.4290425518886871
139 -4.909666801925705 -8.833666869111724 -17.30599304135219 0.5511234647816897 0.5028006180943887 0.07792466132180971 0.6613487825412612
140 -4.417907153565939 -8.225630878544354 -17.869537879434965 0.6342439830943957 0.3125888523173352 0.17273480333941474 0.6857007124327505
141 -4.331127689685274 -8.216516650288964 -17.87403775637743 0.9549516769733845 0.28387622949319496 -0.08325701804657928 -0.023448878873831583
142 -3.440838408842169 -7.650967503626054 -18.00618730131854 0.9734017068221086 0.2000908129218437 0.11065836049077607 0.014405241878407807
143 -2.496599485884695 -7.251105179439663 -17.81031328359619 0.9936989916095392 0.0435660685606098 0.02255903517239539 0.10077401290237506
144 -3.1997028977439683 -7.297356062028709 -17.77660114360136 0.020033031993269123 0.9936447263067052 -0.10331451435527483 0.039936782989665895
145 -3.1682697673945315 -7.357061702229178 -17.698923969118077 -0.07512206224569344 -0.6925648918479007 0.015297606307653748 0.7172701928735893
146 -3.1924878274342583 -7.343788375175017 -17.66625635969252 -0.5260538619984751 -0.37307990713895667 0.6315614359551228 0.4303590010444545
147 -3.2500779675470923 -6.360484495480041 -17.97625684390483 -0.4977250679238393 -0.2821290787809844 0.635097568498687 0.5189643707938535
148 -3.2460127363230558 -5.44823544290078 -18.23396328919094 -0.5415667289323195 -0.20260920918463085 0.6446488517321429 0.5000828375654972
149 -3.164357992156839 -4.621402557418675 -18.639412716646135 -0.6130513366395424 -0.10715391770568196 0.6132808499715479 0.486387392541142
150 -2.9300187361994965 -3.914870154975917 -19.296414637742622 -0.5869864976908603 -0.049107810691559076 0.7645838295046006 0.26162347394257246
151 -2.972418039459126 -3.9752854531336053 -19.35298157037864 0.01884862198927293 -0.26006312959784084 0.9554080484015425 0.1385906170072069
152 -3.9705170338849562 -3.707052950939616 -19.326636853253053 -0.05363735692997055 -0.35851674444970083 0.9318914359691175 0.012927855900013076
153 -5.008368625939472 -3.635078338597133 -19.304876502592105 0.008150442859255454 -0.25535802257360696 0.9652177919324195 0.055501934431155246
154 -6.0069427271691875 -3.6029728316812095 -19.15443406682274 0.12070764614885551 -0.19488316536582057 0.9577197431110221 0.17384794986872626
155 -5.986387137672115 -3.5880242210670126 -19.190133204520553 -0.01384815154825422 -0.18374680613501787 0.8503100434376536 -0.4929687312223089
156 -6.037657198652063 -3.606700110913066 -19.234905264811083 0.11304779490399747 0.1682075065503541 -0.24690518298141276 0.9476097622040264
157 -6.0252863788833215 -3.6013077886507854 -19.19500987209933 0.06742567485846002 0.8028472352278089 -0.14544955202465654 0.5742251501569489
158 -5.971997720293972 -3.6149710675772915 -19.117073028039325 0.7421832157462085 0.43421264229870277 0.350857432151738 0.37084028615629766
159 -6.0192989968115445 -3.6667164200815554 -19.054906076619183 0.8151076032491991 -0.2056277977380396 0.5377628229460633 0.06424912590713854
160 -5.672545222965688 -3.9364602512608076 -18.233380934344883 0.7967828359233083 -0.2663246657235086 0.5336267471058912 0.09721512011234361
161 -5.381517961214175 -4.265247619057106 -17.383708780599516 0.7341863799799789 -0.3651580422398056 0.572389686382309 0.00010277474849800047
162 -5.395459383201877 -4.765075771869057 -16.60207352023567 0.6806161974104553 -0.13119035701391454 0.7195498753245194 -0.04241059973122936
163 -5.463155758313598 -5.053140447333029 -15.671303074474869 0.6323295406025937 -0.19116432969541935 0.7466448620919822 -0.07833901355684297
164 -5.444143882773662 -5.082586265971983 -15.645323369124908 -0.44356002112957227 0.6369204198624281 -0.4637949360443149 -0.4271781170863653
165 -5.6127767389593615 -5.278234438841226 -14.765765188400527 -0.505554544218854 0.5497909529423217 -0.5128301874306036 -0.42326080581874564
166 -5.756268074619392 -5.341030086283882 -13.745306894343223 0.5603524409459681 -0.4936162806236999 0.5374163609045263 0.39183129591861
167 -5.790978666668756 -5.487231120844296 -12.760069637352796 0.46866087015190605 -0.49533583158832034 0.5910734739309225 0.43084980114698557
168 -5.967463735219509 -5.425715734322352 -11.831553442282582 0.5137339795595003 -0.35405093835177076 0.6364657640389325 0.45347178799185267
169 -6.026065766063099 -5.19185865050567 -10.895960428894039 0.5343487347988245 -0.3391034010514784 0.6754069858841297 0.3785574149757616
170 -6.219465589937863 -4.998083728740474 -9.896033323240353 0.5038825450971152 -0.32511258667369514 0.6945597729437273 0.3974807020990466
171 -6.158377077189873 -4.979327340166381 -9.86486493674889 -0.15141664199821658 0.19067757722909875 0.8650094436858811 0.4387182745250854
172 -6.153708889946376 -4.978044049684635 -9.904001425488191 -0.11467931795972393 0.14174197179665177 0.3662749865115832 0.9124694524856322
173 -6.06077246259198 -4.949189513971451 -9.834383074494013 0.09798735902386091 0.23469272975336247 0.9052893406117064 0.34024845311517077
174 -6.786233931071786 -4.357075710048984 -9.853621105624068 0.2145076584945683 0.1837133018086263 0.9371276386762263 0.20500652676163955
175 -7.545189389213382 -3.9208778183720074 -9.605748757227046 0.2100382754847632 0.12342456563870977 0.9358969488990323 0.2544547120211475
176 -8.348442824296782 -3.2663530384397634 -9.256658853334644 0.16892931117612492 -0.09150920852627697 0.9254719935631928 0.32648206950860936
177 -8.280108217961109 -3.2253771510165397 -9.221036101935498 0.6729893919941125 -0.39888803087113617 0.6054909970721107 0.1461310013507211
178 -8.345158735704622 -3.6212712536316225 -8.341366383854925 0.6721947534079867 -0.381240892144011 0.598652673574318 0.21077137393473613
179 -8.419348886833758 -3.592982324793104 -8.28400976361798 0.18633005693892646 -0.7268787261114233 0.18662611821954217 0.6341128601487876
180 -8.612085944596044 -3.5870934603940596 -7.280520496580644 0.11067406520186035 -0.7160380916148177 0.08371580531793169 0.6841289107969889
181 -8.545301727253985 -3.688439146461319 -6.31919040749519 0.2278154375864313 -0.6705614591349071 0.14515645831987195 0.6909247850006531
182 -8.573495770560323 -3.7825475605031973 -5.333002484221213 0.10279190900981008 -0.7692044871481891 0.140804270731657 0.6147620984876481
183 -8.814610308559104 -3.6456315552315317 -4.39194730392136 0.19866605330414938 -0.751280644497351 0.17829876887946272 0.6035882217905401
184 -8.970462643539461 -3.683469299635761 -3.412212091719668 0.20670752368050518 -0.696723873820908 0.21300687387672265 0.6530512345774463
185 -9.05448212500469 -3.6600666316161705 -2.3973606138142136 0.28414026809400444 -0.7279995249711988 0.22071506807262098 0.5835802073536026
186 -9.082914997428533 -3.5435734435461184 -2.359171063776096 0.7073468766559688 -0.21525322761997218 -0.28607180375945507 0.6094992757813932
187 -8.373297019199581 -4.264830328555266 -2.550451106246221 0.6916793001567566 -0.3180059939869304 -0.15173535735051724 0.6304191580629154
188 -7.662358289420552 -4.8895948646878304 -2.3996914675231102 0.6372098485637238 -0.43072427299482813 -0.11643224023422712 0.6283977585737501
189 -7.66762038418745 -4.760785379926995 -2.3631372887150204 -0.18056760674150135 0.7749188716431011 -0.37835701970622426 -0.4730137919829121
190 -7.667678518775583 -4.730024776954431 -2.3561186994333294 -0.424915309846971 0.8361823149409925 -0.1938496011887827 0.2875212127070383
191 -7.689811799597158 -4.738308093357656 -2.306443871171363 0.8929329764508498 -0.26752347363952556 0.35334181578258383 -0.07906612320036593
192 -7.103223381825677 -5.169837742179081 -1.6681329617613234 0.8858660734299975 -0.23152975432329553 0.39640432340284704 -0.06707372955370988
193 -6.50907194093292 -5.549153427050303 -0.9881714748367229 0.8676923408883558 -0.22166514746563504 0.38893337061899586 -0.21611431507808773
194 -5.9497854403067585 -6.049392789327413 -0.4460189085544746 0.8921195926386424 -0.07798566250594727 0.4154338851919649 -0.15954797368842052
195 -5.945706087638861 -6.007786723413017 -0.40489900367255544 -0.5982066959125563 0.6414431083865583 -0.17966026369085264 0.4454454818710211
196 -5.986344378937483 -5.959293142709144 -0.3385348043307255 -0.491856218267173 0.2328678146464284 0.3890680380218154 0.7432873624941887
197 -5.427885995619703 -5.623991807462814 -1.034562008335265 -0.529649556503602 0.26464571317852315 0.3097796200801811 0.7439560341678448
198 -5.376076163015755 -5.644607488266083 -1.0242583096263718 0.8339788451196204 -0.10915710082250452 -0.5286781968756926 -0.11429513279766783
199 -4.930076696114186 -5.814650537915287 -1.9606339453886186 0.8602843273181929 -0.06325428437605889 -0.4802152745672202 -0.15906936144678185
200 -4.443342612988235 -5.810118976303218 -2.848507917511585 0.8496004442044855 -0.1842254514001644 -0.48260531284454744 -0.10645271381305176
201 -3.985669405377667 -6.044097048895968 -3.7071812602058394 0.8784191890783678 -0.1711151421337057 -0.4417297754017164 0.06304079564071131
202 -3.306847138098207 -6.319836509673287 -4.4226612057614005 0.8471346863717053 -0.1226455117025951 -0.505285567026131 -0.10957827047459184
203 -2.9232145854516256 -6.4051452837917875 -5.25327358332896 0.8918366925252263 -0.126896771707618 -0.4229132140057949 -0.09833075111651886
204 -2.3015009249393468 -6.5842067322834215 -6.10761396769389 0.875995135533726 -0.029740449011219194 -0.46971632873704183 -0.10542579727778123
205 -1.77717124505124 -6.500689625628573 -6.8187816172889315 0.8715661007896752 0.048156913277429124 -0.4852190743423932 0.05114580678983835
206 -1.7921601134282255 -6.59428189037583 -6.835565109566475 -0.5935017345041427 0.6308595162957852 0.40083888343770946 -0.29849648467617435
207 -2.015709083234689 -7.568223876736924 -6.86614963131265 -0.5093437936172303 0.5815428822067282 0.5193208221317956 -0.36425631052688323
208 -2.198580527651294 -8.568527085863767 -6.953435263062266 -0.4006052875373697 0.5547276809278426 0.6135318647123116 -0.39417160551231145
209 -2.1509618697699944 -8.568349235557307 -6.890214011322147 0.7190422921496062 -0.05175655972591228 -0.15550196626161292 0.67536551519481
210 -2.02537405324056 -8.587000713738759 -6.9160190271749435 0.9684322733444602 -0.20653075354153527 -0.13957523423947246 -0.0016534126656463227
211 -1.0644273228555565 -9.003150298134187 -7.203996006249411 0.9645612648032109 -0.2623778033146807 -0.025246525244233417 0.011919216924177748
212 -0.1642018953609602 -9.532894343024346 -7.2630582872975324 0.9785459818949361 -0.1672770550066709 -0.11776660664471936 0.024437155009513094
213 0.7344369373543735 -9.895260634926426 -7.62847263720104 0.9527480118803406 -0.24139392892035552 -0.18056542322370484 0.03736743066491565
214 0.7012206264040592 -9.881781691992177 -7.650537883946549 0.5885315768908674 0.048106898860273944 -0.15876465850989177 0.7912711877053493
215 1.6211601200495105 -10.153773825677598 -8.023081321863929 0.5763160998342691 0.013023669060438656 -0.06736753197033694 0.8143412999180668
216 1.6163930775891209 -10.220183674595992 -8.000626927352696 -0.4511178131117565 -0.4192936634283372 0.6756420923871117 -0.40520773128961485
217 1.6513433629508665 -10.175677940522002 -8.052820186348084 -0.11801765152475874 0.6754884019099006 -0.15398645499292726 0.7113897837982361
218 1.6431440853447161 -10.199219250212266 -7.991325857656742 0.575715770608653 -0.48514259356900974 -0.5399226795677331 -0.3763927675527507
219 1.601534913134224 -10.348769719950567 -9.019228696320573 0.5868476567994301 -0.39963824264484593 -0.5707489841262084 -0.4124859995729058
220 1.5365202529857995 -10.325629910540075 -10.016046717009857 -0.5710092405830048 0.5942345700518975 0.4303076485406089 0.3683327986095034
221 1.5269769144403522 -10.34005633162853 -10.05152901717567 -0.5642809501171969 0.7732889917269323 -0.08132502467624125 -0.2774840265135773
222 1.3410754238146716 -11.103509051383293 -9.529167719981519 -0.6009187820058124 0.6786112737849052 -0.1115372771738488 -0.40736076434203217
223 1.4476807015859883 -11.225279450596656 -9.48546429206459 0.7633387641703565 -0.39372538458754136 0.4530502726719802 -0.23882986219924573
224 1.6973073589724879 -12.022916600244168 -8.89908550262879 0.8076604429489372 -0.4286526397467262 0.40084256651082795 -0.057155578963937595
225 1.6655131131474514 -12.04706635136575 -8.972017785053922 0.6982152002239185 -0.5674486777484582 -0.06538158416474309 0.43153537601210545
226 1.6684909742938707 -12.097330044128652 -9.019321783992426 0.06712277550680051 0.898909341588276 -0.252594764634823 -0.35164245120956983
227 0.8379081200954421 -11.861723932070845 -8.346783275655767 0.03750529661139146 0.859324322066164 -0.3362980738962236 -0.3834822912799361
228 0.13868158921842405 -11.591913725307233 -7.756936655318767 0.19504873214867183 0.8125802919209142 -0.43372660138652225 -0.33697254564521256
229 -0.6763771388646488 -11.008129090343719 -7.32522998414078 0.27134944904931524 0.7143976677223102 -0.42702221644403127 -0.4833812941320592
230 -1.0703709953573957 -10.237714155280852 -6.90423862114824 -0.3424566558344578 -0.6138937459367415 0.4077564912357192 0.5827457004814115
231 -1.171623898390965 -9.331152194895655 -6.464284289031933 0.35895005581861894 0.6871205942309033 -0.4048104659333699 -0.4849212648280021
232 -1.439268104669333 -8.434785235253004 -6.0867370059306 -0.1970610208306471 -0.6828527042683519 0.4732841705990572 0.5204625175773416
233 -1.8248215467218145 -7.626148167303797 -5.540259545083869 0.2171079156086947 0.7039368136669066 -0.5178575248703124 -0.4349260848462932
234 -2.3164959333614052 -6.816143087395004 -5.078068795590931 0.22572203326788995 0.622163098265572 -0.5652575904600122 -0.49238856534380976
235 -2.7581803515317254 -5.956349829581082 -4.7500017743481 -0.30569913494610074 -0.5810246862540926 0.5945060071009903 0.4642423509088515
236 -3.2220958687358507 -5.021878740993348 -4.542380445692073 -0.44147322430865343 -0.5632662064525071 0.4460505270260688 0.5374676736575795
237 -3.2928398812926543 -4.079633189781314 -4.351546778670538 0.41843652650805196 0.6404685477622112 -0.44508874689293954 -0.46541048548621466
238 -3.2725340098004123 -4.18859946696575 -4.304602653452768 -0.6987419659359366 -0.0772070160386715 -0.1941025856009542 0.6841950949673725
239 -2.3802222021107338 -4.386309309156411 -3.9850788181020165 -0.6930518330948223 -0.017058748304277848 -0.13436009793656722 0.7080505065549171
240 -2.33264626742126 -4.405568665266017 -4.064706736705007 -0.33262253209347203 0.4701249753126563 0.5575056917504844 0.5979399320975461
241 -2.3784077473575063 -4.457870521953056 -4.058006842632849 0.09574802546907932 0.5456913401900954 0.8324847855968005 0.004728489204806791
242 -3.3214022871223525 -4.350870644993952 -3.9331112430012833 0.07843167575100124 0.5166291150691028 0.8497689766344177 -0.0695378749423701
243 -4.275758183487101 -4.363883061534921 -3.7665076206015624 -0.024809016489131495 0.3615425432645932 0.89281501651223 -0.26749364179523777
244 -4.282113234835172 -4.348673107318352 -3.651088793446706 0.18214055503054558 -0.32302910916931254 0.8938971780761616 -0.2518429031557588
245 -5.1228244654961195 -4.9373830310829385 -3.4419842836348375 0.28122759342051334 -0.35653834340313345 0.8506656556522357 -0.2648761836708022
246 -5.872576076236841 -5.546154496706008 -3.197043114426095 0.3231753017069236 -0.27366805607605976 0.848565957033228 -0.3171739838235038
247 -6.401652446747735 -6.20704341972127 -2.7962254758375047 0.15307852462878738 -0.3155632963877 0.8309228145471625 -0.4319190289110042
248 -6.333273673026582 -6.220440130327733 -2.823990894699604 -0.32203637299569193 0.8806638759809087 -0.343452727591788 0.052573148277651985
249 -7.161604215092255 -6.916748267031611 -2.7383074461865955 -0.3505499576960171 0.9035429767859969 -0.2416030723185406 0.04850537811689123
250 -7.167006028240961 -6.917521133246701 -2.659474097522328 -0.47805213988776074 0.6173214591715834 0.05046456966292323 0.622762952337193
251 -7.215675119316023 -6.981375480385216 -2.674882593607605 0.664659225591118 -0.4979973646961451 -0.5431663002266158 -0.12327655450425318
252 -7.235653621293752 -7.5499998464203 -3.4788317148895676 0.6131384030047254 -0.5119078751369626 -0.5895780624771777 -0.12003888694598908
253 -7.458014749380832 -8.019614282497802 -4.324015227332904 -0.5382726106417712 0.630480697678938 0.5018523565061696 0.24678107455065704
254 -7.519105452456679 -8.04499603601463 -4.354719149552601 -0.2809261845754052 0.6682048269940747 -0.04535119278966855 0.6874053078892239
255 -7.407194240620217 -8.586881202047007 -5.196136952080636 -0.28187410025256077 0.7365114703870355 0.020633838705752174 0.6145503155115953
256 -7.486980258436403 -9.001872328104625 -6.103681393616353 -0.24275942727763464 0.7803755053738572 0.004440978853515254 0.5762483915701236
257 -7.738485599722625 -9.388807307801267 -6.987736542003621 -0.1839770701808173 0.8333979325775641 -0.02591305161247345 0.5205082490981808
258 -8.200642420960655 -9.646239679824465 -7.7932946356811215 -0.19001111286176037 0.817725579332832 -0.03569120399945604 0.5421686009452127
259 -8.622243801020604 -9.917403757811725 -8.650570122742483 -0.3940010238126603 0.8484792968125764 0.09008137065730232 0.3416598056188549
260 -8.641146612597206 -9.950143169291241 -8.634204061121904 0.33857230830222595 0.8579079752408375 0.3007699650586326 0.24269348196376953
261 -9.248773675313494 -9.290131971833576 -8.822683489894164 0.3146415362571758 0.845658122625259 0.3233984363055421 0.2850903272557273
262 -9.371858864410573 -9.30010117364652 -8.834781482075444 0.4584691181838759 0.33102766897835095 -0.07782390080440925 0.8210786749794713
263 -8.602387032204371 -9.127468734770812 -9.477488037353345 0.5782902364285106 0.3113769419824986 -0.08038184528338706 0.749775674053195
264 -7.699513784190126 -8.898907388348983 -9.94472849362367 0.6040207655144765 0.27542309544390164 0.002344134551020895 0.7478606409997871
265 -6.817991395005855 -8.638525750035893 -10.325096442385165 0.6379747521457448 0.21886774510140472 -0.05877852775601572 0.7359553046575844
266 -6.743530457999644 -8.659016700482178 -10.235506070833928 0.9425628660045383 -0.027594745227248134 -0.3324870742984964 0.01631315694709745
267 -5.94116955491419 -8.640288257194856 -10.887005037252601 0.97831341183755 -0.03094615938191388 -0.20478367171924916 0.0029751025973371093
268 -5.951071350524085 -8.637695788694282 -10.869066069835362 0.7368358374740377 0.17045697381541577 0.07463726569148615 0.6499589581363765
269 -4.9748600352457135 -8.20430180638074 -10.908917470193531 0.7337406013498622 0.2224091073639682 0.05814702268272326 0.6393573669282631
270 -4.95691656412521 -8.217700727761233 -10.947030331999443 0.6224494985045936 -0.4277936852155657 0.5174702531149791 0.4022110414225175
271 -4.754224161170766 -8.357010367403582 -10.008333110237077 0.5396960259473401 -0.3637412713119757 0.5355789415299226 0.5381223694576228
272 -4.650152483594184 -8.168243520784255 -9.013787995030915 0.5403019515680665 -0.3132908826531357 0.5169375364747227 0.585404311020686
273 -4.355726598539471 -7.8843454553166925 -8.122597369829597 0.5036405151647078 -0.39262580070895975 0.6133191453838561 0.4647911767750033
274 -4.461832109138232 -7.646963235512325 -7.104279624483977 0.515612878240333 -0.30338771846287543 0.49440368049933137 0.6306062581257237
275 -4.128316104528062 -7.265029157628536 -6.234377865651321 0.5351715101171665 -0.2919681380002035 0.5389514957727048 0.5812721792378955
276 -3.839241582537015 -6.998762877035488 -5.237581207406953 0.5777111033700367 -0.19031228594015778 0.6236219303058903 0.49104664025402067
277 -3.692026128584771 -6.656898604340102 -4.302565033639336 0.5399855561707587 -0.13338413231162077 0.661363571581362 0.5032121804562983
278 -3.6755202568871543 -6.6990260298075555 -4.230141267903032 -0.010719217882034858 0.1653087649063153 0.8408509952698655 0.5152938136314364
279 -4.129470809192636 -5.843551145421759 -4.436745599556446 -0.039395644008793106 0.15208390963680538 0.820246567356756 0.5500127602175972
280 -4.425166374175221 -4.905985846552635 -4.665894087766283 -0.1790459881564514 0.21889790930252329 0.7293848657761639 0.6229156901256813
281 -4.566869989267286 -4.126742482423676 -5.0949282397253555 -0.17229544919768755 0.2555370103078606 0.7608646915447855 0.5710516926768965
282 -4.5670267588153335 -4.119892316924796 -5.169466462801186 0.2523189450455437 0.7398369302312312 0.3750939653260225 0.4982780185931677
283 -4.5319989829389415 -4.081876295839305 -5.234074171005371 -0.17390731689517439 0.15683272291055242 0.8001048362843349 0.5522608017134706
284 -4.776558144635345 -3.252057185829642 -5.730476335717949 -0.22312280968411763 0.11791047573551328 0.8230207202878358 0.5088715215920298
285 -5.131585492856026 -2.4511811299298603 -6.240310507171942 -0.1475061907161409 0.1121292426984292 0.8839331288159118 0.4293380724021614
286 -5.118023530388871 -2.47559363714832 -6.22111935821059 0.2655028701576637 0.6866773670244748 0.526656657832349 0.42498845197868385
287 -5.6148091958901105 -1.679600467042715 -6.538802835642896 0.34285565382786326 0.8072670420136056 0.3606636066766447 0.31731953349245157
288 -5.6633121028259525 -1.6390685446929154 -6.577949763770888 0.4903095753203186 0.7987030860801665 -0.3480915715670874 -0.022408891966873817
289 -6.250129958389828 -0.8170902819932586 -6.890306381357434 0.5382402428338482 0.7466556606922038 -0.3841002174758516 -0.07259330744258148
290 -5.859071155896064 -1.812403319980399 -6.475753809889404 0.7124481911238222 -0.5860159457462836 -0.06957795833937687 0.37968644169736615
291 -5.840233469101242 -1.8133400354179297 -6.485844180575116 -0.4284046754194096 0.668066241636536 0.5588739335443282 0.24045136154556127
292 -6.324658240763311 -2.076419451034364 -7.225207289137151 -0.3064812927636056 0.6771567432650496 0.6219065958310739 0.2464957368767802
293 -7.032194052168388 -2.1322264345820976 -7.968593238627631 -0.27763746168414555 0.6985389142984733 0.6275824875968397 0.20273392992308448
294 -7.785678108163983 -2.177962570598996 -8.602178955385273 -0.17449534357178328 0.6663459905648708 0.698410773080993 0.194311059835248
295 -8.655898125933636 -2.139742798161563 -9.150467778759356 -0.3359286823006256 0.5590238025332886 0.7364492267407063 0.17968540575685127
296 -9.401959425240085 -2.2441055077625687 -9.815080335004486 -0.4908440588397823 0.5114510522725244 0.6618291196515654 0.24386911943140793
297 -9.791937652721685 -2.4464631105458343 -10.749185749049486 -0.5493248725505787 0.5316894647918476 0.5796192425448188 0.28211705212273275
298 -9.766441645532565 -2.4325766313517194 -10.735392808738938 -0.16900818033194223 0.7895556672651027 0.029526209946108144 0.5892081857855186
299 -10.043479039205543 -2.7071903939673705 -11.631525812796983 -0.19421282497061554 0.7533475686093468 -0.03309071134887899 0.6274183805960292
300 -10.175400557244453 -3.0011987701699017 -12.62948782529895 -0.3003080863182991 0.8236105775791458 -0.03615774475681819 0.47976378279908527
301 -10.600442475312999 -3.5212552976109652 -13.38527884864959 -0.3474287012234162 0.82679224732326 -0.12130551287692576 0.4254325444509737
302 -11.017520005847649 -4.253332175947934 -14.090683669292723 -0.49233984930796354 0.7800658426117846 0.04320708843939211 0.38370809410588314
303 -11.30319569118179 -4.938059331349465 -14.723968655267345 -0.5780130260685897 0.7397914524274624 -0.0027061736729475203 0.3443867378897597
304 -11.524660388836107 -5.676494018702848 -15.27097459552921 -0.5901313200891336 0.672392127849866 0.1037284917311408 0.4345966537590565
305 -11.50571936969983 -5.760475695224967 -15.197982818182885 -0.433846516232891 0.8301139889658303 -0.27447530978875845 -0.21760346962350346
306 -11.418145161725054 -5.830101564713892 -15.311167793474501 -0.48850892429111675 0.7923693029106903 0.1190504311729314 0.34545175282563323
307 -11.670884372489237 -6.479776750089322 -15.965549325244874 -0.6154300707655058 0.7186597939963092 0.039679970479343026 0.32124667847855803
308 -11.69043261994901 -7.289489534724416 -16.515408536717747 -0.6160430995365855 0.7370363472644832 0.09694956507055447 0.2605169939889056
309 -11.609933701087636 -7.061991772312734 -16.300270118885706 0.49594477768857376 0.27201460615802264 0.6727097580544126 0.4769784197828042
310 -11.690328097982349 -6.216291699183715 -15.825853406091621 0.5645921755051428 0.32512445988611305 0.641296202862583 0.4053010500062467
311 -11.653870348464665 -5.280556896363585 -15.281587596251985 0.5510302331699765 0.21149540867135672 0.7312855445380901 0.34184327782363416
312 -11.87224804902038 -4.506116873889274 -14.66896292944612 0.555504942561887 0.35377180550080684 0.6958245066496297 0.28651007725351246
313 -12.140998440775464 -3.696013092171698 -14.095079683808493 0.5454442599079257 0.44138500125669355 0.636398278228225 0.3204170274303082
314 -12.311577981010942 -2.893306718377781 -13.692093570114364 0.4315081422821944 0.28382132179396585 0.6664170614052696 0.5377122657214236
315 -12.327688348349609 -1.9191433571620877 -13.407998565144663 0.5168179048319701 0.2927703933720897 0.6648124567648976 0.4530001626269752
316 -12.253383337215578 -1.0349430777127107 -12.887974649587553 0.5585328795736333 0.280780849459737 0.610273995018894 0.4865889312505299
317 -12.173518045128773 -0.13556161483626042 -12.355163583766874 0.4959832096044426 0.258088973922715 0.5929928170704619 0.5794396053367746
318 -12.040157888197008 0.8651972474274183 -12.105669849933992 0.4521629190879903 0.24519139163236872 0.6463998510268558 0.5635575468962088
319 -11.971893280724304 1.9033515036062827 -11.811015393922942 0.5008025923704567 0.2559753818771744 0.741586820328927 0.36568067389772846
320 -12.24258357770168 2.776355967036388 -11.324251669019741 0.5521988954521224 0.20873029020879866 0.7560406032301282 0.28268472204601114
321 -12.405403414195966 3.4469036697016158 -10.66941728227628 0.6362584490259388 0.2985567174875644 0.6780143289375656 0.21525715375220406
322 -12.483767403820808 3.487549536325604 -10.763789656542265 0.9233875492346695 0.004253728569861192 -0.06122563082897084 0.37893107795645353
323 -11.529615019405453 3.472598819578944 -10.883815070174395 0.9476093021682456 0.015110791229993082 -0.14060189362793354 0.2864251768627434
324 -10.556135698505106 3.469105739888083 -11.245958195863825 0.9284403390865748 -0.07954307204606127 -0.028923209531716097 0.36171105097393147
325 -9.599084693930317 3.2775005524396 -11.239304026615061 0.9040511463802666 -0.03701267512580978 0.17350359719480396 0.3888677003416721
326 -8.660715427053072 3.318937701086973 -10.928504383276984 0.9172950755352905 -0.12831257336945612 0.2835812167029501 0.24836932469064782
327 -7.909812995116377 3.1567359042239813 -10.372899125221133 0.9033773189096139 -0.062495625833236895 0.2927992641180248 0.3070379575285982
328 -7.040943855369926 3.1729710533726854 -9.80255629120441 0.8700112242546215 -0.0494925431075801 0.23503915753499122 0.43056654801895733
329 -6.170603414760311 3.3281810579904527 -9.366807146948407 0.8506379157144448 0.0743432880244117 0.2521924865720893 0.45528799851444735
330 -5.389477973500318 3.6395726438807308 -9.046282932415824 0.8686804765281164 0.15506768221554543 0.3075081554827476 0.3560715910358222
331 -5.399187026611181 3.64700677155921 -9.01658951360228 0.7319020345588975 -0.13368135921236982 -0.5491058960809876 0.3806985958691939
332 -4.9975389920837605 3.0296008453337597 -9.712863235283086 0.6351855971891882 -0.2892814119445585 -0.5980164285610192 0.3939947626528814
333 -5.034535726769334 3.074066700349678 -9.722525498955704 0.20366689148404651 0.2109501125176763 -0.66342441003649 0.688395162323023
334 -5.007991162803177 2.245955539832222 -10.233898952092291 0.23012925225446415 0.14472956847268473 -0.7798082725445035 0.5639086249896088
335 -5.307930030796649 1.3606560748523908 -10.671148825461591 0.1849428256036762 0.08563850038294968 -0.7079913776210174 0.6761733562661151
336 -5.3823723785407145 1.3052415027792685 -10.68794988330031 -0.1610177341868579 -0.15356307005175118 0.9749018166012934 0.007623698650261985
337 -6.313527201658135 1.3099423121106935 -11.028630662936692 -0.22625138242521314 -0.3182367397479072 0.9122548633873433 0.12380126676025122
338 -6.300990614988265 1.3840544438307263 -10.890492339970889 0.7925669874155298 0.24643049526614744 -0.4942396118201672 -0.258528117561328
339 -5.8945182129730345 2.03866296887871 -11.598426458323491 0.793698816977932 0.2747123321968143 -0.510204259084352 -0.18511330713648433
340 -5.887720298128482 1.9978476678435804 -11.546632774959942 0.761529414909752 -0.3097677210546649 -0.5367402156945947 0.18980740258464637
341 -5.921123633905363 1.9440656440910766 -11.538245686937369 0.7724430444236267 0.37172493545576524 -0.4598627706902172 -0.23168631296449896
342 -5.624161835522823 2.7168915650729213 -12.143816225681693 0.7637058031655672 0.46976195144165794 -0.34801845065413506 -0.273788811300348
343 -5.573048247174905 2.6830809572881655 -12.182212864107884 0.8279202348447873 0.05699576784486223 0.30818955411113885 -0.4651008126407702
344 -5.61252320791051 2.702515814453607 -12.108944458297517 0.6518549241147785 -0.5798486653448521 -0.20220629894852865 -0.44494190168003794
345 -5.28447632768724 2.1425603016434565 -12.912436835786982 0.7433648138654304 -0.5029047141993116 -0.18939822439101328 -0.39827617872583676
346 -4.847961021494924 1.5602144400845839 -13.60878351008944 0.7770548807723962 -0.42811591337993193 -0.149956818499258 -0.4363661645501915
347 -4.169759520150515 1.0011592033382324 -14.232783775090143 -0.6875841851319511 0.45689590106851485 0.08360576611755792 0.5581076955347584
348 -3.532523571490095 0.4381813190957198 -14.838931687127936 -0.5973723977068659 0.46303190620132545 0.16499706298138397 0.6336589315278646
349 -2.998149453945077 0.034507749789666045 -15.651692041265694 -0.552580191481184 0.4234825434437831 0.04594099706389867 0.7163847375326875
350 -2.2378629291795007 -0.3618088637710077 -16.3810385993467 -0.4631856678648385 0.4703328270209701 -0.004050519246333204 0.7511522230579505
351 -1.6771049711330814 -0.7988721088037489 -17.08840044185714 -0.45598041005870116 0.409225874596462 -0.04464282715750029 0.7890646787094486
352 -1.0559333374910276 -1.3048801195712216 -17.706048293338583 -0.6168915674018901 0.4731907045289124 -0.06029613636764878 0.6260189511149046
353 -0.5271319593790483 -2.027334446165361 -18.16307129864981 -0.5113212733105151 0.4383844066355218 -0.09854587008085917 0.7325697092897996
354 0.007844020636484766 -2.6603478186417373 -18.711848647313296 -0.4900353561933775 0.3404095387183718 -0.1145728244549192 0.7942668087780059
355 -0.7379288065042342 -2.22143456696571 -18.31211657547042 0.1683504157846437 -0.34012008885030426 0.827946289272782 0.4128939388572201
356 -1.2621921373259513 -1.5847600467200014 -17.800840312944114 0.2286937542624485 -0.30889308786888897 0.8761486231913499 0.29094297913521144
357 -2.104540856273143 -1.1753486695064157 -17.24208624266085 0.19717802087997646 -0.3155193479647259 0.9096758528005073 0.18454867101510078
358 -2.9267465545585565 -1.1115510495943077 -16.74472823684642 0.17223440833355552 -0.2816584368394488 0.9186902795658243 0.21682251676063585
359 -3.7859880474292607 -0.846471604087083 -16.312106578134188 0.15617780107165713 -0.3861171322272316 0.8611099280054938 0.2915677392020831
360 -3.7914514958114376 -0.8297456777384032 -16.310489858794007 -0.5483179531400982 -0.12591850294125836 0.6587930158055734 0.49948344838150893
361 -3.7839446874735683 -0.8493478814134806 -16.29020470364491 0.770843341428174 0.5486320156318487 -0.32306030171400285 0.02086853746769713
362 -3.8334475578458562 -0.8424612015439368 -16.35215651995827 0.7274878873046391 0.3151685959066474 0.36813722057233667 -0.48570064526263546
363 -3.8740803706251086 -0.8693643366696987 -16.40371867501921 -0.5392931620997116 0.2712319378799019 0.29405425836758387 0.7410318578322378
364 -3.2115781605156797 -0.8141639611366034 -17.194937604259213 -0.6034671869994123 0.21977455302084256 0.33668684147298583 0.6885989187026439
365 -2.5294500231807673 -0.6567958066042027 -17.9132840365096 -0.6233925253276843 0.28286141071305665 0.2844770607632293 0.6711512374975603
366 -2.5644793968049764 -0.6165754856982611 -17.95162191739733 -0.6491814154996555 -0.2661832552678 -0.4086939975627164 0.5836772916099359
367 -2.561502398619421 -0.5995990774231621 -17.95689571002165 0.637945445494815 0.6590965185101774 -0.25863924908058566 -0.3028582617252118
368 -2.5872946368659635 0.34503348946512274 -17.915341189084103 0.6493766538037388 0.6627667281923892 -0.17512085420953072 -0.32921560096195307
369 -2.4969865248653083 1.2424736066509359 -17.770717343388856 0.7217198369607393 0.5161571070334264 -0.24508014125837926 -0.3906891886871479
370 -2.1368892558652774 2.1167073381189523 -17.748754281163823 -0.6192030165895279 -0.4546296762626861 0.28762600279465256 0.5719884301487965
371 -1.772971982775124 2.9582622256202225 -17.617246935644264 -0.6354156651107703 -0.3341125561599486 0.2094484105928382 0.6638878637603168
372 -1.047310070297609 3.7207894446936933 -17.458274216203876 -0.7224705785193635 -0.3306288953049197 0.2227123007579859 0.5649070966578756
373 -1.0668978616982285 3.820851729416102 -17.41568652680717 -0.2792407464529505 0.06347400682776445 0.17053329156845934 0.9428223864782034
374 -0.08550569042945697 4.132760610425894 -17.633738002785005 -0.17923175776631464 0.10356947737678834 0.15178937404420137 0.9664933141471624
375 0.951997639694028 4.38052199095706 -17.896091230716888 -0.046003291384523096 0.10991413020583207 0.1867486875741571 0.9751551204050646
376 1.9174659885077647 4.5794395626151 -18.16105496304615 0.035357455611979303 0.17779166336463262 0.10458442623519795 0.9778558546942072
377 1.005852323868276 4.322377750003525 -17.775021996219717 -0.061934761573920125 0.9920226982495123 -0.023812866815966397 -0.10718208264698055
378 1.0706758936575453 4.385959388701163 -17.816646556201032 -0.0411505671273861 0.7474783830291081 -0.6617888378108214 0.040227252929916225
379 0.07130262017827979 4.242141722642486 -17.74574773983618 -0.12290754307329346 0.7839602041392592 -0.5933202952969034 0.13517085991593536
380 -0.9019484786800265 3.84798706088944 -17.789912557485813 -0.08679088440040471 0.8507369535328557 -0.5014467680873019 0.13139679240160812
381 -0.9094977430243436 3.8520240700121495 -17.827363532265533 -0.0597862010956324 0.9854846459080404 0.15872410127296666 -0.00723066477899142
382 -1.8989006109732562 3.755726842762315 -17.923937215889755 -0.21118128683418208 0.97630231056057 0.04585916109947118 -0.011541223002969147
383 -1.863399136930819 3.7470608035252937 -17.952862007081066 -0.14882524205008443 0.7541419161062978 0.30982202451327145 0.5595813889209968
384 -1.8777735492620389 3.806977353092406 -17.922653929599107 0.2345241240744214 0.3102401755143007 0.30941968642886036 0.8677608693495271
385 -1.2429741888356531 4.429901827724157 -18.289788282095298 0.20299055499751542 0.3680376428324078 0.29360500409691276 0.8585681275294452
386 -0.6574051401738781 5.197884240668664 -18.855360997399128 0.12933281399085056 0.418695820973416 0.13443237756984716 0.8887602424644812
387 -0.6965092660042876 5.180200671291145 -18.859456862468686 -0.4797379999168302 0.21097365630324258 0.3655897255129011 0.769211102611788
388 0.025227545282938975 5.6293076928970285 -19.480873144275094 -0.49878383993462744 0.24205355000385625 0.1911687983691816 0.8099871915534727
389 -0.012471047094118077 5.589160784810957 -19.50334279005655 0.6039550892693125 -0.6011401993286971 0.23266638872797704 -0.46875906652888744
390 -0.02896710412400442 5.6289074394238 -19.492736284278145 -0.667600766150148 0.05416279565305484 0.26091221839926076 0.6951981177281465
391 0.8889643513020955 5.994141006070047 -19.928865531820048 -0.5558939268859668 0.03292633878660824 0.23805668174251501 0.7957554992226897
392 -0.02889221893713415 5.5955152740396406 -19.618841747306803 -0.07122656427560932 0.9564001965224355 0.2633577075748892 -0.10425046040300588
393 -0.0030646165148094534 5.594126009399147 -19.561292594981957 0.1213149395802343 0.45568630160050927 0.861790229548605 -0.18694994041950663
394 -0.0750774283257708 5.607408202646313 -19.563377321931466 0.41338256917002303 -0.18327091700982495 -0.7099713399841019 0.5398771331385981
395 -0.07030476481027706 5.579596859157027 -19.58918788367158 0.7890713481265027 0.23839812932410562 -0.21607028470890463 0.5233033265386395
396 -0.10720388281914922 5.632431141108517 -19.462502827086563 -0.4187565377591656 0.07644713215999406 0.7580927050521765 -0.4940589525705844
397 -0.09927252225353944 5.737414153930578 -19.51388331403819 0.1485336846727629 0.44195551565252367 -0.5079691802911652 0.7242792131327296
398 -0.09920263183272572 5.813500251782515 -19.43195305519812 0.4732221156157579 0.8412000318815565 -0.09916000161993546 0.2420963232545047
399 -0.08218668583883856 5.8764124071768595 -19.43091566646647 0.945975773102472 0.278043264571165 0.08181353518598927 0.14535585708928586
400 0.7631783649580048 6.439293552604305 -19.385099446210788 0.9682890736588521 0.24061654426721377 0.06456219039152918 0.018752920562793436
401 -0.11758875422886954 5.948906251040748 -19.509442148044524 -0.24430583361987543 0.7131125067300739 0.6389761050257793 -0.15327997132871973
402 -0.9569906255852383 5.433896152763559 -19.543998587866408 -0.11010474993864165 0.6204424938221585 0.7253890433438152 -0.27701767398026317
403 -1.7747738215324422 4.922172607030483 -19.39618598509695 0.04588544922251422 -0.5810250542500095 -0.6356339933275684 0.5062349636383029
404 -1.776288849995057 4.94492545325818 -19.42644367475287 0.4773078765949464 0.6432813869110157 0.5978754981963873 0.030185043493199403
405 -1.923441723862453 4.947070045765162 -19.433387010557297 -0.1873948466715677 0.5329377786315533 0.7484303415358536 -0.3474370725998177
406 -2.630595355974077 4.2959353238542075 -19.440481468090102 -0.1498112417948117 0.6263622095906037 0.6964683926235057 -0.31647867590898465
407 -2.5895360623026997 4.235464456230729 -19.443841274557386 0.11269773211838864 -0.05262871940023118 0.9342046981350071 -0.3343516428135867
408 -3.3768944739126527 3.578399792850665 -19.200443988804768 0.21241858120363552 -0.11410214385819212 0.9109943420668056 -0.3345868435080307
409 -3.3881018985386926 3.6494777216974508 -19.227100402607526 0.7625558157816519 0.08375256694590304 0.42353029300955264 -0.4817844188543196
410 -3.366069224685154 3.7031416138673543 -19.19421191761901 -0.6250509129841998 0.4690105079315044 0.1665806279404014 0.6013246993284357
411 -3.3265031545661476 3.713712015727525 -19.190325950034932 -0.27961657940677176 -0.11809416724380072 0.5541965643642353 0.7750706446710056
412 -3.341411882820395 3.749765074557593 -19.169586317612772 0.02259873280294637 -0.4108380773796368 -0.06932316484342983 0.9087880227351125
413 -2.6885554676621584 3.551131282414528 -18.392073572279873 -0.06358827672465779 -0.31295145304951283 0.000674949929856144 0.9476378335313439
414 -1.8967472681849313 3.597090016633095 -17.78134104677949 -0.08144089055286108 -0.41846818233127386 0.1723537637073163 0.8880010933879751
415 -1.3520592996782081 4.002945644936114 -17.085995840672968 0.03519095249389038 -0.2814313186581073 0.18159026244331875 0.9415853579610817
416 -0.5709460235819632 4.345848190700681 -16.49049984363973 0.16019281676214864 -0.23325790641756847 0.21663186426752046 0.934344500671717
417 -0.6084919445923014 4.214088060960712 -16.478141535955416 -0.3577023614202984 0.8590799347827145 -0.06994858112735924 -0.3593575966726444
418 -0.965511321946131 3.659839758791334 -15.778318740989572 -0.4219534940575252 0.753191281682002 -0.14912246550171443 -0.48210023058857776
419 -1.1052939362672114 3.1779615421522664 -14.910700968504463 -0.33810645486463914 0.8415020474575784 -0.07793655780401414 -0.4141065349173221
420 -1.4946430097674182 2.661905020919174 -14.19488660615613 -0.3812807633411539 0.8540375998964557 0.0566201858652976 -0.3493406818875641
421 -1.0596651753751847 3.365492331094266 -14.770731186875864 0.5905981565140178 0.5215750373000516 0.036421321285279085 0.6146761629862736
422 -0.6676307389191624 3.9700543883325854 -15.351957455454754 0.6503426058047656 0.3885540797847981 -0.004448986635224618 0.6527330454907092
423 -0.7108085524997958 3.820574191457083 -15.257677003918252 0.21073675747747192 0.7426427286410303 -0.4269921407055393 0.4709028651645555
424 -1.0827936831201619 3.7722620868401058 -16.117170991829322 0.25120912757005975 0.648058947717978 -0.3853800071360001 0.6069561966139004
425 -1.1982885399260783 3.6089837872091612 -17.077875501223694 0.20392938927935134 0.6970264286888336 -0.46435169317762504 0.5068968997148343
426 -1.2667862786297606 3.579378843385197 -17.069217835283585 -0.46582738611490293 -0.25741951234374505 0.8274030242231735 -0.17928824980018296
427 -1.8558313653993994 3.4895485652832403 -17.933840757082677 -0.5424360146723334 -0.3182769508489734 0.7772479595501198 0.018669813064190598
428 -2.2809981148692358 3.882752068980667 -18.720351055945457 -0.5559133298338652 -0.30915971108608126 0.7662734278263039 0.09058518952633124
429 -2.6486386774920767 4.379423048653484 -19.527481972735405 -0.6731055951810578 -0.24153234618581068 0.6962767370843259 0.061560448967952354
430 -2.7622186751419715 4.7757236794714 -20.42585849736273 -0.5452656300036628 -0.20636702408718524 0.8104219923097757 0.057569423192885556
431 -3.1362768840000825 5.065238835035018 -21.276347206857103 -0.5920988239908693 -0.15333294880365664 0.7854478106723456 -0.09476141698931974
432 -3.4058227192909833 5.064717624358885 -22.24311811245459 -0.5046481891528086 -0.012864141655867634 0.8553608854617706 0.11628617573170393
433 -3.4250144217847573 5.13193369085845 -22.255208418988026 0.3797723259464163 0.7413256874255594 -0.5376805231070014 0.1308008435739349
434 -4.190721646205342 5.556107401576672 -22.87948128917587 0.42564428774578705 0.6802724523150736 -0.5562999211247456 0.21583959017571416
435 -4.733080683969137 5.871082038531854 -23.679462875045864 0.3438761561792432 0.7592512751715574 -0.5028734972121297 0.22892124445624454
436 -5.310145282537057 6.235849973970872 -24.326368566553754 0.5359026191869595 0.6470897021071152 -0.5103296289682092 0.18343110415808098
437 -5.610895119976681 6.789231491325636 -25.10473018513882 0.49448458666362294 0.6250576075847089 -0.5630109761898063 0.21864725345265257
438 -5.972701175052367 7.169737786516258 -25.98606757383139 -0.4639861626624676 -0.5559825934615921 0.6604635014259324 -0.19846450541514504
439 -6.418222354503815 7.386681561193758 -26.88807867281393 -0.439125396765512 -0.3611731000763975 0.8036992787352425 -0.17547178421953585
440 -7.0330706566346 7.399305349085278 -27.663882824255218 -0.46397038318031025 -0.4527998254529956 0.7611144541607935 -0.020213591189357907
441 -7.651187832518299 7.690417505395021 -28.368506381472933 -0.4502916480786659 -0.5214977616328919 0.7162696931410945 0.11061303255062283
442 -8.232493453826981 8.289939783020124 -28.839442837740844 -0.5021350100400613 -0.5128974242199535 0.69085784487745 0.08667238367490444
443 -8.177827467811666 8.23210348885257 -28.832270621518454 0.3580585428639264 0.849698250119324 -0.17303290521600231 0.3462175289306285
444 -8.693340823165414 8.807073584716765 -29.49594295445369 0.3154805399169812 0.8905218506131103 -0.1928604969548274 0.2650428101809752
445 -9.378878344843045 9.285742857332677 -30.0770701172223 0.3826912938057147 0.7788483034111825 -0.12975337246372215 0.479694440506789
446 -9.610511706069394 9.741115439919207 -30.87038152233952 0.44107013884912927 0.7189339517093225 -0.01920202610102039 0.5368634722989065
447 -9.704677553793495 10.336135682816225 -31.616154950026658 0.3255839223499387 0.7439529792524546 -0.006587896184105898 0.5835115027079505
448 -9.803711547654775 10.782941604996859 -32.50736966220747 0.25625859439876925 0.7136654227367135 0.048699881544761396 0.6501088514428331
449 -9.953361228213927 11.270704812157714 -33.40423228063331 0.4064844613600869 0.5240864681358182 0.11976889638039917 0.7387551475621303
450 -9.998667010226452 11.297067356825819 -33.481103952849324 0.4764275579082109 0.03666520417239665 0.6833729284550053 0.5519727217204199
451 -9.91639932663079 12.171887058196232 -32.77876453368729 0.6269189505991478 -0.037228077362683056 0.5347261243061431 0.5653801125084571
452 -9.550890318711199 12.692187550310182 -32.043129887851094 0.7189246455172237 0.035354803837520585 0.4871705644050623 0.4945323377604313
453 -9.053630120623627 13.152762200627894 -31.319839002475103 0.6177202747315947 0.09739028601946194 0.5294049424083761 0.5732950386390565
454 -9.054494554510404 13.131877532288264 -31.299793572160773 0.04149191978847662 -0.2697000271873034 0.42302978702389055 0.8640521484366301
455 -9.039141430296725 13.192160906509834 -31.283090262328198 -0.2704287757637223 0.4190820305484027 0.389362228208101 0.7743614040970694
456 -8.642510670638899 13.62949431815051 -32.05159689910565 -0.19182663250713863 0.39387854063487177 0.23876344633541166 0.8666338644331595
457 -8.075284478607442 13.973147598090822 -32.757327208814175 -0.24458758395687322 0.49128103866429906 0.13698532920873688 0.8246543969473763
458 -7.983923901529973 14.025410918958059 -32.759301044445586 -0.4368734229958965 0.14730021867005094 -0.5884763187306171 0.6641836193048319
459 -7.739943958602747 13.03740577459674 -32.486566656190426 -0.4703781117069794 0.17317171774324958 -0.5222089171898101 0.6899665462964678
460 -7.353534161256102 12.192242892077116 -32.20745216772931 -0.44033035102435153 0.3108048572746344 -0.353433001994331 0.7645878862253449
461 -6.776023226391417 11.479429150967125 -32.35568366459216 -0.37551155997371866 0.10535541689284363 -0.2267378791586152 0.892457975824124
462 -6.808842862339232 11.470451014129628 -32.42610097512953 0.8177784824572569 -0.31486131466874595 0.19198427873917082 -0.4418628100123107
463 -6.856691083633753 11.33607620577988 -32.37270115692519 -0.12035716907910388 0.18379227493120712 -0.22166874331098257 0.9500513248060893
464 -5.998494770594637 10.762783531508928 -32.649368041229856 -0.1475125179488934 0.2084049307944393 -0.35067357303305774 0.9010191380016137
465 -5.981360781524663 10.78620130368527 -32.637304043875915 -0.7707659557886004 0.2825272612942201 -0.11581975252990531 0.5591815205698293
466 -6.0519154280422125 10.725226839613965 -32.59530371193965 -0.6041601556164836 -0.11661214153262435 0.5303993006313829 0.5831540934456193
467 -5.565688578600915 11.429231060478529 -33.09918495602193 -0.6062684174805741 -0.19359951470590725 0.5251092922171955 0.5649938628856017
468 -5.17899504064164 12.216120455044186 -33.471003157883196 -0.5524490015113935 -0.08046886624685669 0.5254991766439053 0.6420089389101898
469 -4.7450170447055 12.950263877597944 -33.943209557438 -0.5074408672174318 0.038941016826895075 0.5490217899028877 0.6629950510357812
470 -4.452306495407911 13.600262590688288 -34.58667290478432 -0.49069227984832103 -0.09996923520244011 0.5524588737428175 0.6663455795104475
471 -4.551269961182342 13.521451199774331 -34.53907890652476 -0.6230872691484525 0.37937117863734576 0.08872468484634213 0.6782091817008618
472 -3.8829616874193813 13.231259514755532 -35.1167243702704 -0.5230432621323075 0.4215665655225198 0.0070835916062005665 0.7407139795504726
473 -3.2168431171010026 12.80413910862718 -35.78672479736629 -0.6411218669670602 0.4937272650439888 -0.15096037690384262 0.5678090383693308
474 -2.817891634212255 12.048640378375966 -36.16533939978529 -0.5543455570099525 0.4805731347406794 -0.18583616786204438 0.6536171542295935
475 -2.75624537920487 12.118741777113192 -36.22144877730345 -0.3724990593563467 0.7706866452799727 -0.5167113376103005 -0.01720288204669686
476 -3.45043248305665 11.596150995977718 -35.768653132039795 -0.40982861023779865 0.7734128602179106 -0.481529465102251 -0.044748543199141205
477 -3.4266277841452797 11.489487538115318 -35.761340248291525 -0.24314715455471794 0.9029669922335806 0.11490276170792955 -0.3351528420295363
478 -3.9857054805176415 11.048871505875844 -35.20348609252808 -0.42104718444072264 0.794875051684668 -0.04516613325203504 -0.4345721356586219
479 -4.297962548485856 10.402158075464579 -34.512345798696565 -0.4806145324745893 0.7407369089046516 -0.09220516511169694 -0.46023549459742724
480 -4.364484602520511 9.833004739497333 -33.7247504065847 0.4086242929857071 -0.756815773409752 0.011414357895715432 0.5100252785244608
481 -4.50130789454645 9.245130964410826 -32.86197258053486 0.43375732288356916 -0.7114115083670006 0.08631428522266027 0.5461667280001287
482 -4.461212104362602 9.219078330244507 -32.86366595923077 0.18867727669179427 0.8323251666803515 -0.40848656195614674 -0.32368878706550885
483 -4.414955399907804 9.153794245170205 -32.80278505074071 0.30489934903429383 0.8833629929002497 0.3490259279808159 -0.0699078774524563
484 -4.372062178134577 9.081956007779874 -32.76294858756908 0.18910740937245668 0.80751637168908 -0.34206537661744874 -0.44175442872042014
485 -4.925024937054307 9.665726536593418 -32.046931842634265 0.2630493290792334 0.7905030492342374 -0.4660536818898257 -0.2978320755380039
486 -5.51763439499905 10.204676241939966 -31.829276976053464 0.3725663648352769 0.8293373340815177 -0.2986540280308586 -0.2901717795253906
487 -5.463660068908623 10.219126279666938 -31.895472824881292 -0.3287447784775272 0.8430534694321538 0.0887162396258403 -0.41631376043654944
488 -5.454701003440011 10.184990984254954 -31.811314341520454 0.2649119171315314 -0.4488162127285409 0.23093909699126888 0.821615978930889
489 -5.523175272383705 10.155988826063743 -31.81491332978352 -0.11675424774112557 0.26965466336704685 0.36346911721161185 0.884050343019118
490 -4.883930062520438 10.670922613727102 -32.32226843572104 -0.23432308058856882 0.3509574210157874 0.35547672001804304 0.8340011295331945
491 -4.854173560097644 10.701814266794768 -32.25570400462892 0.07079651307574508 -0.41649496394881086 0.3176976130905107 0.8488745639835056
492 -4.414134981308131 11.250116250928581 -31.600464881994018 -0.042160860482851295 -0.35948238180774217 0.32289072258086426 0.874492115621625
493 -3.8484012610036444 11.843083798909287 -30.965326762924402 0.027964588971062656 -0.399619527818458 0.20098749575559513 0.8939386115946255
494 -4.439156452747353 11.527986574034216 -31.675362884526216 -0.4565193839385756 0.5884098736001796 0.6422951610924936 0.1811651146753458
495 -4.8127550850901235 11.253357573267103 -32.44440109234442 -0.48776919356548143 0.5686623457962383 0.6377077469748818 0.17897815433794992
496 -4.778564897711126 11.202045608954542 -32.41701018809823 -0.22780368170167037 0.7775437278205934 0.07876949447048164 0.5807982443765477
497 -4.849907393636538 11.188068048663093 -32.43748094412733 -0.1380810463314221 0.11941853487820522 0.26255814884201906 0.9474893438177627
498 -4.048447616079516 11.662076660887887 -32.67519833900647 -0.25793448788503087 0.07815885544309355 0.2713279294572295 0.9239816816213215
499 -3.1817720090948605 12.108270313230415 -33.00498472535303 -0.2210625380714292 0.09133122059767337 0.23696390246892382 0.9416146087079658
