# time x y z qx qy qz qw
0 -14.661337476525166 -0.9562272930291525 13.64203917205637 0.0013534092549685104 -0.0001562420216946694 -0.7071885257722951 0.707023714515873
1 -14.70355611648829 -1.900965685896676 13.637880783839309 0.015423253162442935 -0.014531929897696588 -0.6776709178782409 0.7350599113932135
2 -14.676179513133302 -2.93914752836305 13.594750309382697 -0.0020335593870806227 0.10535676864457678 -0.7133969979663731 0.692791844084179
3 -14.67281353064349 -3.981539661668093 13.458712799975647 0.054034293789886 0.07744928207958575 -0.7434642553402959 0.6620746217997524
4 -14.678825210197328 -3.964832360254309 13.513233425656916 0.5322722735521116 0.5181333443712601 -0.4979365275240674 0.4475301987750002
5 -14.693168364031752 -3.9944282342997157 13.55905509723442 0.7616003588874759 -0.058394980935112376 -0.02857000956235747 0.6447780037328041
6 -13.655926027965817 -4.146386070892759 13.640680873792519 0.6654016407492932 -0.020864519502141132 -0.045440049058543715 0.7448090562390145
7 -12.648154297111047 -4.26567311345149 13.616580908287615 0.6813274360212886 0.0473448493386762 -0.04622337242584298 0.7289820231029948
8 -11.658899407154705 -4.3190832220698505 13.480288439895618 0.7087856406151236 0.02645809820829712 0.01780545017527001 0.7047026682516997
9 -10.654771366743423 -4.266915656736838 13.478453950786115 0.7285456832069078 -0.09409697707332369 -0.006325618460574932 0.678473973662464
10 -9.619683897274038 -4.432249123427987 13.633032581781993 0.7568840539025428 0.01606923905833296 -0.02299253853230196 0.6529468980521909
11 -8.568049732914371 -4.387228400482102 13.55838660142097 0.7279512373470259 0.07640753410694355 -0.06796648454251901 0.6779597641125642
12 -7.601015842629755 -4.327486132425223 13.393878429629403 0.7572983779090613 0.1215245689246123 -0.0019652882673759967 0.6416596322085567
13 -7.611824392898985 -4.275902084446598 13.351518401032179 0.4622736031280418 -0.44542899632960387 -0.5299883834323341 0.5540834219741652
14 -7.61356708850609 -5.288125252702771 13.369153478599264 0.43646596575649377 -0.5028606816919152 -0.5461458686120132 0.508284650311828
15 -7.761656100691905 -6.2305424019985605 13.358580934248732 -0.5003843021391797 0.49264956038358415 0.5181655265847334 -0.488279067630092
16 -7.825704710004989 -7.237158278518304 13.2703665220903 0.47824370348750544 -0.5250834711225411 -0.4428802068886799 0.5471996260732441
17 -7.723007733339856 -8.271872292730256 13.473600500383503 -0.487527389986204 0.5105068503643142 0.5112775705296164 -0.49019898573709797
18 -7.702303979538349 -9.226552111558776 13.464123065086767 -0.5126055093664382 0.518724524733275 0.5355661122299871 -0.4258278979097914
19 -7.776144492010898 -10.231751675492399 13.406421314351954 0.571851745114374 -0.47299221269004454 -0.48981602521424256 0.4575414842257928
20 -7.732387402657314 -11.19179896066096 13.284634287871814 0.49273538616698437 -0.46004294712252813 -0.5324185967119314 0.5119597287843873
21 -7.756460242681684 -12.244047245427096 13.18156231691925 0.553182287559281 -0.4913386840438586 -0.4475805707655923 0.5022422592393777
22 -7.661241302030847 -13.24624880745017 13.162871954730672 0.5393815379872089 -0.5070555227788439 -0.4666349117663738 0.48395672577082094
23 -7.650092491332897 -14.307425135716 13.101763600469337 0.5105965266624337 -0.5060619268563132 -0.4848915586902689 0.49806896054427674
24 -7.6779271695558435 -15.304650207887697 13.06339584970968 0.5000987351564495 -0.49966567696234343 -0.49586710909026604 0.5043325058759807
25 -7.714046655698057 -16.299624673231705 13.120839129364404 -0.5032572846358994 0.4708345487567731 0.5370015743491391 -0.4864938255563505
26 -7.689363702109365 -17.313234506685244 12.979321912837221 0.47932367047023494 -0.49190738857602045 -0.49540447574186974 0.5318367657526042
27 -7.621292810087956 -18.299414850664352 12.966550728977849 0.46934127023278827 -0.4954005729537521 -0.43652511496873947 0.5862958880760588
28 -7.486684981632505 -19.249470311065817 13.168519672090184 0.4745244128807608 -0.5000353091941168 -0.5070026076259856 0.5174356259475839
29 -7.515974887235366 -20.21841099014381 13.208758269609143 -0.5029983801920006 0.5003592501052924 0.5207606657810985 -0.4748068863585689
30 -7.495345709494435 -20.195809308626515 13.166281538637563 0.7190715873118962 0.01743699987937241 0.02802075855664039 0.6941518857180093
31 -6.539470792296203 -20.084321023648627 13.18250562078768 0.7506625606953535 0.05390501802338406 0.040595710359962414 0.6572305206718269
32 -6.4896098006990774 -20.06062842350195 13.171147013879612 0.9969247513397378 -0.034141241448227805 -0.012083803452879531 -0.0694938665832241
33 -5.434481123177912 -20.11147027675605 13.191783215029997 0.9879413014868516 -0.13779569216660126 -0.06197928694847235 0.03380680443566582
34 -4.487498610678521 -20.416144326440687 13.111348585829433 0.9935269554640669 -0.08510407679954786 -0.02512373649867827 0.07092448620006965
35 -4.5399471006293615 -20.45037024637061 13.12713799223021 0.7585023162029897 -0.04789208354016367 0.6476959223713604 0.05357776397344705
36 -4.413623050934052 -20.496766732006375 14.071616900063747 0.7437503726252084 -0.04133046859024234 0.6620752635822627 0.08236213291588099
37 -4.328235401732236 -20.478302330626196 15.047557785864624 0.6843816036500796 -0.05141626558489541 0.7255674059593407 0.050300374035210545
38 -4.338374604959461 -20.52198105863862 15.996947047858127 0.6906183082163881 -0.1078593394926103 0.715129934593462 0.0013754595243067652
39 -4.44052179966102 -20.710904494869478 16.997532253635054 0.6734190006668065 -0.11615754413201744 0.7291242383995461 0.03731111711568579
40 -4.428178477771052 -20.717152699524263 17.049693674496538 0.5316251123707093 0.4624905543547738 0.5282322257040373 -0.4737593722104138
41 -4.466199062315659 -20.73327936428005 18.109340063084076 0.5454323236316158 0.49367601927427346 0.51845366168401 -0.4358822880294263
42 -4.464923839710714 -20.622049762260353 19.13644752478506 0.4770101239006947 0.5153675080886877 0.5096047941256422 -0.49715251895858104
43 -4.507147427770987 -20.64402580543198 20.098201031764262 0.5379639590691101 0.5125922989597047 0.5318558934050315 -0.4061689579968279
44 -4.5954836583541026 -20.500215588202416 21.048829810225385 -0.5235232473963978 -0.4886140419653007 -0.4836935989936104 0.5032099260969232
45 -4.520589082954435 -20.48331428709992 22.10583496089446 -0.5087190445599371 -0.4826225970986572 -0.49466398073423573 0.5134081306679253
46 -4.425182095259964 -20.47635470900914 23.1597502554923 0.5324200996111329 0.47213006916053146 0.5269734281459838 -0.4646730478009381
47 -4.371722806868769 -20.442249431629268 23.15005208127426 -0.05490105928759621 -0.7525024165932513 -0.12496640301301384 0.6442898298346824
48 -4.525016225442384 -20.49285395241865 24.112524497877285 -0.015977099653981627 -0.7063866505619627 -0.12941876224025298 0.6957107273678478
49 -4.568430344414835 -20.450624022720945 24.148822492436636 0.004877433268254326 -0.08403324921674454 -0.019060543082591037 0.9962686983781971
50 -4.614247723716252 -20.421418937066207 24.16274655147059 0.012367836950162801 -0.7091164533937694 -0.0032151184493553818 0.7049755706042375
51 -4.646553791178573 -20.440991905206975 25.113963258842514 -0.006550578179206913 -0.72816637588707 0.03550910262171241 0.6844486266945176
52 -4.64444457402544 -20.486023638930327 25.159821361170835 0.042962701894671475 0.9980086349144707 -0.04615707840024014 -0.001579555512783561
53 -5.590073938377249 -20.364007073662624 25.17266165412196 -0.037016793918119406 0.9925057261363699 -0.11215630144631915 0.03135449888651653
54 -6.62088822562851 -20.48355533728585 25.144172608089452 0.05525791063976717 0.9979489301450135 -0.030004743165477472 -0.012008810171070102
55 -7.6115064444347205 -20.343120826577668 25.205024247818777 -0.03892222840585498 0.9939259064920788 -0.10102581238605209 -0.019751905517207388
56 -7.559314179947486 -20.28551497022601 25.243486313643757 0.013803678076668754 0.7371012740626712 0.674195595794757 0.044175432739202165
57 -8.533301709690512 -20.174407634267872 25.244588755827483 -0.014684709422728686 0.6985333504233983 0.7151825982682121 0.01869140951779583
58 -9.543338528791322 -20.14714231417506 25.248385781330924 -0.03765433099707588 0.6945939166480645 0.71557498405109 -0.0638269889071052
59 -10.513267396741751 -20.257159229219976 25.236025309640684 -0.03583597996928175 0.6614348578434893 0.7491352591788544 0.004009342119943395
60 -11.559198345101333 -20.26252232319317 25.141893713433372 0.030877311755326344 0.6769408761620846 0.7353515013463567 0.007470693899078753
61 -12.499495741452028 -20.169203904499696 25.196618313085462 0.10305746948472784 0.6844584389059376 0.7217186361826691 0.004244240860206866
62 -12.537903027098288 -20.198667346690744 25.201883173067035 0.5858940366809228 0.4870513837036894 0.3817087682312397 0.5232662263795003
63 -12.267785601829164 -19.196377787985334 25.107529917745804 0.6000245396513921 0.48417414396761255 0.499287908157089 0.3952942383813401
64 -12.282557429429056 -18.2366546767702 25.355401026523552 0.5216871950381474 0.47030301499183086 0.5652725783512214 0.43257884459019347
65 -12.277626879554012 -18.289420810748133 25.378376829307307 0.6584273227620271 -0.009891818117732555 0.7514305122009036 -0.041566788524526485
66 -12.350999128253404 -18.34996626206348 26.32988138482354 0.649124048337063 -0.05002858759130607 0.7589913727331379 0.008197951621466795
67 -12.495911382188327 -18.368394942088287 27.32002286219918 0.7098841625186554 0.009794595138275212 0.7041494875666914 0.011918090066376502
68 -12.456847038379625 -18.419013170553953 27.32099233778176 0.5396750060101985 0.5227967082730096 0.4605870133872891 0.4725400436002997
69 -12.446874734133571 -18.370513192519034 27.35670460913215 0.6828585309729175 0.719692563413623 0.06999298972723955 -0.10415287914253427
70 -12.463979558532348 -17.391848292450923 27.553920704535983 0.6705446663567637 0.7300611977607069 0.11293104072333904 -0.06802262848377466
71 -12.53280200904897 -16.428412940544515 27.75565971207649 0.7262818928322916 0.677905847846431 0.10137678055234402 -0.05177858596367494
72 -12.5164504184031 -15.401271621385941 27.972018234492218 0.6871484132740866 0.7251080931947496 0.04494113323669457 -0.0050602234911928945
73 -12.522442474584814 -14.353617453758904 28.037591326842172 0.7175849104018985 0.6951150299968656 -0.03539278405716147 0.025186152398431617
74 -12.536878767184078 -13.354092941013283 27.90661861622372 0.6599309375800928 0.7348078219227834 -0.15369878154240504 0.030418859579779644
75 -12.70814629916356 -12.428423123517236 27.666476947124252 0.5981851222178913 0.7975159606630171 -0.07759423384654772 -0.01104476883772421
76 -12.971067247975713 -11.46504281143358 27.57683266414585 0.6637584810016838 0.746118473146414 -0.04821277829747124 -0.02018491854925306
77 -13.056831112297695 -10.502921077649809 27.52617691548826 0.7084715423382727 0.7051444466478038 -0.015918269431926244 -0.024207266613260576
78 -12.997711785090567 -9.45823271567865 27.54859527683925 0.7334100506375509 0.6770513959061688 -0.02847352027271278 0.05385502361536685
79 -12.895324774210954 -8.489023116286544 27.413770096460755 0.7497621861208811 0.6613326232231337 0.02219195729479108 -0.001828320396489105
80 -12.92920476584223 -8.436115984538244 27.432223617889555 0.5272722781931071 0.4506119514183913 -0.49499149997858805 0.5233700687247095
81 -12.948145434709446 -8.466427602445362 27.441012864130855 0.6753429842156677 0.7371487903312322 0.015498868874022123 0.016831507582590482
82 -12.988335421170333 -7.4755137742258615 27.405342153735106 0.6388272855600993 0.7613263606550482 -0.10924048602483068 0.018665154934111364
83 -13.023641330442167 -7.534325063049276 27.425275555944946 0.36391315869655894 0.605388573269918 -0.4966381715491592 0.5044030281848169
84 -13.233534780123268 -7.641250269305453 26.39834167872275 0.33043020555584657 0.6203132106780129 -0.47373481539679335 0.5306625336271876
85 -13.471841474844371 -7.75804481319015 25.381158327662238 0.21999819301957776 0.6146557479360113 -0.5068269231707326 0.5629614343333219
86 -13.456635206548848 -7.688802320561074 25.376811201250263 -0.06584153494376759 0.062454894052142176 -0.4926252107099669 0.8654967823499662
87 -12.933812948367137 -8.49684037969144 25.340710948218614 -0.06344610914596138 0.04262362690847125 -0.5104032134130218 0.8565315974329654
88 -12.48412001732776 -9.41027803489351 25.360128585862153 -0.08824819326608341 -0.02407018266118735 -0.5853097630864158 0.8056335171327299
89 -12.496237072772399 -9.442037446104464 25.313434866059563 -0.12405239290855911 -0.04919902482349231 0.09714747114953642 0.986282327033861
90 -11.57798122252431 -9.240797656713823 25.42916800443345 -0.005284003780130213 -0.041995092680714975 0.11557842444217219 0.9923961503846409
91 -10.609532659820468 -9.063890166735913 25.491278082376766 -0.06275398482478471 -0.026090520899687494 0.10254000275702299 0.9924045394607903
92 -10.660407741898656 -9.096986130640646 25.54090097080381 -0.7004065621110902 -0.01017492591050998 0.013110909526397463 0.7135511352985355
93 -9.714857070928364 -9.112640584053631 25.482763053664378 -0.7225646922046349 0.021628419480185387 -0.011262896117047103 0.6908730883607108
94 -8.774063367364326 -9.187023954262113 25.469968689290152 -0.7797068490082484 0.019628076675751463 -0.04326302869570031 0.6243398742381555
95 -7.779538433583168 -9.27781123262502 25.469476659552058 -0.7552566529364022 0.05153359658677285 -0.024642008726639766 0.6529352556142536
96 -6.790318770285552 -9.439457566727041 25.419771209582162 -0.6979689296530075 0.02025504009942076 0.0005381929255577106 0.7158413350303131
97 -5.841107016233926 -9.41013996489058 25.35568273608794 -0.6954292951217547 0.004026115747149953 -0.032156729810640924 0.7178633787889834
98 -5.894147061483254 -9.441304777671556 25.38971658649941 0.9983185715488424 0.0510911382354297 0.027158312629974105 0.0034858785950256975
99 -4.890683060646794 -9.359900466847655 25.396275080490465 0.9916737877265722 0.1146106503744091 0.016199681291397396 0.056436405651362494
100 -4.848307914036075 -9.321163203021179 25.44184617953881 0.7026331708175905 0.7114939641729363 0.008635163711661611 -0.002898302947204871
101 -4.845492355347672 -8.324421966642737 25.406030944344824 0.7474648837463421 0.6613317276473426 0.04973238228276657 -0.038252891727676396
102 -4.6808265096506005 -7.389120999342592 25.471743518538567 0.7264824487822492 0.6822382801947412 0.018748056584377438 -0.08014169340972185
103 -4.629870953448708 -7.399641887031875 25.43537128620244 -0.4488617601214104 -0.5272269476340864 -0.4971127972774173 0.5229089144126099
104 -4.629287370742267 -7.443153668942231 26.466011476138583 -0.46919837321098207 -0.492130993148656 -0.5298434234904313 0.506878603555749
105 -4.631047316887019 -7.477803445045782 27.45549754728643 -0.4631227659310708 -0.5101392052864767 -0.49721196413916646 0.527309735945497
106 -4.691838848223138 -7.585581487778495 28.411337587910413 -0.4534613939706642 -0.5278689383830265 -0.5086275306447251 0.5069765114271113
107 -4.726695692400415 -7.622222303440966 29.416641485481993 0.4416076200140077 0.5692366842177489 0.48719370898492576 -0.4935530338391793
108 -4.80118568925167 -7.605799251013751 30.365667493948052 0.49220660177021763 0.5046746634528267 0.5086906094491419 -0.49423679456395603
109 -4.758343434012246 -7.627269181837164 29.72106988785198 0.08707642252919395 0.6612158522918907 -0.04580922775788343 0.7437155423746709
110 -4.748538786165157 -7.650183874781199 29.69059146635885 0.07837922721179903 0.9966912683040624 0.019963321306761157 -0.00804227769509413
111 -5.6916749280342716 -7.5448642660069645 29.70203566632378 -0.0017052542898064427 0.9998895309485057 0.013664298027023023 -0.00559508416492811
112 -6.741107111168473 -7.5889362014701 29.679001740242686 0.0026168671033629676 0.9998858123738901 0.014460615620730678 -0.0035220471092690503
113 -7.761989913867418 -7.564493882183653 29.73852265687919 -0.043858488126815136 0.9902994835012392 0.12192353767522131 -0.05017984612540019
114 -7.7170724499734025 -7.534232010190969 29.7439266882316 0.0054903971716170705 0.6285227538309724 0.765496808946131 -0.13763589266219695
115 -8.640766617228566 -7.686481535096678 29.894724818987868 -0.007592171331401688 0.6842058705625067 0.7291733017280208 -0.010534783782084693
116 -9.593846935801471 -7.669729317447148 29.87138914009177 0.06031655000031608 0.7310442883808954 0.6794936131680491 -0.014986390010911834
117 -10.54464086919503 -7.603574039104671 29.937627980846372 -0.020595817125978313 0.7174514149182916 0.6955503253939395 -0.03238864605135427
118 -10.586733406263686 -7.661426621157664 29.981075216420585 0.507727939761818 -0.4826800004405552 -0.4943827308120724 0.5146047724562289
119 -10.55682983789963 -8.620559034518429 29.974341796781967 0.5708291699624976 -0.4435498338634667 -0.5169379249843757 0.4584678672627608
120 -10.457125500634033 -9.59354903997827 29.803912962369616 0.5537917468469452 -0.5147643536833547 -0.4671915315081728 0.4583278675666753
121 -10.370662403366643 -10.585140340877555 29.74341167438996 -0.5115699942729572 0.4282862854814183 0.5865505822014444 -0.45915728584793614
122 -10.314535718945372 -10.543320063249576 29.789769785149694 0.00843278248560659 0.010457133608377462 -0.7320793787818719 0.6810868664851755
123 -10.32779146056673 -10.570410155165044 29.75636297564445 0.010753487447161373 -0.013776630486283838 0.9938205654781272 0.10961409851339471
124 -10.301053731354516 -10.60482523719486 29.794556680720564 -0.030480952858852363 0.08712376137345955 -0.7170770495115337 0.6908551706260805
125 -10.348441964687733 -10.651162795071624 29.779979389775406 -0.040882888496571956 0.03230028011417557 0.09299338620718649 0.9943025251172017
126 -9.317930233260544 -10.457343069786992 29.69435802065572 -0.12084553301699096 -0.06262646639300871 -0.007924716445874691 0.9906621430771528
127 -8.36301204985793 -10.496151816850594 29.76927579647934 -0.0269762410158182 -0.01003827817773337 -0.08073327467025967 0.9963200558820943
128 -8.407460102787562 -10.505385724608013 29.81627396762298 -0.013523283637193986 0.04710000779696862 -0.7398344586694185 0.6710019998707318
129 -8.45895177653662 -11.541417471374137 29.73699199413612 -0.01779851024247798 0.0846537692230955 -0.6829863901014389 0.72529066127014
130 -8.448351476109636 -12.552641672353891 29.680432716438204 -0.010490111459660827 0.00019480497940881466 -0.7104956759257067 0.7036233467583767
131 -8.509280952138415 -13.599305593525619 29.727508036248462 -0.005645061984690096 -0.02114673522296041 -0.7013861066023044 0.7124454212989654
132 -8.46941725726554 -14.615532717065273 29.767159167967 0.03402355885335666 0.03050954474361493 -0.7173126422334161 0.6952511333429131
133 -8.502072403222705 -15.570589142750205 29.66352925928803 -0.01746786275207068 -0.035083248304681014 -0.7575112557536356 0.6516446400192512
134 -8.50122653772993 -15.535099689668176 29.694010586839436 -0.028717660827808928 -0.003271728240928419 0.9995815601292142 -0.0011385958641321374
135 -9.514367637424643 -15.561749277922178 29.60140855843968 -0.09484756305275412 0.0040805674513286075 0.9918949061796952 0.08444988956181063
136 -9.520748106553118 -15.577888806569323 29.573322980915183 0.01970130051891638 0.6748518997667137 0.7372786294471269 0.024637262422766332
137 -10.550443672342231 -15.529388773974924 29.60741817996521 -0.04411806958573494 0.6992082988188533 0.7135497693516015 0.0028420867597254494
138 -10.584769538893148 -15.528943626795545 29.557209427376968 -0.04143914841289473 0.998582377422955 -0.02304492317878375 0.02418602891786666
139 -11.570215770239905 -15.665307645660137 29.51191364045756 0.01497650282904732 0.9977622343560537 -0.0587142067649775 0.028264288064412297
140 -12.58433731864304 -15.694375479802032 29.435230701003317 -0.09230879122960577 0.9912959155516806 -0.071509363643925 0.06081040851307516
141 -13.571317715674704 -15.882959215542108 29.325640465035036 -0.10468931586809566 0.9910786511030639 -0.048196003658335436 0.06693578790278838
142 -13.598120137094899 -15.907947234978487 29.2735067797928 0.7217299283696714 -0.6904717443987344 0.023942073767092318 -0.04220731910709922
143 -13.546462819521398 -16.86750775691104 29.259832986808153 0.7146200331669558 -0.6994616774027299 -0.003937653473473787 -0.007487651603858849
144 -13.471587749764845 -17.823511801250223 29.241688923174568 -0.6775822518293485 0.734414351014659 0.03579045168133622 0.01539144561218722
145 -13.522696459836954 -17.780685391664438 29.271136998702257 -0.5241078641423491 0.3971947472736792 0.5440574891397774 0.5211033755343236
146 -13.43951519351099 -17.691210796932555 28.308272172430758 -0.46911814323910966 0.39255585452064545 0.543777541388846 0.5745729320517605
147 -13.428637505931015 -17.650254590249354 28.260155715602565 0.03085078074060917 -0.17875017365603282 0.6789592881554398 0.7114147101185724
148 -13.422903410835636 -16.64482660432716 28.55332821109734 0.011250887280237562 -0.0900849075721611 0.6659902616038941 0.7404154903916436
149 -13.437857050573601 -16.592245572856868 28.551432286417494 0.5703494104177261 0.3832875918629032 0.5041588519913994 0.5230831902468284
150 -13.393570756145861 -16.551535695410617 28.592640580395386 0.7021279029062559 0.7120088625127606 0.005677158367707318 -0.005249527275273794
151 -13.438324156674675 -16.533981579929154 28.57395874852583 -0.40966456997208445 -0.49231505733227987 0.545454822917032 0.5406291340559142
152 -13.513036277659134 -15.524499839507607 28.61215541524111 -0.3913461396473148 -0.4841945335854478 0.5018723096851859 0.6004398699290139
153 -13.44501851129241 -14.545750047864477 28.83412772883035 -0.41922485963703926 -0.4256203696102236 0.44159155523915883 0.6693987723148458
154 -13.484139584893915 -14.497780040258464 28.838435731846275 -0.038744733251226945 0.7842779215087012 -0.6095419487512107 -0.10892933577260258
155 -13.520350912936607 -14.503824114902121 28.894188426974466 -0.43339572667234916 0.5823103514610912 -0.47604605790597926 0.4964503494163191
156 -13.698945211091646 -15.45402679684623 28.711024682757625 -0.49634098793883724 0.5265793554968531 -0.47114828161432215 0.5043600923826991
157 -13.711575711665597 -16.40548825161832 28.636775201590247 0.5641044029725772 -0.44991019536258253 0.48834205205764686 -0.4908045220328369
158 -13.743070300248727 -16.459623678614587 28.67794604078196 0.6994276273276092 0.09408417159944368 0.7066923071156155 -0.05035023186564048
159 -13.683790100903412 -16.50565472556743 28.64628105799233 -0.4881707040274833 -0.48284197771590154 -0.48848671193544513 0.5384549382698693
160 -13.66682578771289 -16.61853994799392 29.607314602408778 0.45894772086577007 0.5906874927053569 0.46967172074932234 -0.4688963107147929
161 -13.768926936762721 -16.519291069117106 30.55219761990041 -0.4570322628900609 -0.5376362594931242 -0.49966959139593853 0.502393334539829
162 -13.720234893406172 -16.494934862517308 29.504560964375916 0.002945841832903298 0.7041152915293418 0.010226816122865157 0.7100059087658596
163 -13.730969439437814 -16.503392229871075 28.553136055746158 0.018075258976857238 0.6908812518108075 0.019790976677639908 0.722471243823169
164 -13.631361833220334 -16.443926547085873 27.510754656002938 -0.049524541939387344 0.6650434323749185 -0.04586663813461813 0.7437478096148651
165 -13.549867112534397 -16.56350858262239 26.478576701943567 0.004547502689428266 0.6708012906257215 -0.04308097344740864 0.7403708384593346
166 -13.533914025578369 -16.57616898396335 26.500256581422235 0.49744889928847585 0.4902654649273601 -0.47762176560588554 0.532974497997567
167 -13.543047581798833 -16.625227100477794 26.459055526895366 0.051553941262377126 0.7408536753175504 0.028819242193500298 0.6690646263166121
168 -13.539907356450486 -16.591677740290717 26.49629893694899 0.46305482427156336 0.6293140036078592 -0.4852581292897195 0.3925158118345299
169 -13.600669952879155 -16.545860311096124 26.46913467391366 0.6410876048441922 0.7664829179831845 -0.002486001712234626 -0.03878710031192081
170 -13.574160144020086 -16.572894034130382 26.499375533097442 -0.06980666799151851 0.9938335389061154 -0.0706043445888294 -0.049365499839974625
171 -14.563132230472336 -16.73982401887196 26.56784720509653 0.005928485349848652 0.9991422517527533 -0.040750524689788035 0.00435988089311486
172 -15.597741714487867 -16.677150692958037 26.549575200895507 0.05808821075635481 0.9895617800582406 -0.10962799833818865 -0.07331401775550049
173 -15.55342008425992 -16.6989909265719 26.56996597989882 -0.049802143494855636 0.7126721455746476 -0.20421084630233263 0.6692653357808326
174 -15.592571798309121 -16.648802944368022 26.553508115600756 0.5013338127796576 0.6039621666818339 0.3679769611513445 0.49848476951920667
175 -15.625784237808906 -15.719731274098049 26.365949438975004 0.5082038675054372 0.5368983590758316 0.42505126014638916 0.5223029842171738
176 -15.679940211786725 -15.759173907128053 26.427583877244576 0.7026792316601903 -0.03061460284235907 0.7098160559762348 0.038285900336709894
177 -15.70764370625874 -15.784527906082948 27.44751255375829 0.7158653815481735 -0.10452369398475117 0.6861171270879596 0.07651693154612502
178 -15.742730244981695 -15.789539380942003 27.423849336068773 0.40203026612770887 -0.48873341441342527 0.41869323671978065 0.6513119746159975
179 -15.549431546320907 -15.62538104034764 28.401698709039202 0.45025534511138693 -0.47237632187703565 0.47857397913334687 0.5874501521193297
180 -15.587020419152667 -15.641069196663604 28.41579158908588 0.712711778816121 -0.7011420236069661 0.020547323494301665 0.004426123169314842
181 -15.597209117375995 -15.599763080041871 28.4343301370241 -0.04312609469391157 0.9948532835822995 -0.09159366205075652 0.004205374430421093
182 -16.637829781907318 -15.639448555447707 28.437873569366246 0.0007125516853679648 0.9997493918683343 0.009159570112579889 -0.02041440678406458
183 -17.68730463937722 -15.678403584345864 28.54158363829114 -0.008829009208821126 0.999427327289355 0.028452966447059896 0.016046643387619266
184 -17.723709421742345 -15.718622784176473 28.50399020166293 -0.6907953523566344 0.7225637354097818 -0.017044923751499852 0.020319941127934654
185 -17.716083410346215 -16.75887370803478 28.468286430946492 0.7345868421329416 -0.67604151794795 0.04881751260085998 -0.031094820135340647
186 -17.618388775147245 -17.768327250668307 28.45259113608571 -0.683432277070766 0.7279343719529937 0.04754361145700704 0.02777548913867526
187 -17.68990865669769 -18.707857903936386 28.3726296545795 -0.6394928253326285 0.7631993698549137 0.035576325741119186 0.08549838155143177
188 -17.66239516697386 -18.668772304014993 28.42218924653095 -0.41266659324944266 0.5002214658072478 0.4183165642649103 0.636000015741469
189 -17.558626579190523 -18.522676511729493 27.490669432238878 -0.487317742562446 0.496012863194916 0.4013595381100196 0.5961570082596807
190 -17.368086343552303 -18.56138607748348 26.465130676852812 -0.49634832927817957 0.4935923009594283 0.5147795059424903 0.4949818549380809
191 -17.342002468460937 -18.4985517533036 25.452540556368692 -0.49520303668004606 0.5144426707705457 0.5085675842512759 0.48112545474351326
192 -17.421093428164614 -18.47776359690972 24.50437296186515 -0.5111352365633313 0.4527250961279043 0.554292837656354 0.4759624012484506
193 -17.403997184964457 -18.43210900529501 24.520197682962767 -0.004096931802421587 -0.006241417741850412 0.7409042232687055 0.6715692010485415
194 -17.48163532210524 -17.471131534295605 24.48320161389073 0.02108264869578003 0.04544319463293896 0.7264774864988561 0.6853618749214381
195 -17.558832214085815 -16.498835963226163 24.412255445024424 0.013400309282445967 -0.030913323932867973 0.7113659708545405 0.7020137132739889
196 -17.59884424197125 -15.479977826647392 24.455624035346073 -0.014121238251484182 -0.013108435904455687 0.7296763529889194 0.6835211623842923
197 -17.622314568571973 -14.495313652968093 24.480977844252976 -0.04469542450663224 -0.07790395207893981 0.7215293976326437 0.6865337731171934
198 -17.655621299560785 -13.529165401690637 24.557218781653667 -0.09227587541259107 -0.09231406798058207 0.6747060773480776 0.7264537045533515
199 -17.550196637734324 -12.588802661494796 24.61231133901384 -0.05820229018005189 -0.06334477307755401 0.7180686061728345 0.6906355116633915
200 -17.616111309240143 -11.551462275898407 24.584355007476752 0.02652533776582105 0.009929469009710245 0.695653999262292 0.7178184487821216
201 -17.551542350565825 -10.516274777509803 24.614506294578792 0.025441131467773503 -0.008314634462681953 0.6978586883577937 0.7157351931873482
202 -17.526277522297526 -10.584659141359591 24.64866406165897 0.5746860458488083 0.4776639175633833 0.4834352440295931 0.4559204924048837
203 -17.484984388643035 -9.561586538096293 24.792527669169516 0.5238775752109814 0.4705607143046427 0.5032281893014038 0.5008855057162226
204 -17.412908802233677 -8.551527091345905 24.858456934884323 0.5084814471327034 0.5213541365380642 0.5359666455985915 0.42705530911379447
205 -17.42279214160505 -8.513709078645967 24.829331785094677 0.779361336258085 -0.05095731547712567 -0.005870298249540846 0.6244716159633167
206 -17.40169433827753 -8.56455477792968 24.809889199406715 -0.5439237567382916 0.6034232089958884 -0.30773252292499725 -0.49530603876292784
207 -17.359861513621087 -8.946354277015654 25.754614294791782 0.5533152800448369 -0.5458707950864323 0.3872022089235745 0.49592512070403744
208 -17.220002946853366 -9.214377507868194 26.721904987471344 -0.5158763643640358 0.5187889547461401 -0.5035197165397627 -0.45956228324316284
209 -17.19399273287343 -9.164278876440227 26.73064071303192 0.02912721372506025 0.719315724594196 -0.6940188619237827 0.00862050266274049
210 -17.23574870758599 -9.184304426129861 26.7744831349783 0.4174526059113357 -0.5042521002865645 0.5341391036846049 0.5349379020871757
211 -17.183489912931623 -9.23653270781268 26.760546972212914 0.6726476736033448 0.0898756261434191 0.7338383163869115 0.03080266910122566
212 -17.138096460611305 -9.251143400781963 26.781209604492975 0.4529154909690971 0.6372389777506836 0.4664309756441725 -0.41380694561004233
213 -17.43937785825534 -9.053936985708768 27.726868854300623 0.520303943411021 0.49950947546070823 0.5031936410699224 -0.4759939600275449
214 -17.406005555579156 -9.052897410834095 28.67905472864609 0.5037735065023946 0.5611638711058792 0.42815941363312726 -0.4979828113791514
215 -17.412904826210983 -8.876265082142995 29.67013842012748 -0.4927100246783348 -0.5728746750512422 -0.41692619404960485 0.5051969783972574
216 -17.38467463666668 -8.677260600129348 30.707065939410565 0.535885688282702 0.5252430318603215 0.4637542622086596 -0.4710395640063104
217 -17.41369781701386 -8.785585784872342 29.74146369024439 -0.010847562678424736 0.6914669101837878 0.03281749385317185 0.7215808025453707
218 -17.401535797962907 -8.775661828208943 29.733237001264687 0.4969901623588141 0.5826234023183505 -0.5068419957962353 0.3958054331194021
219 -17.368903413268843 -8.822659237913166 29.726610299670707 -0.6642126871648321 0.022993974791309983 0.7437075267823684 0.07205482593013565
220 -17.47945268653985 -8.757410130165278 28.783652981354827 0.7121097935093951 -0.03478816201652988 -0.7005665424514992 0.02993234653468298
221 -17.431939156765356 -8.799960698427231 27.834351043551063 0.713616128308666 0.015898685365068322 -0.6992190900963448 0.03989883790602955
222 -17.407867084054548 -8.777292976390525 27.816766453326565 0.992791799412814 0.06258853901234797 -0.06652347655444725 -0.07759990251331729
223 -16.471686710535607 -8.685098864204935 27.688965715450443 0.9990096453552171 0.03601971209685015 -0.02564533236950356 -0.004962434418789592
224 -15.489441853944209 -8.62022237101361 27.689003707806325 0.9992177159945298 -0.02228571369722712 0.015274846024441709 -0.028878748009738706
225 -14.440368112940305 -8.674918513602327 27.671614413371444 0.9985288133148613 -0.03346815724050463 -0.016773017409648414 -0.03922699730942612
226 -14.423733260207426 -8.667649225610504 27.630743782548496 -0.6488202737901472 -0.028654012818383374 0.7602564605786922 0.014876626520934891
227 -14.567878735615169 -8.562398812748057 26.656643199901985 -0.6497425221460918 -0.03280860216305527 0.7557574225071683 -0.07475940652964537
228 -14.609988992966167 -8.531099229759732 26.691811894943594 0.025453821684289342 0.09793483058144972 0.9947029724013636 0.0180795081940406
229 -15.596730979655092 -8.508267003534009 26.741197975556325 0.0040435038393000795 0.027735617734469354 0.9991789575535671 -0.029253997466228445
230 -16.651016798416673 -8.520515648204555 26.74216331466815 -0.01406304626883266 -0.03615629360137292 0.9964545316374718 0.07465466858676771
231 -16.688536337876787 -8.569231410851698 26.77165731603247 0.01870690098436881 0.7475161951331847 0.6639516511823291 0.006147744417674256
232 -16.6418210515669 -8.620996547390275 26.74320854152276 -0.0030948868895976614 0.01328131963368998 0.9978859690435672 -0.0635422773427956
233 -16.600487113179984 -8.616850839040739 26.740811728492748 0.7100130061246299 0.004237103009358682 -0.7039452360951085 -0.018018953103839747
234 -16.619259200577353 -8.62671440788741 25.694626651526196 -0.6908762945017957 -0.10841450662423283 0.7146482335807669 -0.01463361502783676
235 -16.648469224167826 -8.665594990455471 25.74273624209668 -0.46415764648017327 -0.5033785419146747 0.5242373588601097 0.5063031841981912
236 -16.735212665780733 -7.709854819397383 25.801668826137234 0.5316823784893842 0.4589422456760043 -0.5192049184173296 -0.4869415942687499
237 -16.73580229735952 -6.761374491187435 25.6926045953047 -0.4952685997578648 -0.49019960250193073 0.538258977396095 0.4740154396782264
238 -16.759123717450223 -6.78342707884244 25.724340896768453 -0.7858048127853741 0.010221813152364609 0.04423121228685039 0.6168062180286904
239 -15.803779552162482 -6.790252509307983 25.69355976894658 -0.7209977745383562 -0.10022506817772137 0.03291415373156835 0.6848604261480171
240 -14.866648556178419 -6.646443271570163 25.83578581217493 -0.7710478732289606 -0.0017008617499048638 0.03626769539943903 0.6357412512404861
241 -13.828771656390888 -6.549598553967647 25.746686307546707 -0.7267728160078384 -0.03248659888802414 0.005932551452098173 0.6860835952258234
242 -12.782051838390819 -6.533596849682478 25.82583449680345 -0.7721700889828494 -0.005220779913634773 0.07969789657636141 0.6303763498249397
243 -11.743018568259464 -6.447282733748065 25.67340331471601 -0.7505552343878238 0.005297169907570488 -0.018969740012033953 0.6605141399605958
244 -10.779983285477716 -6.51585311826342 25.75202132778224 -0.7965914867941533 0.0008741076365402141 0.012736975405379748 0.6043831636970397
245 -10.791242075565561 -6.483399657182994 25.77044998096022 0.9918097844265498 0.09790925371277794 0.01354982541003271 0.08089209964220327
246 -10.769835060165622 -6.507773276394235 25.770617141316347 0.6684823506781938 -0.0006683459929732422 0.7436135691751478 -0.013029193527905903
247 -10.880069120132072 -6.567023380184447 26.718436347308522 0.7415513089437729 0.023084491933414376 0.6681619520510795 0.05593181802198146
248 -10.76528506305461 -6.474477507009766 27.6742457893043 0.7043080295656201 -0.0023185485783390873 0.7098163123816246 -0.010277475314295417
249 -10.755706041094701 -6.452301684069373 28.73426826617665 0.7614091973963271 -0.04958024663147773 0.6462612424816161 -0.012009984611163179
250 -10.58615493594542 -6.54342193698618 29.74357409450493 0.7081552459680754 -0.007775001685767572 0.7059721238179909 -0.0076848779168741865
251 -10.529050159009099 -6.531800052048217 30.789884801569016 0.7219682627215975 -0.0239709405141808 0.6904338674181939 0.03857844418299413
252 -10.530537918464178 -6.596669557285527 29.791084291551176 0.0075469716114134515 0.7302373092303748 0.003967647195443264 0.68314037591348
253 -10.59745141417069 -6.542530913333511 28.75742428740256 -0.005873611685030826 0.7394028166455944 0.006133859757567919 0.6732097378876873
254 -10.672274596293466 -6.5563487754386145 27.763345856525056 -0.015561166437260177 0.679489989359278 0.03952482960272234 0.732454088871457
255 -10.564450582157264 -6.499074903363785 26.727744149311 0.058680926708708336 0.7745402765386594 -0.02088716834762893 0.6294502641658355
256 -10.711961715382213 -6.44150026040599 25.794836552855454 0.030925605634633802 0.7527967340499887 0.009683624708374809 0.657454874141419
257 -10.801969558406839 -6.387124527277025 24.764651772693725 -0.04127571102788576 0.7633128109710394 -0.0037598707778109517 0.6446981709748884
258 -10.938987776829714 -6.5060069880467015 23.729350744584313 0.03291537560695399 0.772410983135818 -0.012641680345772378 0.6341435477065499
259 -11.11151408013238 -6.446677331114288 22.727008488519196 -0.019163551748777694 0.7769026191001346 -0.023556286810970294 0.6288880505077208
260 -11.165875844257307 -6.392125639916158 22.717507478432253 -0.002995620243260784 0.9979999105002936 0.04125052625560492 -0.04780793850815671
261 -12.168327790901179 -6.429789499363412 22.858261679099535 -0.010105154666850158 0.9987948491800123 -0.02021339581256703 -0.043567806122882996
262 -13.147112621847173 -6.456641710181109 22.89626399175378 -0.044702320403123545 0.9966302390509989 0.06034198793647283 0.032995661102619166
263 -14.174710629814747 -6.546268055760171 22.802646193527764 -0.05025660073702545 0.9966142712772845 0.03645943503313906 0.053897847506841214
264 -15.153082367075095 -6.636715227039172 22.665225469417702 -0.05318845704271919 0.9933106657775138 -0.06880688199013403 0.07596395382576106
265 -16.09195840546395 -6.7411871881063785 22.52803231491868 -0.06800078400384979 0.995619013098857 -0.057239745401928256 0.029022158383589746
266 -16.131338680842326 -6.71935783192129 22.541230769385724 -0.008490198502332168 -0.6902069519908799 0.11955312392505602 0.7136170755472498
267 -16.065091512667657 -6.527582143107863 23.572439320591013 0.024774504625221738 -0.6983747715935598 0.043706960421245285 0.7139668087053871
268 -16.02606434227713 -6.52976739178097 24.577156838644424 0.003327656530307699 -0.7274982648144774 -0.0011099158960274488 0.6861005534764145
269 -16.011854957261043 -6.50554026095505 24.627482943130282 0.5565755537939686 -0.5086597241485302 -0.44188738754854556 0.486029294048828
270 -15.874811359701223 -7.483827427522918 24.68140996833524 0.5204838767880834 -0.49262775646615475 -0.4799983922272841 0.5059802081326806
271 -15.847550586541937 -8.428393110140847 24.725624911311744 0.5329418639149899 -0.466814640330869 -0.48764083695001553 0.5101602448233896
272 -15.860117691362593 -8.438067227572336 24.697480140053063 0.7390736749378319 -0.6725231658113241 0.03534173494738501 -0.01528581799936831
273 -15.804361014729245 -9.387166751345772 24.734758707690187 0.7283160092649923 -0.6771169996072149 0.10516181203525937 0.0030582316294106523
274 -15.712766722599186 -10.389502366224324 24.95651754260096 0.7190489933367161 -0.6882209863673256 0.0677638189475374 -0.0687639727377996
275 -15.719608516835137 -10.34113091402834 24.910182503555774 0.0074815303978544604 0.9986207385201591 -0.017974297910961813 0.04876035187491908
276 -15.700952151529389 -10.29849851688221 24.9714446170066 -0.040029950151274474 0.672080246858906 0.7370274815857093 0.0591289798693065
277 -16.71403399667929 -10.300210410467715 24.879938896308342 -0.08846292492829658 0.6512952513630788 0.7494172977404673 0.07976540799375353
278 -17.661305207194747 -10.357805119395616 24.694697715253096 0.01954729658534499 0.6692462041873801 0.7412221185917962 0.04813722351025313
279 -18.675030217236085 -10.308584463870544 24.611207536480446 -0.013320970811187464 0.7057868508434243 0.7076883872600355 -0.02940441209172543
280 -19.714765893702243 -10.394347176170516 24.652298288897313 0.04389412081790083 0.7232123071287707 0.6891956050042961 -0.0068324971911726
281 -20.65379861316845 -10.317475728373696 24.75272193557552 -0.018874414240015992 0.7082988730047768 0.7054552296699672 -0.017011229189910236
282 -21.660959063869072 -10.351617617087022 24.75102865292081 -0.014613369912221634 0.7260196810136423 0.6875183989497373 0.0005686002514862737
283 -22.64273764563837 -10.399699310733299 24.73376388784007 -0.06088641608508288 0.692328668517605 0.7189806338486298 -0.006380222220045602
284 -23.603799379675767 -10.455189138051558 24.692027631281338 0.051077225828303395 0.7201421992392085 0.6918012528327082 0.014048361317192145
285 -24.608279335897937 -10.314021026477054 24.766574580315908 -0.00977138589407103 0.708042594011043 0.7057824270126646 -0.021245489025575166
286 -25.639840665679806 -10.387044381760722 24.725222872561876 0.005703102169559785 0.6968377979732118 0.7172056616490362 0.0007725542412478481
287 -26.586464467437242 -10.427109811314736 24.770610505307086 -0.037463270915257744 0.6587440582440971 0.7502485851971231 -0.042188025198445535
288 -27.639925875565787 -10.497742393060344 24.79272516566068 -0.08752333652341804 0.7051189933588189 0.7034532618956555 0.01733144820308114
289 -27.684237790726453 -10.533818573046903 24.83253072753577 0.5457557134900181 -0.5022869636772547 -0.49729069291307504 0.450067188378491
290 -27.663870576138873 -11.545518220966981 24.77666547127477 0.5300345985220722 -0.45617981649002926 -0.4813362847300855 0.5284682397258174
291 -27.500417019790987 -12.484328116483988 24.73235230269835 0.44804148078864486 -0.4813296563849155 -0.5320637259534705 0.5333749008920532
292 -27.493755384350404 -13.490273333907206 24.713683454750637 0.4309469699889522 -0.4678824225275325 -0.5857246306186134 0.5022921508781547
293 -27.630483966415802 -14.44784889957856 24.634407743431698 0.5281438420521994 -0.4801779689011563 -0.48430025127245796 0.5059115208232922
294 -27.571979991280095 -15.446778479059073 24.57333745305559 -0.4947608986186094 0.4756552385053812 0.5378059576974811 -0.48962077074567784
295 -27.603790921768564 -16.432545200757307 24.46313805746925 0.47827995990489625 -0.4465187698636514 -0.5248426852145626 0.54443495836471
296 -27.6046697380377 -17.37823193066324 24.408660607880044 0.4978178867358511 -0.4481766727055658 -0.5039855620214286 0.5452646833991349
297 -27.59007557376666 -17.325090375416664 24.46540883952888 -0.06425816096486828 0.042964706755814645 -0.7461925219432525 0.6612273761110992
298 -27.75217405744676 -18.271385178695937 24.48168409894909 0.007349626378989642 0.07181139552884083 -0.7243898434767432 0.6856008030421413
299 -27.7698408476458 -18.277813061422126 24.47468112782109 0.4782625518626094 0.5002904628208789 -0.5079449214713303 0.5128024386133814
300 -27.776726766342023 -18.364643929174704 23.50756742210561 0.5070563611722366 0.5050414550437979 -0.4949444520029766 0.4928051995601165
301 -27.797231126095237 -18.28085052051489 22.492861506790643 -0.4999505661259438 -0.4988796340799369 0.5027148540002823 -0.49844389623917507
302 -27.80280738544551 -18.275481528619792 22.439416297019093 0.7403959335244655 0.028009342822587702 -0.6643152960309627 0.0985622939788596
303 -27.722605188452633 -18.37401167996418 21.484488305567734 -0.6741963657956541 0.007055956126730704 0.7384375060338938 -0.010932680984782053
304 -27.708211823376217 -18.335305253002954 21.451449994820244 -0.4525989952262284 0.5533515012770913 0.4581103261418063 0.528290823918838
305 -27.703042075204063 -18.405778501952845 20.49397684364281 -0.49049759318377795 0.49125124601299697 0.5091633205657428 0.5087602946005704
306 -27.751708922228108 -18.359479683995932 20.55127413072315 0.7124740060716049 -0.6959214867506526 -0.08968101047693817 0.005602794916328081
307 -27.79547278927327 -19.363798489327394 20.386642233238078 0.7386554793844401 -0.6692568170034753 -0.052399863561588746 0.061136322824052555
308 -27.64317183251796 -20.380687642462895 20.40523125126432 -0.6746162919895331 0.7284973756393486 0.09304374577465126 -0.07434577083530995
309 -27.689390295332903 -21.370635666325143 20.390893211284236 -0.6740006379363079 0.734007320525221 0.010321509752475902 -0.08276388048698446
310 -27.805755282278472 -22.309186283850504 20.548864840041603 -0.6837267394115366 0.7277931914481129 0.039270627900468154 0.035953220714444616
311 -27.87263774629556 -23.33867376152568 20.492965501323095 0.7220905877482364 -0.691621450895286 -0.006134805631450171 -0.014398468903673828
312 -27.79239490598787 -24.383418836693735 20.475397328255813 0.7647110138254141 -0.6421598043401664 0.011282524970840997 0.05215894606096937
313 -27.596226754807624 -25.364162320981734 20.598504105588415 0.7209340519256957 -0.6912817141139207 0.024876580489000412 -0.04201000177211074
314 -27.581686916640454 -25.31162642739859 20.644815130617623 0.4097377186223523 -0.5681087561232903 -0.47694021777832746 0.5309382937967085
315 -27.59438560277089 -25.36276846747465 20.62650899901349 -0.04817384536319956 0.7422034671186134 0.663784089740038 0.07876532376637213
316 -27.60114690139582 -25.329391695249466 20.573648328455235 0.5623207306056102 -0.44008355657686116 -0.4940614987208565 -0.49600916790270594
317 -27.425889104148283 -25.33758270988704 19.532260254464035 -0.48537738161130894 0.5001971977348394 0.5090547652494678 0.5050493112312628
318 -27.44905332628679 -25.383739277455632 19.47683959202302 0.01912898820090564 0.6786616370695566 0.7336826866229289 -0.027607599139372996
319 -28.390926103245718 -25.45507122110345 19.573792599021683 0.04998132808426916 0.6161017290705056 0.7855725552097749 0.028218553833456846
320 -29.420002142631684 -25.300302115483557 19.673396373165755 0.022894166125776598 0.6565484787513263 0.7537707570222167 0.01579867288346616
321 -30.406478195977915 -25.2699414340542 19.660622337000188 0.021254507839852776 0.7129096247932303 0.6986946293981738 -0.055981493583234836
322 -29.765549558016495 -25.27356777503146 19.554264576295353 0.0820820536457721 -0.025621266721110918 -0.04315131666112408 0.9953612665918389
323 -28.823631378137062 -25.365237631957438 19.642525960488186 0.0012468714123122942 0.007850301362557066 -0.0149629892793476 0.9998564532131722
324 -28.79218905259357 -25.323369571080697 19.586644344782624 0.7108236024600391 -0.008974208603338434 -0.010058176312350722 0.7032411413270315
325 -28.78965703769235 -25.36542587203511 19.53923701418344 0.9988295040237823 0.027198773739855468 0.02955665105536681 0.026949081191077452
326 -27.843899550468258 -25.253008769051227 19.573085764928695 0.9994072996821249 -0.015895977349862485 -0.020335657284802938 -0.022777802549198763
327 -26.83232061823216 -25.289255482457378 19.558778804116002 0.9925709055755849 -0.059648281374721064 -0.03209031540244607 -0.10107072568888269
328 -25.831840117134792 -25.365317906359934 19.490530649268297 0.9972539499233131 0.013461377624879261 0.02356489364664619 -0.06890606985028642
329 -24.80343909201444 -25.2990681057302 19.483666493684012 0.9983170716786504 0.008095667136956457 -0.03162363704981901 -0.0479315151890109
330 -24.85958784076675 -25.344389360979267 19.427932736773904 0.6912451062684947 0.04559765390633927 0.7206821500680003 -0.026801037134041007
331 -24.879710559856473 -25.390195290250002 19.42447690675131 0.5118752181410812 0.5049350941254875 0.4946689422132696 -0.4881874121514318
332 -24.883048906420612 -25.302083146899843 20.375204489013942 0.4853874582756468 0.47416634439933614 0.5854080309739613 -0.4436921573105237
333 -25.008873403115857 -25.406273319788657 21.31331946569079 0.5307158841377769 0.3930785526065952 0.6013129835009868 -0.4497250245179886
334 -25.02787924283674 -25.52129581519502 22.267073726756866 0.5528317644632934 0.4751763053162115 0.5284450810353628 -0.4351210353407021
335 -25.066230028276216 -25.49971194453972 23.30921512507251 0.5507535773928057 0.4697904500446165 0.49654333652678057 -0.4789698789973684
336 -24.996838186609462 -25.451187634412182 24.35516357680572 -0.524163731365413 -0.45630836495015736 -0.5024191706828816 0.5144026008176155
337 -24.91082446330916 -25.537959794591263 25.380863841453767 0.5021436832851025 0.5780270060195346 0.4194529053640743 -0.4876430680637213
338 -24.970512133437897 -25.377403576156095 26.371694677460287 -0.5343590928529098 -0.4893645891802664 -0.46864768655109873 0.5053236632418369
339 -24.942771920134636 -25.3301092300139 26.40157130931185 0.7032832539778807 -0.06201678898751165 0.7081750152569544 0.005893243909339952
340 -24.90254067019225 -25.372722465792766 27.45306083427869 0.6605109290876113 -0.005720397827836705 0.7485071161913983 0.058563526322688006
341 -24.995147919003525 -25.312496101627236 28.442601890295236 0.6477138463107138 -0.05295514100074656 0.7596179582693323 0.02535909725727348
342 -25.21782047741304 -25.355284640661832 29.4631574867381 0.5714622696257847 -0.15004324702496294 0.8065757067974471 0.01880233018941773
343 -25.559067535089763 -25.53690832519878 30.337147137885214 0.6400851154136386 -0.15127179110946604 0.7531669830062141 0.012140261519418022
344 -25.42643928969509 -25.37900167003486 29.316335128171207 0.07924184424322157 0.6645479842272336 0.011190370642646311 0.742947832882857
345 -25.358586347078347 -25.24609247905489 28.32717635501552 0.0472493853362118 0.7308391814237036 0.008405395772007518 0.6808604378308359
346 -25.401150456430518 -25.17741466667644 27.365883680382197 -0.04893094976359689 0.6944242582550435 -0.021521680218193704 0.7175775421393495
347 -25.327185188871145 -25.226221374356207 26.425700957055344 -0.04186627415360234 0.6398554360101304 -0.04921892369704354 0.765773944220412
348 -25.099026741696928 -25.37164276311792 25.452240081368323 0.0394907130263188 0.6024116528340273 -0.0623192556040567 0.7947685162960373
349 -24.87660849327152 -25.37259737777286 24.483203085140982 0.0011769603237207237 0.6977079757770669 0.010983300948065001 0.7162971188003963
350 -24.93660086861043 -25.394910797099296 24.444696077451916 -0.49596319508006875 0.5026322444422898 -0.49440781840337933 0.5068947080750498
351 -24.909352212002524 -25.42493502324653 24.47276247249988 -0.6456645843232831 0.03327270054898775 0.03603106761270824 0.7620445748875238
352 -23.90882375264026 -25.386802027121423 24.409008293623952 -0.6810109356428826 0.052338502577467264 -0.0336853289236404 0.7296232488744172
353 -23.89489775171067 -25.4153721682429 24.456970964804384 -0.5075889077078841 -0.41060882348169825 -0.5567028629316162 0.5136495081810578
354 -23.897421902027894 -25.39361289841216 24.513126222499324 -0.6281096935212211 0.12315015730502961 -0.0349897095852309 0.7675206654439773
355 -22.991118232757017 -25.543917353744337 24.35258810790836 -0.6278048222302789 0.10977773928367857 -0.023210459545298736 0.7702410192335049
356 -22.032570986674703 -25.70774656157086 24.176954854069738 -0.6727725743931379 0.026986492684112358 -0.02088364428467712 0.7390620175319739
357 -21.99971043939905 -25.664691740072303 24.133124861053133 -0.45951278088407604 0.4924828272428263 0.5216373205185437 0.5236441300323486
358 -22.016204896120968 -25.528525535983036 23.125700862479096 -0.3935851305798747 0.4991291490270182 0.5236394474706314 0.5672411891168005
359 -22.061649224634152 -25.51143309208983 23.183550282071845 0.06556284268086508 0.7157431931048478 -0.04611027686656757 0.6937485405757393
360 -22.09951319342751 -25.507725115898275 22.143752888458053 0.1550054153810512 0.7108658753352742 -0.040311016916655604 0.6848489252393609
361 -22.11199109797965 -25.48646513425277 22.135931053408637 0.5989740778028648 0.4994067513203231 -0.5070212963984161 0.36708630572980877
362 -22.14364571811707 -25.313687166748995 21.19800213462591 -0.5377002001779614 -0.5021014547268139 0.5779516545403421 -0.35319188680358926
363 -22.095248829523594 -25.298150828957105 21.157676511538117 0.031091174748449867 0.7569958630458051 0.021857844379503177 0.6523134498256041
364 -22.23010562036539 -25.23893830978224 20.21461592589413 0.004935701683444669 0.7349909228668989 0.028369706534084296 0.6774652329849307
365 -22.315324163567745 -25.14581101026377 19.166188186561257 -0.04921335093577907 0.6838753879811942 0.01106110388897667 0.7278531114064164
366 -22.19631666886451 -25.223200177537628 18.121309834159526 -0.08586893489255351 0.6855528109002614 -0.024043762330733662 0.7225411870475986
367 -22.1243991828434 -25.350598157102418 17.17575225125708 0.00456243477419323 0.6533837127654968 -0.05494389815383027 0.7550166065308547
368 -21.938292186733634 -25.44363571649178 16.23691154845083 0.016222431706657745 0.672466812669639 0.04044856899748369 0.7388431036651252
369 -21.847888212830785 -25.357711213644063 15.287078179172127 -0.03621438630079318 0.70859975516047 0.07141330425469439 0.7010528119812409
370 -21.91169190735908 -25.28125166802421 14.329418342871953 -0.025094692165667006 0.7213100322127741 -0.046346409840021224 0.6906041587981195
371 -21.96028119553425 -25.270876382575754 14.369352560618097 0.4936917288720532 0.4909431230169685 0.5174689496051025 0.49746277549205503
372 -21.926227130808183 -25.232881819744836 14.384062682996523 0.007563028063794373 0.7146368176087717 0.01636811548168223 0.6992632582369035
373 -21.903898192069438 -25.274737016426833 14.332013165534917 -0.4878209821656346 0.47387386166220496 0.5130205778279004 0.5237214329368537
374 -21.891808070031463 -25.2317228834671 13.37502873261158 -0.5074121230807167 0.4777034777116383 0.5105985973127986 0.5036083767721925
375 -21.831856182397008 -25.258401020744184 12.389671949331992 -0.500155941435879 0.5372222455983857 0.5221669360468081 0.43425566660678794
376 -21.86202878029832 -25.271771550530712 12.349661986947906 -0.7160349511141836 -0.04006811209181521 -0.010797245357361193 0.6968299036845355
377 -20.88270639560807 -25.19745134383932 12.372425583650204 -0.6952471835595586 -0.008754486494242176 0.003869004854378598 0.7187069942056772
378 -19.8351714426581 -25.24375482348381 12.387019194730676 -0.7497057896177032 0.05872460366591067 -0.04232317594334579 0.6578004246852135
379 -19.820830800708514 -25.202671682125974 12.426693927447458 0.4979557128219403 0.5205423910433075 0.48392292029588213 -0.4968846288699359
380 -19.81302956200033 -25.120111908139332 13.420101002523191 -0.4791844241176344 -0.4875163093940064 -0.5048849078422344 0.5270686535841751
381 -19.780954102920372 -25.23224067300461 14.368389747220045 0.4806201813012296 0.46837725306092726 0.5889670246074582 -0.45027195567358064
382 -19.9699399678387 -25.32476411610239 15.370172423133171 0.5087552327402781 0.5165805831016914 0.48961818051115047 -0.4843414618166102
383 -19.95731681099744 -25.2980063223613 15.422035943263113 0.6884728959639745 0.023699518706722166 0.7248746981714954 -0.0002762007117616399
384 -19.980573923211722 -25.352158600093173 15.378874072435062 0.4970916041704397 0.49281326684617177 0.5123292549313277 0.4975477420561507
385 -20.02445434038657 -25.369287821523425 15.390075277385632 -0.017907676079213744 0.0007051917216946064 0.6821409949527776 0.7310010128904832
386 -19.99144806433035 -25.32554004437745 15.344306565607281 0.4832846332118294 0.4936507944566063 0.534057574209371 0.4873677911631722
387 -19.95864011648684 -25.380433428722686 15.352179670495456 0.7264120825244796 -0.025414446133227808 0.6864096760244787 -0.022833067033569077
388 -19.906553138553956 -25.344554139469487 15.34688970905733 0.9993385889484321 0.0020652330941210288 -0.035438624680938044 0.00788817669339702
389 -18.955801199230983 -25.363893891385327 15.309658508907795 0.9960817326487265 0.027200258093262996 -0.07063779823764309 0.0457343339659506
390 -17.917305760366784 -25.323397771641243 15.167873531973708 0.9973868929500918 -0.02209939346139887 -0.025060334586055916 0.06405452529241884
391 -17.96845604829253 -25.366391147427358 15.223434968342069 0.7459331365551501 -0.6637412034219395 0.050887834194032415 -0.021019015201306977
392 -17.907071666618858 -26.335670162595747 15.308519684682548 0.7774708464109279 -0.6242609495313524 0.057563409079088586 0.05023747412524379
393 -17.733742713119092 -27.312682104954472 15.429896028714209 0.8108633800167309 -0.5838417821361165 0.017271256452964595 0.036483641272543395
394 -17.42224167631373 -28.22347791312083 15.496756625041685 0.749426306158255 -0.6582668179518921 -0.013807668361380653 0.06967321089132482
395 -17.46856898625212 -28.196616890882396 15.481177744282002 -0.5691477031483266 0.5831421370942154 -0.43997105316024065 0.3774143774781824
396 -17.523403032916168 -29.166165486913478 15.488853508991477 -0.4812312118785838 0.5951888645006713 -0.5333968649144465 0.36007571535402294
397 -17.488772242545174 -29.21888477461764 15.456668794509865 -0.6456897839162766 0.7574710201925998 0.07990372193511736 -0.054201030760014486
398 -17.69688833673723 -30.22811977048676 15.444634237035048 -0.6836551816267498 0.7260076192054138 0.01696033702401169 -0.07239389793769106
399 -17.704037837905584 -31.21066649157551 15.487717656465097 0.7243987524893675 -0.6869663220887804 0.026282409168040623 0.05131232479614977
400 -17.79939574018921 -30.21020849488665 15.370295781243598 0.713921558738663 0.001931616838103576 0.003834762264091739 0.7002125187562177
401 -16.812251162214697 -30.155726088565117 15.431477271827921 0.7628062282595462 0.022709049788655938 -0.014582308580320228 0.6460637069690657
402 -15.824638147649416 -30.092590346844084 15.342157045950076 0.7605032915331557 0.02724954613515562 -0.0965354471324936 0.6415396427732215
403 -14.882071193040943 -30.15761917859412 15.210326917073498 0.7261464590735028 0.029190342884109762 -0.001926922010689428 0.6869174119418475
404 -14.872722176855014 -30.164335546798473 15.221296874426665 0.46762041049598496 -0.4487143737470636 -0.5171246997443741 0.5590783553265514
405 -14.874613185315916 -30.117227305977842 15.172424111460469 -0.6102943450788296 0.09166651030980745 0.7867548880544695 0.012442241551352526
406 -15.158152400280441 -30.162296476731992 14.266151435128187 -0.6811216351088809 0.10170897137527439 0.7248711543539127 0.01704150562637137
407 -15.177434992589436 -30.129429335462614 14.320635354815897 -0.4840469096867691 0.49268453725469724 0.5278793208954652 -0.49427113869186834
408 -15.174175260839714 -31.134187984153833 14.25165659863425 0.5342367416473123 -0.492818037794273 -0.5150238474478832 0.45439181557180897
409 -15.140014347513834 -30.149887401670643 14.323912157681852 0.7147659676698473 0.0021783011627924623 0.014043869422163359 0.6992193047940561
410 -14.090421103673831 -30.174210432896086 14.321683984293982 0.6781374161460243 -0.03406940862320753 0.01405015078546221 0.7340105676907968
411 -14.129247860105398 -30.12536432996185 14.275791878068027 0.0058337937549007984 -0.05703239176130346 0.026522161402293902 0.9980029299029944
412 -13.142279097253144 -30.03639696453884 14.349400576317851 0.08775655427373999 0.012428211780398997 0.016127431000526143 0.99593384956194
413 -12.182127133320284 -30.015574584193956 14.28335349461118 -0.009687545639795932 0.0167231958171154 -0.054758293366656975 0.9983125840580747
414 -12.160318593861254 -30.028332402618528 14.333655294691317 0.027642021907081576 -0.052366738179182346 -0.7428473909927981 0.6668368593985758
415 -12.214980049928311 -31.012743268272473 14.410803392308882 -0.0744701847075284 -0.015073602117907798 -0.7803348923321386 0.6207289536648064
416 -11.992334993909509 -30.03542868047139 14.267413786086488 0.6289539878303672 0.004232285322256637 -0.06082979267280617 0.775047550332631
417 -10.9934032128639 -30.083940481351622 14.147150067050307 0.6053360243048725 -0.07762708421346814 -0.021581227995367044 0.7918816730253946
418 -9.967030496194367 -30.171081458296463 14.28435354601401 0.600151559237833 -0.09700360438325568 0.004851539118571259 0.7939678011413531
419 -9.981673228333358 -30.194295879655247 14.33851974361696 0.9987937736753983 0.0015345251375621096 -0.0064765508771119735 0.04864871209595319
420 -8.962330652247237 -30.249842885647553 14.283083193017351 0.9944812610603567 0.05936617037941755 0.030437313639573572 0.08097066847131627
421 -7.954040645577806 -30.153312268123976 14.340444792379108 0.9987170860827204 0.011316804901178795 -0.017255986774799063 0.046242218952983735
422 -7.906431090027822 -30.186211468707715 14.291758225354169 0.7531592647829735 -0.0008312565845530458 0.6552272371311231 0.05854655075729145
423 -7.748814749655829 -30.10793194620967 15.261961502370955 0.7684662107522949 -0.010588233002100031 0.6310973843285584 0.10518395194874143
424 -7.7863931449474855 -30.14621156768504 15.28903115749202 0.9893447285767231 -0.11865710752361433 -0.0026279222953859457 0.08432433157747979
425 -6.798913302747339 -30.336489451290905 15.281966777281971 0.9939248231171596 -0.07602613877200597 -0.07430068338628769 -0.028511062121102628
426 -6.809356099257773 -30.28724210283601 15.30554117922566 -0.6568803509909096 0.017537232742027856 0.019278250706659693 0.7535442913323027
427 -5.846429544346763 -30.264909495804094 15.246670762129586 -0.6941274400240474 0.0071844894515959035 0.008850816095141014 0.71976186559961
428 -5.902778695221575 -30.290296601734752 15.202641778536089 0.028546033004762328 -0.019511897144275724 -1.194423873618312e-05 0.9994020260770224
429 -5.958305048351083 -30.299587934658664 15.16231252761943 0.009753889761763647 0.6959353630371985 0.023527105117395895 0.7176526370282436
430 -5.885716182160205 -30.212328686823792 14.126617042997843 -0.004259149191798333 0.7094447152707118 0.00428374237879881 0.7047352021673475
431 -5.941839792300385 -30.180888331682876 13.106872812201875 -0.02557083833196816 0.7527831984894124 -0.027078248893847485 0.6572140874447945
432 -6.029791638480198 -30.26467442041468 12.143043368310922 0.021670764546139896 0.7223346854727083 0.037087348006682924 0.6902083082264796
433 -6.119262667309565 -30.224703638994118 11.200962684885152 -0.024662876369752756 0.7421601605574015 0.008585933125148331 0.6697136107045717
434 -6.155820115221476 -30.176215273081375 11.18751747353574 0.005661128470956093 0.9997293641502497 0.006802985613747359 -0.02151440138398779
435 -6.17605614291066 -30.18188332673164 11.136838501573052 0.7088988878097547 0.7050388180192309 0.012720183905747721 0.014860311892553766
436 -6.119868530993206 -29.164477571177102 11.157083474535003 0.7337010834310503 0.6737212234291078 0.06763818685415232 0.056634873994494246
437 -6.137344436928698 -29.112513864426518 11.102932916247468 0.5156770004484788 0.5578259855505183 -0.487881179008233 -0.42997599493761335
438 -6.213917579768377 -28.078249632914385 11.05835752087508 -0.5175050883247321 -0.49171091864364747 0.5490041171172269 0.43474513848111823
439 -6.194585907787766 -28.119124884080815 11.011167775419848 -0.7132878239757684 -0.03304538216481948 -0.00936894938813741 0.7000290748767917
440 -5.177697345355302 -28.116302038773927 11.092353668740627 -0.7186957965305155 -0.10177836584334135 -0.04963403302746559 0.6860422574893276
441 -4.247426303093923 -28.080393783884755 11.282727157088013 -0.7228266465094377 -0.0367383978418793 -0.023372378564274116 0.6896561905327762
442 -3.234937008817426 -28.027772161050102 11.315211146763337 -0.7043074386689586 -0.06769545726541781 -0.006959554069883545 0.7066257294412271
443 -2.187220056435424 -27.980998629231024 11.377608882117478 -0.6704430557333346 -0.00801761348797993 -0.008993761739150395 0.7418631539190259
444 -1.147424139029893 -28.02525770819275 11.36026975370748 -0.6637389594530105 0.003692714513748494 -0.011735373401139637 0.7478631148645387
445 -1.1195622944084558 -28.014007646223323 11.327657978481074 -0.5222755901358945 -0.4733129708793909 -0.4775071389613794 0.5245855238056525
446 -1.0283906990041844 -28.065016721309792 12.30336072637528 -0.49604486466598186 -0.47587756939630194 -0.5108449652163306 0.5162532834734317
447 -1.0542020791287234 -28.10909520688919 13.258558305300774 -0.5062712140063779 -0.48326276421831477 -0.45644146381959394 0.5493703201801253
448 -0.9595328051973909 -28.17034208562449 14.250328611168447 -0.498313708230978 -0.48584806413714376 -0.44725807393561184 0.5617787127176429
449 -0.9560661523752587 -28.116530000465392 14.226217412696409 -0.0010007071147206546 -0.6862986756711053 -0.022790709719136906 0.7269619728072819
450 -0.9026307520711317 -28.165376541379523 15.271541993405604 0.013046543030672464 -0.7115538589103372 -0.005348040169857597 0.7024900654465503
451 -0.9182545468703842 -28.157103261712077 15.321894369838985 0.48331599443707396 0.5751360540644861 -0.4820804097531637 -0.4508022264459852
452 -1.0593006059881422 -27.16319254891337 15.415613575245226 0.4102087549726184 0.6295785286300786 -0.5059627670003826 -0.42351072246298044
453 -1.0627470131074919 -27.18465952891971 15.423344729888733 -0.7177997024809212 -0.13882966020482304 0.0048947389483779994 0.6822506534231688
454 -1.0049189420008673 -27.184513618447895 15.381234133639445 0.48190501539291264 0.5398423881434624 -0.5008245236914826 -0.47488161532314405
455 -1.114512697732285 -26.171900919692828 15.368252818953776 0.506555592712807 0.5833818872508766 -0.4674226883102463 -0.42963127862366307
456 -1.2175501860936737 -25.197989671506523 15.40229477895906 0.5236174956839553 0.5053997885986706 -0.5216724545012004 -0.44525680467879947
457 -1.2268943271062631 -24.213528358893676 15.352879787755247 0.5314928350727465 0.5179898996050099 -0.45842399444425525 -0.48892665246568234
458 -1.183149015999288 -23.19970738139611 15.325361036707747 -0.5031104141257844 -0.5016631012088155 0.4730442083923982 0.5210021314641119
459 -1.0830409222828281 -22.204723108639836 15.37602085066438 0.4846503657610624 0.5755300853350865 -0.4944647263517899 -0.4351824654506488
460 -1.216626365204355 -21.188706501873902 15.453946873072278 0.49561186748950464 0.5425738672745329 -0.48175897588648553 -0.47737905746600073
461 -1.1943824549038489 -21.159962340233733 15.505044111803972 0.7226900332979997 0.018802026116723842 -0.6875920110716703 0.06769657226226218
462 -1.0945994320683583 -21.168317647491374 14.551523919865204 0.7070798454863033 -0.01628945330140861 -0.7069122269442172 -0.006917312698907533
463 -1.0793251582250227 -21.138930664181622 13.517490403221279 -0.6848211104217748 0.01974617479843055 0.7266913940680519 0.050495079848914534
464 -1.135189730843473 -21.036996000122357 12.482778580226293 -0.6311825907184268 0.017307102275579238 0.7679328261261991 0.10764839033922063
465 -1.3012406125609413 -20.85337310065243 11.518589647439882 -0.6670090696830022 0.012305053368420336 0.7397818006202179 0.08758067191638286
466 -1.448181886680194 -20.740907158086245 10.543688085655596 -0.683733627569445 -0.003730934002383204 0.7239361890918873 0.091710418084934
467 -1.4034058808587127 -20.768136200050773 10.545862970307933 -0.5125469655522644 -0.5134796282701994 0.4681667798839881 0.5044344810455762
468 -1.3336859993824701 -19.723495645205947 10.60436626515856 -0.5511816283867342 -0.4860754925204337 0.4359677243262289 0.519482022254644
469 -1.1421003768436084 -18.71452347759198 10.656774308562554 -0.47353336093140613 -0.4983654180646416 0.4923983253798728 0.5337995460145674
470 -1.1770395291674625 -17.72325550870157 10.751848813728767 -0.4861086384766796 -0.5131238260515378 0.44958975102004045 0.5461422768055141
471 -1.1295793475892502 -16.737008285546885 10.92448251993665 -0.5733881396179582 -0.4150529404283939 0.4443535836133523 0.5490965222227999
472 -1.1000718782501722 -16.799534606628868 10.91133766252054 -0.6732171207831328 0.08008777348370025 -0.19456874009116526 0.7088777484180387
473 -1.0468778597126822 -16.790730194029777 10.898395999063718 0.4167577883407776 -0.5394752171344943 0.570252807592944 -0.45835703484004403
474 -1.2386554252170752 -17.81166446712232 10.91052708889214 -0.4932569802506957 0.531537549518021 -0.48680851517365437 0.48701422406410677
475 -1.2952730514068937 -18.863758922085573 10.906623777725791 -0.48365587602836974 0.5334354725778421 -0.42515797249756293 0.5484198105472238
476 -1.2742113698246558 -19.88874789051676 10.69025229222617 -0.43184627593535385 0.5044776534363854 -0.4019074169211268 0.6304613543809557
477 -1.2629963022862254 -19.91450902009996 10.700973906122773 0.00873113808325448 0.6434825713776343 0.05810239068282171 0.7632025024578604
478 -1.2159586805896399 -19.876711031924163 10.687017177774454 0.001024760006567798 0.9941259764371623 0.09014162974691609 0.059891396931096255
479 -1.160084726982396 -19.921552155855778 10.640832607354092 0.03799629469263933 0.7428962532937 -0.6648660191105479 0.06793095806703099
480 -2.1114266883859916 -19.93963625286678 10.540535891549444 0.042223663449592275 0.7929087244735807 -0.6029096982911016 0.07754232782879508
481 -2.1232902304323367 -19.964187427098196 10.532456296391834 -0.4568220856030605 0.4764325467453682 -0.3579131334865001 0.6604724062251721
482 -2.092711326536219 -19.943930093650703 10.491110214579248 -0.019533256154452876 0.8098624992576999 -0.5807448777439008 0.08047714690705153
483 -3.1294587253522645 -20.128965710087442 10.39442104220278 0.0015298313562792927 0.7549696824186216 -0.6540682542860212 0.04704420240565188
484 -4.135302905197137 -20.142466770085598 10.276521791304814 -0.05833806765384163 0.727966894406258 -0.6804451740970924 0.06045854413481874
485 -4.080950112405508 -20.18535994037414 10.329106612693812 -0.021699900224218634 0.03160565285992448 0.9979362620868921 -0.051511298271343584
486 -4.042450288851585 -20.228106902886058 10.383488392568662 0.7064033324694248 0.07217463790250525 0.7026363198893474 -0.045687585754640776
487 -3.9884645566150883 -20.22831604064596 11.328314561088254 0.7783609026580038 0.04683955608337419 0.6206454712440935 -0.08221654470680219
488 -3.75649553906203 -20.264644694788696 12.310479754404662 0.7493632018089651 -0.045000840298219096 0.6599903255954201 -0.029025613990444017
489 -3.743453150610124 -20.258997149779162 12.358114525287377 0.06517304241932521 0.0026574501476180085 0.9963891554784422 -0.0543512957111308
490 -3.7791887393344745 -20.235411469708236 12.406779062434607 0.06777307943360017 0.020182886371386728 0.7974350448146748 0.5992468690808721
491 -3.7511196754413945 -20.204341077811723 12.454362743909915 -0.021391457450067562 0.018554414328001076 0.05462579880634637 0.9981052857098169
492 -2.7867079293498236 -20.15350061908191 12.462963702920533 0.09675681846741369 -0.017984544991011812 0.0961595475685235 0.9904887761266894
493 -1.792702824878717 -20.00849104989594 12.475710320486158 0.10479637739141288 -0.11123058061189439 0.12481139603125375 0.9803405493210545
494 -1.7251738015326687 -20.03737541995719 12.434776578813702 0.11281758923644052 -0.05320442341750444 -0.5969641985787187 0.792511972466635
495 -1.6961281581254213 -19.999029571107364 12.46324425807553 0.02637013455479237 -0.030166520699357383 0.047471495851012 0.9980686620238733
496 -1.6384792202308447 -20.047454832009617 12.421522442327563 -0.018990268602554275 0.6458677866027047 -0.017536263715137064 0.7630115670042211
497 -1.4210815322621322 -20.11019646837151 11.420721100707675 -0.04333607718396828 0.732468278294029 -0.0319715578149845 0.6786678312681176
498 -1.5233124584424627 -20.257256927042352 10.422536691109777 -0.04253684455962797 0.7270338853685377 0.022299108911816797 0.6849197734936395
499 -1.5305785671243768 -20.267477591172913 9.385532616170936 0.052485765888522704 0.6648419790200011 -0.006572294730783129 0.7451088459103384
