# time x y z qx qy qz qw
0 -10.879684330750298 9.869073422537877 9.132536190962114 0.0 0.0 -0.7071067811865475 0.7071067811865476
1 -10.856800595358362 8.882433067592478 9.078366120137712 -0.05922994893047307 -0.025329498895708652 -0.6292674733856043 0.7745144779629904
2 -10.644976300707716 7.923592671297134 9.160583199060039 -0.0009803501980117418 -0.0987782685892947 -0.6771359001092715 0.7291974117831173
3 -10.570488009369795 6.976980569553648 9.287584108638775 0.04991379144719589 -0.11372011333333079 -0.7709366003043177 0.6246864073741648
4 -10.796395764716904 5.996646911417029 9.330778472131712 0.10851169571711755 -0.10100235659905592 -0.7293300561601835 0.6679082309984031
5 -10.887683792520656 5.06173993102363 9.334765968888957 0.07103782093219446 -0.1563862588111946 -0.7085164958107033 0.6844715780924473
6 -10.973219637611079 4.061476651481206 9.479802993258222 0.07770380413518022 -0.1928147031652628 -0.720996920502927 0.6610204608720589
7 -11.097929390984822 3.0744616519950534 9.572144099008112 0.015410362147862252 -0.35942059579673186 -0.6937260626778026 0.623957936095974
8 -11.074038247676096 3.162714765972775 9.58206902732338 -0.40651762324921475 0.1617223748420647 -0.6939664433424342 0.5718390254065424
9 -11.051639993301444 3.166535238730692 9.5190496137403 0.13863999423695367 -0.38830345069517214 -0.5515876614891658 0.725086500956343
10 -10.950010475052345 2.2304336963180056 9.964525688118554 0.05142497361415773 -0.47320254039614706 -0.5306497407547657 0.7013171040893811
11 -10.99651984221674 2.2505218653823764 10.006464332917389 -0.2822137416530257 -0.4004709573881843 0.11737425929149932 0.8638296704597279
12 -11.125437100267753 2.2512880833080176 10.034401297009017 -0.028836828201248225 -0.4013887418412715 -0.5507376853727933 0.7312615928466303
13 -11.122721748037032 1.4624338772638663 10.71199292913588 -0.052395127264348806 -0.3300764295498229 -0.6532947677833618 0.6793454553329087
14 -11.182253567612998 1.4058073155343402 10.710598649050938 -0.44544338831236036 0.742303580994782 0.14983476315263483 -0.47761399184081765
15 -11.332829654344753 0.5941888155071405 11.270993797326033 -0.40550286059594465 0.7652157751391251 0.08371213672205706 -0.49295489214750804
16 -11.576545111302167 -0.0059445497180352636 11.977611360478564 -0.4128668613606076 0.816470485898608 -0.09160535471570055 -0.39309713740263036
17 -11.944722982761007 -0.4920034480581577 12.616228090519472 -0.29763020353292374 0.8734027237699244 -0.04687830436926668 -0.3826047159088473
18 -12.432181874399843 -0.9557745579743148 13.36644370519414 -0.44784010274349106 0.8630435264310096 0.038493310842116 -0.2304634003060769
19 -12.412962975162214 -0.921715075834137 13.391026210847409 -0.346377254258661 0.7395686207397079 0.3788985002917945 0.4353125077757657
20 -12.763166148791012 -1.1039621400742814 12.505225359330968 -0.40661623983960477 0.715917604950793 0.2656855301870748 0.5015340621228372
21 -12.804474014146948 -1.0856082788569066 12.491363494616104 0.11713960891160216 0.7788524193262715 -0.19771213480716335 0.5835898668445535
22 -13.094360180248366 -1.1502331090612012 11.548535350794571 0.03993433388953536 0.7503791701069499 -0.14038419130258986 0.6446926623428573
23 -13.35838605052621 -1.212729550790532 10.61505128064333 0.08463699602130989 0.7172170067836087 -0.06561959047400984 0.6885712842043826
24 -13.456677333236224 -1.1645768353839008 9.650808185537732 0.11429569003430406 0.7010744414950182 0.07308684029250904 0.7000638802981394
25 -13.440546269054028 -0.9108795653281382 8.70818228998626 0.1388782939037202 0.6078442577730164 -0.06896087686907242 0.7787699116145995
26 -13.42843086994792 -0.9651387323575299 8.684207945911966 -0.5430970881531331 0.5315337562610969 0.3405722896317743 0.553649649444057
27 -13.238901158173725 -1.1723417487607515 7.75954621226238 -0.5323344391770919 0.43928921433945645 0.41399735606119653 0.5935075569909558
28 -13.067799002436997 -1.1952161359343114 6.883830634497419 -0.5213971670184132 0.4418901675838954 0.4670437235100573 0.5610242725120814
29 -12.957540500501667 -1.1798615055577617 5.860606159737536 -0.479145199788985 0.3979515969696366 0.534739844701865 0.5710584054864396
30 -12.904227167591795 -1.2556406531877926 5.964343601518901 0.12708718681214295 -0.1659135236843706 0.6396373674206028 0.7397199387647002
31 -12.786480593964109 -0.3575626622885606 6.43919254917163 0.13397408593013063 -0.178889034847537 0.6040110439997796 0.7649969387107369
32 -12.68302071372792 0.46907192988619817 6.800315901472647 0.09025765192437843 -0.11001573565251808 0.6793210972567182 0.7199117591759849
33 -12.617115249642197 1.4226597931853484 6.973148442122776 0.012654937509106436 -0.08605486257857714 0.7344932298846576 0.6730186538550222
34 -12.686863775613828 1.3731176035155699 7.050604094365629 -0.4460914963091283 0.43925450974472163 0.5361493295237634 0.5662170511745703
35 -12.630663547843705 1.5508026761532192 6.120801912586266 -0.4435150811564293 0.3975192956455142 0.5977058004518301 0.5366754684933323
36 -12.687924989008042 1.8670471263408233 5.1678657146394285 -0.43218322034176626 0.38198922674119645 0.6070938660272451 0.5465701533570749
37 -12.682583219359154 2.2307894880887114 4.2794510713570855 -0.2958108263807846 0.3935277730295345 0.6806413797295947 0.5425487619100481
38 -12.82632311982123 2.7138914045699463 3.366388300342167 -0.16973100666684213 0.5398257967887559 0.5563906728810902 0.6084479547407264
39 -13.010085513208955 3.180898325732602 2.5102042928002195 -0.12818588607925388 0.5627941160040715 0.359519651278941 0.7331962779130433
40 -12.852526372133427 3.595026274493235 1.6338389188094071 -0.27382277917369124 0.5116797365859003 0.3103326783796779 0.7529266640933067
41 -12.549848332592324 3.7880957235839783 0.704807346102223 -0.17425684238242173 0.5460709320073603 0.41594605122257655 0.7059957312702864
42 -12.609640476454654 3.846280082752161 0.7019212984308382 0.3676012675393858 0.6256399961596965 -0.2181098028143591 0.6525887044877596
43 -12.461518688498838 4.132716645096065 -0.36142878767644315 0.3939850258243074 0.6038689115739875 -0.34579277801449493 0.6004544043752902
44 -12.421121141887655 4.111952401939004 -1.3054164041757226 0.3564238187223938 0.6459206171352724 -0.4181821235572801 0.5299738949647012
45 -12.33049246145622 4.203168440217922 -1.4004517020071938 0.7448556799418279 0.26216020066509177 -0.016280149184317482 0.6133490050437617
46 -11.423761414806085 4.6544576505286654 -1.7957193912935474 0.7883380718376897 0.28825067939455806 -0.08615746321944454 0.5366670493438174
47 -11.445309441073366 4.575618902055184 -1.8323539114116394 -0.5978638749348342 0.19769292544194972 0.6687355827233636 -0.3953087586656174
48 -11.465734103672885 3.841037803758036 -2.496435439365234 -0.6510050360421661 0.18501471218753135 0.6577990496204379 -0.3305486494305355
49 -11.457376765421834 3.877260982204002 -2.5304305793443964 0.09995101930694361 0.28756913820165975 -0.7607420399295756 0.5732236327797765
50 -11.828729614140691 2.998797717969322 -2.9022055085153924 0.15488093327461394 0.43574935451109864 -0.6834972415761654 0.5647706767431511
51 -11.874640933814476 3.045264580761374 -2.9573430120623327 0.32823737873296693 0.1308141187545581 0.0015140343790980828 0.9354921684529903
52 -10.937244167134105 3.1897093056281185 -3.1270927700376756 0.40667766595167504 0.055897130212264515 0.10340395163036153 0.9059781507505338
53 -9.859313116856741 3.4081804813625944 -3.125793582630901 0.4246841743201124 0.12526166049500226 0.1027621819109592 0.8907259974094043
54 -9.005479179984789 3.621857950705121 -3.368020268850357 0.5703239522952752 0.13420607283042504 0.1307971081751238 0.7997571105946831
55 -8.111218721650324 3.9894381334333784 -3.5192461021685224 0.5334681498849844 0.15438937428773705 0.04136155722226177 0.8305810470685462
56 -8.115630035861024 3.971985048329669 -3.548670968620374 0.29293122114765063 -0.6409092491666936 -0.18665773514714498 0.6845330699968185
57 -7.925873316237289 3.278364148129241 -2.7918177193091394 0.21346060704059916 -0.684720844835098 -0.10019800219324786 0.689602997562112
58 -7.815656325567095 3.2616742361324116 -2.7359898875319693 -0.3319404978012666 -0.35740176732366824 -0.6183664911964178 0.616199939304441
59 -7.786046523282953 3.1244161317294084 -2.7711294628528713 0.13367738492563572 0.1290473978699111 -0.5432271688379118 0.8187682021786112
60 -7.392945460397329 2.2254546432171898 -3.0368816694841483 0.13322212391372384 0.0950241951647487 -0.40923564155627373 0.8976349245173303
61 -6.7915098812813435 1.5277519427063577 -3.244132322649537 0.24826258743961296 0.008163415506689546 -0.4390651242017892 0.8634355002168494
62 -6.140672005256562 0.7638106566589256 -3.429587492753678 0.2282464587701505 0.04911285997185948 -0.527607408346952 0.8167753079652219
63 -5.6618480310621475 -0.111319322635266 -3.8129554030962125 0.16248710966842597 -0.07322167947123463 -0.5303016550907657 0.8288646930923088
64 -5.296028331810668 -0.9779459418928426 -3.8908275722718066 0.05356591968186954 0.03416531443997712 -0.5537339287173235 0.830266318553951
65 -4.961228180061757 -1.8735960406267844 -4.000989668140751 0.20570582076916658 -0.11035613708480757 -0.5004306126051524 0.8337120847613009
66 -4.386036561798761 -2.7435461766650677 -4.003646465707487 0.2889834623248946 -0.2497732389191974 -0.4650289449565247 0.7986550995111414
67 -4.454586800664171 -2.7476292406728584 -4.00273110995347 0.563703056908734 0.12204515206895711 -0.24294326651647608 0.7799502636338538
68 -4.411096864161895 -2.790037623179367 -3.9978462256877676 0.5076262234230688 0.5791472472744346 0.20657882435539457 0.6035141030627373
69 -4.134660946496984 -1.9775680067472114 -4.4533268184044985 0.36778243656025666 0.6640774162286768 0.11334043338026095 0.6410079646728422
70 -4.11024649473118 -1.372963780323193 -5.129123196357774 0.37541241913780343 0.5854119386783216 0.045089631622435684 0.7171647667936177
71 -3.842662404456216 -0.8458910020328295 -5.992421644662437 0.4684740093601459 0.4696175769507842 0.13281100585361558 0.7364459726938936
72 -3.399853593776918 -0.23453518277601526 -6.607211919796296 0.44129669325822884 0.5816515729136801 -0.007699666366547993 0.6832857318752077
73 -3.0345236696931064 0.28913993362379675 -7.367540016205986 0.37270646877511787 0.5666750247728503 -0.033824968594621724 0.7340471210565738
74 -2.6729192200119956 0.6797717261568674 -8.226392790541738 0.29269386320588925 0.6591555968670813 -0.08110196137782158 0.6879438010630546
75 -2.6319306353798706 0.696601909633916 -8.15840390097508 -0.1653320446408418 0.706335428137023 -0.6112771541519726 0.31637923254416156
76 -2.6181684239215097 0.7410439434275121 -8.171330009267407 -0.3679789441301603 0.8844976214946543 0.17466369990093744 0.2274819689207624
77 -3.2823176604836637 0.19102480349927808 -8.818293096134452 -0.4290507380014463 0.8708491262265337 0.1389337692698364 0.1955368797116615
78 -3.817318370636627 -0.6178481640299929 -9.307479228666686 -0.4361933433348298 0.8746012461601758 0.16173068886788997 0.13656943920133985
79 -3.774341232006626 -0.6597645820788438 -9.262258340484381 -0.35889321459264784 0.5478871729303779 0.7205902937865087 -0.22751908658041523
80 -3.806623072652465 -0.6011500927176188 -9.329861124760635 -0.2935663912683515 0.9557937464659045 0.007370056818742464 0.014925494860660322
81 -3.8189563332350085 -0.5967171769133431 -9.40358457787714 0.1935949296308427 -0.6604865892430023 0.23503486085774425 0.686321413648849
82 -3.820668191249144 -0.6494531833294674 -9.368858382112712 0.1966999669674301 0.6599891722055614 -0.6516119523569772 -0.3180020111759644
83 -4.573703027366673 0.11685715578675926 -9.177225926557755 0.3283524841990022 0.6467964141847983 -0.5667142120272002 -0.39073526409120046
84 -4.529269767461382 0.12453043488318633 -9.254222650458011 -0.6754394601229446 -0.2473266020050755 0.11015296126597622 0.6859135607157688
85 -3.6924728345212783 0.6317871987433457 -9.06004707931177 -0.6596079213259617 -0.18723673405442043 0.032282364547315735 0.7271984904301663
86 -2.8159810896022965 0.9355066056126032 -8.804813779080769 -0.6918638973507714 -0.2575387190257598 -0.0675946369699043 0.6711401647927795
87 -1.9291344378507516 1.19057950984896 -8.341933545664324 -0.6361625597747906 -0.21025156583881965 -0.17066859120147213 0.7224705589713781
88 -1.0115409388265473 1.1556852219543472 -7.809588592204564 -0.6287118764493583 -0.38331249108965726 -0.1331507182843682 0.6633730449803681
89 -1.00182854031214 1.1805277031669716 -7.9263788061854985 0.12325046922606675 -0.34917994745031605 0.22875850074207826 0.900306744655612
90 -0.3715451727514125 1.5242606069239193 -7.314873059599026 -0.030074906166888977 -0.43623887304819037 0.1527804932600889 0.8862557568444346
91 0.0888153387532461 1.8210136251473188 -6.567726994700598 -0.12120214936448188 -0.3089132647114622 0.26046411839480793 0.9066648095650075
92 0.6780988560833459 2.4018514846344408 -6.14204092885145 -0.14478155288935238 -0.3163929773845575 0.14933579122061233 0.9255444923207075
93 1.4113357234648447 2.8000719136231433 -5.510344089185181 -0.054235536218329446 -0.3905667382802013 0.189324997050331 0.89926201690729
94 1.8979571349634892 3.252967874909321 -4.78138099873568 -0.11705311535869743 -0.3300715640312588 0.19331129809005895 0.9165053588678674
95 2.513231203553009 3.6769686289566645 -4.236266460181777 -0.2158766818343096 -0.2663996489979109 0.21978272871408186 0.913303912951757
96 2.548086993815871 3.7127166815309423 -4.173506341298417 -0.3288523428610276 -0.10047049406104208 0.80427409742692 0.484669983211315
97 2.2484455153566953 4.681447055479104 -4.5730447338720435 -0.15024493200110992 -0.1355404749775828 0.8651384532226531 0.4589016199648331
98 1.714193967261724 5.560413079701205 -4.707901199640355 -0.023614603085823107 -0.1912013739995897 0.7314710119055285 0.6540906235711299
99 1.6958718463980318 5.537916511632419 -4.662078423171567 -0.22708442481911642 -0.03650613590168355 0.9717618863087901 -0.05271434684865965
100 1.6101908122445747 5.594948853886593 -4.681353179952265 0.09205737495478941 0.7291567988680827 -0.6719393714537901 0.09139629900148899
101 1.6916816726752772 5.695644523713168 -4.624884285560745 -0.22662980191757912 -0.11029850975162986 0.9676821155123836 -0.008030874600322917
102 0.793141025907068 5.784803633753088 -5.041872672985569 -0.2545928845269137 -0.02823412128627374 0.963413248795105 -0.07886830535467602
103 -0.0832677930618303 5.660701991323665 -5.454233860796467 -0.34523063122798797 -0.058032729290155884 0.8933463275467239 -0.2817451910003817
104 -0.042551473647159305 5.606582234349407 -5.419032466300436 -0.23817169915434985 -0.30052297899563296 0.8668050702972193 0.31876190318881065
105 0.003156395654305963 5.645309559750911 -5.392883610878302 -0.7018523346813006 0.033140269480095255 0.3918137413773228 0.5939587653272734
106 0.6176852870228379 5.940047765481017 -5.969734793442229 0.8364477165690286 0.0021532979315089943 -0.3082127513732537 -0.45316164957485655
107 1.4225935205569624 6.205585419302288 -6.456124077479226 -0.7995118466573345 -0.004839407190009133 0.25002772098580145 0.5461167695019773
108 2.351472601956158 6.457127124226859 -6.8746646833204705 0.8266150243334629 -0.016168477095317664 -0.26113571242035766 -0.49825126351402166
109 3.2703713090354363 6.688145711274063 -7.341696953913267 0.8500103491759565 0.11802888914401455 -0.23397491644181698 -0.4569544026456505
110 4.115730105477125 7.049617874181018 -7.588426822992616 0.9311404691003612 0.1361183541412367 -0.1543016730924937 -0.3010651327375811
111 4.121561192793654 7.049770395202039 -7.632893702716978 0.5193479280061675 0.7927263009125863 -0.04153041997269511 -0.316445833807367
112 3.823658166321307 7.978448284989542 -7.130479725390003 0.46589221883543264 0.7895646635672596 0.06440563410984014 -0.39418776841681247
113 3.5234940895849114 8.64501595169659 -6.445230785162931 0.5479942647114052 0.7392769863679779 0.03493939203600999 -0.389809007276949
114 3.4811666993655046 9.407554204206923 -5.863581109998378 0.5024970420925636 0.7590069830083496 -0.11078314581201444 -0.39891379649841774
115 3.3160045165978396 10.285463355902596 -5.483977270451018 -0.3819671183533464 -0.754270380934602 0.17213521865160528 0.505516349331426
116 3.1434533432813256 10.993181347544482 -4.793142447180143 -0.29164400064984086 -0.740974295142842 0.2551519983364615 0.5484508442581086
117 3.0031664260120112 11.705711872260759 -4.057928523943671 0.36497004267031746 0.8026682803014543 -0.2644286230917861 -0.3906379436779211
118 2.5728947357054253 12.49076977648969 -3.5592521069336724 0.29288920655668294 0.816103609621783 -0.19296556751509403 -0.45929848769451725
119 2.1512673749094944 13.11731450217583 -2.920774591269608 -0.140248227567959 -0.7741176262148883 0.18333487716369004 0.5894579359571342
120 1.8797887356393859 13.544386127668053 -2.052983447265067 -0.12271891596762442 -0.8189595683377134 0.09774721466571705 0.5519880208092637
121 1.5092845191346531 13.875662651655226 -1.17001972743586 -0.009365165853848426 -0.8135476303616248 0.06251401127026099 0.578052372364662
122 1.1408650284016422 13.935525316209857 -0.18880207159636442 -0.0902932844860457 -0.8147696732267062 0.24295997988442447 0.5186212013997534
123 1.1178163954051832 13.874946911691284 -0.2303604325553006 -0.14055532782438407 0.8749564050362454 -0.24300383043162244 0.3945182220148884
124 1.1426320652400865 13.843577176845788 -0.32456316943638447 0.0944327231314831 0.9058687942775293 -0.27991493911897175 -0.3035322309313629
125 1.167921536261839 13.82208565704556 -0.33873149582589057 0.7154283848329487 0.5200338265768412 -0.44129186367613077 0.15161970994700194
126 1.210292779180274 13.84261257051635 -0.41038714396858034 -0.11330750096221523 0.7831375891369982 -0.5030862848329655 -0.3475070024033364
127 0.46363555537051493 14.005481278175687 0.21477431188570517 -0.1346137508402312 0.8342382818115575 -0.3881204372419767 -0.36781537955871496
128 -0.22595002470465186 14.190811123830542 0.8264472629533323 -0.056271726661994384 0.7878774299830739 -0.5342614087789271 -0.3010770585602642
129 -0.21439479249015791 14.253132062806133 0.8505629542803668 -0.5128811735056903 0.7400495350517083 -0.27621720113842085 0.33613039929234795
130 -0.4122096845884843 13.44879417943185 0.6324236814924467 -0.45109688823615984 0.683924963323018 -0.449789513936918 0.3555947625031238
131 -0.74655440454505 12.568950304853198 0.5015782561213348 -0.3668416780683718 0.6803659491468182 -0.5818539169966557 0.25293354413596364
132 -0.747694014467851 12.466536496774367 0.5173253250853995 0.16967155792443103 -0.07695020591818155 0.9574641262534483 -0.22034671583295
133 -0.7206388368391897 12.473301176790285 0.52456911798464 0.7664767776844582 0.22299059590770606 0.5893288429090071 -0.12441888250063243
134 -0.5380489065730227 12.792831663018115 1.5152960567826383 0.7748003815513251 0.319185353220945 0.5430600853210733 -0.05376637209455343
135 -0.5243993410117483 12.799102697384795 1.4745041470250897 0.41665998943250654 0.7877131716626904 0.06492210213782322 -0.4490963516320458
136 -0.7546803421291031 13.443539112814914 2.2053648418703484 0.42659876603372415 0.7443571545119833 0.17086365048754154 -0.48451164308755085
137 -0.7900473704179056 13.445779557366683 2.1404667752434374 0.12466217063472516 -0.5396146956580287 0.3498621551826252 0.7555605838140979
138 -0.7754173910933113 13.436933210358461 2.111714925353936 0.37415826044539807 -0.30161049122644484 -0.4138583429768627 0.7731480968553578
139 -0.3093702275217183 12.511871776630377 2.324026320073719 0.4588810766510272 -0.23795435408192178 -0.38138761904243995 0.7663872173426356
140 0.2857984398567306 11.764955835616469 2.3326257437215028 0.4833635646023959 -0.20288819121620794 -0.37906399628887744 0.7625657565071926
141 0.9568417314512132 11.019640352831583 2.2184273544217064 0.5327691721675986 -0.1892149672500292 -0.4063251304817689 0.717812366635875
142 1.6335941001337355 10.245422350054163 2.102459889123849 0.5845423672938651 -0.2740917240562402 -0.42107040116253036 0.6370899974942221
143 2.0989443313474645 9.391403958050603 1.9609091764593005 0.4868273392933349 -0.15145059470379366 -0.49546962726350496 0.7032579239082934
144 2.6206870096564128 8.61627201454292 1.711470272822075 0.4568787835532885 0.009638158131217326 -0.6362996058103889 0.6215236879574655
145 2.8856949138235484 7.856353575516465 1.1043171686310411 0.4334679965458446 0.0196326635124121 -0.7204573040541475 0.5409818181131134
146 2.911338035265206 6.99699541408597 0.5115808735878927 0.4539990193736055 -0.0016195012231749292 -0.6873466844216378 0.5669539690646629
147 2.868612082999385 6.967753066403365 0.48675347665791036 -0.4445372464221527 -0.27734935058190036 0.8480807314464617 0.07888629300736007
148 2.207061699746654 7.37066877426219 -0.17228491444892813 -0.5018277587372983 -0.20464678778060547 0.7936231364646719 0.2764975769871348
149 1.8418734178962914 8.021511750951326 -0.9196261061334539 -0.3947065038175385 -0.2476896962270974 0.8363750430402367 0.28867521127818696
150 1.789918494015167 8.079422921103964 -0.8188182411233677 0.25309789767520435 -0.3747600167871483 0.8880726430619299 0.08260366005865721
151 0.9098990325899928 8.033039025418237 -0.36066707398820835 0.06444792485560245 -0.48808985178732495 0.8702203828887056 0.018200185962475815
152 -0.09022511628972463 7.9296499959712365 -0.22888018806752128 0.110396107725104 -0.4442372721193149 0.8868727492399299 0.06263123912829523
153 -1.0401586459815917 8.089529441422066 0.008475218356675834 0.020522215913997166 -0.495714582707074 0.8675520524979938 0.034631305953561176
154 -1.9586395373725156 8.13462801128476 0.11721740382049506 0.11412487236899231 -0.6033111808389012 0.7889017905259378 -0.025001949654009852
155 -2.8510552016563167 7.925096449804142 0.26750746683476334 0.1455263086684105 -0.5764466808486859 0.7965885346506018 -0.10944415967554927
156 -3.7833508337092656 7.694764034466516 0.3258682399294125 0.1703443085126085 -0.5548959991343928 0.7956015736605542 -0.17346867927915785
157 -4.7249718504361615 7.219312384764886 0.47692662803971053 0.18810512441026714 -0.46933328896996507 0.859884244526342 -0.07029802309165968
158 -4.71613746153292 7.307244563933655 0.5501562389679282 0.3841183238531699 -0.2526644932755558 0.6302112485247511 0.6256576934322098
159 -4.6700065135967925 7.302718779849582 0.4875452866586434 -0.08267134625894067 -0.5848062740085239 0.34882468994659366 0.7276595399441032
160 -4.588080115723996 7.971707701258107 1.3206104797283873 -0.15419081708932394 -0.4984315544722077 0.3970661314607911 0.7550693111751442
161 -4.639686044271216 8.017870046193718 1.3027549656968667 0.46298574841013035 -0.041938834069762156 0.7187055146107562 0.5170567804739354
162 -4.639795472810849 7.953666818794996 1.3194983207393538 0.36998598695705387 -0.18110769822594433 0.8779448336317721 -0.24397385146362527
163 -5.2207488650750005 7.368055249786616 1.9164908456096275 0.51950727957398 -0.193035282102576 0.7698479003334591 -0.31651820908975475
164 -5.475386804824462 6.629821836605536 2.581241197624879 0.46718467138425207 -0.19519647120053196 0.8000950742206346 -0.32169036768657755
165 -5.473827592370552 6.7001809222280375 2.5539590806278953 -0.19709736565356079 0.30439896763965124 -0.2897387147363515 0.8857456599584715
166 -4.840255560050397 6.147521428634298 2.061998687413281 -0.3487623118419065 0.19062378629915808 -0.39873698530971796 0.8264600646624006
167 -4.2614112870112 5.331515246480739 2.0269185273556207 -0.39139466092245323 0.06401079934799461 -0.5031194575630777 0.767843505142593
168 -4.182136613093286 5.32478961218664 2.0496666221663515 -0.14812280016746862 0.3750546923649582 0.14066749529814945 0.9042158312992091
169 -3.43760355357779 5.450334213337117 1.2866901712154593 -0.1569432961625013 0.526791702108927 0.1419466243519099 0.8232317172059922
170 -3.0837035733847635 5.582014168063782 0.35309215902355695 -0.19614016597962683 0.5008821353957015 0.18551926353036335 0.8223312742381127
171 -2.622921588803725 5.6841760736766265 -0.5426063199795683 -0.33665164307489637 0.43251240976002203 0.2064179086074173 0.8105494023344236
172 -2.134325901744486 5.769385821277322 -1.4008548465833721 -0.1848879245436638 0.5496398784599859 0.2078406582456642 0.7877275672111758
173 -2.1405483731141093 5.784690894230662 -1.4069595841080245 0.670165514574477 -0.27620257405759696 -0.47720519100872344 -0.4968556398325491
174 -1.762512709468845 5.892233864498532 -2.316415370356954 0.5947956522073274 -0.2637382173668831 -0.5838844655975884 -0.48552982982430326
175 -1.628683160763587 6.153034522818497 -3.1778167074784336 -0.5264160305409261 0.2863353796034546 0.6959223202027085 0.39571496992224
176 -1.8102579621617376 6.415517940465716 -4.134527851118788 -0.5854623731082096 0.282814576442916 0.6724467590404729 0.35364541744787453
177 -1.9048830036455293 6.553613316633018 -5.142114066470567 -0.6170430594243488 0.23356938251001935 0.6992274806263155 0.2752891874140778
178 -1.9259487648743856 6.67622804880249 -6.116646430424921 -0.4614470125074401 0.23569877859143162 0.778644045141964 0.3538731289366643
179 -1.897461799186038 6.709952291686664 -6.149990608330389 -0.2461864091436708 0.5050312541940666 0.7608010557848992 -0.32483447747536903
180 -1.9630740065822416 6.729539215805606 -6.102323566181037 0.6767219623299123 -0.17659636719343857 -0.26962155922856623 0.661940574065067
181 -1.2588498446721603 6.111824025663047 -6.269329809377144 0.6852600102289326 -0.3341277720181158 -0.22960484031779266 0.6050280717866696
182 -0.5393297125913679 5.294895765673972 -6.245136314651298 0.664128304828797 -0.24597733966472587 -0.3425298814111781 0.6173346122137795
183 0.05151096751055251 4.540456545995314 -6.39895150025479 0.7749565245415767 -0.24709034406404534 -0.40271864983117944 0.4197695034407624
184 0.7237903100757163 3.8114795810588853 -6.813503577865096 0.7046483884466289 -0.23733499916404915 -0.4630011860267711 0.48246517860792093
185 1.188046218828393 3.012673194534932 -7.3370522267953575 0.7716267669410617 -0.17435889843384378 -0.3714560248191613 0.4860159757688712
186 1.159606509848036 3.0350579118338796 -7.273854110021783 0.873201804658922 -0.3972003167862107 -0.11443657743980132 -0.25817588274120423
187 1.1131793158729544 3.0030250449908498 -7.212332582517389 0.9040985121236655 0.36697049145763183 -0.016438530956888672 -0.2183307433118339
188 1.865912602669835 3.70334092266933 -7.111379386611724 0.8887722500467539 0.4132873733648145 0.012222148976477866 -0.19780812328728975
189 2.4064534501054817 4.436205986614638 -6.9136991709641 0.90484072834019 0.35302000902717195 -0.1571272283783322 -0.17874888437524125
190 3.166866447633888 5.072433692205788 -7.161551345378097 0.8994876374573288 0.4110745272087324 -0.11032799459260717 -0.09883044445272751
191 3.733925362395082 6.016708534947494 -7.352039654815393 0.9044592209764287 0.3852852812011834 0.03751953890906115 -0.1791676697411905
192 3.789185498497654 5.997488877841106 -7.408378122983019 0.33855620290869687 0.9218411410312688 0.07330743435776135 -0.17382355491157098
193 3.138458180741009 6.66339486372291 -7.051959324482875 0.4539466647593822 0.87117527781722 0.08944985679073901 -0.1642704598947682
194 2.6195248928343124 7.406592763349274 -6.708862893964917 0.313513499662928 0.9346314133664136 0.13434566261292671 -0.10062131789485239
195 1.8597271252933254 8.055422665951236 -6.447918340103241 0.22206490159569917 0.9384918853288234 0.26234557756231275 -0.033090158427233354
196 0.8803856182067944 8.457032480551055 -6.307065674110752 0.08468906083238713 0.9574174578110682 0.27487345565164695 -0.0249831509630315
197 -0.08498912521233637 8.548951372885213 -6.151654338484774 0.0943945751667287 0.9290960461609011 0.29121861439312835 -0.20751366176283356
198 -0.02916593007647616 8.580944049065904 -6.078916657330532 -0.5629220526627441 0.7349879923973303 0.35733592035817346 0.1233793081496329
199 0.05751112128356641 8.6499982952503 -6.125684042734866 0.5604190224179603 -0.6431583641672111 0.06017278013952228 0.5183214007197995
200 0.29432100549362816 7.9771140726714345 -5.384754157185809 0.48731035017377083 -0.6643653400588534 -0.12387749993991662 0.552993383821756
201 0.31365729123305586 7.138671665208695 -4.817904552359195 0.46614874277198876 -0.6121298965496528 -0.17187035100786208 0.615193401953109
202 0.39304659970954037 7.175567688830987 -4.795488058241102 -0.24338380590305936 0.7584467819368556 0.6038310071670365 0.0301813978704173
203 0.39958420242209813 7.209418650154442 -4.788592552895436 0.7121156167107113 -0.4941834562937289 -0.3173865847086916 -0.3846294526024491
204 0.4215874731041373 7.287236632224124 -4.739132589443069 0.7742411500443603 -0.1462254517008846 -0.6155340986236338 0.016927264529407467
205 0.5466060130359147 7.019147736647987 -5.610260599031678 0.788032450029259 -0.1716922773894623 -0.5883905483097566 0.05764704888757767
206 0.8291968393510277 6.533296690350766 -6.525262877175882 0.8269216473909851 -0.2361007183557861 -0.508389401920231 -0.04469066886107677
207 1.1313349047753856 6.204074917690447 -7.435809270050205 0.8062648297168694 -0.19324078110068052 -0.5590540992816314 -0.00731703202326379
208 1.4130350745236817 5.9155069454198514 -8.327698961761069 0.7724001732604165 -0.18476638214847854 -0.5942293732509869 -0.12708583060585305
209 1.4036031616262867 5.9727943564027814 -8.358691186906714 -0.6058847050225671 0.43877384896695765 0.23927865735030882 0.618972501666328
210 1.9059345543150485 5.731834447014407 -9.19036056878448 -0.49110404566795496 0.4402152021080449 0.08708917552070937 0.7466209665343343
211 2.506141853154195 5.399303013223029 -9.949687991514118 -0.5041892972070349 0.26768818649258025 -0.0019313074109175445 0.8210556969206623
212 2.5097588098779875 5.522629378200485 -9.996409398310831 -0.4192707674211085 0.7803992181945387 -0.27650087905551424 0.37247328455742285
213 2.1812317046012817 4.657076126988778 -10.374916211998066 -0.4631003133379318 0.7653517428994382 -0.27499080515575525 0.3523561642811015
214 1.8142750891481358 3.7704761414582135 -10.717651519066868 -0.5127061404228773 0.7221338842269621 -0.310991109620824 0.3448762046891109
215 1.6264622657561265 2.7771787328285233 -10.926869628057494 -0.49701583600344745 0.5944585170331061 -0.47508511396421405 0.4169993582467523
216 1.4232232537129161 1.8163096041966653 -10.867835524963489 -0.5276631546993292 0.5365312830138964 -0.4853140150001677 0.44516972534599625
217 1.324065748221645 0.7870400885548201 -10.894572413215522 0.5035998277834224 -0.4599991881540317 0.547037191361647 -0.48532285297655187
218 1.348572054946845 -0.27906576310944553 -10.79975803944384 0.49864596865032673 -0.491411678943344 0.6440316082186037 -0.3083667416603481
219 1.0376572432611555 -1.130936395397339 -10.401879953539465 -0.48539017135202933 0.6280325926443424 -0.6020497151153845 0.08664631937224591
220 0.5366776086369273 -1.9871884078532491 -9.863564363498805 0.4550916353653932 -0.4987108006690839 0.7270934797970857 -0.12455606108503034
221 -0.0910907598356061 -2.579231887511276 -9.324291557513261 0.36414068468853167 -0.6157125873383958 0.6984134849784122 -0.022763469593511953
222 -0.7738697955546201 -3.0059690662800507 -8.81193396033628 0.28252788172069226 -0.642469501046978 0.7118283408623775 -0.02667113458368095
223 -1.5682480225135884 -3.3781397815216385 -8.527165362158364 0.2630535557717943 -0.6083714652714127 0.7420313863222348 -0.10038131674785022
224 -2.3894514966621805 -3.8570246398190573 -8.30343377916413 0.19684258016571315 -0.637653907185057 0.7270194237129003 -0.16153405470518659
225 -3.262883849797839 -4.4004756054212235 -8.138796229590541 0.25819286206335146 -0.6355405123846114 0.6883434264844652 -0.23581354989284792
226 -3.249612887514303 -4.400868395200991 -8.180867370145762 0.11059903483188191 0.07015535995362045 0.9206404350017298 -0.36778698781204855
227 -3.959901581954692 -5.020460709782908 -7.976211340356074 0.11073819953932283 0.27012707971324623 0.828603577573373 -0.47768663703414366
228 -4.445958462285795 -5.705225569862178 -7.512336979465669 -0.1514127768818092 -0.4119816914889362 -0.7435892332830681 0.5044009407409493
229 -4.855087926185766 -6.28450265435502 -6.771222112596898 -0.09283622872346903 -0.5101985511793888 -0.6688613026416041 0.5326381800429183
230 -5.297138710968082 -6.877716279039095 -6.117540655107226 -0.14316277005394543 -0.5525795105328134 -0.6482023565211783 0.5039781848554432
231 -5.743257562722467 -7.420107536786973 -5.379139596966055 0.1472759280690322 0.6279582619379359 0.6669527313904854 -0.3730312002581867
232 -6.524834354342296 -7.751981022363921 -4.661875441742962 0.06435542912094232 0.7267541547473603 0.5794549423858114 -0.36320620457911346
233 -7.354009133962217 -8.036808599768257 -3.9899918003506647 0.050857514774320094 0.7529319139802375 0.45999786638080536 -0.4678771302662079
234 -7.943220564367249 -8.394453346582125 -3.148519389478349 -0.01760465053721219 -0.6490587593614334 -0.49657927603097557 0.5760397779600035
235 -7.943400049710949 -8.481966301348857 -3.124776213186467 0.29764352500768426 -0.09589297240385215 -0.380838021771668 0.8701581873645714
236 -7.820554852231882 -8.442872791719399 -3.1137357839756725 -0.35787197528530457 0.17049926245230326 -0.3341697662865651 0.8550954438591036
237 -7.8306342951887915 -8.423873730659647 -3.156370871926984 -0.01021636953970535 -0.5980746908163902 0.629625230387181 -0.4957563506988057
238 -8.305051680058245 -9.06961041067698 -3.69988000207389 -0.07592663703122512 -0.5240528619184213 0.6857124788300097 -0.49940178221652787
239 -8.34121996237765 -9.036106563808012 -3.685317070151839 0.2780038326038517 -0.43757771432810155 0.852377582009304 0.06849869100162234
240 -9.179285029750117 -9.148385097032712 -3.1874898351858683 0.2747000541355837 -0.564462828006292 0.7711873144255992 0.10579093593535434
241 -9.942200617448803 -9.319480756082037 -2.5879463675523033 0.2142021796135729 -0.5321573975673122 0.8183724874171535 0.03453117869174033
242 -10.851229408065421 -9.494713199613992 -2.221774733254403 0.20514738102808913 -0.5926622029670623 0.7775144531820075 -0.0462313781389691
243 -11.797752033023182 -9.76167532326752 -1.9460526338003528 0.15033011609453317 -0.676861530965436 0.7202514485320144 0.022297420964432345
244 -12.788024852604874 -9.895264283903991 -1.6675874479063806 0.22252973866748504 -0.6057054935356208 0.7628807619677175 -0.04017852074063091
245 -12.799867507459359 -9.928098070592828 -1.6755033557045589 0.7132878110801654 -0.5175616014197478 0.2632155469960815 -0.3925150482718414
246 -12.800070028721482 -9.846013340829499 -1.581877699069559 -0.6392206983077005 0.14926987521189863 0.5133991233074915 0.5527537818923907
247 -12.361073605445117 -9.460490241086926 -2.3488809685409495 -0.6405688328680345 0.1041340786629945 0.49222367214393054 0.5801237114618207
248 -11.804198179481675 -9.06714494534682 -3.1208047196298785 -0.6801248871369645 0.10438897074607936 0.4087860668711471 0.5995223367110887
249 -11.187843311863908 -8.714727954413043 -3.7396446475250977 -0.613910659818613 0.2496507333013571 0.3172411399283278 0.6783408230824275
250 -11.211739830971554 -8.67663294866574 -3.735343045398436 0.9533859491819179 0.04676344819332094 -0.2981026972305488 0.0017870980486435096
251 -11.284749026600455 -8.680133219810477 -3.7437255767388313 0.751770569620826 -0.6433582194598395 -0.0980486891919131 0.10638452262049815
252 -11.080151332209626 -9.6346591388584 -3.779885080199974 0.7244692216854037 -0.6529053680819615 -0.13037926297495542 0.17849418743032208
253 -10.934108364662192 -10.602810480616323 -3.826988894993196 0.8040382017137226 -0.5686148329228012 0.013367808562812781 0.173265817919651
254 -10.555584598950222 -11.482766963148478 -3.6141810211813605 0.8186940270046822 -0.5574610923494938 0.0814456707878266 0.11110276042154284
255 -10.584331032947919 -11.453304170894114 -3.6878942881959795 0.7020362154938351 -0.4459410531135706 -0.44218732288486784 -0.335785795951773
256 -10.443403115849609 -11.753309340159106 -4.638225063205491 0.6215455447892437 -0.4732626393929915 -0.5035852638343769 -0.3689247781815162
257 -10.475542884070613 -11.761085830987644 -4.702172518080331 -0.06590729422574264 -0.03499138093785942 0.8404359875160328 0.5367487146848652
258 -10.885742022682285 -10.865914601847528 -4.739672967152133 0.05824980729573721 -0.002389803458965449 0.8926275705610683 0.44700924941625264
259 -10.81170175693876 -10.844760655775382 -4.767848323419582 0.1836763777744841 0.7174155302644719 -0.5823290159031133 -0.33536675807286453
260 -10.78236259849815 -10.91901990750896 -4.769865169897191 -0.3874281811584265 0.7496279465546194 -0.523722113047628 0.11692944237233632
261 -11.496045385856869 -11.56450607978416 -4.4620178307161735 -0.371947954013405 0.7461198289714623 -0.5517679134726775 0.022629405269372585
262 -11.543731969605549 -11.650248111215237 -4.49644021182666 -0.5872861429910176 0.4581519593646026 -0.19898495342764375 0.6368647868193908
263 -11.525858791302227 -11.541552378065232 -4.535567749373726 -0.3476658124819681 0.786420975515258 -0.48992155668841114 0.14369203315732718
264 -11.50589744796505 -11.53087264714205 -4.5410069705330205 -0.6321310904841929 0.3747007348838947 -0.1463029730680475 0.6622726657443933
265 -11.500495342082438 -11.431522400346509 -4.5878128205765165 0.8408675998872128 0.20618524238294544 0.4190559575465203 -0.27353506124110066
266 -10.95850058020493 -11.39072528134428 -3.8209682862489105 0.8654546910928045 0.22849220080088203 0.38940104635542566 -0.21713202650905025
267 -10.30466634189795 -11.141950319328359 -2.931852288798683 0.880959005015192 0.1044818505838644 0.39483915998427 -0.2389493923912128
268 -10.328607519378691 -11.005654123586394 -2.863625251871936 0.8529702819918572 -0.05630900393413683 0.24257871946733514 0.45872274739352603
269 -9.455745689585605 -10.923938361918951 -2.3616714113487154 0.8359376595917564 -0.0723402627910322 0.2349684938770651 0.49067802329096055
270 -9.434225740061581 -10.939886102414574 -2.306141928528164 -0.544778208379593 0.6882250951776323 -0.4673759731374778 -0.1054638410843032
271 -9.406128335744176 -10.883858044580133 -2.3219205202163993 -0.36928403100271645 0.7883362568908571 0.10113689930901501 -0.48158756017556664
272 -9.375732277126613 -10.906000665517732 -2.2206293690133463 0.384889369140732 -0.15097010590749785 0.06479972662767146 0.9082230981833193
273 -9.354056560352653 -10.944456503774049 -2.1814405317566843 0.06674344474854006 -0.434924017401256 0.5989875930281531 0.6690293529203253
274 -9.441647442801658 -10.203344505914059 -1.486562763702934 0.12939743100341192 -0.28098518177827214 0.6392118208410611 0.7040680937010306
275 -9.457048209823448 -10.23970989711699 -1.561370141771417 -0.5194052757260506 0.28268179153539386 0.4905486206410418 0.6400556343549029
276 -9.10260493339742 -9.892462421828446 -2.4602286686439356 -0.39434872602148285 0.2526750991656816 0.524747589221212 0.7108335558718176
277 -8.832328898020966 -9.362433824591761 -3.207561554875553 -0.4868038251535251 0.09622920204464304 0.5508902302745369 0.6710304990667825
278 -8.50349845931512 -8.801073287219868 -3.810524183779013 -0.34504360400440764 0.12309175787097658 0.6997850100007447 0.6132652527725178
279 -8.402474470784933 -8.059974038694834 -4.427452354616531 -0.422254543120591 0.03176012159591514 0.661975870510365 0.6184499513722009
280 -8.334905700846146 -7.237808017825137 -5.061341489865854 -0.438965654754147 0.02584907928072363 0.6697393806817284 0.5984063343670891
281 -8.156580134803168 -6.5531270239969865 -5.678616885423693 -0.18171527723735625 0.024425300454746824 0.776320536077838 0.6030832347031906
282 -8.396902295826468 -5.586175323943787 -5.894297399722085 -0.22362627123917142 -0.0014202464521556558 0.7497255554177555 0.6228168793997294
283 -8.457274987588848 -4.6182177198788406 -6.204849670545278 -0.24285576918119603 0.05045724898466803 0.8032353329220643 0.5415608380836722
284 -8.86700524662527 -3.748006841337446 -6.720738915898819 -0.3371594772674161 -0.11843835822601288 0.7992408565522814 0.4832286160887667
285 -9.22372814338293 -2.8362683097367087 -7.1615604032556845 -0.4620715403703439 -0.08893508571402327 0.6882381843883497 0.5521853345197097
286 -9.232787022106395 -1.963746628645462 -7.705828516370744 -0.5031946361202643 -0.02456024773100858 0.6446945556889939 0.574944242754162
287 -9.057751088839053 -1.1962459268837775 -8.29553851404149 -0.4434270472946584 -0.04706945206173105 0.7295703729957724 0.5185402503730622
288 -9.139759815318852 -0.3925098215384327 -8.761163478734932 -0.5575726673696627 -0.028629898043583575 0.7590936374618855 0.3347684260876109
289 -9.139911418807483 -0.33960017521246166 -8.876037163166618 -0.5257953543074642 -0.2971574154295773 0.35120926929538854 0.715464020761981
290 -8.549418063472878 0.5109033601629204 -8.788426970317204 -0.5777534821979523 -0.24038230018389156 0.32338815321784503 0.7098150223296158
291 -7.8692576279661814 1.2644469968299297 -8.834634464379098 -0.4870777043801983 -0.3186877669047492 0.3971367488560835 0.7095603003473345
292 -7.385628536186823 2.091634547335568 -8.720131157135647 -0.40657029696784747 -0.3307560960072551 0.21139166839794601 0.8249936733754073
293 -6.627301392000373 2.6207618641474815 -8.331819806653472 -0.45931917201227307 -0.3826331268672883 0.14458166368650605 0.7884883835360944
294 -5.936748868219977 3.2001941070531266 -7.799365157764325 -0.5361880504276135 -0.45682041796408973 0.21989636397766432 0.6748800407621716
295 -5.451060741955461 3.99239003825111 -7.394276727901575 -0.39055217453982427 -0.42020125386716556 0.37093587088771085 0.7302783612427873
296 -5.461176737927009 4.064531425531202 -7.355437980775762 -0.06104019030539502 0.8086321481558036 -0.49243998571933684 -0.3160553821739963
297 -5.524816809419746 4.032224586561684 -7.38678528389775 -0.4508355384646795 -0.2857443259828418 0.43086983485340863 0.7276322442273087
298 -4.9668060480075304 4.8382806276943615 -7.33191098545246 -0.514535574010475 -0.35715560159019744 0.4379606260599432 0.6448903079994583
299 -4.639448490745627 5.8120914209081045 -7.38876826876043 -0.39741921516153633 -0.4051534140293123 0.44987215207812636 0.6895822832014863
300 -4.608748824058665 5.843996495962743 -7.467692424970645 0.6626250933387742 0.7246695222489247 0.011732877756732993 -0.18879726899730576
301 -4.670779100526256 5.850057377173972 -7.421263084982169 -0.413466905138284 -0.6186666104746116 0.41998269407592653 0.5195298645082312
302 -4.835890739914645 6.847026146150134 -7.140474537528711 0.5294762594011555 0.6766917520996139 -0.31088096298762313 -0.40632030496001836
303 -4.962324946505398 7.753261325151709 -6.991706552864794 0.5114959487968465 0.6397328681105289 -0.45875232283902123 -0.34447069267688474
304 -5.140067460758311 8.708264006162622 -6.977117415327629 0.45952884989513326 0.6347899256488885 -0.5443442546967591 -0.2992729837245
305 -5.566945933876746 9.618782491559674 -7.0743178103789885 0.4565877835815894 0.6672682297776461 -0.4263093310652214 -0.40563661035486087
306 -5.538580608352184 9.623574149378786 -7.124294658822594 -0.06981765050292912 -0.10457413143276566 0.6346088394745975 0.7625361418149553
307 -5.54555306028066 9.624070144494288 -7.120894341000786 -0.22983847701576182 0.05563790223501256 0.9685695102613847 0.07714792356235668
308 -5.554299003344414 9.719507536115675 -7.074577213708225 0.807263158617214 -0.20791199270798685 -0.5484942209336777 -0.06521415206770374
309 -5.594753369149657 9.690245593732726 -6.997925017603039 -0.4860305132490481 0.4691243332527849 0.24163716445323322 0.6966406397103156
310 -5.14278196138457 9.588631096937743 -7.876135046646192 -0.4589071746657964 0.5491616911567206 0.18247708482449632 0.6741867363869598
311 -4.786733229873477 9.36563161830987 -8.747775208257892 -0.4622175598872212 0.5565865327164723 0.23116610476761484 0.6504833517755287
312 -4.558193264801715 9.170881588028607 -9.708498356580169 -0.44466709376375285 0.5019520593782305 0.37409745341138806 0.6405984710883764
313 -4.330086928762965 9.250767544634819 -10.72316692437002 -0.47158355678029457 0.5141193362441459 0.49229426352169153 0.5205157203946507
314 -4.344981996884622 9.293983235149689 -11.793931052601087 -0.4716904238224796 0.4225286508002925 0.5820434971841092 0.510101020105574
315 -4.3836689124772565 9.279386429529433 -11.736067149806958 0.0388262696397887 0.6661690264687643 0.1707906252465202 0.7249426951748797
316 -4.3439987488025436 9.520462542428021 -12.71692871814035 0.021722253349741365 0.6363427854237683 0.19555616330292458 0.7458912723331521
317 -4.266199238356346 9.538292881384079 -12.74596987069434 0.06159141965336935 0.9936240210504735 0.04859578750928269 0.08097068144040022
318 -5.23862261208466 9.654731178200004 -12.937780318930713 0.06679885415185506 0.9933220920712006 -0.04902643183709875 0.08028414207434872
319 -5.193565432583706 9.669148177600023 -12.908441994584544 0.06305955955143196 -0.6699618840974673 0.7395958261617173 0.01313696045202918
320 -6.15130287187959 9.570665365127347 -12.866769167860904 -0.038231399572804546 -0.6588233478428108 0.7423013436459049 0.11609854282194691
321 -7.070531514111691 9.73426798109977 -12.812836129927367 -0.03235528424584616 -0.647025113056841 0.7617099917943382 0.01046551746557436
322 -8.154910368713775 9.777974972804426 -12.856281690575802 0.0434725658444014 0.7226805615304517 -0.6897008046177675 -0.012479668046061543
323 -9.184587200359271 9.913757329579 -12.863130269787138 0.08337825494043288 0.7103910017598747 -0.6870792051683005 -0.12772962478214167
324 -10.144327490060071 10.153170148879028 -12.802045128359394 -0.07384024664660124 -0.67385079417985 0.7324460615820527 -0.06320990453476724
325 -11.119369785542663 10.108158312465653 -13.130903732039174 0.09480817735875152 0.7430345642152282 -0.6526746818600283 0.11369611051530418
326 -12.082603480667201 10.083142314818879 -13.471442292384497 -0.24813679411620562 -0.6702482424060234 0.6980021278821915 -0.044592089313033316
327 -12.964329739850616 10.30252994917961 -13.940507947649643 -0.34719534533606367 -0.6053438675586966 0.6827089321644967 -0.2166165001306766
328 -13.666479357708694 10.42962059281817 -14.748718979592315 -0.39944793080685304 -0.5599100975384077 0.7030706605659236 -0.1806479435256606
329 -14.278790807574055 10.61333384214633 -15.498687671425111 -0.4669784523310147 -0.5890765130773722 0.613810004208419 -0.24115817533891598
330 -14.277045607718145 10.599941899358711 -15.539095509498544 -0.5730304143393162 0.2178955819904152 0.7625010859885071 0.2067601350781047
331 -14.522872230052043 10.663634135320084 -16.606656848601155 -0.47847925796283636 0.2920886920030605 0.7568838360155415 0.33595930479996045
332 -14.465877676658156 10.620809537994253 -16.615645866753848 -0.07910341478296702 0.5767642324795579 0.7688629946152671 -0.26445295500936244
333 -15.413234877550918 10.104741873236076 -16.37013761662216 -0.11903753473089082 0.5148620132775223 0.835133467712903 -0.15264096342341996
334 -16.350038119279123 9.74729210620242 -16.500372973342692 -0.2535466234820425 0.5100070439570866 0.8099585301593095 -0.13990748463602642
335 -17.187421784764094 9.263169864884526 -16.75228203928793 -0.14659669187962793 0.3628709144840257 0.9133679007328376 -0.11221937115473993
336 -18.108852351204558 8.872358837134533 -16.89369737054502 -0.18253735742477653 0.28603093854321254 0.9406395076359008 -0.007983233364884192
337 -19.049655363669583 8.668111298504186 -17.22125056669421 -0.08067299907838203 0.2787489820226953 0.9564672869797206 -0.031003244647339792
338 -20.048778987001096 8.575052612862581 -17.30807126898171 -0.0982468912492568 0.3375972393028642 0.9355089714423573 0.03462104455101939
339 -20.95281672242349 8.607014790874656 -17.53476960047102 -0.02910739995779151 0.505875350781958 0.8591601216713726 -0.07132162413013425
340 -20.960021367618168 8.633547963632596 -17.48086899431675 0.6401986975963317 -0.28895657526397583 -0.5733245570873469 0.42183963475267655
341 -20.990032126259266 8.669056445763259 -17.480218253990717 0.11655850848107475 -0.6114291099886469 -0.06985942716955283 0.7795435959551588
342 -20.788555244232235 8.436951047936791 -16.518920459249383 0.12544023864732343 -0.5634079777911699 0.07981558497134378 0.8126903896841949
343 -20.448821535074387 8.42400045224053 -15.544083645136677 -0.05525370416533672 -0.6221290931417353 -0.05437705018160645 0.779067106259915
344 -20.27836583906849 8.505889135238347 -14.608835814204514 0.0403599344959762 -0.5647395615884527 -0.12875113999279064 0.8141642630421205
345 -19.953774686802273 8.296120521863303 -13.723537497641058 0.0002737099338787216 -0.6273009909677288 -0.11935406830078112 0.7695765057444446
346 -19.824874569476545 8.204328780857594 -12.705793754940112 0.1330364509101349 -0.6572958763940977 -0.18173127506828626 0.719192030869784
347 -19.732226598463466 8.165586183491014 -12.71036435723312 -0.058153221480469114 0.9945688612839128 0.07544921946078957 0.04193325981391917
348 -20.65787801523752 8.062480302373162 -12.820384172340605 -0.21851690608573318 0.9670680403166463 0.11041522945395167 0.06955748886691385
349 -21.552052262012435 7.702439416786011 -13.009269062283854 -0.11529140139203822 0.9905286576984493 0.05313211001977034 0.05232446777574275
350 -22.544694515061856 7.573490483484372 -13.138534278238476 -0.15232575398053183 0.975197018438463 0.11579180900401026 0.11126498492595521
351 -23.45372456330519 7.290062197705232 -13.467052322456622 -0.17428816441640682 0.9564138827016229 0.18645777253623502 0.14187889124457934
352 -24.321286487519487 7.010612983937989 -13.7366473811371 -0.11806578564797775 0.984252341423498 0.10651951907837952 0.07721004285064102
353 -24.36687491642067 7.001451715609623 -13.807978172889351 0.04101532212067895 -0.6855228019479113 0.6997807536028476 -0.19668026908628314
354 -25.25111700708292 6.66957891435844 -13.998918094142375 0.05000331797341622 -0.6222282893171143 0.7519050920892054 -0.21206215281249646
355 -25.285800002494177 6.629634840243387 -14.004549721069013 -0.4577547420361275 -0.563922078349653 0.6171148204356671 0.3026909052018261
356 -25.28036580007517 6.542972756857726 -14.06258971421078 -0.09980303000119016 0.09434377262954836 0.863529042495572 0.4852382925277904
357 -25.83665809788387 7.311888135914595 -14.404943695332534 -0.27947719260772047 -0.08137108892542469 0.8755846679644763 0.38551619152084243
358 -26.27400740789373 7.978913593106337 -14.877702740244871 -0.3176387226685867 -0.22947199696251067 0.7727759667733106 0.4992650094379544
359 -26.566179395741027 8.928339956767047 -15.141162248883813 -0.42677613904001555 -0.3169385646040915 0.7450248571744889 0.40292683654098715
360 -26.91021829608284 9.846726096197155 -15.473241175522293 -0.43774007256348857 -0.4237873520695532 0.6498052082559509 0.4544679311254297
361 -27.195867115965985 10.87718082228669 -15.708228636577083 -0.3416945098725823 -0.4737217845682345 0.6618435367293303 0.4698889928887827
362 -27.54557889629627 11.812507238659459 -15.702915434449743 -0.2633348368671071 -0.5461408959024918 0.7243660874459448 0.3281442622890905
363 -28.10183550989992 12.603050359983278 -15.818407343910286 -0.29860648687795416 -0.4404888872583387 0.815177864517248 0.2286673465919775
364 -28.795714914129842 13.249396076354788 -15.977364333410542 -0.4238464097294578 -0.4951691442927055 0.6946680846905978 0.3042991810902135
365 -29.287785601373375 14.071268874533386 -16.261936032798573 -0.5380464560899917 -0.5144088879969577 0.5970801465538365 0.29897291788719405
366 -29.547165055254233 14.915728370730168 -16.57689853933893 0.5065923314297964 0.6420131794338841 -0.5151441347760971 -0.2565342230103124
367 -29.89570834302926 15.863049236369303 -16.686222885493052 -0.47142907469703865 -0.589830075101148 0.5923789844245879 0.2809666329807902
368 -30.310595347067174 16.858807904287648 -16.875961179107197 0.5024041973254351 0.5733557715135957 -0.5267153544799041 -0.37606398011102193
369 -30.28610810344787 16.86778459853948 -16.870422028267118 0.007689178231771294 -0.8550931049415383 0.0475288654508838 0.5162341187566923
370 -30.757807198379034 16.90684178573376 -15.971370399257907 -0.05650043300830486 0.9225401009279848 0.002034121501139276 -0.3817372468064591
371 -31.453692465734374 16.725701688719685 -15.293253366582404 0.009916325663365156 0.9198637356725916 -0.10421749426887511 -0.37800937576747823
372 -32.164094101853955 16.91989091901291 -14.732936987307388 -0.05075068331123465 0.9016389169985232 -0.30825050494755213 -0.29908737468631386
373 -32.1486651886866 16.878926642711537 -14.77236023836244 0.6199669121227616 -0.5971785749030666 0.05825803474162077 0.5055934917873799
374 -31.90429764296753 16.253835397424997 -14.051356266181182 0.6522906150344508 -0.5749171312440263 0.09809549414758843 0.4841120942179167
375 -31.54589982193025 15.616555051326753 -13.348928130249156 0.6505335434595456 -0.581973701397909 0.04330122050666675 0.48604292404870775
376 -31.222001464377783 14.891048965276841 -12.76419477061728 -0.530167492456644 0.7323791038303922 0.030105196271614204 -0.4261888728865087
377 -31.182263381992676 14.140828904463705 -12.109228413324356 -0.5684202163251441 0.7491323164710522 0.04417984328360044 -0.3372645423684908
378 -31.333439990880063 13.247720122797979 -11.670171654910916 -0.4445804315418673 0.8063573673486096 0.09015801265358887 -0.37948329181535895
379 -31.65692321840018 12.406869404539691 -11.092369209468403 -0.36965590272261306 0.8677697591551412 0.017303720578614835 -0.3317088179899575
380 -32.17945510358409 11.69764830299175 -10.507699961559357 -0.39185728072799103 0.8737294237788734 -0.13425097017566337 -0.2549930245524272
381 -32.174956587525486 11.663148862950841 -10.54173767109102 -0.08325152376024694 0.6910025085176563 0.5800041981736301 -0.4232964057429108
382 -32.90396368000384 11.079388030933703 -10.005770634193512 -0.15707744587985314 0.6080457792217641 0.6617498639522547 -0.4095047300406082
383 -32.88917863459741 11.04537433956702 -9.956045383180498 0.555530026135126 -0.3141435610109496 -0.4037206469626944 0.6555225795910385
384 -32.387025407932285 10.185316031596965 -9.974770658079326 0.5533274193130587 -0.38229726834398925 -0.20624906959839615 0.710731233971654
385 -31.83689213031388 9.534158508969655 -9.62269410282378 0.5118229636961906 -0.39151585986161114 -0.058541426511058585 0.7624470386145659
386 -31.14882590201476 9.030289838013235 -9.105263423440906 0.5053009664033066 -0.3007270937882996 -0.1520503804349845 0.7944273599411742
387 -30.412463214830698 8.495466899980357 -8.744884743997265 0.3655659940927545 -0.3771708526589478 -0.09480160330596876 0.8456454977578465
388 -30.429317035058766 8.57402008081352 -8.596838746808276 -0.24018888887185766 0.8741923242443266 0.3842683585952029 -0.17445603021206374
389 -30.48084127465342 8.618885144874344 -8.529671051777557 0.08768012255885725 0.7544059384498736 0.48051434414801636 0.43850865579556186
390 -31.125837131107406 9.244823320916836 -9.144769562320747 0.10851430924567733 0.609378902929303 0.4928316642419536 0.6115545340148466
391 -31.09078261454508 9.234943407093347 -9.11901823847848 -0.3371992584924042 0.8719532609566124 0.3460121521894522 -0.07918182440765771
392 -31.10824472888828 9.353445279628504 -9.099767261183898 0.4458154452619296 -0.7123986650965248 0.016113894700539113 0.5417352426528776
393 -31.175099650534797 8.798026151781503 -8.29332221356397 0.43467201210382767 -0.7277298911277137 0.024503129625809587 0.5299707955080086
394 -31.233945212166496 8.236244995829031 -7.547027199163857 0.258885706994346 -0.7958343811745892 0.0959798124154597 0.5389004583994897
395 -31.446994931515206 7.884200435167507 -6.5861287285190855 0.24495737330344394 -0.7470265628956498 0.1549921746473813 0.5982680213672293
396 -31.548506712527512 7.758608845935257 -5.61333120108771 0.23375806901206794 -0.6869352261214356 -0.04720742374120928 0.6864755053379235
397 -31.44498259186766 7.3444556691089335 -4.636267403955027 0.30749886363755585 -0.6678609751169882 0.0034750433073291605 0.6777861689732297
398 -31.33533336586023 7.028128178824843 -3.6807350346630767 0.2294623126265651 -0.7187505693830875 -0.011818798963922955 0.656204984807799
399 -31.480287788952797 6.660695052492461 -2.774234737684779 0.12547644834984192 -0.6122321504627924 0.11322890124048132 0.7724031788988742
400 -31.289233187855523 6.711637940261754 -1.7970897924035716 0.13635276372262795 -0.46945711336689055 0.03545410492279746 0.8716426727613504
401 -30.775318911158113 6.65172438552932 -1.0443077406370036 0.15193026326044526 -0.46403818282962767 -0.029420769288157907 0.872192741494838
402 -30.212374434637926 6.445604022348247 -0.3168002630447557 0.3279708067048874 -0.5887926482054943 -0.20156141802932115 0.7107259402403394
403 -30.032031785480186 5.81929540853183 0.34597048952686094 0.5033286775762098 -0.5966732370689072 -0.18615487829805802 0.5966470076862276
404 -30.021263868465905 5.77624795533252 0.3596781037546426 0.7679096374183833 -0.5296190171296106 0.3537837993676668 -0.06823128871426999
405 -29.938881723235028 4.940708178573772 0.792561040736178 0.7979889294026 -0.5442796501441196 0.16442022681100257 -0.19984824243736726
406 -29.576616328908464 3.953436257861126 0.9111131453544414 0.7017213124640743 -0.6016870498580611 0.22919224142393982 -0.3050095246674603
407 -29.434654346015897 2.9548775276820063 0.9538538859398218 0.7017904883515249 -0.5841718906973975 0.12830214160874578 -0.38700371191626126
408 -29.14006402171505 2.0631605934988566 0.6290049393986179 0.7651911943464914 -0.5371561843179877 0.12098140783817408 -0.33363028744558326
409 -28.71462732017635 1.2251003843076522 0.47196728037924557 0.7668684938075706 -0.5467646795057678 0.03204311508035868 -0.3345658936984004
410 -28.302368163243184 0.3855346855074554 0.141658406918599 0.7233780538563427 -0.5887791180393096 0.09180786655487878 -0.34876160482269813
411 -28.32857838292203 0.398494661204637 0.1318328004886128 0.8101971877293105 -0.3713169617172905 -0.3149689535809972 0.3263415223606206
412 -27.818725053058877 -0.38728195200517385 -0.09916910503167237 0.7251040832999277 -0.42706182086121286 -0.41508434854896725 0.34575606015535715
413 -27.817726330327822 -0.3492002776679154 -0.12372754937552824 -0.0653436437276561 0.53021285412254 0.8384822745447836 0.10748029038772108
414 -28.77709487809349 -0.20783249945554064 -0.2771781049477949 -0.07156638243787761 0.5217381850561789 0.8494160152577497 -0.034058070742275195
415 -29.788333550588373 -0.3356136347886387 -0.34939522740985507 0.1817166607276709 0.6472647491731978 0.7365468037275609 -0.07433845310776906
416 -30.666507176587647 -0.1701164598369364 0.061682614198264485 0.20343296385627918 0.5721028477434948 0.7812869090245711 -0.14458259441324522
417 -31.495775106308326 -0.19734575791470424 0.45209649649215167 0.24663551252610966 0.6431255093530639 0.7246923170020495 -0.019533275673742825
418 -32.37749999980725 0.13048484926467305 0.820498173962591 0.18085430428598104 0.7651020396350094 0.6145661618873094 -0.06495400088280447
419 -33.29993789923384 0.31144506255537274 1.136422222600339 0.38735623473928854 0.7295986794789548 0.5634410612501415 -0.013231961626330222
420 -34.0053949276512 0.8285990083529663 1.577280608839816 0.30012567446564886 0.7200023879130786 0.6228273641670037 -0.06006009799181625
421 -34.84836724748772 1.245080504033519 2.044259097329816 0.283729769472031 0.6880814078109794 0.6677389230970485 -0.012888937947048224
422 -35.7530487931687 1.6314492819210915 2.403720944825538 0.40073939953708543 0.7408725004766621 0.5230239394376318 0.13023759238889035
423 -36.4124697562496 2.2492415954158598 2.4938758524985376 0.47278015625226416 0.687917973612877 0.5238476375255592 0.1697982275918329
424 -36.85009610332032 2.995517611602774 2.812175605034072 0.5672864848894114 0.689966856943394 0.42926741999013207 0.1336460344210959
425 -36.80198794115774 2.980580453422764 2.788445485937543 0.5121238637756961 0.8567739336161974 -0.04715545062848355 -0.03799918819269682
426 -37.32166264928981 3.8886582446614515 2.8261534610405166 0.5468746417269057 0.8155194597129121 -0.10899573026662952 -0.15484207389876847
427 -37.70253997184126 4.801160235835774 2.8623925870301314 0.5144513382211571 0.8149532764662308 0.10968376204831448 -0.24322921313514834
428 -37.98276846998049 5.592737985052055 3.305548331159071 0.42317375976003635 0.8708409555727659 0.1924120790996153 -0.15980485275557066
429 -38.569684612670905 6.196099436895304 3.846595176739857 0.32858731283783543 0.8832784830532738 0.2520680451107871 -0.2197980888250467
430 -39.18074022131072 6.69317302365622 4.349967227424623 0.33187731090925116 0.8771635526857054 0.20943353850921773 -0.27672937193392183
431 -39.91748129598993 7.070626396001424 5.0607096344163605 0.42875252607534925 0.870573835549897 0.027438475122337047 -0.23983243801226706
432 -39.93823456891087 7.055151554128543 5.052829772398235 0.9491571679612777 0.298986303504254 0.0028149080040014095 -0.09848825878000557
433 -38.96256370900341 7.62226653269742 5.100445795422696 0.9457942774088057 0.28461159506500966 0.15642261918813424 -0.0011785506476627717
434 -38.166279577473894 8.191579716475541 5.391302167206675 0.908639640602763 0.37875475438531736 0.12104691949634439 -0.12754012245659943
435 -37.528045817601885 8.862045884487223 5.761981110992854 0.8678909673734124 0.4078776633678546 0.10980619821544159 -0.2614262406697003
436 -36.917693002263064 9.486495089735847 6.150734174898323 0.8625990388635654 0.3666937509913451 0.14946455806867143 -0.3148316010455221
437 -36.34812024346585 10.004648122921612 6.678688909688042 0.8187269273312483 0.5200605662377036 0.12958030640955046 -0.20599070391175042
438 -35.92955747064383 10.789989854861094 7.152306131060582 0.8215440489907617 0.47846736114575084 0.18274393027213767 -0.2504775755128148
439 -35.57906711506447 11.410957659860946 7.765809914084252 0.8174004588361194 0.49109063579760276 0.11921876623612405 -0.27653817657521257
440 -35.6011988033243 11.455143559258602 7.815296009533394 0.5603495180058022 0.5824578908178021 -0.5224178770607203 0.2717182084846587
441 -35.59658510819431 11.503293064547094 7.881017428499103 0.7866677977824322 0.5683350368948553 -0.0013072942263019954 -0.24113762201628122
442 -35.24402843578259 12.293756950968609 8.14517410396861 0.8198030598255442 0.5649575045582707 0.06482939743054864 -0.06740259915431843
443 -35.314847812219185 12.289475242596275 8.22802395469813 0.6425650745973988 0.34697284149648894 -0.6368504483693859 0.2472680298445451
444 -35.19023982730187 12.318666995708371 8.221144941951746 0.8323531031882422 0.5067575202228989 0.12033682493606264 -0.1894839726065197
445 -35.204380930200095 12.345363028501962 8.258037393844218 -0.5312137427890421 -0.19195516881338315 -0.5210596387855415 0.6398921983166883
446 -34.8425176248978 11.810231361399975 9.002799088519408 -0.5165876030170974 -0.16661406837833162 -0.44761643648455807 0.7106451480284206
447 -34.22333466772939 11.38204917604342 9.613750213155818 -0.5336322494814947 -0.16461857679661338 -0.5498275311578984 0.6211497665358877
448 -33.75806959705813 10.807811044256866 10.442618604765578 -0.593217924825052 -0.11539942999997622 -0.44863143267803346 0.6584111958610629
449 -33.1908376975989 10.34643954117791 11.108234004118449 -0.6157662415590405 -0.18846386825981482 -0.45135291858758686 0.6177328297891154
450 -32.586823383499436 10.011359873528056 11.846481248591074 -0.6824368808412913 -0.2415757057174428 -0.33044470961912853 0.6055801977933722
451 -31.929888917244106 9.945826863466465 12.601141934555729 -0.6981982686649197 -0.1969765493514088 -0.2513268101952685 0.6407450749837983
452 -31.125500955220286 9.793154841390377 13.317370056039273 -0.7381112729866087 -0.19499251035165296 -0.25285606415504036 0.5943344853000476
453 -30.319435464119124 9.864359146338431 13.938111776402536 0.7945731025512165 0.31837350209529675 0.31757390008880265 -0.40796901334304403
454 -29.746297183939756 10.21976737361314 14.760744480279994 0.8070161572027685 0.2917102365714987 0.3908729182789534 -0.3329390659702922
455 -29.2752227101578 10.487633075530962 15.571116438598008 0.8073930562010738 0.2014367034873125 0.46055620912161344 -0.30891371857847644
456 -28.789151608366694 10.567309862983656 16.52925655883836 0.7764996211412328 0.3462684630256217 0.3917381021810508 -0.35169269139546167
457 -28.792688736988843 10.57268693550997 16.595166447178098 0.7449631097389281 0.10632082647993957 0.5372466161363976 0.38090933361459817
458 -28.34415954576164 11.144984289608727 17.30859751534786 0.757672798212346 0.14233137458604356 0.5177347969717166 0.3709776147723405
459 -28.34007648379983 11.12880438573966 17.332330718825006 0.16208782153409762 0.3875319634710946 0.8636716884271637 0.2785995872357686
460 -29.148430759416833 11.682156444904537 17.30272671461953 0.21261673560140376 0.37960203198040493 0.8760842189537922 0.20778080363371873
461 -29.941537509841233 12.134841883772218 17.519352151256243 0.21228504442881443 0.5400951768558413 0.7987765519670732 0.1587081594515777
462 -30.792355690976564 12.615928577020544 17.612224897062063 0.06101609521673238 0.5690290583236637 0.8182733112586957 0.05396068003200971
463 -29.882448994824678 12.553682758399479 17.51030465224443 0.7509915825193606 -0.011890446605425205 -0.025749687087142124 0.6597023676473399
464 -28.83534905639663 12.441035572158004 17.529420966934254 0.8305356328039706 0.091201751769814 0.12111309851655044 0.5359332239045762
465 -28.870454399517627 12.401614938654053 17.487785759939015 0.5173278392015965 0.45979433797756314 0.6417909434885642 0.330250599404209
466 -28.90234961893439 12.419431594932773 17.546250979081844 0.02839946591155129 0.7384022206997958 0.32407112540237976 0.5907059644882382
467 -29.187835566453188 12.887808928104922 16.663067046192964 0.16894594006607525 0.7892750144750176 0.3408736215187131 0.48198277460233724
468 -29.617805621202937 13.522741333065165 16.04786014970946 -0.03507842265974705 0.8639239669233687 0.206503850949901 0.4579967720213259
469 -30.148813478205856 13.566837242777167 15.142869765339906 -0.15935235376827242 0.8400061592320339 0.1929035076540542 0.4814402523008638
470 -30.161961434858796 13.585279087972907 15.15060141185386 -0.3290639027922061 0.8522923931625612 -0.09056862287053154 -0.3963734968280931
471 -30.589767238677933 13.113208337793639 15.818108339365644 -0.34939733037946047 0.8261731361008464 -0.0470634715803622 -0.43948206374299503
472 -30.916114716604934 12.565821371279561 16.56889431804816 -0.2859329774642915 0.8826121740260465 -0.07713664250154702 -0.36508631998886015
473 -30.392174542897543 13.006073129349451 15.894283774190633 0.6252321511887963 0.47133115322538305 -0.03829684206582703 0.6208583195921956
474 -29.848472735819104 13.554035170666111 15.336403585547881 0.5935122466251566 0.5223380836398217 0.1046564643785424 0.6032853089121428
475 -29.436421878546337 14.273283172725113 14.851887507064026 0.5683560456004775 0.5883914315504873 0.0600158453611216 0.5719834149806645
476 -28.991068405197083 15.058290539874191 14.236425402434413 0.6464983215850365 0.4014558456256379 0.11434285775303205 0.6385912895441064
477 -28.35216186332648 15.673241300137756 13.921716499588243 0.6955164366334178 0.2767461480272262 0.0644129989688056 0.6599389528499516
478 -27.56241742892584 16.074406152890898 13.691627949648558 0.6896705147376692 0.1558922839711333 0.0006513509846641099 0.707143374883508
479 -27.53891077500608 16.119177356057968 13.699702192788928 0.09931160803385 0.04548374258398553 0.19630341788421302 0.9744400452553562
480 -26.5932920718286 16.454257678626828 13.65885120286385 0.1857335713467844 0.15612953843203295 0.18831033497693023 0.951664765263822
481 -25.65645251597597 16.883112383826255 13.384803500518696 0.195987969512976 0.10095082053109675 -0.05143402958113297 0.9740391102216205
482 -25.611434586705087 16.910094476831834 13.439862205594808 -0.5162356847002849 0.1501100429736974 0.14788961066392675 0.8301182782580654
483 -24.672331347255987 16.982900660434012 12.993529830582263 -0.4927851181765207 0.1653859997364547 0.0613152259056035 0.8520861115327902
484 -23.702218621246438 16.89601292850386 12.74413251733723 -0.4782247308296703 0.17517528398466792 0.2634696793112048 0.819267022885354
485 -23.65440646947381 16.878708417597334 12.736226012039381 0.18762786016958363 0.3832096237058366 -0.02977737053194729 0.9039134242789059
486 -22.951530950514552 16.944022228880666 12.05214228208974 0.13660533755703871 0.35123227562298676 0.0743124826247827 0.9232835562478989
487 -22.963332083701136 16.98590074593629 11.976667095770072 0.07665596162940173 -0.2876645025323317 -0.183790482535978 0.9367999018246587
488 -22.10207735258858 16.677235797415285 12.488775402716861 -0.06705119849679562 -0.22023071823908477 -0.266045448347174 0.9360675119550893
489 -21.384090524344572 16.15202970978451 12.961425604412893 0.12323242584213998 -0.13160364154192805 -0.2565090980497026 0.9495774499069011
490 -20.57633500608569 15.656885587057586 13.22192411876646 0.04736379144029327 -0.204005925742239 -0.27328168780166767 0.9388585477241629
491 -20.530297952956236 15.687512749061348 13.251871543860316 -0.20710179527374414 -0.7215376250393702 -0.17904001814126763 0.6359535941803529
492 -20.664074640482603 15.839604518385713 14.231195413893825 -0.24993267251310297 -0.7049802317400743 -0.16873606592327883 0.6419226371790463
493 -20.697939302134504 15.796041625251707 14.196982889146247 0.26933853719090317 -0.6784078781575366 0.37094206860943274 0.574126715084226
494 -20.882693361608297 15.865574993292817 15.24775543317991 0.19795965910721658 -0.7057144239018804 0.25975618586103505 0.6287335279511631
495 -21.05517449656129 15.871439321217514 16.15041031743465 0.18992996096286346 -0.7394813715881625 0.16874387108229413 0.6233934688259849
496 -21.111826580010295 15.872585499841623 17.106478646365506 -0.09170469145269314 0.8705756962532252 -0.17211804691826607 -0.4517339754588087
497 -21.691279160702276 15.849589167714466 17.88287550620209 0.010297552730337207 -0.8155417385719218 0.19307993292708286 0.5454408973992669
498 -21.68351416901794 15.857793101922727 17.907667144423648 0.5555112534490646 0.6512531831550192 0.2916708590058885 -0.4268543647764066
499 -21.61695687637506 16.306519440070353 18.70934986836489 0.5840059639233146 0.7067808968647996 0.16249874813634604 -0.364680620246139
