# time x y z qx qy qz qw
0 11.83541840523317 12.267899586419599 11.907734896857555 0.13862400159833668 0.035018813612686474 -0.6526910817695376 0.7440103632695818
1 10.01683987347384 8.268624418270361 11.959858649297805 0.2998148912698105 -0.13683696452625632 -0.5420545174281 0.7730223646492392
2 8.863470512204891 5.444557107692428 11.578697594671915 0.36688969243256 0.5298119460212067 0.6061617259024435 -0.4661107352238675
3 9.368315606880564 4.151244892187999 10.404446133097984 -0.0815234318028754 0.8755554961057024 0.2630917846305847 -0.39691210130968996
4 9.868101839366172 3.53497217498332 9.46053581187083 0.7333892618980866 -0.41301572248690194 -0.5361908641020932 0.06369898558573801
5 10.418543092689257 2.725661308444454 8.06928205903443 -0.5860728237552567 0.6278324759842663 0.4626826521029782 -0.21970387069407799
6 10.264606235281173 1.7329694274948708 7.878698803798086 -0.24498159717809492 -0.6682786353515485 0.39993125875425445 0.5774449504913682
7 10.138115350667462 2.8329103925565926 8.416080742294799 -0.343454664037813 -0.609115790438616 0.5054427979788749 0.5055140211312643
8 9.92848589960286 3.944585503692351 8.605497749045472 -0.1479017552645451 -0.7380620842742651 0.41524323819617703 0.5108448724209208
9 8.951994198333253 4.667043874707356 9.324394132194678 -0.05478225853688425 -0.7940197798461403 0.2250086814591929 0.5620521209200099
10 8.314238769382182 5.147183562722795 10.451141828244038 0.07026153487528297 0.8946831819028119 -0.15332656769917294 -0.41363786622457616
11 7.388079979425996 5.528222263635545 11.417545312582638 0.007804559845474554 0.8907194374941336 -0.15652322344600225 -0.42668308267123173
12 6.5423299671161566 5.85865688663602 12.378251023563994 -0.044207444347011626 0.8901930168978801 -0.1286538603195334 -0.4347991246028889
13 5.758718616027865 6.0120600588063775 13.327282236864441 -0.3170183744841855 0.8525752089634713 -0.15666082413680812 -0.38480157156783296
14 5.606564721037493 5.816298582622555 13.30292737396565 -0.5328620520668758 0.7231094710159521 0.05322742934636885 0.4362769386058418
15 5.711328258979961 4.60938369554579 11.072087510989922 0.8824725126695039 -0.3549211449663225 -0.21588481015105762 -0.22060596996592927
16 7.485030263705816 3.5362574480438345 8.562255325338057 0.8983293199129215 -0.31904503366429465 -0.20525436119055576 -0.2215521308658394
17 9.096536798405326 2.9402474089341384 6.403460088962826 0.9676884354219025 -0.251979967392373 -0.003571860095369415 0.008510569846242063
18 10.707651607673304 1.7184107645362714 6.329077556002854 0.9269123733526669 -0.36673310199077563 0.07858171289029518 -0.012852954103110908
19 11.393686303171638 0.5268980245725314 6.75504047372284 0.8852765492608097 -0.4209994141907265 0.028688299273967675 -0.195504235413726
20 10.921760375493477 0.09851232346999625 8.526472301109107 -0.0035282152348361743 -0.0830836667452808 0.974416351445728 -0.20879997617962331
21 9.02246089222035 1.6772168457665386 11.737367823417921 -0.10248123986379755 0.7078689501112639 -0.6391841892510588 0.2825999241964206
22 7.842227370846722 2.499692224578233 13.888482638019184 -0.3436142357426697 0.37841273134800163 -0.5710417661566426 0.6423740055866434
23 7.209659654345087 1.1147898578905022 13.915328407497405 -0.13842898993425637 0.8714011755650893 -0.22594046069454032 0.41285386541814095
24 6.258332984291369 -0.11227913209020297 12.960377949852784 0.1571440601262342 0.977525157394849 -0.0011856773705618685 0.14053079803513205
25 5.741538306724094 -0.5292961688899535 12.40492084170911 0.6532112597414657 0.6645072934260375 0.18875247759956962 -0.31002840084513705
26 6.444249530663022 -0.45622984213726153 12.047045566262433 0.7509226569673713 0.6499756069927527 0.09175972236071891 -0.07229818061161301
27 6.975999324900638 -0.11238123178553441 11.368103665805254 0.7055281670168055 0.022011690600126636 0.5120985297617852 0.48938797169387904
28 7.318186710912193 2.526363191782707 11.876333037521016 0.38022381450587595 -0.2359973448680893 0.7996499381873323 0.4003686806617238
29 7.376460791689401 4.12835231717013 12.137327831627903 0.07575391898825252 -0.3475287993335399 0.908926109243895 -0.21757390773358873
30 6.656195873708612 4.589698585837958 12.109700723828515 0.4186697710434752 -0.28715213581725957 0.8598107475118939 0.054632885453985085
31 6.828041053012367 4.897180596455619 11.953681333151533 -0.22384891940662385 0.2805537141148272 -0.7306566290479511 0.5807944259418697
32 7.427652486655318 5.559982585411928 11.306578055071387 0.008456018091993466 0.24896650807474863 0.28027908810586544 0.927031718111974
33 7.897980782243872 6.0126416476097635 10.85452355757601 0.4503174036348723 0.4392880083266379 0.1593075558531389 0.7608294055647837
34 8.883766723045941 6.982530196300695 9.914073734095453 0.36861588547208185 0.47035476533138226 0.2035999724107305 0.7755229042020892
35 9.833920558614293 7.869974378370986 8.956778712719306 0.05804877190809206 0.5359294127261953 0.3195943303290078 0.7792749634605686
36 10.520752350064692 8.449697910977255 8.130859345736766 -0.1166360697963215 0.8904872669250852 0.4091438782238309 0.16133735332750024
37 9.576531244768637 8.289897843123128 7.627672125209277 0.08935844310608759 0.9550213299305228 0.2476539594101229 0.13644355760489724
38 9.56524790721828 8.188526991885503 7.641077102176585 -0.4197413814744317 0.9041811003783562 0.07820747348598783 -0.012541988975385896
39 8.817700022562542 7.201602684493751 7.568039732060725 -0.41171246083994434 0.8916160751113499 0.1779063929036676 -0.062152550681000694
40 8.082826308865258 6.443252117499468 7.539638595882836 -0.43246149079502727 0.8099195832577392 0.3334139037808285 -0.21410860888946243
41 7.485374148433677 5.590077878305036 7.657292046757802 -0.34747771169550606 0.8033796291441873 0.4278263375925337 -0.22539972540613795
42 6.844007040177181 4.778180965392704 7.753296408751417 -0.3434415974820465 0.7254092121659752 0.5650139826687889 -0.19128132008241935
43 6.120134855356698 3.9881624032659193 7.617010404958904 -0.3789767362550821 0.5187296303372732 0.7662186767828856 -0.01432282572280491
44 6.013347295438706 3.933508120961623 7.668169421109268 -0.6142576544166045 0.4909996612708776 0.6172239187307642 -0.02532786546738228
45 5.568634625355802 3.1059659330184335 6.908662875564379 -0.21063332624966524 0.6715635426974097 0.7103319607491076 -0.008032156063883127
46 4.396498088324808 2.5767729160186583 6.719507362537731 -0.168662093967494 0.7051367591017313 0.684748527720928 0.07385595985449307
47 3.2542632872894997 3.049167179652385 6.945399435480738 0.6667213043939358 -0.40730673266481177 -0.40439288742821455 -0.4754474948831212
48 2.8859842636197093 3.5880783698508973 6.580460081399772 -0.15064326949870335 -0.2468496326481847 0.9184144932833151 0.2699753372872213
49 1.6200311205385343 4.631700039318316 6.8104075486081195 -0.2408197257531343 -0.05740787628890207 0.951902163488465 0.18053383775393333
50 0.6464429880881298 5.493798553343822 6.719603128501689 0.7105040497079325 -0.12121340931583541 -0.642271404840313 0.2607273427838168
51 -1.34664003957119 3.9715574277340524 4.603490702042667 0.8118961046968679 -0.33727621330477714 -0.36628848876430087 0.3047986451997576
52 -2.064901776878891 2.9063373773376897 2.07597880593099 0.8621725059605899 -0.19559025018733087 -0.18689430741197055 0.42833811627532475
53 -0.967223516480454 1.3259842285067964 1.3687844382162848 0.858387833179065 -0.29751085061193777 0.117171820141529 0.4011588041948371
54 0.1435956873649365 0.9280255923505214 0.9399205141028943 -0.5188666404354122 0.7810448014733518 -0.2647593729871653 -0.22505310917684362
55 -0.32284801526857343 -0.22083164758835283 1.0313672825361397 0.9864154641392209 -0.07941482500421448 0.1226476162180511 0.07506916752292482
56 0.9977250468675319 -0.5202193218797028 1.1248890680265042 0.8695484428155316 -0.19193984351246368 -0.18279508469717617 0.41669000357585645
57 2.0896000846560034 -1.0726817510729096 0.8011758934815428 0.5783338953566136 -0.30042569747994474 -0.26791081309211623 0.7095760015697087
58 3.1000009163189977 -2.1430503880271674 1.0309336355912917 0.5592659430286672 -0.4458816729365597 -0.2732120008902418 0.6432467188234238
59 3.677155288233592 -3.2862833595677867 1.4628383471437427 0.5243945969577561 -0.5660226364174478 -0.2773971153527963 0.5724329848449518
60 4.018101881760413 -4.572687545606677 1.8617035004471552 -0.5723601830409988 0.700646616950736 0.29183513011550777 -0.31037138375698764
61 3.840982789568582 -5.921209428543725 1.992804640226886 -0.5554928899515386 0.8122653845342944 0.07339554914588747 0.16206692341812498
62 3.4858485953262597 -7.116844924615567 1.960522809038715 -0.5680413877681503 0.4065505825551571 0.11695388563902014 0.7059514106795395
63 3.2933911558739744 -8.452188544228706 1.6652620701406846 -0.6528552366128205 0.4061871374140559 -0.09258417190139179 0.6326296077010047
64 2.3832942500389906 -9.191434512055677 2.049011590455592 -0.37677509493629363 0.06808318269541684 -0.14398077075093 0.9125101345868863
65 3.2996289778025196 -9.667828073903602 2.131033421435996 -0.6768602594205426 0.1882483428838108 -0.2942389672656295 0.6479553848538575
66 4.178937307692232 -10.35278959968426 2.490137585742058 0.8423596432413295 -0.2874810673489023 0.26817621038842 -0.36860057994526035
67 4.978630621110721 -10.934803218931066 3.0896338923841196 0.7254493616767715 -0.614489456126516 0.08372118223734809 -0.29852419599905805
68 5.492275232159167 -11.842129042185533 2.7761885723811495 -0.11760118342135877 0.1512808222328202 -0.3083151011340966 0.931786388017731
69 6.628986876662225 -12.176726085088818 2.364491567555598 -0.30021263022004674 0.43476444901093547 0.7559967674160317 -0.3864209339426233
70 6.654614217037629 -12.12775260586018 2.4109893031031957 -0.6260376725755182 0.014062192867557829 0.5835379504260293 0.5170711243732075
71 7.078076684610619 -11.453416843380586 1.5552915048843374 -0.4392073035965845 0.32659152158870897 0.5302930065970912 0.6474752888319433
72 7.333898986765387 -10.985583951285603 0.5649367228315727 -0.4612087999829287 -0.20738280765143943 0.5381488246794116 0.6742956743188269
73 7.722964308173235 -9.882648789549842 0.30324077584057035 -0.5110430869174288 -0.4928449539525789 0.3455776303370615 0.613608112795136
74 8.019635991858731 -8.650888756149222 0.6695663726563233 -0.5382145006965677 -0.6206137463136889 0.1146708154774123 0.5585824318792907
75 8.19435504585828 -7.221194010901658 1.428828401988049 0.6178669702192534 0.6309640875565526 0.01571562764952057 -0.46891123506863064
76 8.279235923028654 -5.376377894784549 2.2276622577801226 0.7202907425797067 0.4212240262706752 0.2717052682484628 -0.4795078863296486
77 9.119330551931753 -2.984280159900438 2.6961996618779223 -0.5944621942755351 0.0077059424542089885 -0.09162760533387672 0.7988489844575054
78 9.836158321421983 -0.846302803414981 2.8665326932751016 0.9849613152146324 -0.0026085702694495284 0.08020086249213115 0.15301053737350648
79 10.484583732151009 0.7109041106302701 3.002354935217995 0.7104312862582047 -0.6198963403589802 0.3012583192175538 0.1423353076972498
80 10.121575392045617 0.41274091462766355 4.017671148700166 -0.6742657040766339 0.7378540925001833 0.02776452101015917 0.012893015933005307
81 10.316513840095384 -0.0034997303429868815 3.8749643434786147 0.7335444926640067 -0.04146890631729789 0.5460890391952773 0.4024668537431763
82 10.363536332953505 0.347729026745453 3.506944784081709 -0.031173178467455747 0.6591063724338775 0.15212460384871057 0.7358431406659737
83 10.617693098991992 0.6349885031737218 2.024676489780252 -0.42965248618126756 0.6521146917945486 0.2934257573811841 0.5514041120351165
84 10.771992813539647 0.5352333077872636 0.7004132280556946 -0.6274298148066049 0.6315731703949629 0.45235250328654947 -0.05314480877185557
85 10.942385411796534 0.587310326025063 0.32321929598323307 0.774954305147643 0.13141791256557478 -0.5922785081724778 0.1771477517413786
86 11.221103307625077 0.49579841916710843 -0.8365761520638287 -0.6040833078076417 -0.2468215991791897 0.6517827718613779 -0.3864475044705353
87 11.365625703536798 0.24064243556629197 -2.055176756810634 0.47041402918526626 0.5022176767118687 -0.4802164347768398 0.5439487311448004
88 11.311367817473682 0.14834393474162993 -3.1243524683891764 0.3653321190596224 0.7748175357644662 -0.20088969419899302 0.47521948594299157
89 10.906235967939487 0.3898252619137152 -2.970813807261481 0.4123107546182781 0.8437214851122309 0.28564613848359666 -0.19115486066414208
90 10.869207593388516 0.6249421185545266 -1.9492837130182925 0.19291520647859112 0.9700121810589072 0.08544213298316762 0.12066372121707165
91 10.997669432182589 0.8252075006891683 -1.4855575769268978 -0.022871558331578085 0.744304457928421 0.08454621958858 0.6620722788945661
92 11.103707165962561 1.0282317756915076 -1.1589149776186456 0.23143717231788546 0.3021929402628369 0.3047630276858887 0.8730611428076118
93 11.83183043182709 1.9779668193266522 -1.2629060104708258 0.6464113534462254 0.6222284004688504 0.4344571269136957 -0.07893785314848654
94 11.830870339485221 2.8398690792620993 -0.3378330056953094 -0.3512734726211121 -0.7727084850845666 -0.07882041752468366 0.5227962187050075
95 11.8880553595453 2.9408476044575296 -0.004159221132326526 0.5827532000734222 -0.2373224937485978 0.5750579457782584 0.5228624109289363
96 12.071989847131661 3.3390788655584362 1.3290737242180644 0.7562189704167124 0.1602205489641227 0.624701106781314 0.11050236041698383
97 12.290316977926777 3.7551433910477563 2.6006081037649165 0.6586421724226986 0.5004390336706172 0.39736558674573746 -0.3973057421625603
98 12.629596343022035 4.144126467601284 3.882688718862732 -0.5936797824279229 -0.47449201669984137 -0.06662172666649606 0.6465007251043323
99 13.241450052263662 4.513158292951628 4.9335526618167185 -0.5046663541153353 -0.20824627435717327 0.3982754849155662 0.7371037907618998
100 14.764288053796767 4.979781490174874 5.034113955666771 0.8038284914287039 0.3131374369138504 -0.3690531692394585 -0.34583877782109695
101 11.590684806935617 5.841340115672843 5.83668725946436 0.3233038565901183 -0.6519821547291978 0.6597936105425427 -0.18725992020681728
102 8.81623172771526 1.6887543262945024 7.0729520540352215 0.14726621610013454 0.9682704600450013 0.16627541463088394 -0.11453149911320214
103 6.473515347484977 -1.0894823391344977 7.816396100472735 0.4745253053830901 0.6386390110935688 0.4192662366774596 -0.43724337712861217
104 5.52494768687131 -2.532751011472025 8.149448546703411 -0.8252041839637243 0.01859778765865045 -0.01702116586117585 0.5642716163122986
105 5.801793687405281 -3.121314347559929 7.982965734943862 0.7777881261740478 -0.25525673889121164 -0.34386351484541916 -0.46005163970085083
106 6.4002628761779015 -3.3909104495736737 7.360211110688269 -0.42956559914016307 0.08058140665302065 0.8949007548481586 -0.09018132794192706
107 5.316473291923086 -4.156271378025005 6.197169777896415 -0.512700266624646 0.3517450838898078 0.7808289650960445 0.06099147341562484
108 4.6115715833979305 -4.861687618219776 4.819868872139571 -0.644016500699541 0.28989437718939476 0.6667618206090125 0.23797619939574952
109 5.128301341110682 -4.287377521974299 3.3135479109506996 0.870086789420643 -0.09641215731833458 -0.3795886377480926 0.2992760279231356
110 5.303934471489602 -3.533567007283113 2.736420247626989 0.31025084390005164 -0.30286077168337755 0.27233005219293827 0.8589855118145162
111 6.102473205752438 -3.1517105485793317 3.55616432123172 0.2334754861472709 -0.29581842569525785 0.39843907721718513 0.8361979180396185
112 6.740073328578595 -2.4338370641819496 4.387016831863854 0.2249163882724158 -0.34917071979756226 0.46836070889335324 0.779827335432312
113 7.230645062026239 -1.6694356146917069 5.32792309329337 0.19956008726300456 -0.40658119327091513 0.5124231946426202 0.7295820546328098
114 7.5177695362846215 -0.9426799376603449 6.269880499142002 0.054372276074047536 -0.5340913381677305 0.4352100768571851 0.7227601864316362
115 7.570593545212514 -0.20855400559102108 7.29729559468984 -0.33259482569361576 -0.6201217331587805 0.38187296311840707 0.5991683887065062
116 7.521414090103806 -0.11507477135977785 7.450630000632327 0.7566888223107767 0.5704079855546341 0.31849177049857413 -0.024894745030181062
117 7.800939917099068 0.782630509224068 8.103848784637028 0.3638133489036103 0.9091212487939364 -0.15159189204928916 -0.1347527380642424
118 7.921132466402817 0.8193083457078494 8.206082613225966 -0.21593317180465696 -0.3471616772938508 0.32689128410637414 0.8520526530139945
119 8.479537618494534 1.6777834580116577 8.605174796090648 -0.12783938248429474 -0.028929895632989037 0.4947778203514111 0.8590780301654822
120 8.962383079439102 2.5385297158888456 8.426532769847325 0.1377570047752196 0.48946007108710815 0.02136155152461813 0.8608109726085189
121 8.902459230539801 2.6387628325228425 8.142933955459926 -0.20092317320386288 0.7539146478438783 0.4744498449126793 0.40760265811015745
122 8.036576350047387 2.7073829975398542 7.087710013890456 -0.12821739447034095 0.9349327771715371 0.1269272028890905 0.3055331194687499
123 6.984439726566128 2.708288906319182 5.925884932074693 -0.34393258217252043 0.9230267332840482 -0.03135698076855388 0.169554617513655
124 6.204072440067876 2.7988124433641204 5.290903324744937 0.4544680953318628 0.7552215442036165 0.08526033078996435 0.4645749083729339
125 5.119756594910682 2.6711180003153854 4.416802453824749 0.7317540741457216 -0.17192995203773945 0.6321967475639729 0.187891827743979
126 3.894840210818099 2.449264205531069 3.5064304316070323 0.9019718000907754 -0.3188545066511223 0.28647879192641784 -0.052043992983394
127 2.6647506688229816 2.3075661393618394 2.489067127373497 -0.22182649721274658 0.8826404570694674 -0.1356513450845656 0.39158337714371033
128 1.1554842886564192 1.9770935634386215 0.8900384754807874 -0.1213148717218278 0.8470286747977215 -0.4553371681216401 0.2459536324116754
129 -0.17661834049142544 1.1394782626782565 -0.7756646038796471 -0.5940391894418029 -0.40314575163313376 0.6859071843647194 0.11883719444830383
130 0.15851529083867277 0.9781400103096135 -0.5602049271017625 0.4699476315271847 -0.31942197185781585 0.7006496936261872 0.431519216649715
131 -0.06893809499351637 1.355199911883042 3.002961554620127 0.6599132819895243 -0.2452827153095765 0.6594827851860551 0.2635020035358728
132 -0.42602450569513073 0.9778303698750112 5.381597122252948 0.36410245854896456 -0.5368439963258079 0.11101194737596921 0.7529304555052415
133 -0.06950092464019965 0.4122697942129814 7.4209303022356865 0.6864655860663139 -0.3350493201286006 0.2502639982700163 0.5948738382194156
134 0.3873481724255895 -0.2745410594510724 8.498661006323163 0.5510545112256982 0.20618435941290095 0.012308084111298204 0.8085019769034629
135 0.24338695200085778 -0.7389126657244631 8.375028125942459 0.36388375794213684 0.39121670410636966 -0.6273255185921163 0.5665693204341291
136 -0.4064270644367286 -1.4567967167068239 8.112883690889149 -0.3588805757446863 -0.384524551771753 0.8470559887509381 -0.07643136371323651
137 -1.1825921467757181 -1.7980370010101787 5.917929691476922 -0.29743120917839055 -0.24103137957906265 0.8724758993967677 0.30368463055725237
138 -1.9769452341498428 -2.4562717809572123 4.609848621281467 0.2963212755518263 -0.4530087084099137 0.5894977302832914 0.5995575349797285
139 -2.4855830484079293 -2.5790556406976526 3.9741576002953103 0.47585883563821435 -0.055268088042402665 -0.29472209607406713 0.826826882167536
140 -1.5821058718507885 -3.2420758693786076 3.754266197823202 -0.1326670004995014 0.38385846943768276 -0.165507373606532 0.8986987547010915
141 -1.5349310717896265 -3.402457303636827 3.8160821255572683 0.7828265318957446 -0.19592938593497772 0.49121767618465734 -0.3278711504401821
142 -0.9461253317724979 -4.007583540033422 4.4987501785797175 0.7858551812023084 -0.384444766990448 0.48144616238175464 -0.05332399121435598
143 -0.5457227624084088 -4.584764679508817 5.233624588873832 0.21281040331958626 -0.5982313483513544 0.7318982368486275 0.24729730485095314
144 -0.3224507193605859 -4.237295102283558 5.069791794611132 0.2565662705647038 0.9607370403463394 -0.08600680712773169 0.06132631770103683
145 -1.304947283655715 -3.6311193516961984 4.839450206999975 0.43979688745533163 0.8232637941048307 -0.24479202769568284 0.2624734010854382
146 -1.9839673384977397 -2.0929892401229493 3.7771195945261984 0.6627775953262537 0.5851551368271594 -0.3373721579791618 0.3232635952265883
147 -1.1989728075473778 0.08806001085883658 1.0859839531337212 0.5091048380888792 0.5908566098936916 0.050504147131498575 0.6238189332666562
148 0.15025199742642703 3.1789747290356365 -1.4429059361306313 0.44183051647489074 0.5470027528021848 0.2960653197264968 0.6464666345555754
149 1.3295793127355977 5.606661830738599 -3.1533143691738807 0.45671231712749266 0.5387116724347759 0.2553021297987533 0.6603214489071082
150 2.556281372528844 7.356036964381253 -4.232515402907277 0.4916367576595773 0.6704870610278505 0.31136728968130123 0.46020735590463324
151 6.112446816296818 6.87323879903812 -4.747174809707603 -0.6204814179309699 0.7059037786024803 -0.26983890806550376 -0.20949851801654906
152 7.60760700211816 1.8281976258466908 -2.6656043353490513 0.4180721046951118 -0.5536558294067153 -0.033661833818269114 0.7194079640814055
153 9.15803452893907 -1.4430460795692643 0.33817868557854713 -0.6510435141815475 0.6696460998825652 -0.10446686074251277 -0.3417647122814389
154 10.136478121549516 -4.502744513038028 2.660463410493575 0.7879095824633899 -0.5954828669644625 -0.04520096450436416 0.1501849453907595
155 10.375064220312572 -7.56208917422192 4.456637781531172 -0.8541573978595877 -0.023358182640770667 0.037917091754568436 0.5181040717252966
156 10.06285196546357 -9.94897831175399 5.831484031529949 -0.25435227587338344 -0.5246944027830158 -0.2486649354550164 0.773412214360076
157 8.706228260853173 -11.96733323864143 7.148122325468925 -0.3904904415334567 0.9162486994567656 0.08942390443062063 0.0029834763573501504
158 8.262141138128511 -11.554178436346774 8.734714964914073 -0.5125531394775484 0.04620504821085563 0.2996313609701636 0.8033526126519465
159 8.046846182084208 -10.555061113227685 9.687866564833362 -0.601206749240072 -0.015567535979531536 -0.07725672794346895 0.7951977706704035
160 7.515632639175356 -9.319300418178342 10.906407053239642 -0.13279834533328463 0.05565136353791301 -0.4464677751112288 0.8831387495746872
161 5.900385456900634 -6.932726981640282 12.885540245302995 0.7301904268362148 -0.05667903378169978 0.5591290693947739 0.3885667400126436
162 4.022713892167837 -2.0365776755716203 16.834305233143112 0.5600973909283236 0.06490279643954201 0.4545881132905526 0.689513007088733
163 3.0261681569831533 -1.7048316862639834 18.59564953063804 0.4352874269601908 -0.18314338217871998 0.5446118270399637 0.693095459040606
164 2.448629801828284 -2.8607884522137836 20.996499237770383 0.34029067088793913 0.07217956462448508 0.22840391859575246 0.9092986416614516
165 1.9775973536939573 -3.8878217055275726 22.947514323025015 0.3260884881949 -0.5711949638706191 -0.13603834358673264 0.7408752797804666
166 3.041144208481991 -4.3856035157453475 24.982114826999236 0.14086032883748986 -0.6419058808781268 -0.3790332953732093 0.6514974818465495
167 2.7315508396708865 -5.6991523135908215 26.043017966323674 0.011902779190831759 0.4294741087185446 0.8209184744570405 -0.37616907379936393
168 1.517086668931634 -6.7963806331254215 26.58026865598438 -0.17572880146501638 0.13788320630946627 0.9573173957616053 -0.18344212582094432
169 -0.09012341710084101 -7.4966023661923895 26.109182746599572 -0.11937118691520522 0.10264213892031508 0.9386395221518311 -0.3068728702686179
170 -1.5673759738031938 -7.971989819729124 25.578462400774374 -0.3140622740762715 0.20391855760765074 0.8734350353026159 -0.31127696505069813
171 -2.856817014530037 -8.290416719123176 24.96964328743406 0.5127717557134541 -0.13559718345878274 -0.3588659536388212 0.7680454138262183
172 -1.4314027213120686 -9.433379572543762 24.719163347802688 0.4877704777486147 -0.22979293120257618 0.03058000392166547 0.8416293918146915
173 0.5088727980514731 -9.777990815692926 24.81325278516008 0.6623952748061764 -0.5456940388878475 0.2895722198588495 0.4237905677604649
174 1.7348691985328233 -8.867437553473843 23.67051052662564 0.6678930291849026 0.5924324022875186 0.2869546153689468 0.34727481769416346
175 4.741842152875435 -7.31199194711808 22.109330599342147 0.051972568996489193 0.6355869859055151 0.4524365218573148 0.6234013387129542
176 6.910326925142157 -5.885146815257315 21.340555521471202 -0.16640413844969146 0.0004177571077115918 0.4539837302477167 0.8753332284656988
177 8.740830797520816 -3.8752723025927804 20.859405380186047 0.0006056773875093746 0.1574690576309935 0.5805526398337236 0.7988502747234956
178 9.431959293065379 -2.0607346607648176 21.38925649077079 -0.16516321692976932 0.26051084856308127 0.6592542523094461 0.6857397759837669
179 8.626667775178085 -0.976006718645987 22.66449209767109 0.7817516507279662 0.04087337627957483 0.5483438103058348 0.29413056521702646
180 6.744131636417012 0.29047117876680356 25.38945646244457 0.8378773743386367 0.19248072783155387 0.5048836956632249 0.07749276636094529
181 9.072401522346151 -2.090057233010289 29.819766260089512 0.736415186550623 0.3607497812232259 0.5620303122175121 0.10804719576968067
182 8.078782726016069 -4.869817464095267 27.727175699336737 0.24406897402426095 -0.11231926920444756 -0.6886580461539773 0.673472206665955
183 6.2120604304748825 -7.524205487858018 27.174232983522096 0.2975560541456761 0.16728067552936535 -0.5970332339881633 0.7259675528212883
184 6.892256752051252 -9.453537287280641 26.46289561219224 0.8478332615052431 -0.19992826628854463 -0.3955097158573699 0.29116921830210907
185 7.946234159659393 -10.441520846186377 25.788025456496452 0.7309056403278698 -0.2690621480130928 -0.6136912544228542 -0.12948185080694083
186 8.231427068354959 -10.565156158183724 25.666164598454024 0.8314587510445104 -0.008150437952396063 -0.5425943597693346 0.11916910849374308
187 8.941866037397356 -10.678106915707534 24.7588944470889 -0.5176584233940631 0.09294485141375762 0.8504640953843381 -0.010091270829146525
188 8.228719568654721 -11.001067157727524 23.511576295877642 -0.576573717804383 -0.02325304142003087 0.7148918303421198 -0.39490722317025784
189 6.853207994577583 -10.706108696741984 22.546846790488875 0.05358605281825105 0.9125239095638958 -0.03426893110220207 0.4040473855610193
190 5.4003637167643115 -10.35623488022093 21.255743789925905 -0.03172270649414486 0.8402841494388332 0.37238505379770487 0.39274112313663256
191 4.038474039796183 -9.878145508708007 19.937770455486756 -0.1425566006201579 0.8618245239718364 0.4094431861940771 0.2632344635103546
192 2.3340197431817353 -9.972885330303779 19.380995615232752 0.06349879825714261 0.4240477761601709 0.9004493526387725 0.07309137764420236
193 0.6246228717939157 -10.004228305650894 19.359255604284765 -0.1418660580612612 0.1336974213713358 0.9604192218024349 0.19898225921227172
194 2.7618180623368453 -8.657371916819606 17.499346422411023 -0.5971550967548985 -0.4920352247691138 0.6308911893759228 0.05730126677385878
195 4.411585630983242 -7.406409470287394 15.867692089310058 -0.34890918609299826 -0.28296357547718337 0.8801285440269487 0.1535178843069884
196 5.2442156920830945 -6.4011330962703346 14.630400847533807 0.18009884223121891 -0.2988607211281071 0.9302831146450452 0.11322545208598396
197 5.215819304631595 -5.624545014882124 13.759125221714742 -0.46122977419771 0.029963000395706842 0.8459548371597656 0.26595061099161066
198 3.7663829712116246 -4.1859139472480225 12.696530716743561 -0.6313442928031131 -0.07694125276439379 0.7701584871705605 0.04837698013658799
199 2.645324608287406 -2.4224792055210034 11.986263126745326 0.7431530255585436 0.392617162480911 -0.5417675678745839 -0.007952781141131482
200 1.8334994600571135 -0.4634097627730518 12.53456544063897 0.7404637940316613 0.48112724323542233 0.2941870375260964 -0.36562813416986845
201 7.044290140894789 -2.218298005116515 20.560448632905235 0.5078116577812558 -0.45921646324608667 0.7193412635443484 -0.11745512618710179
202 5.407941176450645 -7.969791953720119 22.31462210858914 -0.28125179335411826 -0.2629333156732934 -0.7003756421606322 0.6010303321066433
203 5.296767682688415 -11.642905167504303 24.183674291769425 -0.00755514323415031 -0.31030362971624803 -0.6411558717121318 0.7018359675627129
204 6.49231288015421 -13.960101668103018 25.75844366274464 -0.08695400479044821 -0.34907920302314066 -0.760128452216682 0.5410983710918957
205 7.496054956554133 -15.125677713171457 26.56443849384868 -0.03388276187382017 0.33117526526457247 0.9429462978428231 -0.00521358890362497
206 8.273924698436494 -16.011868145830693 27.031667293801604 -0.06696245870191894 -0.1673449116081109 -0.5734148149495963 0.7991915663217345
207 9.246897374610326 -17.316894329835556 27.547077078384728 -0.34877661708693575 0.43519041733949604 0.6824427726379771 -0.47247860703259154
208 9.522067620686084 -17.72896744425735 27.53013014802727 -0.5660828847826539 0.8085774160317033 -0.07934663315386778 0.1394877831452903
209 9.345056080401832 -18.906876766984677 27.425010946116323 -0.46385887386276464 0.6811375073986095 -0.33978393359767944 0.45324774640638216
210 9.123851016309287 -19.885588472928116 27.147194409844648 -0.31796578338703363 0.3698057809256368 -0.6223384497047854 0.6122387598054319
211 9.21255794042871 -20.856275622877114 27.097267259505955 0.5670352778185265 0.5188333766084651 0.4341174573445194 -0.46992015731936265
212 8.985906253571882 -20.869700421772826 27.193187410408857 0.09951958171078276 0.842973093667187 0.5083093415639649 -0.1453059857269857
213 7.587716847689606 -20.605617802245227 27.215714774912335 0.22501612819370823 0.6083135494986357 0.5881172600768481 0.48315676125744544
214 7.076276340947754 -19.76291007418158 26.058227578928985 0.4116401183007494 0.3512822682423104 0.8066777425536473 0.23753778792527638
215 6.200971415973754 -19.614744775699712 26.202913684828044 -0.2352494744151811 0.35317242501359764 -0.37198451436019797 0.8255631072629175
216 6.315395219555819 -19.90719993889743 25.036818409880826 -0.3565302632433542 0.5759661439436607 -0.3782048149230148 0.6309598167802305
217 5.921966672097658 -19.99137200533279 24.563388727750116 0.781514225743948 -0.06441449020219059 0.5371700849363007 -0.3107001581289537
218 4.9233744109046205 -20.371479070230947 25.19664314608798 -0.2862648114577639 -0.552147661289275 -0.23622054002866238 0.7465823962044656
219 4.151906354628655 -20.666985154768373 25.771233445199915 -0.2936734875359672 0.6003518956243087 0.6239442259350038 -0.4050025766104833
220 3.050789527995137 -21.27467743330402 27.27511762732862 -0.5100695882456484 0.4164464327981075 0.6612780928568007 -0.35932251204776705
221 2.6509755437979967 -20.630990795120713 28.058639549803104 0.3432711722436451 -0.12877079877062717 0.7994706431236998 -0.4758462718923266
222 2.3865695583048048 -19.80162994756088 28.626787858017572 0.011960563932938288 0.34483187105604296 -0.37538019780334875 0.8602543999954395
223 2.266417490430296 -19.058116784040717 29.023060151331265 0.3256413082228877 -0.20669566342295323 0.9084256169163684 -0.16123752550552978
224 2.241209051094104 -18.323184292805625 29.38870969666814 0.291149644484994 0.0788327290747254 0.7373193926296543 0.6044645552843695
225 2.3134397547702217 -17.685135687536995 29.68564867174877 0.5854617928032688 0.4880348152507056 0.5478271358267756 0.34487959858858563
226 2.565724407509134 -16.179372948187908 30.199094762253853 0.41573159779350893 0.5694962393393388 0.6818177026820905 0.19484838281013198
227 2.4923792212594225 -14.231621584964259 30.715361497720977 0.36203271988418784 -0.6028564415628671 -0.38928984731532346 0.5949368330979575
228 4.9936058676589745 -13.716976322140756 30.003568631793275 0.9352224878047819 -0.3184275121938252 0.13021495514918427 0.0837071277597217
229 6.62714901798079 -12.855366515401764 28.8439017984873 0.35395012821462024 -0.11417764093516942 0.9080143147352109 0.19285429029005105
230 10.290165332743626 -13.105693884833524 27.080582116074098 -0.30768777949774984 0.19787179304396602 0.9050777823057633 -0.21681603225267274
231 14.58495363885031 -8.966180583266667 30.27948662249828 0.3102495517179081 0.37919687568139715 0.8324406021433285 -0.2588389248848732
232 17.038790136891038 -6.2961681678692525 33.67514199928022 -0.01015881159318942 0.34564856611033334 0.828239491049376 -0.4409571552420435
233 18.025964661486654 -4.894460662499046 36.294567442650596 -0.19158170793448703 -0.6457881593726732 0.11600714887030143 0.7299290676565383
234 17.895533470379423 -4.196902093724849 38.31440930613243 -0.2990042826289267 -0.6480833477379669 0.3082775714862025 0.6289271438512402
235 17.328233436276324 -3.980643154298228 39.29181569295622 -0.30280919436999226 -0.5767074310520715 0.7164114783143523 0.2499394416929039
236 14.316271296523903 -4.296624139620405 39.168192511319056 -0.23545138410968694 -0.788063114625943 0.22261892412131581 0.5234118719612264
237 11.764102175198293 -4.5937857123475645 38.507196563183754 0.03148368502006899 0.934353246255442 -0.223480536812404 0.27577026390732284
238 8.73025548277878 -4.640345352765298 37.62724710851894 0.046960280415095666 0.9534024527586604 -0.08216398306950376 0.2864743880755487
239 6.342552102286845 -4.2782900937829424 36.73441832304939 -0.16893982932811538 0.962567231346295 -0.10038115561769752 0.18667426925468547
240 5.250546854229524 -3.8320798136428995 35.93773102744847 -0.34292875320378047 0.7829189718297813 0.21873767700050276 0.47073515105154595
241 6.816532572082223 -2.8884361218761034 35.84356530575188 -0.5181797922412962 -0.06840689446348641 0.46257857604851293 0.7161223782870905
242 7.940049878893875 -2.059497764795158 35.84509106165082 0.6769101918901542 -0.5337027479797336 -0.4995159568274795 -0.08624255207751187
243 8.815089921523263 -1.542100222296816 35.68496699621595 0.8194952089747997 -0.4009742963160937 0.2714894879925048 0.30649742914212197
244 9.402479899462012 -1.363284125643762 35.38061386335432 0.7461342260078404 0.1376171004184407 -0.09607002395798447 0.6442948090345092
245 9.841182249228185 -1.4480648534597136 34.75644557404112 0.2160111713904943 0.4541756815719763 -0.5190453077879232 0.6911263217144007
246 10.439248831296633 -2.59771381364421 32.54029010136849 -0.03459800379677199 0.7697760466118907 -0.3400903497229537 0.5390606368685881
247 10.592982341686923 -5.653728549488781 30.098061856645696 -0.34107024991546836 0.9194706389428431 0.13601500228340377 0.14051600584447613
248 10.489204858201742 -10.006439819154485 27.64035440041162 -0.24000732642142258 0.875574861294212 0.4159612656572737 0.05235810354148436
249 5.121982050055864 -16.938933143497625 23.94496023821997 -0.18252448048834255 0.9498690133748002 0.2514154421413047 0.03498495256158284
250 2.939195108627546 -21.303614921993013 21.827278181860393 -0.1267334207754863 0.539747757506988 0.7990995801755238 -0.2324884067819775
251 3.366986238371946 -26.90221330894394 15.131344540270057 0.9334826219884622 0.15139910034099807 -0.17159130020581845 0.2761248495792399
252 15.380419847343537 -25.261628223979404 6.946090101793988 0.8969191406241374 -0.00859932624527877 -0.29749747786002356 0.32704335712120913
253 22.740413976983763 -24.40881261083194 2.355911226492573 -0.036532615035715255 0.11425641125814794 0.4749122565606256 0.8718194704717
254 25.003102508421232 -20.18049866145264 6.02781634945042 -0.014867433122552304 0.3878452237595122 0.4634812406606053 0.7965803044232177
255 25.52707139049946 -16.35703904149022 9.854392546313115 0.06809834741983725 -0.15052347424661772 0.869614167393245 -0.4652703500636671
256 25.922999086679113 -12.965053704187902 13.29423063644472 -0.09606857425227816 -0.3733288817928979 0.7807246606128305 -0.49179810834465315
257 26.25320357398202 -10.637231429878032 15.82711589896867 -0.22338005390646257 -0.2509730696878982 0.875689431895737 -0.3468167941064866
258 27.041509175031518 -8.521367106895926 18.792809290819086 -0.01752163247845291 -0.621839142975814 -0.4967990210339058 0.6051444499936743
259 28.085560885284348 -7.936629603287911 21.58578086357189 -0.12373726280996596 0.6723530413167713 0.5812451502701516 -0.44134403010782153
260 25.87912172894958 -10.154819906530664 23.472451034607236 0.029456557110473684 -0.49244851703951237 -0.6907356688457966 0.5286880035455068
261 24.147588986781084 -12.304717180990702 24.72306856214811 -0.2513331636014798 -0.4670617476791717 -0.6173880149769618 0.5809621361945685
262 22.847865496047863 -14.429968304363992 26.34158097425455 0.6995205548123371 -0.3793727900549228 0.5751872965703153 -0.18949103784906315
263 22.837277281584193 -16.319598220345988 28.10666716908602 0.7285269036536115 -0.5559196029748944 0.2651768658174999 0.29980522930116527
264 23.215562277787228 -17.909561812454 29.441464171998536 0.5496182387814256 -0.6221838623999076 0.08631376771290686 0.5507785094492482
265 23.752245545504 -19.48515620961286 30.753312472656862 0.13586112424216926 -0.5356152682932858 -0.15161663386961236 0.8195550229391635
266 24.87941723028019 -20.21071321745427 31.808325285318563 0.15637738965012432 0.7934574969911652 0.5356159229279093 -0.24307796193980954
267 24.607796431866866 -20.176611559541502 32.731151878062725 0.7803540765662685 0.5630887779040947 0.08860859947656466 0.2571518218556519
268 25.09645246920951 -17.841508082537405 31.818571012694253 0.7241317868727234 0.5906128516041558 -0.35080571023635426 -0.06119614715069587
269 24.931374917226204 -15.88818891619033 30.58774003203156 0.8074137156451735 0.5061168606526885 -0.30316890133459506 -0.004175214329386292
270 24.773711986318624 -14.30341181895389 29.31007852483594 0.7079169343835401 0.5684661955644239 -0.41243665358541287 0.07480511541857653
271 23.041328255256342 -13.55634418520647 27.19909580837385 0.8606076947521749 0.003615088545940866 -0.46452157793259524 0.20871279429676462
272 22.430580201299907 -15.025351100647626 24.926418509090972 0.9068494962789666 0.1614469645635177 -0.3017344463374595 0.2459983589889105
273 20.435784478744377 -16.770042251233527 19.551594814141186 0.2472404895268752 0.9682450705098539 -0.027817802619162262 -0.024490684541691145
274 17.921922555576362 -18.406171933725872 13.892614081495044 0.3984127589690272 0.9133602204910499 0.01742205718274324 -0.08207833477081364
275 15.716398097455407 -19.902174969705417 8.512105243655768 0.5314444541563721 0.667854264786735 -0.34468359696999257 0.3908077419044219
276 13.550527851684283 -21.258007040132373 3.199566412981029 -0.19114953841576174 -0.27385228556507957 0.8822225301084564 -0.33188881726152974
277 11.24929954122895 -22.37501320758417 -1.5127896179814841 -0.054077012946660195 -0.23437682601995186 0.9064869297416339 -0.347022515556506
278 8.786720651699214 -23.073071146405752 -3.967977187212898 -0.024759006514334807 0.10923803663638516 0.9219794416250733 -0.3706857863055562
279 8.499494023589644 -24.452042412616898 1.4047361849859246 0.687761218487135 -0.554891891848648 -0.45376217590776147 -0.11480149137172913
280 17.93389807443256 -27.668184681802565 8.026740255599563 -0.4165969095476848 0.9012314688950283 0.06428625929506247 0.10047950683833473
281 1.5775147346185916 -21.57937635489234 27.425564436976018 0.28664535180455153 0.08785485163457163 0.28248012373236947 0.9112194834556916
282 -4.281529356020171 -17.732665784763643 31.111240057893546 0.2942631540625265 -0.11054070567672578 0.9395615468569671 0.1356983721988178
283 -7.073817542709508 -17.012078094961332 38.29711704381625 0.7958636238323984 -0.5277956944922993 -0.0021246398795669746 0.2966956067102034
284 -3.408893115333206 -17.87424163097312 36.20128065254038 0.8497797907312944 0.005040881699584231 -0.060487634685954556 0.523631686232284
285 2.1337298031730523 -18.688423013223815 31.99359272007921 0.859370308774131 -0.18464775680986817 -0.001696910811124252 0.4768490314515045
286 6.154607054994918 -19.77675946499879 28.048614830820792 0.6426170262362434 -0.5761479704213517 -0.07990562264849954 0.4987103019186583
287 8.90134674969112 -21.927455914120024 25.42738364857716 -0.4920183575279755 0.7341130396551593 -0.029924534875254833 -0.4670123157650501
288 10.464990005715691 -23.438839086111276 23.492417081984428 0.8200810793139878 -0.03101824491296653 -0.4861120918947923 0.3003330250694935
289 11.925816675172543 -24.81118718228698 21.30726736724326 0.7926781952037282 -0.03736084349837357 -0.5750613077130494 0.1989219409542531
290 13.211787391923773 -24.422553949715255 18.62771692313018 0.6850580970171785 -0.42664451573457257 -0.4204848937568354 -0.4145627998592218
291 14.283611952889851 -24.23005196603874 15.597183363806645 0.0044560605333081 0.581348996250159 0.21123007154268653 0.7857450890457589
292 15.642437207238109 -23.65920314198796 11.779273092836021 0.39209523906977306 0.6759734072932898 0.16845375028500317 0.6007866594274838
293 17.56326301828333 -23.136486062663842 6.868110292557426 0.22684430333821057 0.7849246248113734 0.28805559507551604 0.4994586765223089
294 19.49329568001675 -22.183740600220897 1.3852569778011614 0.11399717676894128 0.9686726340971088 0.10472958800383189 0.19418981702609045
295 21.139516947621026 -21.10364705790625 -3.472837519375115 0.3960793897813414 0.8822029609063878 0.06858848817450856 0.24522371836422607
296 21.473786351731274 -19.911715652908324 -7.33661248359203 0.36307935792910445 0.8830898842377962 0.03824145496763386 0.2947256814813111
297 21.723668190629592 -18.76584024090574 -10.662443450937506 0.5412496665179579 0.3509022561958587 -0.430927612953193 0.6310450043264089
298 22.206019972066482 -17.593157399217528 -14.127446812350644 0.4736793896055431 0.19786209572435068 -0.5749593237620347 0.637102976729499
299 22.23271700781246 -17.467026772942642 -15.44626406852818 0.8551433987544845 0.512045655533276 0.08025349339198098 -0.009919224491350612
300 22.544612330358227 -17.630705519889734 -15.099868231112934 0.6301556780872009 0.5956115074076872 0.4954333251755294 0.05192854632589088
301 22.516742820246847 -12.67173197053674 -10.483495469931794 0.5721296890911777 0.1090293082082147 0.8036567180364114 -0.12213152077581614
302 23.959342420550204 -11.51636161271523 -2.14337034051508 0.6453041410389085 0.31203574348593177 0.6455095237777468 -0.26369246302737587
303 25.202637096309893 -10.521139808291272 4.56500840076048 0.7131343620893783 0.2499006012998999 0.6019693468261657 -0.2581123332175413
304 25.74703717985685 -9.601777882814229 9.534727416086366 0.7114285193890421 0.18851142376553043 0.5356390116470959 -0.41403351810153
305 27.530804698976418 -9.996757509201496 12.926510292591109 -0.44481759915465957 -0.18725152105273682 -0.534835115957886 0.6935600695570899
306 28.97621633229371 -10.772052493457908 14.926405511728216 -0.4384322943238721 -0.03242242914905956 -0.7218183321136822 0.5345130539159926
307 29.13042465051744 -12.044333296338504 16.186354294132517 -0.005105161903885261 -0.5006538540422082 -0.4887715663938305 0.7144382490037466
308 29.125089402650556 -13.368468534803027 17.402114835491712 0.38309987941047535 -0.7392850203161334 -0.09675730662333021 0.5452798957845896
309 29.413601474683265 -14.539026876105856 18.79730280293134 -0.35720375524646375 0.8221848139210862 -0.4396147912123005 -0.056182242236652614
310 29.8248654207291 -14.992574135161606 19.438429955368584 0.14245450374957108 0.7835169402371682 -0.24391151817017506 0.5534573967585656
311 30.194729218893958 -14.501135978012806 19.920598155753705 0.5544164793302799 0.6814167236425172 -0.4730287349373337 0.06736046400449268
312 29.68241706951691 -12.698208318982712 19.938911864000506 0.5705646404231849 0.5901037601155317 -0.5016001822067774 -0.2731863843722825
313 29.421256075638812 -7.500156278526044 21.786500437392927 0.7458485031383212 0.03033087539848379 -0.5995016133879939 -0.2887695688764301
314 27.770549544302973 -6.989747455909374 15.506917028277178 -0.4707215564166581 -0.16478434417413745 0.8039857919429916 0.3238428362548401
315 25.91325581345025 -4.3907244707472115 12.367256655350388 -0.4081971368267813 -0.18863719072099416 0.8078151936877188 0.38108492571942915
316 24.655489442115503 -1.6903056489006953 11.414228984509315 -0.4475634418030797 -0.3457571065101137 0.7363286424461202 0.3714284846004532
317 25.226973497733585 -0.3967279719214182 11.03960412485823 -0.1974412105716952 -0.5738635957067791 0.32876695062275785 0.7236088957915611
318 24.93077098446786 0.7754661679251714 11.54822805428159 0.16873978514817312 -0.64985244344058 0.304830499019547 0.675497633992858
319 25.243603286720425 1.58885912238486 11.413742550499485 0.3997576396787139 0.7949009629830408 0.05627107657244068 -0.45294575228002387
320 25.42709210567943 2.215261713339587 11.050030270678645 -0.17757929327815417 -0.3750443932944423 -0.3077850666535357 0.8561983709411701
321 24.36643867769143 2.1647417124782447 10.802222961860698 0.18772598385468625 0.30989794905931006 0.47405476661068435 0.8024925509986451
322 22.91745780494387 1.1082540362863635 9.892602278432436 -0.14157638880116136 0.7159107461645136 0.5141234229520419 0.45067176041135304
323 20.837436180877607 -0.333096146129898 7.448703134720198 -0.050613773049511215 0.785474653441615 0.49703059013163503 0.3652785337956049
324 17.43799252803381 -1.3391052189275392 3.374082854818287 0.00022651263093096899 0.7264649227572065 0.07309345875413262 0.6833052107094985
325 14.138896662242319 -2.0596817395572367 -0.6431595385632415 -0.15744822260840047 0.9764497732487973 0.005205408890968804 0.14740692398291658
326 10.4904229516716 -2.3998051675275036 -4.792438451061348 -0.35597429190190266 0.4537525250075314 0.21900568098866144 0.7870371409590026
327 6.372016684208732 -2.423404975103319 -9.212085819383008 -0.574477747325669 0.045747610873578405 0.17791646083606896 0.7976391457862083
328 2.965383333049673 -1.7491740587945257 -13.641919715353506 -0.15791716121831872 -0.35193448722557447 -0.08009548157143752 0.9191240399020466
329 0.675244045457574 -3.6149589866297016 -19.167024919862676 0.5925345214438285 0.39826589873865126 0.6210291822923538 -0.3234344903384885
330 1.5871325907686487 -9.01665444296696 -22.491177058031965 0.4513937174222489 0.039249389409045356 0.8075412816322418 -0.37759803463802033
331 8.650788322471415 -17.940471530565734 -34.17646648534685 -0.3712023419867908 0.8108124265660857 0.3457242746554678 -0.2920047193856417
332 19.797005484562895 -23.118682969385752 -17.525679961645416 0.12388434299935365 -0.03189773800691133 0.32334394004665284 0.9375947420419802
333 25.606709522472915 -24.827575515046963 -2.85851295843778 -0.31000681773533045 0.2706262371437409 0.4732860814508689 0.7788822104990683
334 28.370365255505593 -25.365979127516734 5.870042987512145 0.6259772933931662 0.7267909189059406 0.28268897500546175 0.0037857314201152252
335 29.723301647747295 -25.684225124023115 11.218008635727651 0.6550806714356646 0.71923580589267 -0.001389229025668582 0.23144597528588373
336 30.22853349235196 -26.024206863588795 13.907760307208859 0.23163138747002482 0.6877061478489881 -0.47957567652177024 0.4933703730850715
337 30.278897857154714 -26.416242749398197 15.393278197033213 -0.5821261161920624 0.16212373363191507 0.7622908618849776 -0.23185711489417615
338 29.9914441716467 -26.8051004247999 16.308728446349267 0.3062306397695716 -0.6716425943579315 -0.3000483696876205 0.6042267757707092
339 28.82903621275727 -27.576039649673945 17.36076540460445 0.5656649722372555 -0.3296654351978942 0.037585540456689 0.7549378564942857
340 26.963121387826472 -28.52636203385182 17.952367177844824 0.46831941684658585 0.07879775140760789 -0.6875193782391363 0.549349563323072
341 24.030612905920794 -29.558008187044866 18.075495450094184 -0.24238285466408555 -0.2243640759818241 0.9438112160594472 0.011476132366723134
342 19.50728414213749 -30.174704071370243 17.44506825107883 -0.40526688432405256 -0.18024973094315497 0.8877778854516647 -0.12296020928806818
343 13.52354065059483 -29.17832907034212 14.745630083273625 -0.40759678406598987 -0.3813486480912656 0.7322439212739641 -0.3902011147797439
344 7.921877850636307 -26.224903545271502 11.134272320181909 -0.4141017647131211 -0.5902291812640557 0.6244200842214079 -0.30041438125823905
345 3.1102730812770503 -21.477078989809232 6.61836770856407 0.5171384909948901 0.8025368439051711 -0.29597804415069073 -0.029989876408312834
346 4.017547389140841 -14.490961008796079 -2.7982867335063664 0.3039299235884623 0.9368647837563001 0.11761716471055603 0.12679582434064018
347 3.168691974534638 -8.178725400596848 -9.048229264130947 0.3632127221048962 0.8751240292212437 0.20402461076352998 0.24618775392678874
348 0.5472514569651517 -2.6753864989177054 -14.371882081685673 0.23935254109010637 0.7573594829555191 0.5972310347269651 -0.11149917403288745
349 -7.315027996948581 -0.7307171731232045 -15.254080466382439 0.4710741323552232 0.5243390070476922 0.7076006826647699 0.04958872257242983
350 -11.444582625000251 2.728153731306226 -17.414884399419716 0.575909155859863 0.36417214392922137 0.7269526296222056 -0.08513030052886104
351 1.4337454866297674 3.1717764112613054 -15.451535208946217 0.7993273747511992 0.19287251344078363 0.2461562421407225 0.5131111438933554
352 6.625795193025478 -2.2922878718586004 -9.139460366508963 0.5162807331881246 0.39667282971400514 0.6649888224637898 0.3659162974009742
353 12.59519317000796 -5.166976273902833 -4.851272371149064 0.11885520038315846 0.7005246373298829 0.3916862341964809 0.5845687023581513
354 16.130524043468323 -5.814269560126678 -2.965010083335744 0.12473053764723684 0.9461329158348585 0.17483705604026292 0.24229486661345678
355 16.10167803295077 -5.7999968264310535 -2.6387482945040155 0.0076881668852778135 -0.5723890274418677 0.6498646442602084 -0.49998763734181256
356 16.530857818485256 -4.426527810645472 -0.1023063773136314 -0.4247064216362271 0.11112867012415514 -0.539594421340221 0.7184098652968932
357 16.844178938968447 -2.367224360911478 1.127926089517039 0.6252268608206976 -0.5685529674628832 0.41205819763586216 -0.340656626911219
358 20.01899385086292 -2.312205924720358 6.067730640952648 -0.6039520159489667 0.6691582322534566 0.4328609954590908 0.010029020329620386
359 23.503790802447774 -5.187632100943118 8.792799131640889 0.9473184580696655 -0.08768038981886059 -0.2918347158970286 -0.0986528602678316
360 30.061706193337695 -9.392043371185528 9.82479944261122 0.615046639103493 0.7574237117549427 -0.17977005857749812 0.12533825688075417
361 34.60727850198079 -12.007962416610836 10.02943903596797 0.44171602635215135 0.7915065484366991 -0.2032362207114112 0.37026932689115793
362 37.783553580108844 -13.624433560057344 9.830963264763986 -0.23644797782880977 0.8991667676677843 -0.20170191383163588 0.30807112110548507
363 38.06380122024666 -13.992693937159174 9.135393767991445 0.7484569634200923 0.4954297305786239 -0.3227186214003983 0.3003568666905954
364 38.053736325639946 -13.186499896299662 8.367112743159849 0.5258260835684545 0.5582397608006612 0.2516712459827919 0.5903701239440807
365 37.90031533200922 -11.365216825049181 8.142226645144126 0.48443621609625964 0.3174924639279299 0.5704798356481731 0.5822996178962709
366 34.59593546663767 -9.714312154693204 11.112724443871473 0.41999443166274075 -0.2057314738006423 0.8730490907244521 0.1380743395613872
367 30.662005408213062 -7.132264718480176 14.009926874002002 0.7609978189664002 -0.21496073380779734 0.5576786417232471 0.2523266434899583
368 27.665745571040574 -4.966656446399954 15.717230046772706 0.8917707267264792 -0.16554202191947454 0.29276521182395443 0.3027033872922697
369 29.274104527671774 -4.2629582310836165 17.65980817632564 0.8240102943064472 -0.17361348142996394 0.33585644087706346 0.42197848886425565
370 30.738145507346033 -3.902023834309846 18.63293019481832 0.6460285502226253 -0.014059628075286745 0.6343662715671193 0.4242980940961988
371 31.232847176972538 -3.621593874592563 18.540637071256437 0.6901180337213312 -0.16592253877392968 0.1891371900767514 0.6785528232859167
372 32.19390607376116 -2.506518214898934 19.239397161512787 0.6095105191992755 0.6563599029460324 0.26109798046157373 0.3598839387760875
373 33.71158986712252 -0.7650385570576088 20.26409054441086 0.7007303949080586 0.6667224782257353 0.07577984741827892 -0.242312742970301
374 34.51718514048567 1.2449383262804166 20.64016143354406 -0.593291138426552 -0.20482778413306757 0.16223276781406104 0.7614011642748202
375 35.089903042852285 3.400396778087072 19.59708911574798 -0.06660459232545707 0.6122364011683852 0.6219941606458768 0.4835842031001177
376 32.58747454011334 2.858617589071766 14.558006480291223 0.7427053704333967 0.3218788178501551 0.5304235817785518 0.25186024545765345
377 28.997112525716705 2.5639925916435673 8.410317846751596 -0.5882273078512782 0.09691887429004162 0.15971999341077062 0.7868194772686117
378 24.94538781484577 3.7550527606446096 2.0774698495652375 -0.8425471618918141 -0.02466371130908409 -0.08915999631120661 0.5306189559281621
379 20.008546244000915 9.660043347792534 -1.3290995344511898 0.7279457754339 0.054158033951949895 0.4936454705138392 0.4727324875948003
380 19.61692502615744 18.70503719507439 1.479582150773327 0.9351918670107208 -0.0947997130414944 0.3138442051170682 0.13390668840161715
381 18.848396792975763 9.843638497089927 12.54770149246255 0.9712517254035054 -0.16413517250801468 -0.10522933144442292 0.1365888679586928
382 19.96218104613899 6.795843815044628 20.49396312107501 0.9463977171632152 0.021176422321593502 -0.03533707360973935 0.32036574616305696
383 20.194724354414916 6.602307504027999 23.82950069854608 0.8391325474194973 -0.177360698615107 -0.11442385825915738 0.5013052274903145
384 19.22393249708715 6.252432765436328 24.480405993845842 -0.09951151501867045 -0.6748402789860535 0.13224019546640237 0.7191665919240976
385 17.31310528591255 4.882725538820044 20.636061788186982 0.3141214829214311 0.8631113628278666 -0.3031649208203275 0.25388481661703965
386 15.388123757309407 2.9073668889785895 16.335822120889254 0.77821594463314 0.5755156762014819 0.0029223957792485137 0.2513028244330128
387 14.326312802447859 1.3314950674792156 13.492478185147029 0.8664997874992876 0.39711663180879286 0.3023822678746396 -0.006439183140574397
388 13.913773761893845 0.1475024293682622 11.553387156630917 -0.03169780712327029 0.8321072965124875 -0.5471313398983711 0.08508814850064807
389 16.361322471926258 -1.4200765210426607 11.61211832140615 -0.08167343511481309 0.7437449917320755 -0.6490415498905625 0.13754237087405904
390 19.139440514189026 -2.5548091731761544 12.422153851649172 0.4266428622497853 -0.5502706754813413 0.3319280770653872 0.6363975199922564
391 20.28357396622617 -3.0209086010140647 12.691615364910197 0.6854385722960957 0.16936087580362247 -0.005590685762776417 0.708138123241802
392 21.879241801886515 -2.8321393678179736 12.367472599193183 0.509862614090579 0.6200879125362803 -0.08773456697833967 0.5897743138152456
393 22.774978160296133 -1.6937025519222102 10.894876277939588 0.35080594904975854 0.7724670348436442 -0.3668443903309665 0.38164782126178576
394 22.591677084729888 -0.1244840044467459 8.99863962364948 0.30889711537915443 0.6400883515692819 -0.6111993179426987 0.34828848393556866
395 21.892931363548275 1.84692990099819 6.654451636352005 -0.12251956576998968 0.7029072008978003 -0.5758500971708853 0.39913292086450874
396 20.78317732641129 3.7789299842656767 2.9046900344385285 0.25035477078546137 -0.46002377833639346 0.7436144948121535 -0.4156177272630864
397 18.130788418894365 7.988379452662286 -2.3611785249434143 0.26134228706899465 0.5015914692635725 0.7800284667716084 -0.26769721324192286
398 15.583293389227352 11.465457449009094 -8.050123582047284 0.1772547637634256 0.8514581371500752 0.490861298766132 -0.05152644736173743
399 14.311277623841123 12.391351608593506 -13.372466398204958 0.6821887041198034 0.5061516614771296 0.42181052195298324 -0.3170251585048671
400 14.244615417805301 9.679171623179098 -17.320694164306946 0.20679462539073412 0.6433850080794211 0.7264847183054901 -0.12454584841230938
401 11.32985201862323 17.509719072590215 -7.698975886235148 0.41270897745193685 -0.0008110172604509166 0.8463957500906061 -0.33657818766245057
402 17.20420185329641 14.95784226695811 -1.0559725154425612 -0.1427344974162102 0.20297877232549344 0.7385618590791876 0.6268595229762971
403 20.870412405474113 12.834958206270665 5.110718183718795 0.15861833029570924 0.006020273359607413 0.3008808625805909 0.9403588081874048
404 22.765721448565923 11.511971653335154 10.464314201127557 0.035312996944533784 -0.04964310162707895 0.1569293741362699 0.9857290328689916
405 23.834820916464743 10.06662308446051 14.157324422648717 0.7183472144231793 0.05768141435799205 -0.03035574236990634 0.6926244746421335
406 23.774674903067584 8.015970797850434 15.093416578765115 0.8093038954728018 0.3283154286894571 0.255204476235177 0.41485763746921084
407 24.97018010579599 7.940969227632061 15.502412811002058 0.7033200338613925 0.3141725064712827 -0.08282609788636981 0.6322787388926483
408 26.025955695333096 7.993373599246369 15.010630397870314 0.12055970097640724 0.6983766622671338 -0.355521510672197 0.6093766089623529
409 26.07538410874365 8.219175950255401 14.878997358253116 0.4351898672079498 0.7286860212050887 -0.5287949909837018 0.001522987318005088
410 25.352712049249668 9.20031546512223 14.007522444905225 0.42195982265381243 0.6767423283722638 -0.5945197518423762 0.1025475193484902
411 24.507007687350328 10.185372737033699 12.542354805043017 0.3198140900105035 0.7280542091731091 -0.5996337190845088 0.08997454791746627
412 23.536150236722875 10.778114151264065 10.599813957787054 0.21732167976016106 0.9434560917152056 -0.24661196134482358 -0.042946839620049415
413 22.695775799259824 10.58947929812817 8.249931377184804 -0.020127046942437665 0.9201078995544959 0.1722916508213291 -0.35115800178274664
414 22.30482601356862 6.994987357454259 4.961866457536807 0.6366293969951969 -0.5479126163155714 -0.5249358352398357 0.13761229830510516
415 22.40780984726591 3.174899887922527 1.9902875353702458 0.334152702298163 0.13330729413554604 -0.4291566441261143 0.8284900190584711
416 27.224986864148985 -0.12223752446652103 0.9231382503503658 0.6347049888468986 0.43154581657813484 -0.27513946471697975 0.578978462709992
417 31.052175910131407 -2.2237816741450516 0.2768690530473208 0.5151136322041178 0.7958898980276129 -0.3116531305814811 0.06394952958262608
418 32.84328771534163 -3.2943892847622274 0.18773723785203633 0.27381844391272714 0.8560153560042114 0.2304283001943123 -0.3730468717570974
419 34.43121873643589 -4.178792730764259 0.09000101200412183 -0.5996447783863318 -0.11943282450116294 -0.11128541038811836 0.783439530289626
420 36.04782822672245 -4.781964686945347 0.30417118311705116 -0.11153740230394983 -0.33995080883562756 -0.5318926094713947 0.7675174965100143
421 34.96664862787142 -4.310711174106245 2.133915040336307 0.31825604434492244 0.7294556378932678 0.41376477479023965 -0.4420478183708526
422 33.743723455165544 -3.736834569973401 4.875340150335794 0.3395342782933288 0.5754956134530282 0.7249492020713301 -0.16724212141770092
423 32.25074919861576 -3.2550828664982063 7.038290699216048 0.2088522165886704 0.6060508077683119 0.746043865470076 0.18028233641664249
424 30.24311976907974 -2.9130166031065623 8.539619996928785 0.14805482136057455 0.7736193049212646 0.305860418399712 0.5348292675063498
425 28.464810322993806 -2.811230893331755 8.709518322378555 0.017109896734349442 0.6193815431669417 -0.18141750650851032 0.7636500793885328
426 26.289132077458135 -2.930843323595522 7.792125186427856 -0.5634804815700012 -0.2795304344654207 0.6904133792098854 -0.3573259700962133
427 23.96640009930791 -3.468035165776845 5.082596932152219 0.417044505883208 0.20429483316984845 -0.5702922081148286 0.6775723567385599
428 21.955030280612178 -4.288710424060419 1.1968366978154488 0.07590922675839369 -0.16978078905563113 0.06319853480410842 0.9805193614402542
429 20.319199626580005 -6.702175675597583 -3.9322093809091836 -0.092443736342497 0.06588584591304726 0.1423843245075284 0.9832801813592583
430 16.88748412228882 -12.130275925948808 -9.633921541903796 -0.2092351695800237 -0.08302527319487016 0.2821916558869606 0.9325745638658128
431 20.84471033982214 -9.512797007737793 -1.3205245176470761 -0.16939133094266304 -0.21435471893956426 0.5177306333094281 0.8107488037628127
432 23.674958516975853 -8.212619087735877 5.154757470693796 -0.41795593153584315 -0.4707857424343697 0.2228298223369347 0.7443255297864068
433 25.486717543910398 -7.818265794178866 9.878122108286542 -0.544946290314312 -0.4656373986377443 0.14021404863377696 0.6830485884827439
434 26.848771118830506 -6.869589685929248 11.983136104658675 0.7164139277137378 0.2229560778651906 -0.483113774149696 -0.451267938975928
435 27.311148168786566 -6.127971138267827 11.96279705967684 -0.5762834416972821 0.4336877097327246 0.6918918113019734 0.033137391351654576
436 27.044274319422083 -6.55546313176256 11.141810504388959 -0.49313413001829876 0.5994100393034555 0.5864667536695084 0.23148019663390793
437 26.54384089229555 -7.050275707380066 10.068333124742889 -0.37673441618102116 0.7054397320895949 0.3950640141067532 0.45205131214494265
438 26.06877450618035 -7.296057704475398 8.845834507390835 -0.24662323565936092 0.6546018591424331 0.2605808650792772 0.6654103984720355
439 25.706334601393916 -7.31799814912719 7.654090218481808 -0.5193639411020933 -0.17033095304245327 0.4144863032184664 0.7276328521739795
440 27.089677004567523 -6.348954868921229 7.078949028885422 -0.4737698749495582 -0.1882161133670774 0.508450237747301 0.6939705728588095
441 27.77165442081048 -5.633690611537454 6.143796886767036 -0.07763884442477563 -0.6411975525281387 0.6523619561755832 0.39656246242310417
442 27.52898676579198 -6.3117087053900365 5.198573849375075 -0.6148475191359796 0.7285651015057356 -0.17557931163770574 0.24561621771596606
443 25.065236321086083 -6.968589427723753 1.796474255474951 0.6267463188803435 0.547656757018719 -0.10037196667387868 0.545148233572942
444 22.09822397355694 -7.4176331851983335 -2.888853126168665 0.007622921712798604 0.984254509582274 -0.16640801744185163 0.05910434131762511
445 17.35833086123196 -8.74443355688301 -10.556870355157928 -0.2923721662858197 0.8762428244648346 -0.18320695627384515 -0.3363810935948976
446 13.221155929946416 -10.31416525939835 -17.300128565437394 0.6060217503841676 -0.2349522032240444 0.7386578390437785 -0.17866084372534602
447 10.437902283869507 -11.604928780486063 -22.92668051173847 0.7664465252819634 0.12960594864585387 -0.4607038196697784 -0.42838535514241033
448 11.65615070565464 -12.226175786453105 -22.501168870164204 0.27775281739409247 0.7846314457458 0.40841973181236785 -0.37470013269654967
449 13.119523843851173 -13.468677274740248 -22.35372972231413 -0.5933195142613933 -0.4613151424542312 0.2785829677182733 0.5979563725192137
450 14.95684602969679 -13.744700605896671 -22.89087784872424 0.18135693197428904 0.8798543753079922 -0.3731656581410294 -0.23176137094094845
451 14.10381181966557 -15.83597780185872 -20.915269068072632 -0.04226180811064954 -0.3523246639694736 0.8096273334251924 0.46753058905790107
452 12.741776022564855 -12.796377612203946 -18.40006525577236 -0.19949640800066185 -0.3965771892362124 0.7781238178880528 0.4443546333815582
453 11.55288542649562 -9.158049226981062 -16.92707734931553 -0.15042326753531343 -0.1666459665702635 0.9198063860298304 0.32180455967652916
454 11.032527445714653 -5.477048834006037 -16.53392175750223 0.2000470496420461 0.35120778006643905 0.9124820366748951 0.06333092369412417
455 11.124989936032208 -3.333249149741364 -16.57578549805271 0.5960091257861808 0.6273950149381381 0.3310254766872301 -0.3762588882596106
456 11.826324701622823 -3.30171381021008 -15.921607802230056 0.025019797170441865 -0.682336466797885 0.5275089830320137 0.5054950332573651
457 10.054104191780922 -3.609622963842983 -16.55635042850672 0.26999399673417324 0.008772084873685995 0.9424035953105716 0.1972352803130953
458 6.783806977031681 -5.969626243385818 -16.852161113192473 -0.5096313044326453 0.7634660398142156 0.315355988032646 0.24072004570586442
459 2.0992709346942613 -9.405092431000828 -10.720435672719383 -0.006565666707950909 -0.2080575012128824 0.8736242784001246 0.43982904451569915
460 -1.198443959581487 -10.707882781705496 -9.547118072052964 0.03816667157336671 -0.5397555797957473 0.4056364467912269 0.7366588710488419
461 -2.9467397139478475 -10.837344479085505 -7.948707545952051 0.023695914199006986 -0.40755050020653794 0.26089101450145663 0.8748011042426012
462 -4.008861293945011 -10.309040875893688 -7.3477103788237565 -0.25570706997488335 -0.49564596996836485 0.6873071213637332 0.46535780614670846
463 -4.288236667594197 -8.513853229849966 -7.001395267222308 0.09803564386705692 -0.438580068251798 0.6336062831992784 0.6297456741845999
464 -2.7614591508700137 -8.336975589526448 -5.664931384898606 -0.1260366369138199 -0.18190596703533785 0.738051553387547 0.6374204968893155
465 2.7466956610071964 -3.6913365602435473 -2.2131505183874456 -0.10337154395013234 0.06755980381730804 0.13176074238490193 0.9835594052093204
466 5.43576295538063 -4.852066668693116 -1.442623099666442 0.39717006579988273 -0.26173202110069377 0.39292099120943874 0.786997701794646
467 7.297430465618766 -4.498063130205928 -0.6312957147751699 0.6091217446080068 -0.21308055962932582 0.582595351616044 0.4941154031490305
468 8.441316175190577 -3.862741925822589 0.7593487714615242 0.8329262885251559 -0.10997367302878107 0.42115949767761185 0.34170786739583336
469 9.909081381551635 -3.2628767350562353 2.06691842117039 0.7300524857988002 -0.3110405136613434 0.49764821068998993 0.3501762773765958
470 11.327339329218464 -3.346320168441161 4.699420976580311 0.7670517476565676 -0.451864138230901 0.4187986952627877 0.17904767477974995
471 12.273769697040187 -3.8414066462984082 7.864945678533978 0.5967789777143563 -0.00208552604024563 0.6451959913187456 -0.47704573693259616
472 13.313063944618246 -4.610997336539804 11.556842834039406 -0.47578210312275615 0.07627129405978703 -0.5449177145895214 0.686206065535029
473 14.0583275310603 -5.090793272736838 14.655928795108576 -0.6537988194613065 0.37697171856354894 -0.3659278772658782 0.5445513894151137
474 14.552287550996994 -5.508655307971232 16.985944025774 -0.548018949042247 0.7413602871816053 -0.31920473010191025 0.21947322470225047
475 14.083885814346246 -8.453603520737412 18.247698088859735 0.7232530850323364 -0.6791778510447316 0.12388715947530415 0.01656482292714534
476 14.416661435553179 -10.70404002565351 18.723000599416213 -0.5084929758872796 0.8191562523753771 -0.019591183194245347 -0.2646395911587577
477 14.630435516424715 -11.430497517854649 18.68494483288851 0.8815816748433686 -0.3651441331946518 -0.20103667904004074 0.22151245169163444
478 15.14929720892826 -12.591074134561676 18.532234875481308 0.8945234334079272 0.16540016834705862 -0.2893295410263274 0.2979245342101807
479 15.888496455860107 -12.543879556970534 17.87290183495386 0.6551679770312763 0.7102258540660904 -0.2066341927788294 0.15374156387743326
480 15.701678613834707 -11.573787775684952 17.20524375640614 0.3914869238692566 0.8732501324136006 -0.19952315722913133 0.2106245579421711
481 14.918122861478954 -10.595832728406695 16.534357130595843 0.43586924142720485 0.8597678378044332 -0.18961643836048422 0.18671602973030343
482 13.856238928868537 -9.52195427392368 15.626174170452469 0.635989040228277 0.7065081079793551 -0.2189356771478053 -0.22007135965585883
483 13.171208723214601 -8.678675834947056 14.651142387041183 -0.698632029452405 -0.04054462934833854 0.4220299615895076 0.5763333514338537
484 12.758622794709739 -8.50057035692392 13.657539238391522 -0.33099823314906485 0.6712192255437112 -0.09089862989308027 0.656994946705268
485 11.676839205544823 -7.952674594514621 12.982979679547888 -0.3756944531667242 0.8016433248740967 0.46474991899733803 -0.015138372981517951
486 11.860507851218289 -9.605158432662238 12.420062195429558 0.720759594804132 -0.5367733217868568 -0.4385668701560831 0.0062536323192059024
487 12.70888475715766 -10.39347279099108 12.078898202118046 0.733220126878477 -0.021354851994720123 -0.5024185314254918 0.45772025858251564
488 13.255471947453072 -10.940089530320344 11.759946909741851 -0.5859514590222243 -0.540107965052932 0.5944768551902028 0.10743157077541957
489 13.68058186991098 -11.221439690503303 11.268085571087111 0.740581930726501 -0.01915579333613009 -0.555968634774956 0.3769221890649883
490 14.257957970848784 -11.600812486674458 9.915417561697517 0.5289495965419811 -0.13791722011229599 -0.6144094315639537 0.5689395531335728
491 14.243253335863919 -11.66137896054824 9.330168527563105 -0.602971731717812 -0.2420047903459106 0.7545635631409316 -0.09215531118126422
492 13.986720038355541 -11.524056600983668 7.743989974368821 -0.36738481691552005 -0.528033034993977 0.6476943748492462 -0.4082909588071267
493 13.570141485108397 -11.554859048801605 6.29267839656545 -0.527203958081089 -0.2180802342471453 0.8212278582002784 -0.009044497229093269
494 13.46725768573293 -10.949458290163122 4.862056128005746 -0.055034868844980656 -0.16422358790547456 0.970266899897111 -0.16906779513176917
495 13.507517265121878 -10.545493860304074 4.146797019904093 -0.5541344510063566 -0.2594202279635742 0.7854616266290994 -0.0931997243793153
496 13.316719290968434 -9.826683119807214 2.7427812720327975 -0.28185970684595707 -0.19423271035744136 0.8388793573911646 -0.42321411085513266
497 12.64511905765697 -10.923195058212377 2.177544557951519 0.013701808939406363 -0.34588636235198056 -0.7245143237888553 0.5960317771692039
498 12.387246794199271 -12.169366128320156 2.8120366612348064 0.15062325232456347 -0.5197548340253129 -0.6202551394946745 0.5678477879651653
499 11.923290094570469 -13.127509073182797 3.432098088213641 0.621960290505296 -0.2607957860160369 -0.42264221229404436 0.6054126819104816
