# time x y z qx qy qz qw
0 -1.846975465618506 -0.5025286923161048 11.054684588621843 0.0 0.0 0.7071067811865475 0.7071067811865476
1 -1.893106914685002 0.5445328198575408 11.042877217517404 0.04962371433576035 -0.0574285447904263 0.764092712733342 0.6406260809291011
2 -0.527167466455517 1.1705460417562756 10.885090942343966 0.05956136896253842 0.1702745169358451 0.6865142238547295 0.7043843075017437
3 -1.9323040462531955 1.320159926914084 11.287579705165093 0.04415717356639674 -0.05386389617209959 -0.07443586447917336 0.9947904939187078
4 0.0998215179745513 1.4921197150629133 8.77174477249393 0.1550795755648687 0.13297708562999638 -0.0048285525198776946 0.9788994356012959
5 -0.2204100710351175 3.6956400688211244 9.779356354835713 0.08701104432876665 -0.5679564110492542 -0.04159049642534562 0.8173890285047637
6 1.681953222498301 1.5460133131598663 10.850764480775617 -0.018886807637896564 -0.5438841222324005 -0.08769924400663273 0.8343513604479863
7 -1.4025938805503133 0.6292408606220702 11.39106299476869 0.10660735030113405 0.9887044507232627 0.10521170593924803 -0.005373910599904019
8 -4.017440972034585 1.4922971899378048 9.978817120224527 -0.09234585549630245 0.9817086186913001 0.12076742608920805 0.1146109059193895
9 -2.9928717711961643 2.629213076410548 11.940555272251077 -0.019270136734684758 0.7482954575287054 -0.12551328233956105 0.651098292140658
10 -2.048583841848826 2.022314549392553 10.578233612656751 0.08237448611373885 0.6486661617562164 -0.12912547805472255 0.7455020224969848
11 -1.2928266461060811 1.4354003496234826 13.627397427028646 -0.04458067817053312 -0.10207995420221376 -0.06777870001488694 0.991462704244704
12 -1.3099471746912956 1.2993205502650227 11.699847861721407 0.04464727758263288 -0.1501463724107334 -0.041314934060733034 0.986790638220648
13 1.7632500287740522 0.07070340983352807 14.857346318244486 0.14491584007703606 -0.14305984265566307 0.0522618001128307 0.9776512593778368
14 1.2345021663369375 0.7915480019013315 11.158210964597016 -0.08654904286736213 0.09976413441141299 0.3115343812513301 0.9410115355096536
15 0.6367119512583177 -0.09055855987561418 10.245790192792024 -0.02210997638214965 0.008961765548761587 -0.030346155125631352 0.9992546955464963
16 4.270739243038919 0.774888282932029 11.827195232298093 -0.06002507687410422 0.06998480768177176 0.08630712496344473 0.9919930428287023
17 5.462633685483939 0.9292545126969256 11.588664732622345 -0.24574527046041122 0.11205595756292076 -0.1724977511291429 0.9472577528193604
18 4.596595873557589 2.3981802713720928 12.058894483581794 0.12069655112265915 -0.1445564539004899 -0.6838211268787601 0.7049286776809932
19 2.7039121926772367 2.2038191917720664 10.0429001784902 0.1523364209017334 0.024336229375279725 0.9730718679545199 -0.17126734248578976
20 2.469598499793563 0.4090156644518878 10.683748653289866 -0.6803095004474631 0.13032345714611954 0.7138020264576381 -0.10335108680307202
21 6.039197382886854 1.4200692465717988 10.019236811517306 0.8393621147468746 -0.06180725826406468 -0.540030993125705 0.00419876377024249
22 3.348616236506416 2.5799257270542313 8.558001246399797 -0.6309487639312797 -0.005361271909795217 0.7744969068388331 0.04504947673590812
23 4.155598553508471 2.013778297892741 8.55080840099073 -0.4034875127101515 -0.577124737804167 0.44335612990533735 0.5545811087449772
24 4.327691078754817 1.6641710763846256 10.072137496383865 -0.03471264558581317 -0.758368087238806 -0.05060008845148454 0.6489318204117367
25 2.325924329706237 0.5431149401686077 9.429983786445069 -0.4721485418676724 -0.37747129071027913 -0.6014135652271436 0.5223915223876845
26 3.1999818468736043 -0.019004456019732274 9.91061904656313 -0.5039939007542396 -0.3768703845721056 -0.5482657320605628 0.5507844844248012
27 4.321388919820854 1.8464969111707634 9.986264938080986 0.5473251793702526 0.47676265098833737 0.6479178963421032 -0.2309435477546777
28 4.588591876145731 0.8061786613931133 11.306955739528322 -0.4446860712087918 -0.4761369417416658 -0.5001701457447467 0.5704189128065984
29 4.218147131447396 -0.3848519250422162 12.32747428421755 0.5062315865231889 0.4836699489566102 0.5955162883865511 -0.393895051439887
30 2.7301555111167306 3.24256517113008 14.920213829408402 -0.30997362734942296 -0.30808012140130864 -0.6996391015425534 0.5652504902588977
31 3.526364723921878 0.5190666308219312 12.39836639221388 -0.7102549003080718 0.14075356691937826 -0.017849782217853265 0.6894982199125813
32 4.951926427208965 1.6830038400314777 14.300560099661322 -0.7416017034096762 -0.05502336929691122 -0.000771516435532875 0.6685796490273035
33 7.314851581630452 1.5259578990827087 15.179833647548532 -0.679773242136891 -0.22134424987360427 -0.029314652196694817 0.6986098435387078
34 7.242892035859294 2.3918056542762822 15.344235080729282 -0.4281162353688857 -0.46392537858648975 0.3968178805134222 0.6663522355494805
35 5.987046391538192 3.046476599091714 13.793300900694247 0.6055308327095497 0.35943609230768525 -0.5704065559833433 -0.42281729751262714
36 6.069400838340463 3.5496591102619064 13.27260937125189 -0.49582421008590316 -0.4958132954493973 0.46082629904641953 0.544028171012751
37 6.563717454026468 3.6274244449021658 13.924817057512998 -0.7405213421396846 -0.10544463749734076 -0.1784295084146962 0.6392749649294773
38 6.5441753700886895 3.0925832654661494 13.745497722754086 -0.6742864785610173 0.05354336266936086 0.17000909513954318 0.7166364215651294
39 9.066960533577637 3.747948571890673 14.504171155999936 -0.6593843863629576 -0.010135086661221345 -0.051181985201887395 0.7499932769231397
40 9.882804308240338 3.043834585325628 13.36157539349706 -0.6137938259988218 -0.01387739557718842 0.09703879664934356 0.7833568975904722
41 11.033215559503418 3.887502580433535 14.426600345518166 -0.5193246870495417 -0.11063589175696312 0.1721160486693241 0.8297214199154412
42 8.718382153152854 3.9775787971298397 13.194803828101902 0.9623914656681339 0.22407300921514503 -0.13919591631827768 0.06494959761788763
43 12.72946686431631 3.071404917672098 14.961271786516622 0.9985353377150652 0.0504614596529489 -0.012627496109591956 -0.014878399307610464
44 12.459634019195736 4.094755719756867 13.945706497223478 0.986963808016265 -0.09842166235228035 0.09583764022799901 -0.08384965570218912
45 13.183553489984343 4.741429291467931 13.001231167263109 0.99391566155661 -0.00979297603929671 0.10796311366975321 -0.019486441940793124
46 13.836336647212852 2.8635888499473765 15.53681392933556 -0.6952036566882773 -0.07193448292670726 0.04398891977033439 0.7138503210272824
47 13.192616044973391 4.397542925998577 14.363992775679622 -0.48099865027610333 -0.5908625538757968 -0.3390795894196174 0.5518575657712431
48 13.687285847741007 3.9991721413602033 11.963528411592968 0.01370558788795714 -0.03141950252885457 -0.820971200256646 0.569939698626659
49 13.056195621746808 4.534681331901366 13.810891668890019 0.0927158348666445 -0.159692733458898 -0.5679513882615718 0.8020805604284147
50 13.250210008637138 -0.5916809444034019 14.325087310351599 0.12181024072862541 -0.10518806454436454 -0.7174668669472664 0.6777455504567467
51 12.855745815947325 0.06229445860250071 15.55586642528841 0.01724156959322775 -0.11574609437856974 -0.7460945829649147 0.6554757380593725
52 13.854564752000881 -1.3068228041125534 13.659258824503636 0.09269680029303638 -0.20852009314771952 0.9719290086610455 0.05727718649040477
53 15.120970408412555 1.6623556920271079 13.466984423142566 0.15864570400335282 0.022120629583096667 0.9722758355249737 0.17035820497511261
54 12.79809499531152 1.4112362999169565 13.941793017780538 0.04391760621816043 -0.11739067519197614 0.9450742581900936 -0.3018697065763354
55 11.233748579984846 -0.1908227565011539 13.189308764130052 0.18389329303262048 -0.10190991066456352 0.9765034640985769 -0.047313967170791935
56 9.589212503927795 0.1859602227782033 13.54668684798208 0.10307589683891857 0.152044939561522 0.9805163832157624 -0.06960831911536017
57 7.8009058633277615 0.42125974765204893 14.142462620376135 0.029293052282800623 -0.03879225116406803 0.9898757602053392 0.13335313155484144
58 5.354851624480257 0.543134682661606 13.326548370008785 -0.043881336394306365 -0.09159484644602538 0.9943915662775632 0.029499581977265897
59 5.516319629678307 -0.7035315767126552 14.181061747616306 0.04138088246558906 -0.0646233991852625 0.9930734839338963 -0.08897468376737715
60 6.131601537874799 0.8706218218571271 12.452321752261964 0.10562856964396959 -0.020776103077771692 0.9886223429084399 -0.1050562797651716
61 3.1555970060984837 -0.6219343355771705 16.008924611702216 0.05976340477035986 -0.1702704320801966 0.9798573556905996 0.08553290541366536
62 4.374186484872745 0.08779691790295599 12.902516203938669 0.0022638441034783974 -0.16819946365120678 0.9857470567751208 0.002560370384972634
63 2.9324347079404043 -0.16618205390369903 14.854970236060067 -0.00466335607515156 0.1781160092458304 0.9837714532554725 0.021134524363496186
64 -1.1615712820178137 1.9317817303670153 15.283490828675959 -0.05460797710715352 -0.09768613584302997 0.9931698961069836 -0.03299916918901216
65 -1.031342868062146 0.43538097227534356 14.65982373618854 -0.10679097799024764 -0.028666373606385187 0.9890837578738336 0.09740249460009347
66 -1.4510073866140252 1.60315364846772 14.503683544363945 -0.10649731754887003 0.7499877683196038 -0.6465845377890436 -0.09002835230084093
67 0.8743765923243423 1.4199847823139722 12.664115535714053 0.13979816586197522 -0.6518145870564531 0.726856932662712 0.16514604555425166
68 -0.9742799806026028 1.7115737575787986 13.536706769985841 0.4887056086928064 -0.46295588460519616 0.6338575652948859 0.38087171575223794
69 -0.016365960297125504 0.8486391428897335 14.831384405977673 0.6921077410660327 -0.45389595274974204 0.32688767330664537 0.4561905170803589
70 0.5045993247914429 2.2113849950324203 17.904047048816516 0.3999039363703753 -0.4403456377361701 0.5580092826324374 0.5786174915246143
71 0.19860218700446047 1.3255072175034628 15.598598253143544 0.06631281160451379 -0.5004959999118591 0.856014256961732 0.11111236190265483
72 -3.4535500264684145 0.4676181207079584 15.834046336978604 -0.03103410191050603 0.7806623716710573 -0.6195450509685125 -0.07594126543554212
73 -2.573572984610499 0.5807775739904822 16.330952442108373 0.45650551329240097 0.5828642447093627 -0.491548965480797 -0.45853200881485245
74 -1.4399966870709722 2.3242538101593295 16.320328965307123 -0.5426349374036763 -0.46777922912673603 0.32981061312297366 0.6147803485619503
75 -1.6515982333291301 1.2608248666348092 15.375184094039511 0.5363989082678294 0.4993258393820853 -0.46734096552049925 -0.49451222359090796
76 -2.319746449158047 2.908420109838353 16.18584254986027 -0.47608781391524974 -0.6070807774607723 0.29515980528156505 0.5636257733861817
77 -3.3518605233254486 5.060061114242961 14.107716767049961 0.7838271507961376 0.029980984237233728 -0.61361382243373 -0.09052190440574398
78 -3.76773199967728 2.1819136031855546 12.733774662394048 -0.6119633631021313 -0.036140140683856015 0.7376608750192992 -0.28293314743564796
79 -3.1697315040002536 1.2508798287783645 13.851120420966092 0.7725474458095497 -0.05475023273884015 -0.6270313332154719 0.08369326827297134
80 -1.1891941951671714 5.31263595206147 13.5846384026108 -0.5652861297584162 0.07947544176496302 0.8001424059193862 0.1841395555239324
81 -1.7506111509745315 4.237430495449755 11.778377533832863 -0.6078737799174105 -0.08941560495076141 0.7888819206295606 0.012634578901755754
82 -1.2705856667462525 1.7215894448114342 9.969159207970883 0.7467057943931024 -0.22707274669625604 -0.625091147028508 -0.011379026064122675
83 -0.7377786624506357 2.656219606150357 12.633792553303296 0.987991827461873 -0.1204843888160831 -0.09415762690601176 -0.022135993666244386
84 -0.15308360878727711 5.31362789892209 11.465654056101018 0.9745598970949735 0.09994037343014074 0.15261497843603639 -0.13020597947040274
85 -1.3996645630748878 3.9367936306343796 10.839838846724 0.6083450035271238 0.750802446592821 0.23365597651082473 0.10778185150845503
86 -0.9252932525984129 4.095174434744063 10.845727008774285 0.7601941093326872 0.6428964799010839 -0.036110385253162854 -0.08651631258638957
87 -0.5291179623885629 7.105953706851867 11.90600669880815 0.7120868758892159 0.7017454618974045 0.0212933070982789 -0.005673003221669102
88 -0.5832116425919324 5.795203559233152 11.619412242526336 0.47404191106061183 0.8501575161071647 -0.10829271080742751 -0.2019632470289526
89 -1.6839589590331825 8.448487266163948 10.396840677354982 -0.49203743412861867 -0.42372108610476833 0.5113054573649587 0.5629621069620329
90 0.9192914546913347 8.587634248933833 11.844181537153926 -0.4517884217223573 -0.5443032898116131 0.5928134572100063 0.38495890124608956
91 -0.7337054433021355 8.068720685675366 9.173237383454413 -0.20907202905658376 -0.664088954746143 0.7154073324322489 -0.058882047794821625
92 -2.7091106347495972 7.527056545527206 10.390446861798836 0.04465173609996459 0.836028725093103 -0.5467616576096752 0.01067160017898788
93 -3.113516506135541 8.504830088266143 11.5225501656936 0.03659123846576421 -0.6557751290464312 0.7416930719470982 -0.1360567837976284
94 -3.1605395188905194 8.574296453742063 9.466451805314504 -0.053953398478334316 0.9958641101215815 0.07162914625764001 0.014593504404020958
95 -4.4425012044601715 9.904679576118196 11.021862983813913 0.05926600466224032 0.9430235169620104 0.2550592530547673 0.20527777419662466
96 -5.702257495977544 7.192590187827774 12.047614941040605 -0.0458613498770814 0.9919963718086862 -0.11065793442920782 -0.03993440188253694
97 -5.0356770420144645 7.591790046637902 9.000704639508019 -0.035803604172009874 0.7395653074666901 -0.6717291068702826 0.023265100542368074
98 -5.468328133721147 9.634876741246599 10.843286251644969 -0.03097124063471255 -0.6375619931915558 0.768943963872376 0.03578641523532881
99 -4.9141116229093305 7.713248395026745 12.377972219639984 0.736980686954058 0.25347425710172183 -0.42408164968526907 0.46126459049408486
100 -6.40406228911743 7.915808453952694 11.485195457046407 0.41745721589288254 0.44378328837195985 -0.522745094487515 0.5962578570131988
101 -5.485565108577145 7.606516287902925 9.530086739496499 -0.5013019590101393 -0.492005367450163 0.5115065366192543 -0.4949627534356521
102 -5.022044307086982 6.978512020925167 9.764282656923893 0.5599894365541392 0.4870888965105273 -0.3973536173309353 0.5396909677194488
103 -6.401497616505881 6.932691637281338 8.767072898576902 0.49713691910598 0.7010282242468687 -0.417025445220413 0.29581090329771903
104 -5.567802132252317 7.888202160656419 5.09285536168591 -0.41498782951217156 -0.5412028554046451 0.59656599926854 -0.42307632783620014
105 -4.802835127954245 8.354173477258817 5.4255753760911265 0.4282428926169827 0.5224130703467024 -0.455587644310246 0.5797693569048054
106 -6.351343039381041 7.840037209335163 5.000810665323815 0.7027308370422949 0.08681069642627172 -0.014161040314628549 0.7059976902179135
107 -3.415702083436539 7.435456177819412 4.416901680633484 0.6901440533811432 -0.1968722181403523 -0.23410812561279995 0.6558474676547932
108 -3.9584744801265592 7.395217829905904 6.066405705509097 -0.07517112326299077 0.24772157400802008 -0.034066897366930096 0.965309675960083
109 -4.1698745366185 5.595760176525097 7.164129825317246 -0.01183146321316281 -0.11363828069067784 0.19048375714733445 0.9750191259164804
110 -4.017514860626339 6.375482446094239 4.5059293047203335 0.07124079486853704 -0.3020036462514956 -0.08094309610840322 0.9471888734511646
111 -1.0385047971934893 7.4553343295306735 4.929597277665788 -0.19183823432994787 -0.09366844437547808 0.01058068163945617 0.9768891255170622
112 -2.2338151602675764 8.44037110167321 3.9940576899857922 0.6008905487775135 -0.3395006643604189 0.029607390335095116 0.7230444313638258
113 -3.4923969602599594 8.103137284218002 5.017399032649927 0.6944589358513478 0.0685957040626366 -0.19137553571387653 0.6902150535380923
114 -0.9904572444103535 8.504747956120514 5.523014881981346 0.5223345359616766 -0.5425879956299214 -0.42285211460868893 0.5039454223534174
115 0.787891927957848 7.279714380366859 5.862093325637732 -0.48858293389416874 0.6535300683850678 0.4019717413947218 -0.4154562378206275
116 0.6181017734738974 6.893405635221829 5.742776091407849 0.6247466388704844 -0.44379728179107536 -0.3543240693124169 0.535901169807246
117 -1.734555320092681 4.171977866004945 4.277339507558368 -0.41759385775193336 0.49850849523990526 0.6432201837661353 -0.4041935740921204
118 -0.28846730150115163 5.653693630075928 5.132142474159921 0.003334615638465941 -0.6519415570959204 -0.10487413073307195 0.7509743691850428
119 -0.06288462042586372 4.036503659686996 3.9799503536990364 0.06360478967423529 0.9923572557568912 0.025195148871753902 0.10269718667265659
120 -1.3250955459330702 3.0848008576225014 4.504230650194138 0.004659599906860436 -0.6856691101748774 0.7133597200708435 0.144755204608151
121 -1.4026485735106715 4.423749320495528 6.86288082622689 0.03660083362254501 -0.6598639679387243 0.7349660564279794 0.15187105943200963
122 -2.1628816458416473 4.070428122505669 4.337023875673835 0.27913774207168957 0.47203144940862285 -0.6208104489368268 0.5602346099726159
123 -2.9783682765489665 5.86540607907396 4.367599836180846 -0.6808070192034692 0.016767476055529917 0.7321429529082369 -0.013687616915362907
124 -2.8548582205823654 4.118175779183391 6.246853721073301 0.018535056135390426 -0.06118716460486068 0.9979500933081392 0.0028624898169256775
125 -3.3517379244801853 5.023375215299175 5.087277146244423 -0.06813229849783006 -0.11688014734998814 0.9864724305431888 -0.09256978359627566
126 -2.7945210508660177 4.742377404714869 5.490380785654001 0.1701058878967051 0.07102119948657921 0.9744810893347045 -0.1280881831216636
127 -3.8609524927211063 6.8350500775487575 6.708193270107965 0.05314818711478535 -0.15240973127928747 0.9861717987269104 -0.037572961202400494
128 -5.334426294346356 6.764543428217284 4.89995836434265 -0.6903885106604929 0.17003101712055543 0.7031492100861636 -0.005860539236292622
129 -5.5437672311348525 4.00441623648532 3.822121782862915 -0.661372126105422 0.09061609253272623 0.728870947527461 0.1520617520460538
130 -5.729097232293822 5.7419552139463335 2.826301056038182 0.7211333325147774 0.11179020269061889 -0.6520055345484457 -0.20581168634632316
131 -5.321323761485851 5.002489182435586 2.9588256723554016 0.8415485777070745 0.11168660951376097 -0.5220252929210747 -0.08253293987970522
132 -4.40516424901232 4.281798012097006 -0.8962278241687323 -0.5122225573939347 -0.08600122065430466 0.8383430780299823 -0.16556788717019327
133 -3.6962699157238417 3.7437488362047926 -1.8043815460585613 0.7393101782337652 0.01781589049388883 -0.6264795435659175 -0.24622436089734848
134 -6.136729053834238 3.5015225607438816 -0.8546234186598326 0.8000146302714649 -0.2313354901403903 -0.5475514676213997 0.08153448754219361
135 -3.3725434917842967 3.3359073157928827 -1.6047811138118582 0.968342333917192 0.10215772090931324 0.16795200983901193 0.15384747899610401
136 -3.8532162181916303 4.114246071543523 0.07637824073430646 0.9699856028764087 -0.11740924609299101 -0.1494895817889523 -0.15164387254660036
137 -3.59396885454714 6.8508166618947355 -1.5453376878026663 0.6671356238043673 0.1001257741708017 -0.007767548759175674 0.7381358641768663
138 -1.9850491533824912 5.350694545806768 -0.8827698780439062 0.4722108917771007 0.38599115333765927 -0.4687242994384603 0.639003313252806
139 -4.721702390991572 6.53195963675982 -0.6418495226021569 -0.6404881821664059 -0.0947587660982966 0.7534329293594664 -0.11460578392696691
140 -5.637721916368647 4.644276622965056 -1.6270480408932055 -0.6156167786847009 -0.0012613541085096543 0.770697060562326 -0.1644397507547229
141 -5.926369478760261 5.36768884800734 -3.528891386721908 -0.5433165600706147 0.100803946194121 0.8318066760147784 0.05237684337541172
142 -3.1817129044040393 5.677369971343664 -3.505166903443381 -0.32947008234585107 -0.65534124506929 0.3986215329528339 0.5505253770866367
143 -4.4913067895648595 6.525348402384187 -1.9472183489280939 -0.4550085381021195 -0.477059660927747 0.4870725508204546 0.5728364866233041
144 -5.076450668231704 5.346534833807723 -4.460226214317117 -0.42136628932895714 -0.6710834949162322 0.17879429491331061 0.5832066470596964
145 -4.230612163462819 6.618141851576045 -1.2494308654578243 -0.562221579634308 -0.3501009632411055 0.49773822793125927 0.5599936315593271
146 -2.3484190386120547 8.03875726374827 -2.212730235050279 -0.5276741927075955 -0.32933990206838487 0.4263364740149033 0.6567590015983898
147 -2.058062051654069 8.101944119860606 -2.2999740200863323 0.5944033613463339 0.44883698807531885 -0.4873212507148628 -0.4557938138647315
148 -3.0887549467764637 8.60134029684224 -2.1375155070577367 0.3770067658513964 0.709401098041447 -0.42512250669519885 -0.4169974039500129
149 -4.957727573456181 11.72415921204839 -2.6087595690262964 0.5662866515755726 0.77656349103935 0.1378169869278237 -0.23932206489632246
150 -2.6290106010934533 12.879146866446922 -2.943243968903465 0.6259525067137072 0.7684604428424352 0.13241579881263107 0.010865696022238188
151 -4.810408234470493 12.641606438478156 -4.242371233503382 0.4909593456516176 0.5723685519801828 -0.5175840688585797 -0.40430173544673464
152 -2.3729549553616223 11.189698339607979 -2.0762053553329127 0.3849992530685394 0.6927421324539199 -0.4085632637076886 -0.4527250518895373
153 -5.153340607956233 13.410422899362297 -0.40243768949466086 -0.2643468949104115 -0.33655680409655375 0.7618418529241453 0.4862583962263713
154 -4.757551520447782 14.999153937053409 -2.155902315609497 0.5249956909620166 0.5752268155594717 -0.41641917096611214 -0.46913613076006017
155 -5.972607037483651 16.026696045037372 -2.80158116572761 -0.047026081425434504 -0.08006815171458068 0.7197812442999812 0.687962643681145
156 -4.109980655969803 15.1537299294805 -1.8768469055305028 -0.029735244888633963 0.24618526375717228 0.66101618406663 0.7082134110013841
157 -4.441445452862235 16.63601452386377 -3.0077822821097357 0.16126847150395537 -0.04546411800119032 0.8047391726350597 0.5694913152101545
158 -2.5890465850434805 17.606407598131472 -2.9591960074595933 0.04555443027528734 -0.018594568859459606 0.7420161004599202 0.6685739619140717
159 -2.978114385199241 19.035876483551288 -2.424288936798296 0.21385040341694547 -0.062348449396737116 0.7444881231485425 0.6293791467049037
160 -5.231740808421635 19.329608580583724 -2.4864953632320583 0.07245961115781674 -0.054527466733969424 0.7409539599352962 0.6654048311957447
161 -3.324721488755849 20.405749918337417 -3.601592316929736 -0.04469832525497884 0.06788104609804779 0.8378286450387057 0.539849409421407
162 -2.165311998290339 20.892847892863088 -4.826948816458411 -0.37685362786555926 0.6714663567803866 -0.49468416227730916 -0.40299113447895846
163 -3.382405886876352 18.68143494170214 -2.471318795251377 0.6195919915320081 -0.4405749224383996 0.3495796906696708 0.5475340552140076
164 -5.21564212100189 21.755739331088012 -1.6203826979806442 0.8332575681517217 -0.15978234836357558 -0.049639479355304175 0.5269604808319446
165 -1.822916823781843 19.533214174740632 -2.8397926206515294 0.6373959233342644 0.12855631651004773 0.0034512692860979542 0.7597287668257297
166 -1.470786657171762 20.890315786807896 -2.0578269502398694 0.6988835758741819 0.033701347304272676 -0.011344744599478184 0.7143509384981348
167 -4.64217452827514 21.979778386295393 -2.12857952785401 -0.49775875819183035 -0.4484782821524729 0.6382104026249923 -0.3791977466469693
168 -1.4159577015475353 18.85177415490894 -1.3976835118266044 -0.04771454599801683 0.7120545431293193 0.12821712311025704 0.6886668418403986
169 -1.0552465530347956 21.68399447305118 -1.7912093375775524 -0.36150144986228716 0.3538401823561663 -0.5603249606726007 0.6558580376460044
170 -2.15826220729378 19.4741445548624 -2.4203341789415176 0.47093202396455475 -0.5226763031327987 0.553670013112362 -0.4455132181296484
171 -0.7711076783453968 20.054336640743525 -2.239507865755826 -0.03297504084972721 -0.11213492418922417 -0.6415738185545012 0.7581038456593078
172 -1.2854918070235724 20.80915446726918 -4.341284395434589 -0.5385542046100492 0.3749524247357662 -0.5416225111394456 0.5253713955942101
173 -1.4835112394516075 20.15972704370667 -2.1106612967027574 -0.15655932417330812 0.7145114612174898 -0.017564035260583175 0.6816553780823633
174 -1.1523636440246583 19.00516525810405 -4.455138859435319 -0.028122466299412 0.696962287915087 0.0001257817410344367 0.7165561250121022
175 -2.454618173380858 18.415520768604303 -3.898518166247919 -0.14924660468483733 0.6815318499688542 -0.147890862607528 0.7009765197389143
176 -3.066541453466753 18.294921014402576 -4.172066439329062 0.126508611225494 0.9759045928079794 0.12340321270796464 -0.127974388513646
177 -1.3621367767176507 16.822154065983774 -1.9935039053232186 0.6805485914936864 0.710072981322376 -0.17967771111398662 -0.019128406644341907
178 -1.942103576165017 20.937161101264287 -3.296826416995173 0.790298917263401 0.6044191643767719 0.09952079086229065 0.014167120121078996
179 -0.45596142804006634 20.96240692128743 -4.55198361752712 0.630951278541291 0.7676991924525061 -0.014294896509375958 -0.11105894808013683
180 -0.4777986844339331 22.492224083377323 -5.605661200218376 0.8012646708208359 0.555875264972789 -0.1522019044052859 -0.16066174834481636
181 -3.553722403978947 22.577344383075225 -4.121420934588656 0.4706288981494265 0.47612534474547386 0.6475491097796707 0.36399621803147403
182 -1.009577791834825 22.29612216264286 -4.785945808425145 0.5927784566553452 0.3190837568847396 0.34538927453915186 0.6538390524058237
183 -1.9455026772529962 24.05209934085433 -2.849634294125711 0.498309629729757 0.6218185217454126 0.40946960914856956 0.44425654538415066
184 -2.1110549466221014 25.299907758525805 -4.045968764782244 0.44343891120011714 0.5781149071082445 0.5162469906412154 0.45014900962544563
185 -1.6028779399301905 26.605271240185246 -4.618463507975878 0.4703842933161562 0.5133229500776899 0.38893109730228326 0.6032998981238434
186 -0.6090222759806515 25.60785763280559 -2.864981315619538 0.4523899623310604 0.4172170619008635 0.5209140617963561 0.5915418712684125
187 -1.327699918472776 29.668952002525906 -5.591227861211444 0.1579549196307164 0.12443737291824272 0.647656313925414 0.7349196436469811
188 -2.9392852715959656 28.247735292458138 -3.664448868577268 0.004753608981551082 -0.04005682553274262 0.7614033375100371 0.6470222651180303
189 -1.9778860984696032 29.746329293211907 -3.9158941811938988 0.020219009877818894 0.07827402610932045 0.6404430133612845 0.763738905066984
190 -2.187010517986445 29.774915203504285 -4.954717374289487 0.04029915597868579 0.05513474192351464 0.6496881350793153 0.7571271131042623
191 -1.8661005365360768 28.165126911247945 -3.6208023814149644 -0.546997226561823 -0.19361093713648883 0.04906910951828923 0.8129582164206758
192 -2.0592745336753833 29.725439711506787 -3.3275800497902903 0.35503184982299607 0.5199918710593994 0.6135491359885985 -0.47656929965226535
193 -0.4957522097411431 29.16688202105239 -2.6399472064576823 0.5336318953753724 0.5568581549058327 0.4802115182531966 -0.4177833090130806
194 -2.1800354614177264 29.647493888575788 -1.592244961186947 -0.3019656037296054 -0.5103668165799589 -0.2727222862606996 0.7576048054724775
195 -1.4205235363011126 30.03374595683211 -0.48604984651385996 0.4535858453047455 0.49289902430060023 0.5811568581819789 -0.4621332480689384
196 -2.3506763149314667 31.34541294726193 -0.47655876942615355 0.7973815818247895 0.035755796463117856 0.6023478787910014 -0.00900937855048172
197 -3.497600402046672 29.158879664000754 -1.9764767083502857 0.5242808001341985 0.5817092826884471 0.5254793966963097 -0.33258887036763457
198 -1.724310335268538 31.013344266826543 -0.4480851343274437 -0.5705688751917675 -0.3875322886141717 -0.3706317913526082 0.6220144364744443
199 0.2444317696848668 29.40782347006553 2.868974142719625 -0.35051109066522385 -0.5270682622895638 -0.5044336286879774 0.587271433373372
200 -1.5426357992080286 29.812339396549906 1.100779314696701 0.5878564761707298 0.45105561136319605 0.5118857907096261 -0.4346798087690371
201 -1.9888290914276352 28.6098273927668 2.290762162997737 0.7792590588406899 0.6231109095519456 -0.01944494320389652 0.06410934250065638
202 -2.320939017600402 30.702499143939143 2.486261011935008 0.7357958074781673 0.6706550453750723 0.04401496684408293 0.08300013556751477
203 -2.8356931657004987 31.03862703620745 3.3653075599751894 -0.7970598557800738 0.022603576399827532 0.19806491046705813 0.5700482048734663
204 -1.3654107454220492 31.9214488770749 4.3275101452076825 -0.4737863283044966 0.4317836193071027 -0.5658508524991513 0.5185578404920579
205 -0.7698757335296119 26.44262646864412 1.3619164512005675 0.6073800247535438 -0.5080607081558802 0.3993059612344864 -0.4620806982347704
206 -1.9118132714723393 28.790502204330906 0.4475492329187402 -0.22051744698662662 0.4595270933594311 -0.6184314201435414 0.5981216302913444
207 -1.830189937208094 27.314156438749183 0.8256365478597958 -0.35926941572555104 0.3919789446671441 -0.5990790640448026 0.5986503728262904
208 -3.5519719452618075 25.33354347603177 -0.6130666281434496 -0.5386181947073678 0.5429483854209051 -0.35634679205315906 0.5367629410572518
209 -0.15094681919095462 25.84896233047379 1.8996934750988919 0.6184360474283133 -0.38234623251340943 0.6089851217094463 -0.3169942196012062
210 -2.1573927706369926 24.923321068493824 0.04324798145622775 0.7758772354906603 -0.6208913717502414 0.015062033479598412 0.11082217774855979
211 -1.9039586052357846 23.79356618032134 1.9149727395797131 0.7412212428668783 -0.5645896889968449 -0.09351853585303363 0.350833059521521
212 -1.2217602311680034 21.433171054954915 0.7646819426525756 0.9878335705381086 -0.1259426253107431 -0.08541284584919168 -0.03206146926938319
213 -0.4083875590321522 23.54817679585115 1.055800165669146 0.9901942534000991 -0.028272223759768643 -0.1367797148867392 -0.00270767291231806
214 0.26122041314308253 25.82306107259702 1.785556536446698 0.9959145789346691 0.038643298899645954 0.07322489617017364 -0.036041108423585856
215 1.7178501551502423 23.280763758699468 2.9413840356198557 0.9762051898137369 0.002669358879371612 0.18290977771253508 -0.11644876607783286
216 1.989083326454692 25.041346166022755 1.9759750570023138 0.9903668553488995 0.08266530310522742 0.11105308042862064 -0.0026744749329997235
217 2.2856682510320185 22.67533482119169 3.1727162471394785 0.9969896806218947 -0.043041908493874806 0.056295008186211956 -0.03146176886272596
218 4.236685051778427 24.403659183990754 2.9765045344928494 0.9601897174755372 -0.13994794932252233 0.034527769675452284 0.23928667128761616
219 4.602533540327329 25.106406404187343 0.7663318846416491 0.9915138266880402 -0.05171293966611494 -0.08487703101037569 0.0837973326806496
220 5.549245337759512 24.821243518004984 0.9878420591435166 0.9769773006858833 -0.009517909180806564 -0.21235270560895536 0.018195927289018674
221 6.8810142696502385 23.5986706305317 1.4675415398056226 0.9952846589845843 0.07205362237178806 0.06053427254784245 -0.023501594417125543
222 7.3378472113710504 25.088553804190276 2.0645986649543886 0.9933237119814652 -0.049076171002653594 0.03401098305785975 0.09870555043420581
223 9.596807882007587 22.688470154825808 1.7771513029311763 0.9974796275448882 0.039984978709926074 0.03855129490029348 0.04415191696844885
224 10.64261418344727 22.89870565371216 3.287282578811579 0.9740981234058861 0.20766062855447073 0.02649134089900595 -0.08548753232411199
225 11.710530159490622 25.323703115604864 2.115831465169597 0.9912510773678364 -0.06741648912016492 -0.001216142480804492 0.11346735041094745
226 11.617226127149634 24.868458649859267 3.291052869889571 0.9919421256140816 -0.051271428374526626 -0.0030901238681736217 -0.11581239656933477
227 12.001183390830217 23.927849660874827 2.43148750502817 0.6786802402838382 0.1293845497441945 -0.005221327870685392 0.722928424860325
228 13.820243777608896 23.661252465568285 0.48054139982912675 0.6639585832277446 0.11256984423723414 -0.029394550460685627 0.7386629747928518
229 12.961939588354397 23.80622036509006 0.4522851453006919 0.6224315248908393 0.17898883714701921 -0.09162122109656617 0.7564043527397211
230 15.162407208310515 23.25818869405128 -0.623741670549186 0.7214293782553122 -0.18821199048732737 0.04236595606928906 0.6650721950234327
231 15.915122833118414 24.634459936389877 0.8438526464936196 0.7236977016434982 0.009343504451354184 0.10467437592549207 0.6820686260084792
232 16.829773789707794 23.049291312266316 3.0978470988424394 0.6283156121260625 0.03629149154337848 -0.03574008029983489 0.7762892926354
233 18.36459867716192 22.614890085188655 1.6461757054835313 -0.013851744970140282 0.17818133771847044 -0.058591609396174964 0.9821540425811547
234 18.84128735372607 24.625089688525904 2.78411313533282 0.25779308269347206 0.0403481595466963 -0.09556776007021534 0.9606151965130225
235 16.83371005877414 24.762379713746718 1.3691878852808146 -0.6439159022475172 0.005267177904898852 0.09165186631187285 0.7595686295992184
236 19.175452893621028 24.99855212693983 2.129282044207502 -0.595835722488095 0.021786187583646494 0.026545604678050963 0.802371787084975
237 18.625510967928676 23.55684703929795 0.7801807751100291 -0.7444178348798786 0.006622311967393404 0.11252114886185417 0.6581316153747431
238 21.858729522781882 23.164014005944157 1.8618440319571057 -0.7120030494047305 0.04612393049866662 0.08272799348271594 0.6957588086169251
239 22.077726501182447 21.98213961896894 0.7094028357187587 -0.7709361785973007 0.21479028469893346 0.10168304423511548 0.5909171690210241
240 23.351555746677068 22.60372764486798 2.3981407330443893 -0.8345755464497955 0.12098818284854641 0.11962852633166637 0.5239604303444545
241 24.48333230209388 23.667159494581508 1.9958324538289705 -0.4232348964121348 0.47697999793659357 -0.5180334649968795 0.5700908990421999
242 23.326521407551834 24.500329709860466 1.9035455521699842 -0.09925687719292615 0.6160382359809883 0.04541514068624299 0.78011693298876
243 24.06229064810711 23.602262458685626 2.1623539803414022 -0.13332096781227362 0.5403786419773516 0.09701525868485196 0.8251087700531508
244 21.96963492556604 24.59324517545487 1.3633499263083877 -0.32193434322358744 0.3547567212374241 0.6630864002462424 0.5751716032616265
245 23.186272173869625 24.234234686519486 0.09823826733128149 -0.494318770686388 0.536883204091247 0.5753625301859558 0.3692740675566449
246 24.510283331064606 23.8358957076604 -1.4114654635347386 -0.4407701630773256 0.5268326261079075 0.6291321143861104 0.3638156539472919
247 23.2592975005021 26.795291445729394 -3.667572976593337 -0.5087594929157431 0.47397228263145486 0.5447223531205525 0.4688193806532025
248 24.31284313814673 23.115606611605177 -2.318192750000417 -0.38133761062991045 0.4163630183438014 0.5710758869930609 0.5958991483210887
249 24.853503468988524 23.280849290852174 -3.55258178739005 -0.4490833282987788 0.43155406662223017 0.4913350821976436 0.6088309197369512
250 23.34294406465838 22.17434748861751 -3.6028402264343806 0.551910011071814 -0.44148589005733624 -0.5485484389443666 -0.44674395204713174
251 24.99008190534432 23.729674823458282 -5.822674484025721 0.009619431266652134 0.803464318436719 0.5934468363013312 -0.046619824378326104
252 22.293538568287392 23.95851880666626 -5.609554871091244 -0.05957348854117266 0.7084803305456255 0.702980695298232 0.018021174518059253
253 22.117654062111562 24.647434870287874 -6.003920167379402 0.615129759830134 -0.5797419802998389 -0.4866628584786605 -0.22062156972227906
254 22.142926837798708 25.28335636887868 -5.254191542244886 0.5705178221879029 -0.4509309347922461 -0.4994973860094183 -0.4708216944694899
255 20.74585183428026 24.20586060077802 -6.8278577788937405 0.5083544403329647 -0.5056028465206739 -0.5039641793004263 -0.48162395140399505
256 21.776694528049084 23.528596330209602 -8.294250887530438 -0.6020941527606579 0.5122277019018852 0.2370725293979733 0.5647141121138968
257 21.199323398040807 24.611137731415425 -9.201858827805857 0.6634674858785617 -0.3339758095395001 -0.5908413166529042 -0.31492474078782473
258 20.97942274493239 22.62581027150642 -8.241955877491897 -0.5848330735170963 0.3805756078807996 0.4641071708649586 0.5456528353801804
259 22.856494120758413 23.792640415337072 -11.656474571381672 0.6121599591039218 -0.5353975520860323 -0.5339437111549762 -0.23133041090228543
260 24.327914034312496 21.2006345952713 -11.371489424121709 -0.5260712472830933 0.4244139922160258 0.4253187935939732 0.6018519168441958
261 22.00737787076014 24.427842980099157 -15.02591626865107 -0.39870674014292395 0.43441994318497973 0.6591910636659114 0.46666839394881493
262 22.61265702891343 21.428423493495472 -13.875252703520394 0.6125099026745103 -0.5204892595423436 -0.48259431901855715 -0.3478868682168672
263 23.086763456311385 25.463276078462158 -13.666744811258608 -0.8359995290967838 -0.012696762306036528 -0.09786223266195085 0.5397838113498016
264 19.51758777400599 25.354767510730955 -13.716541793884156 -0.6296242467222453 -0.008496639882079885 0.18531422140183088 0.7544267720570318
265 23.702394432487473 23.449967122395613 -14.657027831491549 -0.7970923820699519 -0.018210568134428187 -0.04714295419755197 0.6017388565846472
266 24.521769290471518 21.65436102528939 -14.88150677169742 -0.7178098893063863 0.0797251866016812 -0.2301731203025847 0.6522370674267542
267 26.749088761415553 24.141025364417054 -13.090093546901342 -0.7339495454186571 0.17155233917485474 0.2137412561354385 0.6214519572171505
268 27.587523020865703 25.104548746802582 -14.031573653866035 -0.6712015706563588 -0.08638858237463345 -0.23081088057959265 0.6991078613417325
269 26.473150835982683 26.934581439115167 -14.328756161459367 0.6491994955241229 -0.49909213681597325 0.4027789284846474 -0.40892076096531155
270 26.637754160736076 23.16377548800864 -13.627809663644603 0.532904537564324 -0.4555843366098203 0.6301503774677537 -0.33371569914583205
271 26.31766229768603 21.620591172330567 -12.843122188694265 0.04471591686466423 0.8026427995480676 0.12288075801532375 0.5819496047100403
272 25.528192274993863 24.086594157035634 -14.873904219929944 -0.13779051874547055 0.6112297556107148 0.10856872873591299 0.7717673159318084
273 26.607775218629712 21.943251815231967 -14.282420367814021 0.00677289581933163 0.2106465351423026 0.24015464330434852 0.9475800295564086
274 28.25789253004978 22.949857239346684 -13.697688182663125 0.041986549298171354 -0.7113388549144875 -0.012573158053219081 0.7014813460552938
275 25.25949425730101 22.935527638780158 -13.988386216340185 -0.03557995155305367 -0.709402329703806 -0.11588050633779766 0.6943011665762852
276 28.81297674936909 23.409908415526665 -13.310416656761571 0.010634251742675585 -0.8529229595541906 -0.01766102463874247 0.5216295869330105
277 27.071156060802657 22.320687618939274 -11.306400638905743 -0.0027533964935546264 0.06388036031612397 -0.15494772111441604 0.9858513691703636
278 29.807461248026982 23.22396842438109 -11.146616788975273 0.1747363847193301 0.03867396142832339 -0.1292944520647201 0.9753227492619777
279 27.64404599951241 20.623211812183325 -10.695795849919596 0.06400815995141088 0.649343290641558 0.16525399807156535 0.7395588972352309
280 27.937204326444256 21.852893758360764 -13.438854312435293 -0.07427353802507045 0.7697259048716393 0.07596588055766303 0.6294717292379964
281 27.67813549919508 22.745628453029095 -14.983338787085557 0.06576225822338597 0.8520493749029979 0.11787819084897236 0.5057587569612062
282 27.83882009608693 24.094279220601482 -14.61305170490473 0.0546952968492316 0.6077846449737427 -0.08269864185200577 0.7878877994185147
283 28.43189853868207 22.84842399284339 -17.8002184259307 -0.07426073554364508 0.6601305257276305 0.10294171755981413 0.7403485901552824
284 26.829701932762724 22.98579548997209 -17.66828047433902 0.45444235352523993 0.5247275979683205 0.5140158053369503 0.5039155158522545
285 26.575775485031823 22.615571234345683 -18.22292189452471 0.5250378248293143 0.41109364495817463 0.577010910869242 0.4715884925561185
286 28.53304094881617 24.223606816762214 -17.219457383842123 0.5625718621841218 0.434390723010886 0.5676177567709826 0.41548487558399405
287 28.887357647886912 27.291948521296444 -16.419892779682797 0.5835687049439937 0.3827360605313322 0.5068217625037167 0.5060557040796722
288 27.988949804904827 28.554669916104352 -18.56899769513342 0.3890847816415852 0.5095947411464047 0.5042408313162955 0.5785044654315984
289 26.586387417906476 30.188727380804337 -16.908478189258783 0.6479304043427586 0.4557618211316044 0.42155266973807054 0.44131700642932187
290 27.7559333838335 26.133460348390738 -17.58079132045416 0.05209582393297018 0.7594824924479584 0.031247799182128652 0.6476850653211446
291 30.12841175988017 27.854305390038576 -16.02916651310229 0.45856932247784365 0.6500121645510741 0.4076539607662851 0.4483487601069047
292 26.64252561400233 28.885364982805466 -17.02278539982735 0.8596991824703059 0.03199182395584872 0.5078460806281256 -0.04456677294259857
293 28.926610369403907 28.184198993417134 -18.77606900083061 0.6803175599233797 -0.032966306682655135 0.71582339525972 0.15387692186436008
294 29.154093016265193 27.98478674500413 -14.582615800081824 0.7954083255169975 -0.03187838277469552 0.6048421338321287 -0.02180269596434092
295 28.302287198898078 30.01078694944729 -14.666246074018117 0.7456584893335967 -0.14943968038578656 0.6493335492169464 -0.005209709421434261
296 29.465593467510686 27.88484858447809 -13.772894810747163 -0.4400594774088566 -0.5108654754779327 -0.5006706886958657 0.5428563196538816
297 29.249623561762427 29.328847288210515 -12.403563420260777 0.609871520478016 0.4721393044668691 0.547692435784912 -0.32430572223037346
298 28.783205512854586 26.838698340998615 -13.800152990976596 -0.46296939348180927 -0.4431458269829519 -0.49601159469379114 0.5858784982024887
299 30.01534101324278 28.71515818927681 -10.862288689047165 -0.47722365935298916 -0.48282568888974714 -0.49985422789512274 0.5378500571323327
300 26.984139564870723 27.871607603978784 -9.378258856533263 0.7746152359305533 -0.21842524001208932 0.5842289725780478 0.10458565097714423
301 27.564481911767903 28.173370234475428 -8.91421936316842 0.7428113055198947 0.07718528897963801 0.6622167044488441 0.061178688330754495
302 27.81116529360213 28.180701215022818 -8.260799728614717 0.7644572014011616 -0.03675213216452348 0.6436202209108992 0.0027348202629677667
303 28.79073801413796 28.62036451259375 -9.569322725216903 0.5762606513313527 0.526774410486797 0.4615346678071376 -0.4212103187192922
304 26.401514249551347 26.393875028904777 -7.57473609340759 0.4628696930532989 0.4235494223348174 0.6130318077074159 -0.4801557422665745
305 26.347987882393603 27.57574053199321 -8.035030304941676 -0.1803648355110551 -0.7176382095885879 -0.12204609803682787 0.6614897400591645
306 27.355185774453577 27.572975161531012 -6.801191436063611 0.10017797691983887 -0.6648728536823858 0.09933862791837515 0.7335123028141952
307 27.65167100463626 27.908120870432178 -5.338581672234689 0.127440454041533 -0.6411928988897865 0.03364165613340472 0.7559754202747612
308 27.793176073249768 28.610503177191 -4.489715618947507 -0.17076736944591664 0.879112768884909 -0.019655500333411506 -0.44453673236603714
309 27.396442194845708 29.53507200514343 -4.9425474687308935 -0.12262388104202887 -0.801811671747244 0.05516187393647488 0.5822530330637158
310 28.268009519556188 28.46120110796369 -4.093084680335936 -0.009051103731483425 -0.7460737003075335 -0.13004940219735647 0.6529772310109877
311 27.730055107159842 26.829840500459696 -2.1864315579008933 -0.008385914337025901 -0.7021844546705424 0.14052595874593182 0.697939197192923
312 27.89606575337919 26.844131726181725 -1.4977282583671974 0.1716978978728216 0.1487296497325821 -0.022884533742057813 0.9735890412653001
313 29.368073727659375 27.33515910030382 2.565238521904044 -0.08781994233219938 -0.2602410031991384 -0.08665413646622276 0.9576290193054764
314 32.19314572214339 28.217856247301125 -2.2528830226195353 0.096145771024717 -0.18372267911104048 -0.11984576947243573 0.9708959570591918
315 30.7821252536286 29.06551378702888 -2.360756148916699 0.9545421601537356 -0.2946938574293952 -0.02242009882675576 -0.0387573741502429
316 29.733008856055154 25.950659429644087 -2.647609844973176 -0.5855807674444671 0.01771303764905293 -0.0215612057004708 0.8101336479280034
317 32.16918146593196 29.40014850789568 -1.5340157909181373 -0.7512066256093559 0.022423097213148398 0.1720302229784807 0.6368605912866244
318 28.143271121575207 28.241527072372634 -3.2530005640964736 0.9592232066143799 -0.012432126549924637 -0.2629702813389894 0.10287328737026917
319 29.846222720767255 28.12176299493485 -1.371380661084352 0.9578070556983528 -0.09568913161464884 -0.01996253751013179 0.2702789877912145
320 29.717479910093722 28.676695718292553 -0.5124735567016107 0.9529851068205997 0.11748059336211972 -0.2659294965278159 0.08543535121878333
321 30.163632166120262 27.880983677352503 -1.4360943726911635 0.9440510829647091 0.13259326299190888 -0.260788031838524 -0.15223725500713475
322 28.698665659504528 28.87050688422832 -2.4027717019012957 0.9763280802463751 -0.19436287191968948 -0.015010587108520122 0.09370824945657578
323 30.410351525053887 28.720435984809722 -3.057461346670888 0.9891335490850205 0.09771587086535401 0.0052216008132112786 0.109723131291648
324 29.916264428817563 27.256208340055544 -1.510210263434568 0.9801293600701612 -0.1063742132101176 -0.03631643182644291 -0.16343830968221684
325 29.263001300974057 28.46025509107225 -1.6716431311948867 0.9981073364811006 -0.0004231507246506781 0.023987932687919013 0.05662283012555254
326 30.98447839887506 28.272904807635534 -2.166690398439702 0.9941718342654812 -0.022004905493108764 -0.08964462942986393 -0.05569549803916255
327 31.53118960415432 27.462599022216864 -0.34502545848346505 0.9778004876898746 -0.06520776601861371 0.19841744932668082 0.016872146484642834
328 30.340409316965165 26.89618166749056 -3.4777678151087263 0.9414054970538045 0.007455985876056212 0.2231469064284384 -0.252795483628393
329 31.230641282594696 27.342686085356068 -0.3394896041246852 0.9815558231935751 -0.07643794303970124 0.053979453112768756 0.16670820453801571
330 28.4191526212653 27.892605625615243 -0.9503830383253536 0.981580284927221 -0.12739328634492825 0.14070266145259447 0.02176823136111882
331 29.82295477334697 29.517747686727 -2.227956508108675 0.9935440829821012 0.06259512649818633 0.09356931871102565 -0.01402811127294772
332 30.604869216716924 27.587334609781365 -1.0784155200528454 0.9762792255053195 0.18786022549498663 -0.10728505198253908 0.00879358543543087
333 29.57936783293753 28.318425498259035 -0.4567394820081689 0.999303302578668 -0.007837321084659623 0.035961148754802955 -0.006187215352491567
334 31.186038048880008 27.35368836841658 -3.130162094277754 0.9650595563579396 0.09194279392509547 -0.22489735370210606 0.09812112731340869
335 31.36661953405011 27.055465480528092 -1.758364898453797 0.9828223871662889 0.04616118138907101 0.14952232885669892 0.09783850873143876
336 30.018892321217795 26.591711100713038 -1.6889375380243632 0.9946968334334715 -0.0751074647680883 0.03775111371053873 -0.05926155336429346
337 29.787473653771247 29.614560521604375 -1.4134956067838698 0.9978863914225357 -0.011010290630263465 -0.05688862376843785 0.02941441482810894
338 30.296418872136478 27.932299498118862 -2.330441082675103 0.9846084340737006 0.038225408695458006 0.09725632173200734 0.1400937456282786
339 31.581624470281607 29.601488539530514 -2.634761278096445 0.9719189964839168 0.23269311544843047 0.03071240386957482 0.016856053664831887
340 30.58403721730207 28.001834272332975 -3.6353076299922864 0.9994249549726729 0.01478354066830535 0.013325287502751212 0.02745255937336532
341 30.226140957884006 27.833233588450195 -0.2238677681234889 0.9823822252090364 0.10309554151762165 -0.017315951756098503 0.154908459185775
342 30.31748330344367 28.306838931835546 -2.912822462425225 0.9619920009123454 -0.02650327221440971 0.21242803964853957 -0.169538475614444
343 32.33747008743824 25.782704913603986 -3.2477463012413335 0.9886912790490081 -0.06429916212320039 0.07246669231320184 -0.11447161651638549
344 29.851731611011136 27.80460868505885 -2.0283591513873684 0.9951077841320657 0.04002397277991247 -0.08708479531109158 -0.023975362110046698
345 28.873749334309775 25.899804107952253 -0.6583551847396156 0.9785206605223957 0.04349714982125142 0.15653452796155107 0.12689466672833988
346 29.61126178305548 28.943412418562435 -0.17016458910459226 0.9808082255672822 -0.17242924638738463 -0.0882653099600092 0.022194925264606213
347 31.737589681359793 28.836529813250547 -0.8885623059747624 0.9956009814674806 -0.05942504535192301 -0.06952959144629378 -0.020322047121851948
348 31.844996051069636 28.081564500813773 -1.944893728269144 0.9968809062903109 0.046838447824784434 0.05711772046271256 -0.027788207720483647
349 28.87552094209282 28.797143821459937 -1.453602137881298 0.9878811693706038 0.017261840285899034 0.01719548760027471 0.1532877662408236
350 30.15667690339319 28.670432602512424 -3.5640922289538888 0.992975001916937 -0.010481686291944363 0.0564509589083387 0.10346047099673043
351 32.83958840226803 28.485690064768402 -2.6084183378074988 0.9947753693293016 -0.0373148582261658 -0.005462364660288791 0.09486689888275555
352 28.643539291148027 28.474843666962624 -1.5676821027482366 0.9830833221379067 0.10714415572040102 0.09505015782284175 0.11416119799262785
353 31.436159412960407 26.902047263764377 -1.2173389435856214 0.9621591404091983 0.11666876554146295 0.2259562712094234 -0.09788744135586197
354 30.065254645156397 27.641553661085812 -2.612320857187249 0.9761032877629003 0.08318764285524381 0.15741278634095446 -0.12459294679484097
355 30.174399111930942 29.136065036360215 -2.2576699532349993 -0.7177100454191304 0.0037329816225558196 -0.10917609632482626 0.6877200997091385
356 31.2740446913183 27.761322776002938 -1.5995604598829085 -0.7566812935502246 0.15676188263837176 -0.168780108397655 0.611859793704496
357 32.274735375377226 28.047224451422416 -2.716721255132376 0.9534546386394452 -0.14752711147124814 -0.23085794704308632 -0.12595480032506282
358 30.837791008232422 29.24817737624232 -1.6021746113726356 0.9880782784509771 -0.09288285225340225 -0.11519983788229908 -0.042462792683926394
359 29.331183944908965 27.294696582757382 -2.964594651119584 0.998445272717558 0.05363454437463237 -0.009366576784912052 -0.011943210498818909
360 30.787680630037134 29.1147730094631 -2.9106955496361504 -0.4244666217579956 0.21767051231519327 0.8093348841511109 0.3426728474476843
361 31.088396877057704 28.283558698441404 -4.04733048786579 0.7700056845607189 -0.19404684317724177 -0.6011125536339519 0.09000425690374299
362 30.109617442404538 28.0157949634281 -3.310576114143972 -0.6621867320989043 0.19553501603206813 0.6798951790946828 -0.24701687145076134
363 30.91127596366454 27.55348998315027 -6.058974831355573 -0.6682165831795085 0.13310451806213638 0.7318694431097857 -0.011700575948280487
364 30.146209286958303 28.99137703758187 -5.608071394150549 0.786601270225743 0.0014258686890215888 -0.6150749369647646 0.05421467048244655
365 30.99382784123762 25.44026329774436 -4.599376270738081 -0.5051914815154156 0.42489941644825147 0.6534589739895384 -0.3704502965564135
366 30.6823380667636 27.925074302113483 -6.243876119972801 -0.431567430375638 0.6357775322117004 0.42300053635909945 -0.4802156065911261
367 29.373232629210793 27.059079016276005 -6.511232919929506 -0.5133117713725213 0.5812592343631052 0.49755949309445074 -0.3886943254919144
368 31.580509831128417 26.113249557867757 -6.042967435976678 -0.5197892781187303 0.6089992428226574 0.41077890722378374 -0.43611892641144695
369 29.091554231619654 23.742072406260803 -7.205506056301871 -0.46630419361428604 0.4787558550127305 0.6244527700252347 -0.4042424622878838
370 31.986977951011774 25.70503921215204 -6.5690724105105405 0.6545157764443087 -0.07142187096050868 -0.17630467258783752 0.7317271876578727
371 30.748615681758675 24.87436197874346 -4.798676628156295 0.43126217235758524 -0.0002378511397233064 -0.08005320612123366 0.898668106872589
372 30.372296918836906 22.48422599665387 -5.2625668030143915 0.9504856818679545 0.2740495037647485 -0.13045807641992857 0.06674225308690725
373 31.942289783566398 23.5547082904322 -6.411712245759747 0.99105909326428 0.05820665992515057 -0.0027950545279503388 -0.12002518930927296
374 30.519900080524017 24.285785348162914 -5.422937320245824 0.9881842063932087 -0.009019219311110686 0.04434590938971554 -0.14643793305848618
375 30.60125893165131 23.479899142413867 -6.357706634521465 0.9831717330657562 0.09774626127309406 0.014813562412241296 0.15362151566843815
376 29.65762273942108 24.148089685263983 -5.29935320888648 0.9842065600063338 0.15224858876396147 -0.056398019416738054 -0.07054840796042276
377 30.77988667177405 24.82444203353062 -6.765779348771561 0.9781289247153627 0.05926038198630363 -0.15381105483786073 -0.1268628124064351
378 31.085268606370807 25.2149716148163 -6.36889764416199 0.9933426118139984 -0.11051248379817563 -0.03125516558210003 0.00897558375469416
379 29.097437570510717 23.423816053002287 -6.879433042482755 0.9971444792823151 0.0023725676697018993 0.00895066671852805 -0.07494760786540923
380 29.585436931011273 21.591275621459687 -7.971872015600406 0.9823023593630434 -0.12658561219993772 0.059783229566428786 -0.1244352162226307
381 30.500968351886574 24.047477506612452 -6.605488317158732 -0.5330464407025871 0.829840435781121 -0.1556827566297293 0.05467378242879428
382 31.334794397285837 22.783299123052693 -5.855087070698228 0.7969406471981488 -0.5936606515467142 0.08264829589648162 -0.07497929603519843
383 29.608929036996997 23.80982184198605 -6.043341709267262 0.7611277696618041 -0.617022640717365 0.06301023307883327 0.18972951699503274
384 30.7271486936489 22.63840448975319 -7.447624181299677 0.24125686347447267 -0.5029145302078474 0.5784246144606451 0.5952285834184493
385 28.597638438438324 21.76279304436967 -2.8566356684133067 0.4263254717213566 -0.460184440763713 0.6777384646835507 0.38359802675318194
386 29.518006734155318 21.69454050603835 -3.392136580844707 0.509400011915809 -0.3768600823865027 0.5647458806436818 0.528725066986429
387 29.794042288208082 22.806997499070054 -4.959586231987015 0.1209909999217335 -0.7285755211767422 0.22986868970055666 0.6337975018689541
388 28.550935736700822 21.50125886860876 -2.8077837226251625 0.5888739498328552 -0.4841279091230271 0.5126233865932072 0.3950505060547693
389 29.641278351760338 21.368554067152935 -2.7026439896637386 0.5914235768793861 -0.5457835732727976 0.4946841841313565 0.3280640209274158
390 30.96481088207759 21.967427649545726 -2.498395657348918 0.563423114202225 -0.48949649540345497 0.35955932912765154 0.5600577329237364
391 30.461689321442496 20.02832314649393 -1.8684457218529427 -0.5969553609093572 0.6587629714948491 -0.3110476681296959 -0.3360431410101005
392 29.9075825760808 20.405429526014917 -0.13382003697236616 -0.032074599400153905 0.10088138895396709 0.6005760147398311 0.7925292524287417
393 32.00167827338527 22.827620607231957 -0.8348009989579154 -0.13383956736455685 0.06559410471353734 0.6070823323559197 0.7805353453725171
394 30.858872892839894 22.93743907064042 -2.526457786936511 0.5285582062900184 0.6114835631432384 -0.4405175704065562 -0.3907151708498563
395 30.57660780851412 24.958932597019242 0.5193344485924418 0.3566842398117839 0.7540029852448299 -0.31956307614257723 -0.4495945859083137
396 30.099094755512727 23.20316627499069 -1.6353379230918914 -0.32204374064634417 -0.5604380380247431 0.44159342813491687 0.6222477632531425
397 30.89161191741077 26.078057829352954 -2.2593405863221165 -0.42517074955521533 -0.5138729381317789 0.390565248789305 0.6345259834054218
398 30.705951236731135 24.54821391676005 -1.757448991581544 -0.043835265411283145 -0.7759916123277142 0.10759373115890894 0.6199508658907262
399 28.87930420132743 27.350936818813874 -0.7938903467039726 -0.03594101937405995 -0.7526072299639376 -0.05370624662530713 0.6552909579765187
400 30.564858091711937 26.672146075166967 0.7550612658985562 -0.39450031688798387 -0.44149575830502646 0.49999921007910775 0.632021981654292
401 32.52318540983796 25.98714913949345 0.2495788695640494 -0.5163724962795049 -0.46619161325584163 0.5405136974705249 0.47314877962722274
402 29.655005716088915 29.312603655858084 1.2000710231190763 0.495726843540477 0.6607337789865672 -0.45667490157687735 -0.3303540588055108
403 31.77667970994913 28.51273502753793 0.7875840241252355 -0.48035615530515874 -0.6106885872670943 0.3386869972926375 0.530668004789307
404 29.834806930468837 29.483691965380306 1.249684336099864 0.13586053408342944 -0.04019154602586883 0.785753677312433 0.60209443901817
405 28.365209062503137 30.844140238888436 -0.46738220002011366 -0.38551443070593894 -0.5239879103909674 0.4862625896695712 0.5834072225893552
406 28.743726204806133 31.125706583770338 -0.1494530083813848 -0.46580711023995247 -0.4529317549568167 0.42298742698836084 0.6316313782669516
407 29.085969482655017 30.383305037576502 0.44074988692422445 -0.7916782455933736 0.06008022916808054 0.10748284402045341 0.5984006682471065
408 29.238683273121993 30.09759517898253 0.024442107574463443 0.9956701444053137 -0.038261011469976465 0.010607068582230404 -0.08405086934284506
409 32.96041534204028 29.81162105581125 0.03219118692722113 0.987989327909702 -0.09950560892334508 -0.08427278632111854 0.08290849905169423
410 29.32963016963024 30.389568487092617 0.7594806267650773 0.9913082753712489 0.08932077637950571 -0.013964822386498852 0.09557555034189479
411 29.05771867654949 29.419854519590526 -0.790030563974358 0.9624278201123982 0.20734551462247675 -0.07679740446199758 0.1576156315456618
412 28.41215459987506 29.47181908866986 2.096679303200101 0.9656463496395729 0.19463352349261784 0.019475061891457004 0.1710720343157824
413 30.940623108863292 32.32651011540551 -0.11279478062209602 0.8087566521084114 -0.005183024690986008 0.5713622639537173 0.13939504028167396
414 29.90909659459906 31.120106722227668 0.3703983948340198 0.7450679286240237 0.23376357050075205 0.6219220674183075 -0.05866273860624735
415 29.054239328908057 28.671781110185282 1.396073240108284 0.9867045050469385 -0.05094719343168423 0.0664684657360038 -0.1392858437322769
416 32.368361555405386 29.076621109562613 2.481677233101827 0.9951673832786798 -0.028438752921934016 -0.089987259664087 -0.027118438167757712
417 31.755134104325446 31.048884541740865 1.7165314890867194 0.9452815265386291 0.0717000409922407 -0.24649105954686412 0.20135564871633085
418 30.761972528440843 27.989186297847123 -0.4390500121013166 0.9910819621982493 0.0717034004718043 0.09176109425169779 0.06476934574147887
419 30.932502609256332 28.669316653664335 2.5277783785383514 0.9969459174797415 0.0422807121397711 -0.06565895820925967 -0.00028321070796920143
420 28.612888228463767 29.38260332005925 2.5300919133425683 -0.5944739792997954 0.02201058426990681 -0.013168110591327487 0.8037056818133229
421 30.707782965414392 29.322678563389584 0.09886222099137415 -0.4139776972836464 -0.392725193001495 0.6353473206206085 0.5203106486647014
422 30.910086634387365 28.532341953035925 1.867558786519329 -0.37273818166752015 -0.5266807390901032 0.6266405604924654 0.4370300389497068
423 30.381814737075207 31.87222674365757 0.6049650863226071 -0.6776116998351076 0.08299533820459183 -0.10044763779406193 0.7237847954637306
424 29.91005457093656 31.950327958256555 2.533304890506352 0.5339104359810221 0.5264011803643424 0.44713381726488644 -0.4877630501787863
425 27.124866712816026 29.623073923934612 1.182744872389744 0.6573680268355244 0.7327136438943562 -0.15138113881303628 0.0898985214399652
426 30.561508867869332 29.00211132167064 1.3142287796606875 0.5536057666475682 0.42009673430821076 0.5999641387526176 -0.39633624760922975
427 30.01564544705511 30.363153437174912 3.397807441933371 -0.3085814254304038 -0.48887154928366056 -0.5644593777860945 0.5892094050587352
428 29.20719676430818 30.708136690649162 1.916798354999526 -0.004822839848492052 0.8110213408103678 0.5847425225731472 0.0172426001734518
429 29.775207092934604 30.76798974724568 2.7851874783841675 -0.5443229247169243 -0.32434440729637976 -0.550544129384106 0.5435203958306171
430 30.288077608981627 30.01802880075709 1.6540988672551713 0.19213953732761155 -0.1691933059211209 -0.5547860430475535 0.7916239447279569
431 30.795494073049124 30.301572585130245 2.247078287771151 0.05607812081054708 -0.06421623814565335 0.9887011650839599 0.12329446575738337
432 27.32745560892823 30.63608283738922 2.4988923226368955 0.21883623740803415 0.06558777749070724 0.9598520204166878 0.16276683797053426
433 28.568647383909852 30.15893456311349 0.8168308128476203 -3.078932957345707e-05 0.12374570697083233 0.4859966864880708 0.8651556043746823
434 28.88332154152303 31.614815374892768 1.7820564337432807 -0.07935894846873971 0.23965075943253375 0.7518634016610766 0.6090739659876953
435 29.64152419592966 29.748428058687637 2.3572594027672884 -0.6524434850939205 0.03580612599648388 0.06413394469102385 0.7542693532405992
436 30.883037355168273 31.231198695479215 0.5619295171273756 -0.816698300375936 0.02114449381910518 -0.07590542721664108 0.571660006177842
437 31.14912157053337 30.54751085250861 1.194391956409651 -0.6679484871566507 0.07211958626699724 0.14594804203035153 0.7261836908174993
438 31.11763517928001 29.765648535943548 2.5781199682007223 0.9836277588021702 0.11107101715104835 -0.0789362394887719 0.1179352846192456
439 30.69566477613121 29.16738557615706 2.2998449861472614 0.6945135854793033 0.7118412847446829 -0.09734655205976886 -0.03816429902142202
440 31.404753935499485 30.058166815667327 1.9619548998676546 -0.07462463446324165 0.991354841116469 -0.10754664553567743 -0.008970059096333454
441 30.101534929448277 32.50700879774673 1.6210639968169498 0.0712018304879728 0.9903945377000635 -0.04872599646758424 -0.10804969364732382
442 26.858832094913108 29.29115790045006 3.0261077177489555 0.033546691199210374 0.995681481344852 -0.017063001512962108 -0.08486378023559017
443 26.689967802306114 28.901203520729478 2.3987064614366402 0.010603293418514473 0.9996234870191988 -0.012650498643722051 -0.02191846829327711
444 23.3693733085489 30.82708630199457 3.6607501504421336 -0.06385884288705294 0.9782584603641001 -0.059989715009466635 -0.1879725166195044
445 23.919098744538385 29.889657014886144 -1.0822558723749451 -0.06290262241121873 0.9822725745776005 0.16541721641771875 0.06181418800807248
446 23.503936307452786 31.408384139034318 2.330223442916165 0.03571921092696841 0.9802696987453902 0.1242960091404229 0.14948564414063528
447 24.38337509898424 29.846159747303297 2.2060331437729195 0.10581244794055894 0.9906851523839159 0.07584873809093255 0.039920215892416296
448 23.123935732051052 28.41189606070516 2.2100089298089873 0.682312203412073 0.7282815041656979 -0.06289148368062226 -0.010038378632052685
449 23.525845080423043 29.91166200680074 2.537905088656786 0.8373283648206643 0.5357774427322411 -0.09949941588444293 0.04385895079350578
450 25.378798840958805 27.964153705505247 2.321358073015805 -0.6310172762057525 -0.10010339528035216 0.0037235668426246903 0.7692741009764901
451 24.86936300039778 28.756366469188485 1.6645961725009077 -0.7797931669940188 0.05293952327481419 0.005336153300158255 0.6237720329197446
452 24.52800345255105 30.56580771332011 2.3339278330068693 -0.7794609015312074 -0.08281302816623974 -0.1832857562321229 0.593286639755619
453 29.0890161626023 29.514928747095272 1.9815834042899236 -0.7158633754366829 -0.09765404830046844 -0.010456685173572759 0.6912987576251742
454 25.51485151825696 30.54252781233987 3.0516928772321785 -0.712904918946346 -0.2130189980638215 -0.09505426225671186 0.6613275816362281
455 28.96178594487071 30.04094465989146 1.6175417547990947 -0.7770137833212052 0.03095453965311992 -0.12956454470976336 0.6152271334701374
456 27.951396827084864 30.21445787678184 2.059352351876544 -0.6812958936625324 -0.11429817746266428 0.2293275040149229 0.6856972566735048
457 30.85190308991156 29.26305057094313 2.324492089391912 -0.7090065650989203 0.010646085619560496 -0.06406901693097758 0.7022047511781088
458 30.7337932484612 29.288740365552474 3.1119699267354437 -0.6378116886386516 0.41868845972387236 0.35667477028037414 0.5391468554813291
459 32.611753508963524 31.73355488352708 0.9503139439036331 0.739779527530844 -0.22281439605875167 -0.44317442350736647 -0.4546167901696201
460 28.964578192523067 29.63698582689545 1.3112779137896893 0.7563466102814462 -0.6514498442393403 -0.00873140770602606 0.05896327734935102
461 29.872192665284032 30.93871323454728 1.6338645992714396 0.5322363626056688 -0.5275873152296363 -0.4911967155863233 0.4439615588384654
462 31.008120308566216 28.674815261125822 1.449837547118183 0.4728990928053855 -0.426553226820234 -0.5370735388579833 0.5531462795424478
463 30.48010116212452 28.43278849009761 0.17426297573830957 0.7091344703259274 0.190568253135512 -0.1722815663352691 0.6566057460862738
464 34.062554208842094 31.825786138191855 2.4513677672496725 0.5013613861484146 0.3775217107692918 -0.5141084027166435 0.5846423424909531
465 28.71407823854719 27.36663262802875 -1.7303579729164509 -0.5355407597780241 -0.4067215629029485 0.6313906282783581 -0.3861599919831414
466 29.38927935744132 29.900267488822685 -2.085348771167271 0.5831269521886027 0.5277936937312802 -0.4081873104549475 0.46344351767208797
467 28.74018709854468 28.752077791411672 -1.1608349138690728 -0.6602638627432844 0.13779888914500044 0.7382536075635315 -0.006686450863665595
468 30.014239568068422 28.948773541833067 -2.857361782106654 -0.6952850975083491 0.06562693637205377 0.7142502114204891 0.04602579593022323
469 28.245016491712164 30.848287702272664 -0.9257200433287385 -0.4503968352411406 -0.44786174622285796 0.5936023964712722 -0.49416469114915507
470 27.410299144841844 29.074374835925376 -2.538838913149811 -0.4409668669378725 -0.5984789909064822 0.6260211872229118 -0.23551771240093958
471 30.03282957633867 29.075514489663934 -3.248468747271269 0.4835169685442105 0.6363288925138995 -0.3983878167745772 0.4500933560134353
472 29.545988207174123 29.298846271222065 -5.285359551881868 0.39314981365728346 0.36319808377126106 -0.541011187658434 0.6487120091338976
473 29.58733971554864 29.6089411325155 -5.680065310404307 -0.16480693195513593 0.7939654569024465 0.17674698624450147 0.5578691883216984
474 30.168120225537873 28.768476570606378 -4.490630838530701 -0.4568626970936825 0.39754826146201044 0.6314965680585991 0.48419411432093046
475 30.962561000958885 28.9857990147817 -5.931747728898036 -0.5712434600608206 0.3454777500473399 0.5263765334024288 0.5265489328098685
476 29.10976098626152 28.831538090674826 -6.721110383862968 -0.433388656084229 0.5988364477320506 0.4272687405354269 0.520586789120157
477 28.933230759681766 29.841046732334082 -7.480169543782533 -0.49917098650783387 0.4265259457279551 0.5471562819749487 0.5191569579087038
478 29.799037114445994 29.317277818790398 -8.25723785860652 -0.40088700951744183 0.403190306042671 0.49148170033796224 0.6596763759194999
479 32.06858811585226 28.122202000425283 -10.344428209826566 -0.2111571797616743 0.5667524255791784 0.795902347171071 0.02727246418631412
480 28.942526904761888 29.329798706080314 -8.504746952564668 0.19037766864233543 0.509286169606533 0.5625709347863919 0.622814486073807
481 30.195794455229457 28.248365964298415 -8.490071096255726 0.5583628719986401 0.5935284923395253 0.4095954639235542 0.41010533755103523
482 32.4303322729199 29.426995369765013 -9.264352598925724 0.33978185104075964 0.4311105770184657 0.6111954041322761 0.5702035970192616
483 30.303049387990775 28.60664045312556 -10.56860534656084 -0.62496829855153 -0.2997268790593974 -0.237470000871324 0.6805780061543956
484 29.459301213245052 32.29078308573933 -10.243496345100077 -0.40243762935929017 0.6901269780871142 0.3959434464180346 0.4527664915059763
485 27.59784604887845 29.099367010627287 -10.796277586507692 0.5857450184370157 -0.4296627487920724 -0.4791899279278162 -0.49261517297906593
486 28.719317386541668 30.184809275181337 -10.838406811899493 0.6208229976895064 -0.5253143609670581 -0.49370378383357433 -0.30802630006218273
487 30.86434930375759 30.887918153714786 -12.428190267197333 -0.5161631340261189 0.5400975931781802 0.44031054349159604 0.497992805375346
488 29.653880345706273 29.05167076629629 -11.963503523607416 -0.5377052124128945 0.5336223448670732 0.3037361013807136 0.5778102442157075
489 31.342290219738437 28.225014170257907 -14.703528826575178 -0.44478396176482743 0.5049152740939402 0.4886074533227134 0.5554192559687847
490 31.576449221122317 30.092719515282553 -15.890568353633174 -0.502057576730113 0.3852896533314965 0.5205421038535791 0.5731718684646618
491 30.804389363885708 30.059508067716067 -16.671123247286317 -0.3939754336074386 0.489577247062125 0.3281835200081687 0.705260982947412
492 29.06187994061453 29.32717955057545 -15.125439155967799 -0.6786167353382859 -0.06587380667378274 -0.08591704295770108 0.7264697033204596
493 31.04400452350047 29.336190487434656 -17.32327048323081 -0.5629898118263794 0.1782016561716636 -0.18201037707897447 0.7862307957291825
494 29.43321028012317 29.748276210397716 -15.507646091914374 0.9574743640877041 0.15382428845864277 -0.18246890628442564 0.16212966611451587
495 31.15038009086062 30.05375277352645 -15.204380046556725 0.9784720277111094 -0.055008360794715834 0.14076574223912708 0.14054030397525086
496 28.682948926202066 29.814164863892067 -16.602355901977127 0.998341303432736 0.04492965761640175 0.014759040967294136 0.032835018447146085
497 30.63650381400319 30.084010267469363 -16.573897015067953 0.9783178498833757 0.08656218677284751 -0.12767831896089776 -0.13820064865256876
498 30.026000877530834 30.505801294733462 -15.214749993463906 0.9807561156272474 -0.08421058029728225 -0.045440405444403066 -0.1701798736008361
499 31.630803809146038 29.829355941287027 -15.54593365448876 0.9894950439161557 -0.07019884617200078 -0.004395652609130921 -0.12630264565568153
