# time x y z qx qy qz qw
0 4.009176414250986 3.1789076677464623 -8.996321475195131 -0.0004961787642561673 0.0006896177552668072 -0.7073841274589574 0.7068288155226239
1 4.057149750524164 2.197954183816108 -8.946088895641717 -0.013793139877285776 -0.0044467565605225854 -0.6933354730345201 0.7204692203560225
2 4.1162981843423925 2.167912604993003 -8.984207197399115 -0.4739032335338482 0.43248888024740095 -0.39807793787654216 0.6556699238827961
3 4.40623585452538 1.17691341260016 -9.214431875392542 -0.5022913599860459 0.47603310863717374 -0.4097240888167469 0.5943248608361285
4 4.593008415331954 0.1741164363509132 -9.366024279689304 -0.529191170339558 0.47331375127648145 -0.47237217270558773 0.5222981222832764
5 4.75755125110082 -0.8738745359046775 -9.318249266632192 0.540448492995983 -0.5236925957288728 0.49920035625241455 -0.42948864468643144
6 4.7653796806589455 -1.8635048657459645 -9.234513612868302 0.5136362743438395 -0.4888629756376161 0.49748294351353 -0.4997014004803557
7 4.797888272055509 -1.8986357260755484 -9.269084121301576 -0.011855715643468299 -0.6727439122236601 0.729510143549598 0.1228414467141701
8 4.823497298407937 -1.88361581353103 -9.234234207835929 0.45166568390879647 0.5614159117687577 -0.5283692415652591 0.44903922830840376
9 4.594795980161858 -1.8636469385423746 -10.21695837089537 0.3137233096631348 0.7358884115996154 -0.46713553162865307 0.37660367196486333
10 4.0273219355996615 -1.739958834234273 -11.070341099831383 0.1364267964069868 0.8813074848030314 -0.34637493065054287 0.2910485421181692
11 4.071786701414105 -1.7502562391280305 -11.108740184411515 -0.1125555734283963 -0.5909266708195664 0.7892677065312669 -0.12326151074517308
12 3.109000925167819 -1.852667911408994 -11.403498839329334 -0.24742832520487096 0.7342895540505031 -0.6267524798154569 0.08233713465867427
13 3.078965863495736 -1.865904817408219 -11.428449846994106 0.049551783091565486 -0.520045196087008 0.6208833544080113 0.5844668297160488
14 2.7764229369418345 -1.260257481845947 -10.758983117085053 0.3406676534151783 -0.41026488905953507 0.5320745600933727 0.6576662780035227
15 2.834562330642507 -0.8408760802268147 -9.842054015400366 0.6610222026284692 -0.3768165694309321 0.3193857267969418 0.5648465970092241
16 2.8431438358022976 -0.8289534300359772 -9.864411039218634 0.7496502906919443 0.5327253277862835 -0.20068980778361245 0.33756742711976345
17 3.175306722103217 -0.09520051812116842 -10.559196282273419 0.7299145273354884 0.6815303833512744 -0.04626779515959871 -0.024503274979980037
18 3.141039291393495 -0.061161918197736136 -10.579769413849831 -0.040392331313912753 0.9983146336703212 -0.0323941517593125 0.026210125953799405
19 2.1666985011871396 -0.10767392068763512 -10.581006347122313 -0.17972672004738846 0.9836584698369263 0.00021614553010821665 0.010689906463279901
20 2.11961454367256 -0.10361472191935835 -10.603561265889832 -0.1163592293420813 0.7259321361740854 0.6672593588269091 -0.11936503455597178
21 1.2150864167378195 -0.42307623230012664 -10.578848103886397 -0.20477347168469276 0.7526360816463459 0.5951338929021865 -0.1934487100430571
22 0.3176651516675953 -0.9539943143396997 -10.487294058413193 -0.1831542420664089 0.6969265125929196 0.6865948936311737 -0.0966199342669388
23 -0.6038826748344679 -1.3717584165123713 -10.646822566955327 -0.13779400051637591 0.7346555277981905 0.6628239831499643 -0.04425422305804886
24 -1.6014677467926208 -1.6640824289979992 -10.713164265631667 0.05735742325147762 0.7603244605594214 0.645550419074511 0.04337622742584771
25 -1.5459601932440634 -1.6938607257122518 -10.760620096457464 0.6182648866578042 0.4591531176552016 0.508589713676955 -0.3850499287306957
26 -1.495286127144723 -1.5350775331939335 -9.798348770999345 0.7753021199877007 0.24863045950826473 0.5802624826077466 0.019620617349643883
27 -1.2630864611921644 -1.0793000677746702 -8.872411635792467 0.759642370929904 -0.0021544937905469902 0.3588311142683847 0.5423827595687454
28 -0.4840971719626128 -0.6316868109102449 -8.29736589666743 0.4697528356141516 -0.21803292319123177 0.16478659378993743 0.8394279578047543
29 0.3711321631557909 -0.5892998200721797 -7.746930223262297 0.11384703464354855 -0.4346655367862641 -0.13098270765201628 0.8837127667570079
30 0.9801597063610138 -0.8800254336980706 -6.9554636206965235 -0.3254806316650421 -0.5514876998340102 -0.3237403339804985 0.6965025997775692
31 1.2132648725735888 -0.955364804743761 -5.93281663832517 -0.3795078659572507 -0.5624827484014119 -0.3922493093941548 0.6210695747717604
32 1.3232653407088288 -1.013053446132443 -4.89630943720658 -0.42317321046805567 -0.6028761882984845 -0.4195753773993443 0.530491506251558
33 1.19500063687162 -0.9607480792216739 -3.9548633361806163 0.5094683235059307 0.5071555615070004 0.4860068431458999 -0.49702375415258765
34 1.2367042419720395 -0.9491861660435615 -4.01101743663462 0.7659375525322879 0.02190313445180188 0.6288599199242136 0.1318905585511964
35 1.4861248276982486 -0.7789108738320979 -3.0008118467135505 0.7544487129104769 0.09195521050979855 0.6412119025135338 0.10582379185607586
36 1.448881903011316 -0.8057192729219311 -2.937873619549359 0.6798413756375096 -0.49382013092963034 0.40235009532659366 -0.36341681723693264
37 1.702082699685666 -1.77998633085907 -2.7114718185336777 0.6670417821271019 -0.4514914208184985 0.40594943221021695 -0.43175897942277364
38 1.6594286444863793 -1.7947624535684399 -2.697832009144522 -0.15342173088492578 0.7040118116990121 -0.6933353104729957 -0.010737259047985549
39 1.711735156203736 -1.8073426407028759 -2.7207302930976467 -0.048935326412277845 0.9904724595109146 0.10522123525634189 -0.07414939265060017
40 1.7398285154537887 -1.84027508186967 -2.793860098092412 -0.6863689844089413 0.6988210180448803 0.19682852908737397 -0.042489200009594726
41 1.634981567251148 -2.798953606299625 -3.010969359204105 -0.6539032666207696 0.7404823971871107 0.15281693382712816 0.027263933949288215
42 1.5417121454053635 -3.7410826943224835 -3.202044760166614 -0.6843952277063583 0.7155030163982449 0.09589189531093682 0.1022905187759443
43 1.4890309741963013 -3.6875968523684586 -3.215359442415901 0.5686212631703373 -0.43232717249440067 0.47031082786384004 0.5182381693657808
44 1.7418448280511385 -3.703895906537427 -2.1863672062512474 0.6186366655513155 -0.26763489224935955 0.16447027877540257 0.7201456574095024
45 1.6996643163767002 -3.632345356373288 -2.1632460602642776 0.5724945801270244 0.548835505914696 0.33814934476169717 0.5066404679945854
46 1.9230494182043323 -2.613565685959114 -2.379363188086896 0.6176007302100464 0.7570585643917377 0.03679009963796663 0.20994798568637693
47 1.7560781000109191 -1.6198830713049492 -2.6395949958044196 0.43861477605166077 0.8405742757755869 -0.2725492426126778 -0.163611966202827
48 1.737868434444516 -1.566983203749507 -2.6961643826597537 0.2047189662000168 -0.033424782874238605 0.8622349859613281 0.46208630985138954
49 1.223913468192412 -0.7625438818814206 -2.3163644067146714 0.35908874537033614 0.21883226495061384 0.7470343700506707 0.5148857763892305
50 1.0745116409843178 0.1652250719651463 -1.998013204863547 0.5034309818026242 0.5036545867072886 0.49519544481369676 0.49766532457638735
51 1.1129189773631123 1.124277753490926 -1.9681803771339494 0.4858579702041063 0.49750232469751726 0.528186787004611 0.4872906604311822
52 1.0348784320662798 2.1673685472007596 -1.9523987780185221 0.4930534660275545 0.48049446911360005 0.5064204250573092 0.5191933145507802
53 1.0649044633129663 2.187706462650937 -1.90135310419979 0.7134589096795024 -0.006629970041176176 0.7006517690817052 -0.004418843611716763
54 1.0393339661952719 2.2115582424285773 -1.9448588020341104 0.9975570113842783 -0.02117602338765652 0.006371500009516435 -0.06626453847406133
55 2.1016427842585883 2.206510248658637 -1.8941325075999198 0.9920280727623921 -0.09974529003760245 -0.07630018183813539 -0.010462419324208879
56 2.0883296800790587 2.2570974321295445 -1.8356649449134506 0.7308887659535153 -0.03779596263140657 -0.07755946098084526 0.6770211274576833
57 3.0323733090097287 2.0484361312754906 -1.9104858857203098 0.6957005379765586 0.001492931803946091 -0.023403646819188127 0.7179490246036401
58 3.062884604708223 2.015467226924054 -1.8577725724210066 -0.4851480548118925 -0.5095749336847879 0.5289424646320684 -0.47453621672253204
59 3.0280856781837246 1.9715838335952542 -1.868719637940235 -0.02078675922402086 0.7458096449502443 -0.6658263347579445 -0.003343064904391827
60 2.077246451981572 1.9459506656620216 -1.8771414033947769 -0.1384123605264046 0.7672813078825563 -0.6250644336478453 0.037628005740945984
61 2.064323701623833 1.994131952098551 -1.900287949711519 -0.3685298834902659 -0.5282827197080971 0.5237148889357267 0.5575175406563514
62 2.1048013949201234 2.0379922518797455 -1.8922479651191808 -0.6085113682227227 0.04695987995674701 0.03334079302575878 0.7914525102231789
63 3.144669411364801 2.0344066158727423 -2.006916468151306 -0.6442844911515164 0.08540882566241174 0.04301713094239075 0.7587834693811433
64 3.1762634907261433 1.986938046932241 -1.9677242015316454 -0.47490437368961863 -0.5127575340689483 0.4985056740290065 0.5128719528955388
65 3.1915179218116196 3.001522293551626 -1.8958275565430376 -0.502609540854684 -0.5055643289600319 0.5100332239924313 0.48130496480809715
66 3.133833639536336 3.975700683659216 -1.880440868055501 -0.4684983526526895 -0.5056707661784483 0.5176113837459244 0.5068380660633609
67 3.1108378213768426 3.945385029611395 -1.8419927396866043 -0.7098559486685203 0.0023956084217816973 -0.024399726720175673 0.7039200569213696
68 4.192820179989018 3.9309630511987477 -1.7228263404138857 -0.4470709454494244 0.40172729708629634 -0.03759129192296411 0.7983292824907895
69 4.898444646225799 3.5441980052455704 -2.3448665936875632 0.23121131124650365 0.6909155298846509 -0.28312325300637425 0.6237133025060256
70 4.9486368391024405 3.534774265053314 -2.2779630030279505 0.3934464511538631 0.5835002393687343 0.25088965437551963 0.664666639796517
71 5.010946420999341 3.532728284186414 -2.2047725563707647 0.6360476531446484 0.3577099121042848 0.6551991291076898 0.19545102437197748
72 4.90166412372534 4.239404352048047 -1.4218338278638538 0.7352462675853905 0.14205900205562103 0.6624838860218706 -0.01863509318663796
73 5.017040554223653 4.354279352994853 -0.38218037535976473 0.7107941305303562 0.0038732885258959374 0.7023808349088597 0.03765454012894816
74 5.012092059896498 4.369134483980518 -0.39957625590996365 0.5274899752276423 -0.4827487599845543 0.4457320008740458 0.5385452108825501
75 5.155062918058582 4.286746031262088 0.5897168454614701 0.5244079797018056 -0.4217301586370179 0.44617105485240144 0.5899757062226881
76 5.148549822877594 4.2194405553123 0.5829389205525096 -0.6877953318328625 0.7230030400521077 0.009951212936316373 -0.0640715143057264
77 5.090020426682888 3.1579199684224353 0.6774102093321918 0.7346917787674597 -0.667057535607184 -0.021443966032048553 0.12166507601605484
78 5.176754058166759 2.120785110175843 0.8698788801434393 -0.6693675800637471 0.7394800403016449 -0.03150052283843782 -0.06421860957685835
79 5.045283645544837 1.1670389504834686 1.0297809904956263 0.7149494785656927 -0.6990334290625245 0.010980124935684047 -0.008885100344324291
80 5.048332194275393 0.1086523289016268 1.072279019489374 -0.6990536037562628 0.7049008134139841 0.008009399787848396 0.11989475317428487
81 5.0220330572412015 -0.862377687995968 0.810125358677292 0.7149383678853284 -0.6987837492413149 0.021298884055650034 -0.010524232024103783
82 4.993192337506662 -1.8226995829513746 0.8180534613951894 0.6930751094822142 -0.31906606350728495 0.6362649400643192 0.11406430545586882
83 4.968243870891837 -1.8007195026500156 0.771844285672635 -0.44789237378723423 -0.1098808993341586 -0.6665518504250108 0.5856852739823193
84 4.859637359551084 -1.788487361925243 0.7284389080478659 0.4351288011882752 0.29724936241293903 0.8498736308010434 0.004533717085022248
85 4.258416771308413 -1.539521651656771 1.4253298025907435 -0.044266299893032164 0.6596018697712037 0.7501635867954598 -0.014847933670451981
86 3.2220497175487854 -1.6144973626785803 1.3679382765307622 -0.0041145721255061865 0.7165907190325544 0.6974535611084589 -0.006272303385400426
87 2.224702983527817 -1.6126822678811072 1.333287125481839 -0.10641914890883385 0.7019662087887465 0.7041527293706482 0.009345597045593379
88 1.1819834871254637 -1.7325191463872387 1.1197625792739072 0.011138682035500056 0.7046794079406697 0.7092016748290313 -0.018326107240656465
89 0.12593005575782343 -1.6994681127678717 1.1170668192666977 -0.004073775614953602 0.711057218412848 0.7019284591612246 -0.040956986153407156
90 -0.9163906378154838 -1.7540550653770868 1.1224575606615403 -0.06139855011912581 0.7517308688493403 0.6561389210717679 0.024751466967861936
91 -1.9146287879112125 -1.830111661269353 1.0611226650986365 -0.034092063320969354 0.7153405705762634 0.6977240922620499 -0.01751257785829986
92 -1.9007858376856186 -1.8666668002962457 1.0512170706296438 -0.503262103751715 0.49942429489326956 0.4950370074737984 0.5022359901770679
93 -1.8645409130966193 -1.8207783970719311 0.07470971097825725 -0.4858659352431 0.5596334958484204 0.5010986855323001 0.4468162381254997
94 -1.9145638768723283 -1.866166398072708 0.11587314795626287 -0.6748766321991693 0.7303971431398755 0.09375703576018314 -0.04765671883459361
95 -1.9121852779026547 -1.815333066771753 0.14696406262777345 0.06853304946026584 0.9955890972589744 -0.03969390103298067 -0.05029875516869597
96 -1.8621388827852838 -1.8273750820420087 0.19388316019305402 -0.6591570452360663 0.743868311550883 0.10402576698231844 -0.03675002843314622
97 -2.033336125182271 -2.7778610982079415 0.14709982326220838 -0.6385172824727295 0.753445535565522 0.11149556791139366 -0.11038225969846766
98 -2.0309195463469796 -2.798257475954107 0.13570415110911815 -0.5236309517546247 0.5254225884233646 -0.4552221665848509 0.4924576215156295
99 -2.0548986669826017 -3.841946692505481 0.11098157208033024 0.5318294536910224 -0.4954281044114159 0.47589313430719044 -0.4952112178306319
100 -1.9780520901200076 -4.855783019484765 0.14601285034200653 0.5035263103829812 -0.4990317030598898 0.5009880350529865 -0.4964268353211712
101 -1.9336245048807426 -4.905017937836085 0.1990810906412806 -0.6589004843301118 -0.031234407481210532 -0.05655837556119235 0.7494502743296052
102 -0.9837591499406211 -4.964164882548915 0.2653932881108998 -0.6899134554611185 -0.006031523069140351 -0.08536021102484123 0.7188161650081051
103 0.003344752195689625 -5.024532974142487 0.3404816599414818 -0.7202036445590179 -0.0044935043336259885 0.03560260397427506 0.6928340157447249
104 0.062474526134583645 -5.0706622684657505 0.3135913590896163 0.9950237204054092 0.05206275080239732 0.044927788173003594 0.07210242478132484
105 0.07377406112172563 -5.1199243310685585 0.3136246360359829 0.614608040609735 0.052977393336071425 0.1356884647837845 0.7752670460801212
106 1.069030496518117 -4.782206198310162 0.40274046025079374 0.5524682381999289 0.07487221406608195 0.11375224885650001 0.8223341311299185
107 2.076790529436211 -4.535238799737451 0.44670264848473606 0.5445220154128779 0.14794198248681853 0.124487825093461 0.8161566797815644
108 3.0346774411346957 -4.184105182650447 0.40536473637160214 0.4907132064085934 0.0625217118534202 0.08574004127619722 0.8648353773551768
109 3.962779007540641 -3.958688687686189 0.3651133287797691 0.5392566642816133 0.037893107961566384 0.007615110693979076 0.8412540475302325
110 3.926840559130897 -3.926993379229279 0.34716689991541644 0.42563980942697976 0.5705676635449445 0.42053828419220046 0.5625218622209347
111 3.9391181179466366 -2.9189766334687763 0.08895216367749563 0.4632408336219283 0.49374520818997314 0.43811770432411806 0.5913344879274895
112 3.916805023314192 -2.9254298942215136 0.06354127894684655 0.03678803625533755 0.009090048563262178 0.6185573782658196 0.7848253189076596
113 3.8949384690560493 -2.8678535917605545 0.050333050248159816 -0.033451709321682774 0.0806052114130025 -0.08768419081894059 0.9923181272741874
114 4.921587008082638 -3.017874042719111 -0.16414493933846197 -0.08310346637529091 0.01140651516256854 -0.06920314054785277 0.9940697312696786
115 5.915583515296782 -3.101077697935207 -0.13126919012191854 0.0018400744030537194 0.04050179432574285 -0.07364332219775457 0.9964601747577593
116 6.9128374987216805 -3.2016435573624666 -0.2673700166391197 -0.07412773124970981 -0.04821652077581145 0.01201076930183529 0.9960100340884246
117 7.899242332041029 -3.1759106067893375 -0.2024065722804676 -0.14685695731765885 -0.02174703180515675 -0.007619282117543787 0.9888892997879379
118 8.948126043506983 -3.2120852780678186 -0.0909145155223445 -0.21764371195212337 -0.04399854311570304 -0.03994697255114178 0.9742174204126074
119 9.931160025183546 -3.2743962293656717 -0.04254341380221397 -0.2019691426205329 -0.10502469532183424 0.08597567863308812 0.969941473226742
120 10.88594903188685 -3.043497476650251 0.11984899593954343 -0.15234404495830675 -0.04304007047364004 0.0205586844860611 0.9871758631528468
121 10.875878070872261 -3.070114394839596 0.07600647542299134 -0.12944900656042305 0.6439724786053747 -0.15001308197779797 0.7389441634757605
122 10.853848737932971 -3.059880869167269 0.12547699258659523 -0.5711948111051196 0.585948679765175 0.36745063354352697 0.4420188506800303
123 10.903418308541468 -3.423716796861761 -0.7528740732319911 0.6040477869798517 -0.49069639461283865 -0.4461771878202207 -0.44189278838598817
124 10.974647673300794 -3.687917959634438 -1.721206572969338 0.6007182840326238 -0.528747590254302 -0.39715509880207045 -0.44925644850651375
125 11.122480084529858 -3.9818759136904722 -2.6459893056442 -0.497544535893666 0.5263738530272783 0.5201756434947281 0.4525453585735015
126 10.978460029267994 -3.9969292336575957 -3.587190272081656 -0.49315804488079196 0.5099827087527 0.4399389091895094 0.5506056081477535
127 11.020854687304077 -4.073948916915364 -4.609466572420164 -0.06418557099064198 0.267907548073399 0.13212540622190147 0.9521809886742132
128 11.858584698225238 -3.904581152253761 -5.101175402162517 0.3495325923199088 -0.2131241585090979 -0.28834006152796837 0.8656009871089339
129 11.839056955754732 -3.990837161741677 -5.0611877455311856 0.7777307337117133 -0.024878844422099675 -0.6084589181837133 -0.15586434429710422
130 12.122410114035192 -3.864184809825327 -5.999829676097331 -0.7391374114404244 -0.010462297645486727 0.03155017812310327 0.6727339842742646
131 12.133712627994184 -3.821439774955255 -5.961179098485915 -0.49224052887375963 0.4160496872581977 -0.5777725926139654 0.5007801420689223
132 12.044170962229034 -3.8603276534008857 -5.917668866796951 0.033559172674913526 0.6915245483422627 -0.019871787393938717 0.7212993089107834
133 12.04123452252513 -3.8812203577202724 -6.895926305279271 0.41859174026861123 0.3780591378388952 -0.05595551510661716 0.8238453881673183
134 12.04224896486512 -3.845393951893326 -6.93010677174015 -0.11239354075059116 0.03233388468177783 0.06663058941438929 0.9908998821542072
135 13.052982799743942 -3.6612773444468436 -6.97541995284787 0.03207897305913428 -0.24515429713115974 -0.11348647188578015 0.9622843294912977
136 13.066486574791345 -3.683526230007832 -7.008109334080017 -0.5386256926452858 0.1816620218003663 0.7930889219476384 -0.21884066107952194
137 12.75584857890658 -4.24628443428484 -7.7903322698027715 0.7217085139351819 -0.19652552542651353 -0.6370376747841058 -0.18627275612650362
138 12.78437375597813 -4.271785586954027 -7.757468691157842 -0.5706323756917067 -0.5775884133220646 -0.02256848068121876 0.5833189353075035
139 13.087622232587355 -3.6597186215082114 -7.06911242499557 -0.490450083399171 -0.510495562792413 -0.4914940957025065 0.507234216070424
140 13.022279819242426 -3.627576268635348 -6.019772009613541 0.5450260445345362 0.4661239274372487 0.5260686608384414 -0.4570851771094317
141 13.00982290921532 -3.6117192895364783 -6.006788659402515 -0.013605406447404154 0.7133454847744919 0.7006584600368952 0.005552895278294132
142 12.023253904532236 -3.6843250108730343 -6.056980503430639 -0.020901358520616073 0.7269216860233393 0.6860381435282469 -0.022353103258729173
143 12.016755810029933 -3.645712964679868 -6.034305336949248 0.5301128086065149 -0.49951262522625806 -0.5195224528569962 -0.44672583131976423
144 11.99054580668343 -3.6880544243201863 -7.001018337504641 0.5394141211911324 -0.5076012911159462 -0.5002586574547019 -0.4484580367867668
145 11.930523360673211 -3.8087814954012105 -8.017521734216432 0.5421859016341368 -0.4746001864294021 -0.5039439577770911 -0.47626631051368207
146 11.965228625658405 -3.78763764810299 -9.00403086141787 0.5174367165252892 -0.500900932437709 -0.4928803120147227 -0.48828935919476046
147 12.036225448377245 -3.8184696470604687 -9.992566198213494 -0.492096269265525 0.5324190303561244 0.5020336489518618 0.47152248430978894
148 11.99540470087323 -3.871442337501664 -11.056873688821847 0.5188067692094028 -0.49927506513862663 -0.4894932977448334 -0.49189455883980765
149 11.966895017771343 -3.853208698664837 -10.992850803568912 0.7463553616462159 -0.6608340733708726 -0.04963959465177407 0.06154601739197892
150 12.162897638693137 -4.879347094380109 -10.953841288687515 0.7089944313552011 -0.7052080045474296 -0.000335049852704381 0.002907640133044078
151 12.258340501575168 -4.865745766259491 -11.005867233965638 -0.5286233720979305 0.543555205978408 0.4745575560219557 0.447101995687842
152 12.236738895713305 -4.907383392843705 -10.945080806478446 -0.03764748102094437 0.7770865407691053 0.022348357438590993 0.6278691951737088
153 12.03358526209598 -4.92428441733504 -11.972367628935807 -0.015018419800904311 0.7493165892733102 -0.03741177861822757 0.6609837024671017
154 11.845242302514622 -4.971372467794003 -12.998320411937804 -0.003848372476578749 0.7091168313239385 0.011559620445069923 0.7049857337120692
155 11.832892782812014 -4.978704591084347 -12.944747592670446 -0.49344972448673463 0.5015757455226498 -0.4927418800009951 0.5119908012849931
156 11.876148522708307 -5.9325023992936465 -12.97137925311821 0.4501434001501195 -0.49363218882992793 0.5648720802112435 -0.48437352781720616
157 11.88942524206632 -5.892619345778191 -12.949479405170422 -0.12200121810041645 -0.6510826176821253 0.7488878212386596 0.01934318832611493
158 10.931493754290196 -5.746346989287864 -13.061971184403479 -0.015119395840837803 -0.6267597986924063 0.7786511126366038 0.025416596983883696
159 9.914710536203161 -5.686866860409233 -13.050209476272203 -0.02993533527756043 0.7143288824859035 -0.6986796981769134 0.02616873523265306
160 8.871817312270005 -5.798701525782807 -12.990769887743074 -0.03843094471574253 0.7624885940084548 -0.6455141048381433 -0.021112720106024743
161 7.875672615612046 -5.880479668471682 -12.927124162180268 0.02899350294674534 0.7382000297145688 -0.6693356053308537 -0.07880317476260897
162 6.93645545954618 -5.7790051020977335 -12.87683668937219 0.04807430546543258 0.7513579535248588 -0.6526973096763972 -0.08447667589426103
163 5.953395916060714 -5.600017392029036 -12.78561964684128 0.07664254811406822 0.8131220379262147 -0.5770174683228333 -0.0030516401507015237
164 4.9810142920539695 -5.500026175489002 -12.932526441714488 0.013105143140433786 0.8344254054622834 -0.5503772696963127 0.025443249478101587
165 3.999651646843988 -5.481767860424939 -13.012908065503453 -0.011542381103495336 0.7819589066366762 -0.617778199374249 0.08220181353198015
166 3.05450368030723 -5.628611608575702 -13.117620875761917 0.004304014744044865 0.8289151403103868 -0.5495036800972648 0.10453167549052694
167 3.0172005162473456 -5.668201484205609 -13.144861269046766 -0.3991631113806598 -0.600263194003073 0.3812575618977341 0.578788026771404
168 3.0369529894187526 -4.79523208761773 -12.762121011109949 -0.4470996030712528 -0.5923464942088655 0.441376759002454 0.5043948179199336
169 3.001035813503858 -3.860324263990319 -12.58345529870385 -0.409033030131918 -0.5908391654056397 0.4523127865694664 0.5282179512186536
170 3.0503002403858646 -3.8988182262258024 -12.642503113090438 -0.6886304539749918 0.033853738862823904 0.01378972906388865 0.724190489854395
171 4.0953457992660045 -3.9037767079582695 -12.755662667998976 -0.7196293242381255 -0.058036500096175836 0.053558409561271315 0.6898528082993011
172 5.100842076303722 -3.700695868195495 -12.799225361991072 -0.6691884417083444 -0.05578262196260267 0.019642892443594486 0.7407356379622788
173 6.101449931763289 -3.5980581634546884 -12.789218454393337 -0.6898106606976359 -0.010526449486441788 -0.06433553615447186 0.7210488090530464
174 6.060127333642928 -3.545728525304384 -12.78050806366108 0.5185358330900931 0.49715473922959924 0.5706616828450638 -0.3978730938321327
175 5.94611812419908 -3.4423477111544956 -11.736807294840059 0.5500103697380312 0.38606958517027634 0.6048015628776306 -0.42738032023931793
176 5.941236701647683 -3.487660138265679 -10.752579548404256 0.5703368049320056 0.2575503237495004 0.6325190480722414 -0.4564026878780021
177 5.946677437290751 -3.785529985522928 -9.844053852320254 0.5352171542175844 0.3879112968718185 0.612627705097266 -0.43330672570098916
178 5.882851274459548 -3.9317632631234156 -8.843380597788807 0.5403407854197103 0.45399286704209985 0.5338784088359945 -0.4657211149020979
179 5.9080177279797175 -3.9458370412890824 -8.830893070585592 -0.6935796534915065 0.036636040001187045 0.049407020243243595 0.7177492676320308
180 6.955296978825379 -3.925669335232755 -8.91417306667059 -0.7131545180430316 -0.04233769812088215 -0.01510950432486597 0.6995640468117926
181 7.913825541158574 -3.8397614384497154 -8.795810965230467 -0.688218919500859 0.01974698897395104 0.0011512690952708022 0.7252333761259216
182 7.945896483279505 -3.825829306908353 -8.752943620236273 0.9944402214218578 -0.09747514168112693 0.002921146240905942 -0.0397329797187383
183 8.919028282756123 -3.9953246316535544 -8.714112656639852 0.9970972192598763 -0.006384467957846631 -0.04990304398948707 0.05714945418550484
184 9.976189156084967 -4.001746731449918 -8.811579639424448 0.9994713780298231 0.019169274250200808 -0.021145815359427955 0.015567848813244476
185 10.945976357510533 -4.012473079560696 -8.895507252407866 0.9963791822434682 -0.03722100810937396 -0.007557044742979116 -0.07606584530465306
186 11.98254447946202 -4.066541537820491 -8.906637512122526 0.9851884986567551 -0.051073576599261816 0.013822491961036456 -0.16310748175296735
187 13.000133343148075 -4.189297214036656 -8.854480645572062 0.9948353222999177 0.02790249969176618 -0.054394847478139254 -0.08102673992701157
188 13.952789980884342 -4.132395075633156 -8.925559098081477 0.9993929170374832 0.00011065400117950022 -0.03464848706651241 0.0036424545301093287
189 14.95131685156216 -4.098023111181663 -8.940150708070597 0.9045783832136921 -0.08127126253891669 -0.4183677247884019 0.010068632638497048
190 14.904998953317511 -4.06654567293468 -8.919031003156983 0.3905524430478024 -0.457733504784739 -0.4973602471529604 0.6249652889391685
191 15.009043291567846 -5.039065113502184 -8.68618041421896 0.2202727662288984 -0.1773393128707924 -0.6066546706098114 0.7429675546049677
192 15.164286279933687 -6.085692195012049 -8.680631737801242 -0.06341452313026157 0.044469547848582466 -0.6005804711023234 0.7958040935436406
193 15.471933972286791 -7.051263026358911 -8.730487245403282 -0.39050363593369525 0.365802933576288 -0.43835530375775666 0.7221770917004989
194 15.847676290076627 -7.904522910255837 -8.935182010523716 -0.5043070022071823 0.6723855416459904 -0.2591891779848247 0.47580784033660456
195 15.828798339577071 -8.784982604947329 -9.302640455245081 -0.5576513583958975 0.8026871809360572 -0.1934919711496947 0.08531769535531261
196 15.398593240050511 -9.740347277154159 -9.218666352311583 -0.6930034551033255 0.7178395801122492 -0.054911142174469504 0.037911936170783464
197 15.334082593539957 -10.794746366875343 -9.212057243487697 -0.6729735941191651 0.7393466996474933 0.016605068123823858 -0.014045321331154957
198 15.193191672767304 -11.803378538527722 -9.193382403247565 -0.6412913754910717 0.7599983041657915 -0.0712098996474051 -0.07795575397683602
199 15.071282730754179 -12.835175779758174 -8.988889806511088 -0.6450267742890994 0.7626394669612766 -0.030286797693393017 -0.03747284041406924
200 15.053410811967987 -12.89203719226736 -8.98497067978688 -0.003718341131676031 0.9999390580390658 -0.005095110425208674 -0.009060573763774784
201 15.028130173283557 -12.85750309998175 -8.937248760883975 -0.0003096966481227746 -0.7045905745809482 0.003167509494685464 0.7096069286466101
202 15.0725495163889 -12.88441611191475 -7.872720671496459 0.017423633067461766 -0.695737122117267 -0.018816729264152055 0.7178385644547894
203 15.131930506098652 -12.953082342177607 -6.910637504529392 0.017036432545809884 -0.696795220954263 0.023152693980224757 0.7166938905717487
204 15.10808403511663 -12.936885808268004 -5.9417561855189716 0.02794028228946878 -0.6751301137413386 -0.008498446508376643 0.7371203745333159
205 15.143995678736374 -13.016872267650164 -4.909861685764125 0.018120154978972583 -0.7077488934876944 -0.022401926850904537 0.705876276286325
206 15.148195243353904 -13.057706035250712 -4.944005140919944 0.4504127484469787 -0.47773294997708926 0.5095629891412967 0.5560981429927723
207 15.118449844311872 -13.047274984941762 -4.948800285440808 -0.04945700451079728 -0.7027875672071159 -0.059145060479797854 0.7072096590861604
208 15.073752719149752 -13.066034954734702 -3.982819839177508 -0.0887508809745531 -0.7095377179858733 -0.06826611653000197 0.6957149166257339
209 15.117657684839214 -13.003444632467108 -3.0073029853164086 -0.0851101255828884 -0.6732177097760721 -0.0775899457391978 0.7304204146156608
210 15.267714766814976 -12.956914613701896 -1.957316654447996 -0.06931344927548097 -0.644695076616596 0.004128959989246364 0.7612797485978883
211 15.266498506123085 -12.969029780142062 -1.9902465773932636 -0.005232528196817959 0.14046115839570814 0.058277365627551134 0.9883557215326464
212 15.204049288747354 -12.969026987275061 -2.018888715467137 -0.19570870849367714 0.03704657950393933 -0.6923867541845946 0.6934884533981205
213 15.311482254573766 -13.92004346055384 -1.7799263708372046 -0.17803831269250933 0.11442387686578588 -0.7143037713803186 0.6670679559148841
214 15.256848234136452 -14.888547491722052 -1.631644618161906 -0.09469426202691242 0.020280198333506447 -0.6743779466270835 0.7320082618370987
215 15.287002671336875 -15.904465055221264 -1.5581286083848296 -0.07546691395513214 0.2490298688421736 -0.698492838407569 0.6666308003804469
216 15.16152819807987 -16.874452782357505 -1.8498626104773421 0.5860098306913436 -0.5200832497506843 0.42434262330194555 -0.4539154433494113
217 15.246854636125876 -17.82641050618044 -1.7986133589618365 0.8574903600770052 -0.4738381858436802 -0.1599412741578325 -0.12085712569867994
218 15.261913081313482 -17.857956631186298 -1.8022933072891663 0.28330461540135315 0.22588579724007454 -0.5781476929612941 0.731067265455813
219 15.30346743089728 -17.833888163829723 -1.8633436645415586 -0.028887383222510755 0.8575016895426637 -0.46180811955164175 0.2249213912419388
220 15.314739257521802 -17.757096987739185 -1.8488917099107935 -0.04788980272757348 -0.11136931396297027 0.9908334369349868 -0.05960321261250573
221 14.301311186416578 -17.855049024655848 -1.9469118338503348 -0.08177603064972674 -0.024923973955102836 0.9963337660548564 0.0032408258834695303
222 13.297217721023516 -17.845848529016465 -2.1168301620449523 0.02377403478734872 0.02218191808404659 0.9990219921301864 0.029963594915753615
223 12.245599904212959 -17.83968229627065 -2.0563909349358527 -0.030441813574184927 -0.00844784933083386 0.9994329792014908 0.011646884237005646
224 12.224468000328361 -17.808730204794518 -2.047998825624895 -0.04882950871778039 0.648522081421791 0.7594095603371762 0.018218360387922104
225 12.225706915561247 -17.80632069518905 -2.0159892670561246 0.05121103918173281 0.9934631052142506 0.09584452379780643 -0.03496162613433838
226 12.261124531448367 -17.782639470020705 -1.9707740620874254 -0.6685475536829373 0.741830109825768 0.02325716649798369 -0.0468119731151555
227 12.162712447062356 -18.82258491622615 -1.9759972886279138 -0.6935114851301092 0.7128650222045029 -0.014669538859543993 -0.10319924776688946
228 12.194334627421874 -18.874554703615523 -1.9181499541398943 0.461341418480191 -0.5031947109090551 0.5580696160287815 -0.47171758730550356
229 12.217732894148233 -18.913759896678894 -1.946374821221058 -0.6600635342479765 0.7352465077625269 -0.15052279421428708 -0.032735179868178095
230 12.122829093132083 -19.866529253934285 -1.734627601815152 -0.698327557800411 0.7105483258125462 -0.08401599174407307 0.020025279842232697
231 12.082400430587478 -20.86080494451809 -1.5762168350688825 0.7177219020989437 -0.6930493336176394 0.06706386677391026 0.007767251312481545
232 12.090214483846646 -21.90814355900471 -1.3947253342178354 0.7088210556881296 -0.7053283441300742 0.0077693685305841136 -0.004926955705997144
233 12.073663344110724 -22.941093054797467 -1.374449476037348 0.7238865219478853 -0.677507929212388 -0.01586032349417823 -0.12930490839560374
234 12.08702904642645 -22.976637640538215 -1.394141881694016 -0.16087878873339215 0.3320058000003822 -0.662004169135482 0.652411407126687
235 11.969460256719293 -23.965611845666814 -1.5545692178455301 0.3291126398146127 0.3015497857813619 -0.5851710075063813 0.6769988840341153
236 12.136031549263912 -24.560747119250287 -2.276522134060326 0.8333991026828299 -0.013944229083959996 -0.27589012228694515 0.4786816630571957
237 12.160823084575851 -24.601684435897734 -2.292973775713773 -0.635977270349594 0.1878828444962961 -0.32415475821904965 0.6746529782537157
238 12.16768775658183 -24.648452932589162 -2.1979769713063337 -0.007444883080184233 0.11273733337774992 0.02467890834903666 0.993290400065105
239 12.12496513259822 -24.682788005176437 -2.142784222344055 0.1030503538099025 0.76888377363789 0.062265898194705085 0.6279500976495037
240 12.002850124858472 -24.402779022307584 -3.0081680419212544 0.03995276049110173 0.7201519755316141 -0.06346771912980394 0.6897512288466859
241 11.999968762581828 -24.382640659654164 -4.036788435922252 0.05078237399129716 0.6941299759584998 -0.005591539727318703 0.7180344432206145
242 12.046622513807083 -24.372324296126113 -5.033856837582169 0.05341184219105711 0.620507225090142 -0.12526766472509188 0.7722861975323729
243 12.27574011253362 -24.46470190566473 -6.010585406156687 -0.06592348285607902 0.5709032997698079 -0.1332142156249255 0.8074512304006384
244 12.623110267057491 -24.756432016628512 -6.863457701268644 0.04924730965635232 0.5622258840660375 -0.12917351641905203 0.8153471410593839
245 12.947211298734224 -24.881342463138832 -7.798705665957919 0.13781930233314793 0.5551955702564927 -0.16192263874454868 0.8040800816672268
246 12.96254783754091 -24.910624241956434 -7.763472703718427 0.34674470413615416 -0.5408263069336604 0.6747162780376773 -0.36336339941305773
247 12.495694483398832 -25.8444387775283 -7.732564841039249 -0.39737083619089064 0.5875799315997547 -0.5710393542424637 0.41323153126610496
248 12.14327071485908 -26.832015931320186 -7.769747730349632 -0.3779198677399702 0.6159050023124942 -0.49716111357868537 0.4802795319801285
249 12.117507454402302 -26.85655238025203 -7.7528623545340025 0.7655610788264188 -0.09704903628761342 0.6358856592605181 -0.012130436455084376
250 12.161307106581274 -26.892799872941563 -7.752787210006176 0.49949766449011995 0.5034191002969652 0.49785258093812446 0.4992134816672691
251 12.123758768364427 -26.92699424194233 -7.765151370752445 0.7228083546090841 0.05430315258051048 0.025286983858674412 0.6884473971005023
252 12.09533218444898 -26.967841037526366 -7.724723470535943 0.46251728768825423 -0.3756581352798235 -0.5107148110022879 0.619781498441575
253 12.3032476639231 -27.892811973684996 -7.755958113158776 0.35490841864637307 -0.4639002366529745 -0.5031092512778631 0.6369597052293591
254 12.319415614243326 -28.830224422197112 -7.555844105700326 0.26404817846188894 -0.378129921360189 -0.5477310066601393 0.6980595005915802
255 12.496098048113517 -29.843740472653874 -7.323367019762879 0.02850317582425103 -0.36770995182103744 -0.5126921697447384 0.7753216747790139
256 12.674349598351782 -30.678907770236492 -6.8019387883228415 0.030075520415426722 -0.44997704136350875 -0.5530178885744584 0.7005621601500694
257 12.673625434960606 -29.9568652732035 -7.278703447406698 0.5075704703649031 0.08737980849186003 -0.3655208703432402 0.7753266924497035
258 12.696275797936059 -30.02042060843819 -7.297065172903989 0.9590251945759134 -0.143555696450998 -0.22944434415648882 0.08377189934398274
259 12.654897521336522 -30.054759383804882 -7.2538513764510215 -0.6184568352620158 0.7439188833441438 0.22530879563307335 -0.11546334713695201
260 12.439259686994937 -31.013227776459196 -7.356664428549188 -0.6276149972222795 0.6951832223108639 0.2678266752127745 -0.22602781847293305
261 12.560448808108308 -30.06353288108698 -7.348096004643282 0.6832468991534425 0.22530158948304144 -0.16830636174795963 0.6738589148841064
262 13.373020132692623 -30.015962415671915 -7.908677105528881 0.6522319420515976 0.24261419886301272 -0.08824903913459903 0.7127018671011602
263 14.25005763792224 -29.806462374458413 -8.329445076062868 0.7187628273024972 0.2082586595015175 -0.004675921549513026 0.6633147552922467
264 14.300588171265066 -29.79578296969214 -8.330107273907105 0.4289053812723659 0.5441349559679561 -0.5177462759256045 0.5018925356832102
265 14.365034571317143 -29.823033390200834 -8.306575416064584 -0.6062220705970576 -0.061600008876467466 0.7916899257598597 -0.04390104187584328
266 14.136538675544593 -29.767042934198788 -9.292718984709797 -0.6245753748810422 -0.08097947894254771 0.7693281941490275 -0.10715435021405299
267 13.992218772487574 -29.829037951451095 -10.256387203471226 -0.637666885253524 -0.028136437745533358 0.7696952403126591 -0.012590526680758342
268 14.023570515911018 -29.854413755932484 -10.301090425723235 0.4909366761644556 0.5160856247476232 -0.5045143073161777 0.48795708995641307
269 14.022175753505717 -29.826578843473225 -11.374138152242582 0.4559147173409088 0.5279396585570209 -0.4784651159489129 0.5333784962431886
270 13.99779808592445 -29.836551441774855 -12.343475177060444 -0.4845540716611857 -0.5125324472833709 0.5132168574164363 -0.4890054185608582
271 14.040068941915353 -29.857835286372126 -12.406703697273624 -0.05823306270215946 0.019679802529578024 -0.677700617033498 0.732764279596883
272 14.140633392318648 -30.800625433354277 -12.404741150145167 -0.32383703228493604 -0.12958318502089905 -0.559197195380605 0.7520879412403775
273 13.797594172673737 -30.06029104869021 -12.911605907133254 0.2936435328066543 0.1581543173620565 0.011004270445538785 0.9426768235044981
274 13.811812801398476 -30.071519720074797 -12.926680253682333 0.4399968883978546 -0.34341385131247576 0.7198310465362381 -0.41268987068921653
275 13.920317628404225 -30.07125974094632 -12.973013544430062 0.9680587549271261 -0.10852335875904101 -0.1630260531459175 -0.15654850241462856
276 14.927888167940232 -30.26270950079372 -13.343375181618882 0.8683546889284439 -0.10728736707567497 -0.36350444240658075 0.31986571468764013
277 14.280757735097717 -29.879614638311445 -12.807029158430483 0.8688256933615174 -0.2968378962292207 0.2520883629791486 0.30574603050175825
278 14.929566334318697 -30.21037768027568 -12.19839219981582 0.8378406679617447 -0.07793704850679355 0.15921516455318643 0.5163326088441158
279 15.937800887586347 -30.156073455912022 -11.881848306523699 0.7205831326350248 -0.029887183339908734 0.03496699758824956 0.6918410325454569
280 15.898683948327186 -30.093626893706517 -11.900148273263364 0.43669550234052923 -0.5347748551222355 0.5062221804160166 0.5167707389349707
281 15.830260788439405 -30.09002778256239 -10.944508480673232 0.44037778487612467 -0.5154282035317639 0.5794605737774784 0.4523567364692285
282 15.89114967242617 -30.13821726336096 -10.963840291652785 0.008364736587280193 -0.004213936681352404 0.7121564520921285 0.7019583047895525
283 15.857873174974937 -29.143411256054872 -10.920760270778732 0.05170632266276136 -0.016150053940534603 0.6815697814835879 0.7297453425153366
284 15.90628281244626 -28.099997567420058 -10.868102982016458 0.03548921524390148 0.03170927142605972 0.6930991751694032 0.7192694704257178
285 16.002641627436685 -27.0837716870241 -10.933351001932984 0.008083900647812406 -0.0013694967920763405 0.7067107227184468 0.7074551077090501
286 16.083558239374124 -26.092590424262582 -10.891353039008743 -0.06163052989904415 -0.010125703158177877 0.6279649673257011 0.7757313631222773
287 16.1571105968573 -26.04489257738437 -10.837032175023634 -0.028418178418489752 -0.040808617422546226 -0.021858450371893046 0.9985235460552618
288 17.219151434716704 -26.13057254592297 -10.80180648981811 0.003420123949700832 -0.06760768282073751 0.03543560868530846 0.997076637783115
289 18.258215801644834 -26.105044725886557 -10.681856894038258 0.00404339685963334 -0.03867332853830562 0.02679134392869794 0.9988845020782422
290 19.24020787749251 -26.07155898995301 -10.639253077994935 -0.007700015719280426 -0.011277580628430293 0.0035077993960280734 0.999900605698631
291 20.281187980187028 -26.114836257782464 -10.566653536177947 0.02082982796644308 -0.06524598115733425 0.0320284328618686 0.9971375329903683
292 21.309542812842874 -26.103422505099907 -10.413847834584292 0.03212829057535754 -0.036739454410150224 0.0020587284735163265 0.9988061609098245
293 22.336878809971545 -26.07996436591392 -10.370084188840531 -0.011325554062198163 -0.08969589266327052 0.017467736104879304 0.9957516039956419
294 22.344687239784953 -26.03081848654627 -10.361224723659852 0.38338963435766377 0.7566454801659153 0.2809839316268947 -0.44894101592423014
295 22.460236726315518 -26.071873625789486 -10.369072136420057 -0.12549841771124515 0.3125743774938748 0.940423364090252 0.046382129742647694
296 22.55704964254767 -26.061091064717207 -10.31781130979095 -0.42365704513808744 0.517548490343536 0.3155415538558867 0.6731209371563202
297 22.842965102170712 -26.009395987706505 -11.217137121460711 -0.5140673662250588 0.07432669870422381 0.013188656230423845 0.8544216430949055
298 23.880170419213446 -26.046131388066126 -11.359178043942197 -0.6138222837781503 -0.11053547349147007 -0.0940003402506997 0.7759948769612754
299 24.848688987024566 -26.057448575803544 -11.040607611940262 -0.6931844053502609 0.01579829036392286 -0.03768620653135961 0.7196009616711602
300 24.88907731937217 -26.066855053661513 -11.028326128439113 -0.5001460755514467 -0.497993616711845 0.5001972661704576 0.5016562126998353
301 24.863575094078534 -26.11145201866591 -10.953761411195067 -0.03880485198561935 -0.6831570579363513 0.7197123238293819 -0.11749378103641389
302 24.83470695105229 -26.106883270891288 -10.954739790309226 0.06750621014600318 0.9905343078728821 -0.0364726817425057 0.11381757335764824
303 23.875844833826655 -26.002663978285888 -11.161882204757065 -0.0008726015569743822 0.9085293472750571 0.07560065343905072 0.4109235998407366
304 23.245915441819125 -25.993892633288933 -11.862048019955141 0.0195574364512929 0.6428759822130109 0.18001009775047705 0.7442609373606635
305 23.208571989655812 -25.9334740805885 -11.871655581516862 0.2486582905871982 0.20753624027037057 0.8197825521552274 0.4722862804259211
306 22.8194251790198 -25.016197332601955 -11.612716906364552 0.07823904570674016 -0.17730219816204842 0.847521508860417 0.49411524391862816
307 22.37430270850891 -24.22157744943132 -11.289217730225108 -0.17972173263452193 -0.4799718569980147 0.6776843311837413 0.5273244376821151
308 22.407732305916625 -24.25364284199896 -11.276621871989665 0.5669849933804876 0.8040665407848521 0.1298112783804256 -0.12310177609136568
309 22.43832395519614 -24.299303339009814 -11.22491262247655 0.8993416315010632 0.19725270015893792 0.32299959564300507 -0.21896863552451698
310 23.17440081234309 -24.0836642495045 -10.519254053979514 0.7879010082300265 0.08134074758291632 0.5978004419623599 -0.12341116482055552
311 23.12353144312212 -24.08720829024093 -10.467155199968508 0.997742614990339 0.01057956139824975 0.06098763278118784 0.02604334388297441
312 24.051699908523258 -24.12244315304656 -10.293840658901493 0.9948946306676321 -0.002652691592716682 0.08871845352524851 -0.04802783672118705
313 25.008397587076125 -24.160314214662566 -10.113248799905824 0.9998449873478061 0.008936162465675556 -0.014251466823166456 0.005200189346592305
314 26.025314141398997 -24.093597937876414 -10.161312045616391 0.9951026064724471 0.03387816288353012 0.06384798061481593 -0.0674277987390184
315 25.977909197426932 -24.1500316299659 -10.166966118322973 0.7109728047124434 0.6984440608408864 0.0512867942461894 -0.06374346689160958
316 26.010358040869924 -23.182724956466306 -9.945591943580444 0.6882247279080037 0.7254552159533015 -0.007811880279947937 -0.0006542695120176704
317 26.066585511018324 -23.19602944642478 -9.888625207718407 -0.4791826772369118 -0.5171256572830798 0.5197090177412681 -0.48256352254808244
318 26.090107350538798 -23.17076469727856 -9.828120212544203 0.7201017363811694 0.010879734250881602 -0.6937830540150111 -0.00044114063332157684
319 26.10514784605459 -23.191079196083432 -9.843278332249682 -0.4969666612341137 -0.48235326377234883 0.5326730649606711 0.4864348593752152
320 26.04993220424101 -23.18084906188138 -9.866515339972223 0.7061493197601244 0.7036241553914839 -0.07340072686303346 -0.029639828742948803
321 26.027622955939318 -22.18750091357271 -9.891681965940483 0.6469642345443335 0.7545334532330316 -0.06561328184476507 0.08838237617454665
322 25.987881771992743 -22.228616966216173 -9.89446270629384 0.419794717002649 0.5627612727435858 0.5440780414288822 0.4594031239680406
323 25.99524571585715 -22.17198019374362 -9.9350887921939 0.6426799479199995 0.7645111762588362 0.029680700503958518 -0.04005248974121241
324 25.830721628785977 -21.238952355901862 -9.830981108114647 0.6300233571850143 0.7763677333839375 0.009006036172751076 0.015575727079799682
325 25.58926901259553 -20.281005978928874 -9.823308596413177 0.6841828383137245 0.7264016532728617 -0.0589610121509878 -0.02753326943097248
326 25.535523824042908 -20.284118657480413 -9.866274303916674 -0.541054305554824 -0.501328398257271 -0.43676370453005325 0.514944212460504
327 25.624851151562122 -20.237262400955856 -8.874979085620767 -0.5898806708444612 -0.4368613346272595 -0.4521019360171206 0.5067512288306232
328 25.884807262375844 -20.13019375600516 -7.9267190921679465 -0.4946599925526991 -0.48394662656005594 -0.48710801425755645 0.5327597365182216
329 25.93366665581054 -20.117176602671968 -6.9256244831927845 -0.5163273061128505 -0.46397117881755234 -0.5022092236868652 0.5156769859444286
330 26.017318279619744 -20.14519327728019 -5.903175011534391 -0.5070910207315942 -0.49025677337625106 -0.49239802887814926 0.5099521291346955
331 26.036148032531635 -20.18306271437336 -4.930818559242724 0.5462218883997791 0.4716287979208333 0.5358498044191962 -0.43826123797186983
332 26.06452150487742 -20.166946165025905 -3.8699899455420868 0.43866875251878146 0.5103425463490501 0.5739242176440615 -0.466616762827092
333 25.87058387811715 -20.204546351644897 -2.914883911896467 -0.41981550677119245 -0.4319091596115697 -0.6083436423207247 0.5168437200605481
334 25.923515932207923 -20.213715868560907 -2.922591377529378 0.0828109706493021 -0.7145145253481504 -0.06917045043565155 0.6912501609353561
335 25.932829887549172 -20.4103489085487 -1.9573844570716796 0.04601707293681222 -0.6912472628005881 0.05382048985166333 0.7191404630120244
336 25.981850608730092 -20.347593618243362 -0.9651918636733893 -0.06283180147049529 -0.7454349025814055 0.06445920650119694 0.6604725440430188
337 25.85452310554093 -20.193140551741077 -0.03818620731364419 0.010351852944626934 -0.6941017435846292 0.0929797482499743 0.713771934940539
338 25.811377011593603 -20.22836709562321 -0.00026229425636821826 0.46984065153606186 -0.48216862229589147 -0.45124157961988015 0.5857851301113788
339 25.995284212467972 -21.256670551795427 0.09225092024477599 0.5650843814184608 -0.48890724221287063 -0.4203544290580582 0.5147344017646349
340 26.2103205259199 -22.264638681962314 0.17237946622061376 0.5925800080998986 -0.4814780584633022 -0.44420165719490184 0.4687352141284421
341 26.379202698533515 -23.29367944406775 0.11218688938451078 -0.5075080758342628 0.5099279124824466 0.4946864284823795 -0.4875391415154734
342 26.381394280264978 -24.338715574943876 0.1496539079236561 -0.43881239577844494 0.5205350308552155 0.5554035131067231 -0.4775080110243724
343 26.186112650060803 -25.371735244149207 0.1450695141430383 -0.4681970202071912 0.510588569610895 0.5437737821229077 -0.4737097600087579
344 26.08429457751588 -26.315475521401257 0.09617863456755099 0.469714323132603 -0.46104824289373897 -0.491941013288214 0.5699096523253855
345 26.13117056143667 -27.367891765913786 0.13356992547912644 0.5081581011237337 -0.4497371945979189 -0.4018396659297823 0.6148468776394306
346 26.090012117701576 -27.418060882837796 0.16258408117462012 0.013898482458354396 -0.7150878468816274 0.05724321560619788 0.6965482163458713
347 26.108451059593712 -27.332849104412453 1.190963696372039 0.06863432008854121 -0.6731187499917762 0.1386384483053235 0.723173464092111
348 26.12320030739762 -27.299429835100028 1.1453706016072085 0.016019579170165128 0.011358983852478407 0.09797167478861386 0.9949954258729856
349 27.107203395279726 -27.149491572841054 1.1257560562230444 -0.00667148108243558 0.005496714952612403 -0.003379320164342701 0.9999569279024588
350 27.129442174768847 -27.081837318605718 1.1298918633857873 -0.7104034502194946 0.002791615192859406 0.0041230932988940705 0.7037770562489947
351 28.093212437448624 -27.0021480296903 1.0585181750115087 -0.7679716164508239 0.00908901523204695 0.03327047369737517 0.6395545807106476
352 28.109649237781973 -26.975128757755083 1.0932743493954555 -0.5094213024951648 -0.40324530407994313 0.5734921246700264 0.4989889219642681
353 28.171580072814816 -25.92395083044182 0.8348602790430012 -0.5104252508992898 -0.36197191420613295 0.5907879474692775 0.5093250413001315
354 28.145507724604084 -25.90071343988699 0.8692731331607049 0.7118471114774467 0.6392090588956034 -0.2886502408044192 0.036966300742190594
355 28.13008143739358 -24.907617485122252 0.4069659826489654 0.6832781382530748 0.6636228964017774 -0.25502588623139916 0.16642546232057112
356 28.170115531046854 -24.02944313503971 -0.22865957229816838 0.6879567450254115 0.6059051516286733 -0.3408653321334915 0.20833936150761273
357 28.265582725891633 -23.271234746846535 -0.9396625158471266 0.695717403048096 0.5678414143455854 -0.3268413614140065 0.2944624725139978
358 28.378325909688552 -22.571088272615214 -1.760106594193689 0.585907698737378 0.4880620587836885 -0.4340193816184466 0.4797236409805519
359 28.507498640004542 -22.330196675579693 -2.7662914863958057 0.37699709403387743 0.27025800159485175 -0.5629169271036635 0.6840748035442741
360 28.489520560775734 -22.316939924227047 -2.7191091375846246 0.07143913927620973 -0.09789994985490058 0.36614505103285927 0.9226320235077617
361 28.41547219439892 -22.25843233748551 -2.736367556844442 0.7858039157965718 0.28853791023918235 -0.39202565084389696 -0.38154156962773705
362 28.979350878562837 -21.441171625550574 -3.1001487009232225 0.9448761269028211 0.18070263623549004 -0.24589834855549095 -0.11869989150942095
363 29.793608977131804 -21.02725403455691 -3.583964124481287 0.922180885060024 -0.19215868077097126 0.15539873273730062 0.297504101648887
364 29.767199748676024 -21.005957194584283 -3.554776313448008 -0.6527047941609209 0.0727391496278558 -0.2999449144949815 0.6918948735605456
365 29.732116310845765 -20.974056084248417 -3.555469605175176 -0.46833669917012344 -0.5683164463308674 0.10037940016323613 0.6690299911537271
366 30.111144065724574 -20.24995242748528 -2.9219765288541097 -0.20964899264425801 -0.6122129406666937 -0.31473411066806534 0.6943954599113308
367 30.14081995343407 -20.415294877456496 -1.9142486691570773 0.2992711124890075 -0.3799154046769176 -0.700600467730383 0.5246523335836094
368 29.887114738454112 -21.334637757029125 -1.9507134719618842 -0.6096216644390721 0.15924179948622605 0.7146108830128096 -0.30386635454188843
369 29.86422708577734 -21.929667205565387 -2.7455891175474694 -0.6923723895747549 0.04525991592140739 0.719393959216974 -0.032316336541403715
370 29.79677245804355 -21.966373401103986 -3.736711361631935 -0.7007865648170268 0.0017222089018039384 0.7132389828326776 0.013615356633497932
371 29.80482688232551 -21.93357263360125 -4.696575315552773 -0.627933877656772 -0.04286147872780093 0.7737279817750555 -0.07215919311145137
372 29.786782014219597 -21.871693267241646 -4.65092514073835 0.9848932787658549 0.10625251025641788 -0.13672648166386564 -0.0012258539366989455
373 30.755674437291216 -21.694089290905815 -4.92752656014905 0.9977732481963963 -0.04443205084324877 -0.049464674310690585 0.005252050724434666
374 29.7858497474255 -21.538814478357402 -4.792657689425394 0.9953416469064684 -0.08917741594120718 0.0014441503747095524 0.03661022875185087
375 30.8353508138263 -21.658838147072146 -4.848580325288267 0.9969096871799159 -0.07554912341724478 -0.02022242104339794 0.007379650728262745
376 29.848529358850204 -21.542355564353368 -4.818866477121797 0.9984768744159181 0.04336048285159503 -0.01781076877839327 -0.0290959842421151
377 30.896284817261215 -21.453947422508183 -4.831344170744213 0.9996173601138175 -0.008609144232514045 0.020305716650209964 0.016694126691337043
378 29.931951529549384 -21.415026645950338 -4.9313574600290675 0.9974720847769242 0.06209281656663331 0.012558347287753197 0.032190218001706516
379 30.93910935057313 -21.26880178855839 -4.860926442688666 0.9944462324052232 -0.09534077933864349 -0.03734798909550974 -0.024330112220820568
380 30.025382921984598 -21.04299412264371 -4.772986721536254 0.9990510005685472 -0.009136913032754655 0.007272999149805373 -0.041960917132286106
381 31.0961910031613 -21.05226257885038 -4.824364388378542 0.9993550654144965 0.03221409263129722 -0.01573597041586484 -0.0020210644226283454
382 30.100457900918666 -21.076568161728964 -4.861094987957289 0.9992328171159579 -0.009203470049173264 0.029275057437223657 -0.024331961482934594
383 31.081868532525043 -21.143140412024135 -4.8296471025555485 0.9454206173004573 0.07318319593463568 0.15886305877962992 -0.27493018163016264
384 30.139114444472415 -21.21769126001811 -5.160791098352104 -0.820690399004915 -0.08219368460480385 -0.2409891648198248 0.5115033622877576
385 30.153397947024885 -21.273664898972246 -5.138574626324828 0.3623650131424818 0.5326287371432054 0.7624339299844008 -0.06076782066211757
386 30.15485359129594 -21.3282490149313 -5.159623637005427 -0.16459817659182938 0.47927500776064796 0.6923198250232335 0.5137082509347821
387 30.097956307226564 -21.348423811861107 -5.188616182125826 -0.25248882456904903 0.021958850272183365 0.14330632213003952 0.9566768003876885
388 30.08476413068267 -21.37847415642428 -5.123892692306049 0.16486646644400424 -0.17249139706132582 -0.5750642301658435 0.7825387513509254
389 30.33620665993233 -22.34144737427316 -5.0984659907631595 0.4748899898695685 -0.17276353318610949 -0.5686829361441995 0.6490238649396066
390 29.973407127004357 -21.402173833796223 -4.79347418352283 0.689654250298825 -0.13696804715836883 -0.4765667393105634 0.5277318562350468
391 30.463882663859803 -22.160663646507558 -5.325316294037523 0.8294853082233021 -0.1424311567090471 -0.39605113972947265 0.36716615279625475
392 29.80360517449879 -21.584219452186634 -4.73867835253641 0.9753235542499956 -0.046739841944930235 -0.18928850123572422 0.10358192409900491
393 29.807529485973177 -21.60166328215105 -4.728859414124198 -0.6971536238260402 0.7169096117856487 0.0020587078672526776 0.003632497417485904
394 29.79801936798045 -22.63018700067434 -4.715491026986947 -0.5198669758006735 0.5364697236730925 0.3285925441865304 0.5778974848180258
395 30.067262824767507 -22.802995299949103 -5.566849895104967 0.24369719811539894 -0.22913215266731238 0.6861571460892747 0.6459864573776828
396 30.05653462973658 -22.792113667577887 -5.427582036845061 0.5952244228652138 -0.471123760503087 0.49601508140887485 -0.4215677024264895
397 30.070082201074012 -22.816944226242327 -5.424590924051191 -0.6723139006130532 -0.08489743647976522 -0.063928377642118 0.7325978479723181
398 31.071417357606297 -22.87575582689699 -5.103959570440109 -0.6468753006233949 -0.08701876574584565 0.03768350765870654 0.7566769674715872
399 30.117769179741916 -23.091101444927492 -5.080691131630453 0.9811098350900729 0.0098139699867952 0.18981668615575423 -0.036011152987305506
400 31.02247362322275 -23.071350773671124 -4.686672435816029 0.9999559170857278 -0.00038820280927284484 -0.004387068794081801 0.008292575668380625
401 29.971458838806022 -23.153634084081293 -4.669895847955299 -0.6451912238878106 0.08519504462708999 0.7476457740729437 -0.1322720132908135
402 29.725152446001562 -23.4790373518401 -5.609401993665547 -0.01874796974598683 -0.14194906953295808 0.8674812527387219 -0.47641919717407355
403 30.238287185316793 -22.748624383429846 -5.410941826663587 0.8488827143553389 -0.12817366956178666 0.337729540336651 -0.38588651866030754
404 30.22167913904299 -22.769060292020082 -5.360840169546394 -0.6678022505676618 0.7393538660148785 0.030299571453868593 0.08048571870419285
405 30.08862972476249 -23.77542483337279 -5.546794895873007 0.7075673195337793 -0.7064786003461097 -0.003994973662756833 -0.014849773271606808
406 30.09601882804523 -24.786485250370315 -5.495685431302931 0.7075889713129314 -0.7044888717171862 0.04166323643370092 -0.03574146097774445
407 30.050519161226035 -24.850210817278708 -5.485063430690454 0.531457967621732 -0.5064861648635739 0.45517739963990655 0.503823112123904
408 30.138714400915077 -24.969550541065242 -4.441721291729878 0.5669626353065311 -0.4632244870972267 0.4888177567092023 0.47437711311314856
409 30.160643102111607 -24.980192054665732 -4.389628618878341 0.7216730786035993 -0.01804319177306442 0.015416291683854468 0.6918271090382051
410 31.121384198061197 -25.034020235139305 -4.340339956779038 0.6513897408359492 0.04425725172841925 0.0017344647550880988 0.7574494655322783
411 30.09007115269518 -25.11533996466936 -4.230687515619944 0.9993857678367343 -0.005374554522309446 -0.02981687412972806 0.017611224437818086
412 30.04417645326655 -25.0981250173233 -4.2697842997127795 0.7020169487699549 0.03574250436380704 -0.06615850851063299 0.7081791643173164
413 30.031973221400957 -25.143137894096398 -4.291920071135329 0.004596933999806591 -0.007213584712353929 -0.022601571856069133 0.9997079580272601
414 31.065812477678566 -25.16251125593473 -4.321901684825854 0.011115481436555628 0.07963066641386579 -0.09979128292958135 0.9917545577864442
415 30.086772394308507 -24.981180710117624 -4.204205216686061 0.9850478973957936 -0.15509949497535577 -0.07081850861226317 0.024688566836701748
416 30.141727276972617 -25.012003137777437 -4.151768624874806 -0.6920788830601144 -0.020368403474829697 -0.07170483306566192 0.717962648525099
417 31.100784316369694 -25.01190447076307 -4.055984739686071 -0.6051846566586114 -0.18395830211842473 -0.10964562374860144 0.7667390114109782
418 30.19368346940974 -25.101847702247344 -4.421539740410429 0.9948307690454362 -0.0030859920707776993 0.0707563968590329 -0.07277190334828115
419 30.178603601789128 -25.07992191696375 -4.3465464696834895 0.8015104241794474 -0.01603138506491404 -0.03189358391619899 0.5969144276439985
420 30.12550816461105 -25.102883691017283 -4.2885422257908 0.9978625023939147 -0.009544712209920172 0.04232927514442986 -0.04886263655116602
421 31.15946135520967 -25.119767060607998 -4.182365326717296 0.9965091958611715 -0.06109171589243483 -0.056379140242618656 0.007656197420524542
422 30.15281320437625 -24.971247273033946 -4.068610745464541 0.9998955607459963 0.011714609188271415 -0.008462902194735352 0.00012173108864287356
423 31.145610635742056 -24.90652045218452 -4.080834035855174 0.9972895079304939 -0.034904854238887284 -0.030638732425113144 0.057066247447139826
424 30.185788623661985 -24.856554393049635 -3.98651091573642 0.9985980358275969 0.018595250376245365 0.0070578147662354 0.049054732243030974
425 30.135263196528737 -24.825971475526337 -4.0149908496694575 0.6639339213840156 -0.0885802347737928 -0.07325105113751956 0.7389043060845643
426 31.09939107223044 -25.037482475379804 -3.985528330351041 0.6682750881952441 -0.00804406861852589 0.018873943117131316 0.7436312753837814
427 30.13298888500617 -25.118121186415895 -4.05618479250358 0.9988909646403707 -0.04327913949249812 0.01854064353062646 3.717645286178681e-05
428 31.054669437069595 -25.25478828464844 -4.014231709936529 0.9969479340033625 -0.024606162955097682 -0.05878453503810299 0.04509691864649506
429 30.05466051655691 -25.202995692739176 -3.900422150713919 0.9995862121154995 -0.004846999367667149 -0.02239375401703752 0.01739054130101776
430 31.04274663636214 -25.19403481769867 -3.87419457092398 0.9937279681138563 0.10572556998518719 0.033992007876982776 0.013090937327197034
431 30.048772935877594 -25.358195472593387 -3.926812678603705 0.7000301478522258 0.3029594737724387 0.63597182865088 -0.11710329846751961
432 29.985992127719978 -25.344686556878926 -3.8968809478579844 0.45052808957683776 -0.43983428308429245 0.6479858047841799 -0.4285844615990751
433 29.89688147825758 -25.27342796717666 -3.860526702271183 0.3275817886056545 0.19602779457363992 0.37831411426066225 0.8432921833384236
434 30.520114889484894 -24.498293372369947 -3.915261357207591 0.5041497340945866 -0.3608608675175896 0.49623774074353094 0.6077504295091544
435 30.75997410343355 -24.275762786101733 -2.9661702382264825 0.4140776317545724 -0.5501975525956625 0.6215220624568408 0.3735407526330427
436 30.348223669326906 -24.255404593097115 -1.9718144244798144 -0.386953143101121 0.6540210695425872 -0.48794926388962817 -0.4294522342567307
437 29.988348388007648 -24.336822354419862 -1.049066765994911 -0.4757938147442252 0.6607561180360694 -0.46010909971268343 -0.3540073653056118
438 29.909637297104048 -24.4032350325329 -1.062435995236068 0.13646996630225208 -0.6845959317510452 -0.2095146132618008 0.6846955420894282
439 29.90400088499146 -24.962978442444822 -0.1836194660270355 0.2295252059396016 -0.8069362156333449 -0.12703161248754222 0.5291834210994609
440 29.852853673329015 -24.960949056981605 -0.14212822803956077 -0.36379286786263293 0.7364763978909574 -0.569833454664607 -0.0233901386665102
441 29.113635974910757 -25.455439245217 0.34134628098090397 0.24881695630449588 -0.6716775674197406 0.6903360942533304 0.1018599266224048
442 28.204192264346634 -25.572931756627476 0.8103930330617726 -0.1773919656951802 0.6976731180653472 -0.6364185336081604 -0.2770483006910761
443 27.338275433315925 -25.46207864068093 1.3688865340572691 0.41383713914785153 -0.5522507884034706 0.5745073986958871 0.44011264218759955
444 27.334670163531996 -25.468165523559833 1.3146184136461116 0.08082298905544147 -0.6899527456205042 0.7162497527607987 0.06647664944146843
445 26.38794067163358 -25.525725261564503 1.4740928669738287 0.4910030682178689 -0.38162692019230393 0.6737571334449473 0.3991593740816098
446 26.230260684974944 -25.319741275057577 2.450853077231605 0.7075351956890443 0.159682125257044 0.2914208727387642 0.6236741462228772
447 26.257041060318045 -25.29781983143906 2.395754224789879 0.889496615755502 -0.06844244992670062 0.16376904599175648 0.4210594983876846
448 27.26199167059568 -25.285469838200353 2.658252161514542 0.7619870442352004 0.2116275464237248 -0.19037950838197984 0.5816744525940625
449 28.14278306272001 -25.1781064320893 2.104997904712435 0.6713563500122977 0.36212025187292746 -0.38588066698861395 0.5188888949727769
450 28.06676695289159 -25.125751427663158 2.100545718113022 -0.0019231657901134696 0.708778470448252 -0.003027154544050401 0.7054220138312568
451 28.054889516144662 -25.124785824920757 1.1223196036843024 -0.02908142011548853 0.6850652442747044 -0.023987333919092864 0.7275056631410909
452 28.074429134301887 -25.161187448012107 0.08623059582532254 -0.01392316201163998 0.7251654730282235 -0.006249695558998354 0.6884054935811956
453 28.044983369285614 -25.23112405986623 -0.9028463629474272 0.005867254940495748 0.7015337919326626 0.0054763075327501015 0.7125909935943954
454 28.09994871591946 -25.18649992634083 -1.92197542838037 0.00787905026335249 0.7084406414749165 0.0033467959016250126 0.705718482846204
455 28.101884197919688 -25.12476671116597 -2.9498742891563032 -0.03524267785590142 0.7547458241660344 0.019511906264624023 0.654779336933748
456 28.00434355047607 -25.201540327409784 -3.93954031761115 -0.04157261670765175 0.7444324624083426 -0.02799031060937993 0.6658142150515556
457 27.814160280650164 -25.3269044010532 -5.00328997004636 -0.1207700578437258 0.7023966026451499 0.10526595392907187 0.6935219424534274
458 27.76942890309528 -25.364873513260974 -5.949685844758673 -0.061698785819049945 0.3642100251846014 0.4122424655267423 0.8328267929167018
459 28.118856297644573 -24.854155151169234 -6.606452164705206 0.23895581599258242 -0.1946230232701619 0.5683557759691277 0.7628851215871432
460 28.31966693981045 -24.13351863168563 -6.012204153024366 0.3661755667795909 -0.5279068712096077 0.6424893834550086 0.4176567750808412
461 28.280695925576566 -24.204557737008585 -6.023839250957995 0.8167788836555507 -0.2469539740948373 0.4230331505619189 0.3048424895233851
462 28.186233254633 -24.255147075259547 -6.014858531194972 0.09750979745752972 -0.31981842291407053 0.9377254644928367 0.09422828135035441
463 28.152839076156422 -24.347725971679825 -5.972255644650117 -0.016052911017728697 0.9984757585125255 -0.039989723835365164 0.034486021780775575
464 27.186211526796775 -24.426774579461128 -6.019938728913607 -0.019194096805760133 0.9664393991592083 -0.04738955047670755 0.25175524802119714
465 26.366609971719956 -24.441896657105755 -6.536289742726582 0.03797688374060119 0.9549717756458507 0.001120448151947705 0.2942539865780945
466 25.585125545061153 -24.420252801962263 -7.155810061848227 -0.008352741390217 0.982776100589108 0.11382458519384916 0.14534555936657706
467 25.622456890806802 -24.48157149057803 -7.133464351096062 -0.6307008577355083 0.7652097818956287 0.045556750967312036 0.12080976857953259
468 25.478343391441655 -25.38270095959816 -7.378731546848036 0.7351875978095682 -0.6666164812212936 -0.0377728142428909 -0.11702511480579345
469 25.63163614540072 -26.336740629437795 -7.635162718403176 -0.6775870857931412 0.7295065048422132 -0.012944795069655256 0.09234951456211869
470 25.517913872046037 -27.33106543924585 -7.791752146142624 -0.59239088242107 0.7846901248928584 0.011984177590528854 0.18218350586014964
471 25.239527230028237 -28.22041581372828 -8.10351603319559 -0.6455771155470775 0.7395046729076853 0.07641146166475499 0.1747120921855945
472 25.18638025240083 -29.1203383012809 -8.499327068491143 -0.6498405143852857 0.7357727631173016 0.11049740769012438 0.15535787656877978
473 25.094094764692272 -30.027294129669148 -8.808947883391832 -0.5946658403430833 0.7720979096259916 0.0336028111499986 0.2216037169432072
474 25.320135559842203 -29.106968942555994 -8.410660527874347 0.7467899445006221 -0.1660693717548878 -0.018941273715671246 0.6437134228115177
475 26.20080656935662 -29.418174733837127 -8.22629396713663 0.7841164314424734 -0.10314584148336751 0.049840292679538996 0.6099494262250126
476 26.218559422016384 -29.479838198161463 -8.199905118865235 0.987998688342999 -0.008261038836576202 0.05116387991649358 -0.1455080907088826
477 27.260806147412477 -29.562657449985668 -8.092227745601301 0.9978906825168447 -0.01324259340748384 0.03503533642846434 -0.053022114888550076
478 28.22592940127679 -29.625097934753896 -8.022938166567217 0.9945862935865701 -0.06900948716703537 0.06788356510040038 -0.037783817699258274
479 29.213325625232144 -29.739023547682187 -7.903492170707796 0.9762228701663106 -0.039053396941186556 0.1824102599634698 -0.11040940635500207
480 30.186800033375082 -29.846285618985497 -7.5674943861477475 0.9615265746524894 -0.08576783315900804 0.23238596637112938 -0.11877410351593991
481 31.09213141692659 -30.110835064875786 -7.088793234452193 0.9530026274255492 0.021496826147643342 0.08698342193801781 -0.28940933449619505
482 30.188230815402626 -30.051633301126955 -7.240850655485871 0.8960083869274904 -0.12719708099605345 0.138447313948801 -0.4022713193878509
483 31.127228945055677 -30.399065596446746 -7.132920544438274 -0.8158529960289268 0.18257204841181776 -0.2239714512568935 0.500887337663086
484 30.34714549845673 -29.88270080732109 -7.3097589297692025 -0.7640437330653523 0.2973407085177109 -0.21166206958298864 0.5320007944745888
485 31.068912849944205 -30.55841370952247 -7.32263947397985 0.6184303857901546 -0.29601526410548024 0.5478374114235097 -0.479367282981215
486 30.821697436912388 -29.67442188335968 -7.777062132221845 0.45126619166888177 -0.2603038532220239 0.8091713462445139 -0.27173969285195004
487 30.822512502216476 -29.606926095813684 -7.768951209923381 0.06568473806029536 0.28096143128247597 -0.25657666941994517 0.9224503249644509
488 31.6306466150096 -30.037587152823896 -8.293442272151509 0.12416884855589899 0.19133775297570402 -0.22074066729708575 0.9482855683472927
489 30.7423446277269 -29.683385818866256 -7.869085160254668 -0.29436982909128095 0.7425985737993053 -0.3607323672811318 0.4814207319048056
490 30.426707374718447 -30.456008059302125 -8.323431554002301 -0.1982547404849666 0.682152332641067 -0.22342761953372445 0.667415426684971
491 30.51313841707149 -29.81981303732822 -7.47684063338757 0.5501440525506942 0.1879468353423929 -0.518560571777765 0.6269867956547367
492 30.872816478417537 -30.25347166074724 -8.284662885313578 0.7385039508024223 0.12674513011017396 -0.4055018206959731 0.5235607510641155
493 30.231668290950942 -30.017894534131745 -7.484840636830353 0.8982129289910656 0.08718646706610365 -0.2408971873105793 0.3571842651904948
494 31.096293263509157 -30.03214927641364 -7.875650106246783 0.9645500670329956 -0.008136904764180324 -0.12896814277910845 0.23009601716589853
495 30.12454346198805 -30.019364313003184 -7.621117309598026 0.34146135011494677 -0.14760795638415433 -0.46884655626720084 0.8011235511868053
496 30.61015240092913 -30.816395540550456 -7.645799316518665 -0.44422622401519285 -0.044830293797740756 -0.49150012401995125 0.747717148889595
497 30.049103717734795 -30.148283594945536 -8.082695956536869 0.9642981217121002 0.00035960433823048363 0.2648182945439226 -0.0005234711868697666
498 30.064449986728807 -30.177486645326304 -8.027582361934954 -0.7096805258778385 -0.015467026107331796 -0.0020728671932655597 0.7043507830014446
499 30.016791479665034 -30.196730537359986 -8.082712857298226 0.08503933885141723 -0.05806659013751722 -0.07660058987827621 0.9917302715899196
