# time x y z qx qy qz qw
0 -8.08568701344816 -2.668167880832618 -5.6765190431973895 -0.7071067811865475 0.0 0.0 0.7071067811865476
1 -7.029774238176761 -2.631280588776648 -5.713483470606385 -0.654279126375952 0.016367179028860045 0.0005967727112550398 0.7560757793380829
2 -6.0133380706751725 -2.656083533234884 -5.69591378809348 -0.5349189052748524 0.0589786749899436 0.031072707513961732 0.8422694150470714
3 -5.044883409698289 -2.6910940872072584 -5.930215141108615 -0.5079723580135411 0.17289735613193954 0.01766890331880602 0.843657749085646
4 -4.0769707032951965 -2.7601053170884726 -6.3416833406760995 -0.4597373747045079 0.17567995196425704 0.039087119229744435 0.8696265278198239
5 -3.0581153283139386 -2.8544758376742716 -6.6287906252345 -0.443500860672979 0.19673133078618804 -0.15556993172094574 0.8604660170011147
6 -2.244288252020943 -3.2881167939820197 -6.934860293492666 -0.476279672876273 0.1599864101377446 -0.2295291181194953 0.8335936694285739
7 -2.2462382116678583 -3.2955471682650024 -6.9161532128480445 -0.2550735841952651 0.5287687397797011 -0.5787999592549088 0.565978527546835
8 -2.1635626739442575 -3.363292495583794 -6.89408838605404 0.22277897740329897 -0.014465928437889079 -0.7622990050921997 0.6075034905060323
9 -2.344683943205832 -4.324766820718228 -7.29285691609826 0.3403029207591035 0.030498634647518622 -0.6949936194199665 0.6326512660012585
10 -2.295666830989768 -5.165269786075179 -7.793245946706714 -0.46678285199942127 -0.09845584948450387 0.7308987185980702 -0.4880648296417906
11 -2.3589237867172415 -5.7703368051057895 -8.535816424152369 0.5353952239711025 0.061854612882947364 -0.6542059145508196 0.5306039788587713
12 -2.3228898848294945 -5.803016833514479 -8.500533049312176 0.062078706190627705 -0.27530765186840317 -0.8121210405405263 0.5106969224224627
13 -2.7823480679109482 -6.565623501377055 -8.354785152225453 -0.06410613842358552 -0.12423351874491961 -0.8063230725722885 0.5747169202957707
14 -3.13113406566899 -7.444647455913872 -8.087713333684757 -0.28966113304951435 -0.11354810208003738 -0.7412732845905392 0.5947412664906028
15 -3.3488031125081155 -8.303916089105698 -7.494488529861877 -0.36898912289367974 -9.62538957754701e-05 -0.7491819612497389 0.5500667294604672
16 -3.465345584880438 -9.129139414805882 -6.93267255841141 -0.3805286053459004 0.07698122187822468 -0.7363890339619928 0.5540785708292302
17 -3.6045734090690065 -10.055957590732648 -6.454675712821475 -0.5022277674643902 0.0013712522045893796 -0.6936060055295578 0.5164069116001995
18 -3.601029907126315 -10.771175905734175 -5.747253989132161 -0.455627212933051 0.04445622278567421 -0.7210704929881002 0.520081562096167
19 -3.6258499698469215 -10.810351213145358 -5.6775861072292315 0.09939282001778564 -0.4988851700933393 -0.49321693695566643 0.7056711043325511
20 -3.607176950151143 -11.602353984885003 -5.0464393316559395 0.09843749316420478 -0.4441551998882741 -0.5466640638636953 0.7029897720676909
21 -3.6698020473904225 -11.617965038839897 -5.052452486410845 0.4329112169359825 0.8431579872774908 0.29029769674906436 -0.13190805132123543
22 -4.20025807479991 -10.903569208748321 -4.597347204570907 0.583933716453171 0.7418075534649102 0.2793789468633344 -0.17518667889176437
23 -4.249316923981729 -10.944961071497255 -4.573045117481541 0.5150981707431763 0.3089062273499924 0.7388461682995198 0.3055440341269098
24 -4.514359595376876 -10.197829693175718 -4.015383163848912 0.43488235406531117 0.35564562663810845 0.7995334425535688 0.21246129203749
25 -4.955769818050473 -9.539394461310609 -3.3827935934131914 0.3893142800521814 0.541392245178248 0.7151532958835317 0.20948649501872296
26 -5.586608159068805 -8.775994780843446 -3.002396751159504 0.45285341162681636 0.4744714181070517 0.7186090167479467 0.23108816937694104
27 -6.128309949699447 -7.98574073501392 -2.5346895266102507 0.5067200083059854 0.3960166384110695 0.639620612486843 0.42105952948001824
28 -6.156366480910854 -8.06331144069187 -2.5094370214593855 0.05179716100891243 0.5565621560402081 0.1850610864826876 0.8082747149609092
29 -5.898640562130461 -7.680397604295055 -3.432761716072508 -0.08163998593811027 0.5076158552791943 0.1504271698084939 0.8444126495669068
30 -5.39665752309125 -7.637533175265621 -4.288235574842805 0.05918336967639368 0.6558707268600948 0.22117014925586045 0.7193154269719917
31 -5.302917345462687 -7.267255288282128 -5.141661738752663 -0.02790860862992787 0.6424645827784132 0.23551812610338546 0.7286916918124225
32 -5.2974577081299925 -6.98097457115652 -6.078358012239676 -0.05714264888373635 0.5808709707538189 0.19297000409095905 0.7887244198927794
33 -5.170038882125848 -6.766168204560916 -7.050253015881901 0.04538818389141476 0.5675785233611885 0.2000601562259759 0.7973521596340039
34 -4.903678410455985 -6.301726446871643 -7.929796756013853 0.07151216594728588 0.5766582623054731 0.07037632647712701 0.8108011046538756
35 -4.593062062775865 -6.168180654340152 -8.928602398860697 -0.06596360789704646 0.5270425502335164 0.20359248905679217 0.8224506374708551
36 -4.2321995056411374 -5.891499946850715 -9.82592605080169 -0.06669467135045667 0.4757174501792813 0.23897675873661642 0.843880819305735
37 -3.7003453873290306 -5.491329078531021 -10.659620035786354 -0.14509483869953083 0.5322513788884996 0.22266849001353922 0.8037877213600232
38 -3.785485504898214 -5.481993345665177 -10.657456018745902 0.176080585427941 0.5527561924843128 0.7420865885128036 0.3358030885132351
39 -4.483243397615472 -4.782206947303452 -10.769632890490996 0.13148789186385157 0.707439453680336 0.5817488359093343 0.3792211038270444
40 -4.411022377450075 -4.829418082332716 -10.807943477469276 0.5416316198632996 0.13118985346915119 0.3306371465422544 0.7616452507810947
41 -4.3996474734229 -4.903234072991851 -10.88701826716811 0.47202747746229234 -0.31368639108820634 0.7910469431404232 0.2302946858154435
42 -4.767288128163289 -4.808555783557385 -9.981882455032677 0.41646105639872316 -0.37044259488460274 0.7737371260023492 0.3011035241308981
43 -4.691017472224752 -4.817214855401126 -9.950825480639935 0.8477881318743703 -0.4306456621912086 0.2680029536921344 -0.1548354413600199
44 -4.263550744069784 -5.624555973406309 -9.600366508557734 0.8656632922341139 -0.40563414414096916 0.18818904042822324 -0.22510639850551334
45 -3.6752771893643867 -6.457027697994796 -9.482119245865778 0.8443226422009235 -0.45220303881283275 0.1632149149878553 -0.23662751125090678
46 -3.1140679897988566 -7.335596170122322 -9.399055686874576 0.8832228721953602 -0.46056353736776207 0.08715282882872967 -0.014246771754422155
47 -2.534270064843824 -8.133075311478741 -9.214135928981484 0.8315425696008951 -0.527758343327557 -0.07398503090705344 -0.15663429123718428
48 -2.113545423881621 -9.03426403697705 -9.414157201498444 0.7697213644178642 -0.597020784145015 -0.02985102775432649 -0.2240627604033811
49 -1.8311238214150392 -9.989438739116208 -9.759084714695337 0.8566590569683324 -0.4967805971863637 -0.0778734037386721 -0.11523901840713895
50 -1.8907985169515418 -9.995978704479825 -9.805670776333862 0.9298098476204827 0.2607145844380601 -0.0776338965862822 -0.24790024370721114
51 -1.0530185762287978 -9.584578478494933 -9.844621236414172 0.9570696066899066 0.2240372234569728 0.03073791708589938 -0.1813291783176059
52 -0.23434717799833904 -9.087887256128424 -9.768552608085873 0.9261104891210269 0.2737908097945712 0.04946630841369233 -0.25477644856612364
53 0.4416434103081809 -8.550626510857079 -9.574926072083214 0.9591339478179597 0.25708601328882424 -0.029897636387353897 -0.11434589303006625
54 1.258843814643782 -8.080180513165523 -9.47153502779026 0.9170480987312083 0.31281546569375657 -0.24248017862418045 -0.048709670607175
55 1.892421236945328 -7.459868287912359 -9.876279617102352 0.9013908875599999 0.2257066286332331 -0.3056018602258984 -0.2077462120985265
56 2.5573716537704607 -6.934540722619753 -10.285882727889812 0.9480851987185354 0.18031826036190596 -0.23786967164657785 -0.10971690964313749
57 3.422738370583851 -6.51550003563772 -10.69674956867742 0.9383062519276748 0.1642562605303447 -0.2626780003555515 -0.15362788353432189
58 3.3787963454791465 -6.453490909177432 -10.696842741189018 -0.6061368884215459 0.17490162736356588 0.3741299195948183 0.6797310471827788
59 3.373842418017216 -6.401700483364977 -10.641397464746465 -0.2715255826219263 0.5594758109780008 0.6886202676809409 0.37291125197741204
60 2.786924843165881 -6.276833024831076 -11.510323989920279 -0.1396023856926906 0.6152574711177322 0.6437534394014379 0.4330715037976307
61 2.1941517771065104 -5.898096147490025 -12.19437610887655 -0.2584474419702333 0.6958650871260746 0.5765124854512693 0.34148214356956275
62 1.5265249163146501 -5.86618149758318 -12.937058158951936 -0.22101252854071554 0.6048209561594801 0.5715645984245785 0.5085852760807373
63 1.1759514919722753 -5.520321589432893 -13.796349066450198 -0.22689130135975497 0.6130121626573369 0.5387785982689303 0.5314640607311254
64 0.7825449525900746 -5.188590469604708 -14.694819949897326 -0.3604247029067479 0.5422943826197516 0.47500707314857543 0.591928303574401
65 0.7238334051376549 -4.9963515818119975 -15.609192610464447 -0.45092714025855846 0.5201784799681348 0.3810186266052748 0.617174099696438
66 0.8037375459699427 -5.03208451402335 -15.690949120243582 0.10732304100395836 0.4788652617933813 0.12657588517988483 0.8620605380181532
67 0.8307290483823673 -5.049061512738765 -15.696016529128338 -0.5289289341054448 0.291769295228714 0.35351579308078085 0.714234866882235
68 0.7729560885150041 -5.052087410950133 -15.742213788571632 -0.48960016177630167 0.7519116794136005 -0.14985769308055877 0.41528686443783797
69 0.5917403191138254 -5.972843998741673 -16.221523165004477 -0.3729143752892531 0.6757716679273474 -0.1850221249276733 0.6083044754204645
70 0.558900600285944 -6.696739122147887 -16.881012005150463 -0.29515248053257204 0.7666416364061229 -0.10828473169491873 0.5598392907306287
71 0.5417144188832321 -6.662376794817899 -16.810694037102117 0.7078517140772831 -0.2639272418697196 0.5385720689000814 -0.37313333873775073
72 0.7484307012405477 -7.441668224703485 -16.338815074743827 0.7410354361631211 -0.22138888369488247 0.5835953420739892 -0.24752761711859614
73 0.9338636814701401 -8.054303384653567 -15.574061421210926 0.7151607055812979 -0.2104035896837279 0.6086971093702548 -0.2715940420645454
74 1.0856374308199754 -8.735949620996985 -14.843755207342886 0.6949198151632542 -0.09865114575437987 0.6148635494244007 -0.3595792228759117
75 1.433800628625169 -9.347873407730996 -14.12369869759674 0.6996453737847379 -0.10638685453029137 0.5347635278808884 -0.46174252281239103
76 1.813513209852696 -9.989499575332589 -13.464963148144554 0.6846645453432867 0.02081871283971401 0.5537333444040896 -0.4734769528082968
77 2.2311282101628667 -10.564208256523463 -12.569198692445422 0.6032405797247999 0.0049005671214579685 0.6921787660745051 -0.3961885197866678
78 2.3295068207123877 -11.193114311840526 -11.771639324988463 0.5187955302066553 -0.00752822333302256 0.7245292715434933 -0.4537090018587885
79 2.2617557508398143 -11.851907399820032 -11.007817029969967 -0.45241754106783894 0.035288804520840815 -0.706731358843958 0.5427742212340149
80 2.256196519075409 -12.689181575546927 -10.358570312313702 -0.2828674351161929 -0.00047649606577511303 -0.6764053146296628 0.6800453201390566
81 2.315756887225764 -12.722634397883429 -10.390873842509498 0.1614325685521971 -0.4524744140500963 -0.5060781264300352 0.7163039581000005
82 2.4091910878307528 -13.593345516254969 -9.934909608409981 0.17845280295761318 -0.43069007645882657 -0.49935383035860587 0.7302783080871633
83 2.5164319929598316 -14.468864100704975 -9.405269014324269 0.26459080433894433 -0.3863423056295761 -0.5199219078331473 0.7144316194676951
84 2.6034934902101994 -15.345698514021523 -9.176960234651046 0.3363445929995837 -0.4195172121905166 -0.48565147584951784 0.6892171409947856
85 2.7154109260264003 -16.336607581067735 -8.947700355193417 0.284526384828276 -0.28629632239502584 -0.5123961073875553 0.7579771640713959
86 2.9406479184406633 -17.286133990676436 -8.808217114808555 0.39997807523009626 -0.2552924450889953 -0.4858396235280736 0.7340321294233715
87 2.905420218761414 -17.2936298849817 -8.79375499522799 0.00988796725723105 0.6662197108945007 0.6181728190966048 -0.4170322417383628
88 2.2370191970938564 -17.858757358074342 -8.28674255232047 -0.007945062332602077 -0.6397913103855051 -0.5354004181775056 0.5513169209765653
89 1.7923779840564924 -18.394028557317814 -7.6145772069344675 -0.07793945108041013 0.5904929249886105 0.679778945024655 -0.4279534243406011
90 1.809833971547648 -18.383547008651668 -7.632545512229383 0.13943833102668374 -0.10275922434513247 0.9550822666221782 -0.24044824315499194
91 1.764959637669834 -18.431051038030972 -7.643636355191438 0.8042480347142624 0.09040581645658134 0.5318477960874525 -0.24929863378282924
92 2.207317057113867 -18.478786352732904 -6.730546637853151 0.8012939814598584 -0.07859690457926308 0.5060282483466336 -0.3093313655968369
93 2.6311660624563515 -18.892922114366463 -6.034177144629207 0.8452843126553768 -0.027136903077767876 0.49487836044222244 -0.19963323279477488
94 3.192276432206732 -19.03310440283931 -5.258597706418431 0.88761347097243 -0.04324295717555195 0.4495613316921814 -0.09037135525231914
95 3.7777326163444083 -19.213829481393507 -4.491919030991693 0.9106873916701093 -0.03775718113839254 0.39994915296445177 0.09624731148761108
96 3.8591099813705902 -19.169884835322307 -4.504625774453875 -0.49341844179320576 0.6956615873840348 -0.40099571268416045 0.33435854340155857
97 3.8821585659381097 -19.206015429906003 -4.487227321889588 -0.6970974105161902 0.20348312519506542 0.17074099237251256 0.6659559531501472
98 4.665511527453904 -19.271347096898722 -4.93916870795195 -0.508848084836622 0.07188992578683555 0.347265511605648 0.7844183383741947
99 5.479781763733443 -18.764414167936053 -5.3777442735385375 -0.4591380630566918 -0.0536609792377988 0.2782177471750186 0.8419665216127344
100 5.443235594353795 -18.736380519215786 -5.271393301607563 -0.4091586874462752 0.07660198877542518 0.8112612784463511 0.41058061558783154
101 5.369616074254757 -18.736957644641695 -5.38126426168423 0.887249238466456 -0.3332509689774743 -0.2814855102154283 -0.1499949600987596
102 5.966279586830487 -19.20541292567954 -5.972864913982159 0.8874224853741967 -0.41882114206771925 -0.1643386369836663 -0.1003144845160739
103 6.495214984726386 -19.993719966639027 -6.363339411969433 0.8373884478276579 -0.522593238700512 -0.14935159223193314 -0.0580602808043674
104 6.850778114433746 -20.80134777884187 -6.70677313019739 0.7287970276963466 -0.6648914134960976 -0.16280107744707437 0.016435019385555555
105 6.8863109199162 -21.78902679912635 -6.960240900438511 0.7293747671713623 -0.6686127556073268 -0.09514208359180959 -0.10916691798666399
106 6.952977902918518 -22.725460685991116 -7.2730013040116575 0.7920860261858631 -0.5614840637777326 -0.179414965745946 -0.15857377876279632
107 6.813634844147291 -22.6971810007142 -7.233409586736093 -0.47370632265268586 0.2826832763414425 0.648519524395516 0.5245139765855131
108 6.851007831668966 -22.263456678413025 -8.114858269886026 -0.3870852659757944 0.33696364177400356 0.6250045059900717 0.5882090346798101
109 6.860340891284096 -21.84265935403293 -9.111483718306086 -0.3398824442551369 0.22891768752242977 0.5998207816317093 0.687234782551976
110 6.842847416417916 -21.90603402503519 -9.171222694764955 -0.4216769718866131 -0.10658108462957638 -0.022209110010407287 0.9001865135694187
111 6.767074541324586 -21.839113183009914 -9.229703289188421 0.8812787843402635 0.06882130496899885 0.017931015241284376 -0.46721495154428466
112 6.761440604392739 -21.807609789303246 -9.196574913447762 0.9622765963748381 0.10052212419877371 -0.022214321879081962 0.2518443537569898
113 7.694398444135265 -21.586071130833634 -9.36054967118952 0.9538539065845593 0.013553156537883637 -0.13994164852335308 0.2653212615864043
114 8.610125714105319 -21.660136816161 -9.656306736397797 0.9888210368182363 -0.10429661803842989 -0.10655876541948124 -0.0006341322654757254
115 9.517919676283714 -21.83444907915715 -9.794522712106184 0.9818546371513038 0.12216068610264376 -0.13935026312757204 0.04024602392397748
116 10.441987523459844 -21.689372127894863 -9.985134352734798 0.9617687204492082 0.2107609946619399 -0.15709257082947953 0.07682874256934948
117 10.341909740883201 -21.64304862166826 -9.925650577600598 -0.7860873697360489 -0.042867406295526427 0.29721711279778756 0.5402693962081351
118 10.441918356408072 -21.733368645707845 -9.813377782953383 -0.6448458905774537 -0.5252452609886662 -0.15832411867501694 0.5321885630677333
119 10.889144395082273 -21.13332166095168 -9.10375778312467 0.6684564173886541 0.5507772579961091 0.12481570080126334 -0.48397465941896434
120 11.18966408731018 -20.592645411389842 -8.35438277536479 -0.6661610900363182 -0.4740153065979043 -0.24031126573263192 0.5232488765343897
121 11.552104069102153 -20.152768346025372 -7.5593617291755155 -0.5586978785181828 -0.4432040488436409 -0.396299639352232 0.5782503328811635
122 11.476084211915794 -20.0866791732579 -7.540487616590037 0.09040534956480065 0.8308186913898031 0.5478691516043581 -0.037504233464000156
123 10.488500669098302 -19.970568514476923 -7.332668286114298 0.07215595462339205 0.8179943017285283 0.569393981377221 0.038331899554304716
124 9.559746959938133 -19.78058556869455 -7.3147184038493265 0.1326830998210348 0.8388496059386297 0.5184752069347967 0.09954894993121151
125 8.639282005625226 -19.499037009249466 -7.421666247143559 -0.10850271394161427 0.8491902493105247 0.5017863495320493 -0.12374789277613377
126 7.785078159995882 -19.802576056466023 -7.260663358527048 -0.11142486793042136 0.897315386173456 0.3838681658026603 -0.18722934552673945
127 6.9265684070305875 -20.08538835103774 -7.036663482401943 0.01778869821785224 0.9087452223687073 0.41639570009047916 -0.02191583865433434
128 5.887562502903082 -20.00829700446872 -7.0121554115480995 -0.02309274052343664 0.8901140135397856 0.44455284151122326 0.09765520641270903
129 4.898774729319514 -19.923840704143057 -7.140595185703806 -0.011230435630223265 0.8586521069226749 0.5119687993089937 0.021872016983216377
130 4.930110721233281 -19.88487612248073 -7.178310965449769 0.7059599598282672 0.5061919699118939 0.436177395086313 -0.23481802471638893
131 5.015223355457893 -19.371132612810992 -6.364309664497253 0.7028247794669357 0.5757128525374356 0.38097386319507615 -0.1716128094073456
132 5.060257101352541 -18.75871027473013 -5.618808491389746 0.6702453424648396 0.5729339216132615 0.46490317279812354 -0.07989331818918012
133 5.028290132055819 -18.091127406992907 -4.949273710773283 0.7160286528957982 0.43695252426372755 0.5281215431526305 -0.1321480057733366
134 5.104947837299487 -17.593301640133944 -4.033148167099937 0.6430287472857268 0.5556057183135311 0.5147022625984341 -0.1135689077939336
135 4.986345765636412 -17.030787727865654 -3.1998386479823617 0.7228286176639875 0.34568752514412254 0.5980427430186407 -0.019073593485263773
136 5.040638402482838 -16.59459976348045 -2.2837720702584265 0.7956381230364366 0.3184926231535567 0.5151513593564043 0.011895508441079774
137 5.316963454446154 -16.10112532833927 -1.4478543039019156 0.7869466710564874 0.2829086931228325 0.5483298515816987 0.0034615217804146244
138 5.5922467983263235 -15.655153888599195 -0.5682098756473034 0.7410279585162047 0.3383973945728173 0.5716452184075478 0.0979107364665503
139 5.742522005580883 -15.034864966449645 0.25080060905267076 0.7273483441012453 0.21523182972204766 0.6281477069452032 0.1734073356786255
140 5.886891415297825 -14.486618147164972 1.0429292611271168 0.6724881402831574 0.2895677632149308 0.6686968247957148 0.12944021088259955
141 5.872309060448866 -14.036300796871739 1.8018813417297457 0.6413745526528101 0.4125054318356316 0.6426629065503914 0.07390764818143049
142 5.686787869936365 -13.394418935587595 2.6013635327989624 0.7282555622093582 0.3287741675125432 0.600647518639211 0.027819799426398
143 5.780403207210012 -12.890948129642691 3.496339844050586 0.6797651859713083 0.3554686833536517 0.6399752874806983 0.04464233988280607
144 5.719189881676465 -12.30599525042069 4.318745995163566 0.5944873317990506 0.48602517010650237 0.6357543479333746 0.0786177806682494
145 5.501557376042152 -11.671034994300427 4.933177858856887 0.6551989175442213 0.4798877302005942 0.5315169583532171 0.24064884756579888
146 5.462084339123431 -11.631741344534813 4.926636600786783 0.7597421064768782 -0.07380816878273122 0.5715813677836042 -0.30106315927001115
147 5.746850989795428 -12.091436207008723 5.627114315859932 0.6945910578134376 -0.09486402736632182 0.6121858746609897 -0.36574927694120035
148 5.780092492961178 -12.091198351949686 5.622824342665143 0.04204048416480286 -0.2863677982024384 0.912641641261597 -0.2886369977657322
149 4.894798047800292 -12.68788949981899 5.546091859960575 0.14206149852514532 -0.2148059897556994 0.9230223308778764 -0.2858438281695733
150 4.958645647317567 -12.623715924656018 5.591410664694896 -0.035812606927439046 0.5065470429104283 0.754109325761309 -0.4164692969518709
151 4.19769962604514 -13.276463243447882 5.971380249524586 -0.039307012881976564 0.5441064651521089 0.7174166588198562 -0.43326256584861705
152 3.612622234769088 -14.074303402295282 6.374682550324821 0.02909637128572931 0.5331070351897167 0.7395475857813011 -0.40990201094198414
153 2.9293911279002276 -14.729176142458376 6.817962077069383 0.0442378089150783 0.6709301070510804 0.6861813334122115 -0.27758059260592843
154 2.950082432555883 -14.751209698996139 6.833942816852057 0.6394429677253082 0.6006878688824218 0.47496618386126327 0.06851203830287114
155 2.8604637996381803 -14.799344205943102 6.882667729498015 0.7961483743455997 0.27033683490084487 -0.1403620454379409 0.5228424790729346
156 2.857960029195852 -14.786459143367802 6.9098827758011705 0.5336899551343706 -0.017639769224587508 -0.571736951647072 0.6228809906006849
157 2.784441500137618 -14.77968273131212 6.9211074231949175 0.32661686504660586 -0.4879981122541067 0.007172767249070124 0.8093996647599665
158 3.216624310316157 -15.02582924610987 7.637367832314781 0.26935709065629665 -0.37116238253972944 0.05802182116639156 0.8867461371605418
159 3.2999606937645396 -15.014769134494749 7.600126708497203 0.3878235605491129 -0.17514067673558956 -0.6909722449533952 0.584359466372945
160 3.316433669794122 -15.995494413665918 7.313707864958418 0.3923811967267876 -0.06890644223168958 -0.657553138805717 0.639462874857465
161 3.3243018397118114 -16.025363774809687 7.283739257028026 -0.3420003221988491 -0.12063490647463641 0.9306703243152704 0.048329560257139685
162 2.6529102487095537 -15.850585290090645 6.560379255243383 -0.4374596308781692 -0.08761048352422046 0.8924845548975551 0.06651912355031084
163 2.6694719953954458 -15.90141639220714 6.588562382180296 0.34962982518882046 0.7201885235333241 -0.5427767470414597 0.2539308543293176
164 2.662004799846721 -15.853685927267122 6.588600384713621 -0.22887243942751245 0.7588906346132595 -0.6033951535691258 -0.08727370632713655
165 2.6463490143942128 -15.972437142291874 6.620704983618141 0.177880850738194 -0.17709836096201723 0.9608471926011527 -0.11733390795378396
166 1.7988477181014595 -16.246429597953778 6.933072741809232 0.20226268108640807 -0.143512761404588 0.9683042648003514 -0.02967736381855555
167 0.9040469370523084 -16.315676679884195 7.301658595273649 0.10662241426226665 0.023486455297485623 0.9913354268827113 -0.07303505050123306
168 -0.07565477043344215 -16.56932067453771 7.440465021012546 0.1939536544788782 -0.01494023635948647 0.9799410071732962 -0.04329424571460286
169 -0.09005294560663887 -16.598907858016144 7.418942333731649 -0.17374536956117298 0.24191926718196066 -0.6017983423726699 0.741030613294553
170 0.07443214879820637 -17.617392942007815 7.282979737071303 -0.2211713234966752 0.21296566871407482 -0.6139971141598016 0.7271426362243736
171 0.2216276335128325 -18.673810585946267 7.2691595392907296 -0.22644882515570866 0.11361059095172661 -0.5544701193054018 0.7927019931895292
172 0.6839021427748972 -19.52546757673169 7.370158961463996 -0.2784224898553537 0.11660872628435912 -0.6365079603288377 0.7097470947704596
173 0.7881071548371105 -20.43372288394701 7.531563462566427 -0.3504251550002987 0.18907300346169734 -0.5333861669422835 0.7462927086737537
174 1.1461207073240938 -21.402523537581775 7.660662486367027 -0.4477577554244899 0.18212509625827336 -0.5146088931003822 0.7081815649338361
175 1.4942155276108624 -22.284162462424263 7.87419235110902 -0.4629547924007926 0.14957584724343362 -0.4849046646812944 0.726751258880829
176 1.9621010899023177 -23.12336470649301 8.130756711506063 -0.4862740366618309 0.04797341566736703 -0.6665040590437302 0.5630350361532099
177 1.986162786567454 -23.10355620204494 8.150508681656868 0.41876569078183384 0.2374187163226395 0.821163773995262 0.30652521208145694
178 2.088190656043925 -22.969799590848183 8.161950463667111 -0.3048292565629477 0.5226868307587423 0.7915333816075257 0.08574676142932534
179 1.3768748408327909 -23.17290675336105 7.646083545540346 -0.37158113965666395 0.4892313651358819 0.7885538124928984 -0.027622686720363963
180 0.6233161502208053 -23.58386382275089 7.024440081973582 -0.36268103809343183 0.6034683470857352 0.7058685748053676 0.07770439997401021
181 -0.15459621349627117 -23.9219744337772 6.423956233042583 -0.32581245762511496 0.7949238391557191 0.505632116503534 0.079236955761639
182 -0.11632035356999498 -23.89610791813024 6.4072955485586585 -0.18651007065095512 0.9421592768838146 -0.18442775810311027 0.20865352278023955
183 -0.9214430412363925 -24.447411727457606 6.110063859840265 -0.13875903114747767 0.9555487305048335 -0.11404816171518312 0.2338066973270911
184 -1.837695593200947 -24.702752621355266 5.602861561664487 -0.21331125228947398 0.9244296256415646 -0.13982265005249206 0.28350979421387096
185 -2.694827303381178 -25.140281630175814 5.126311593134643 -0.12123900451386377 0.9217749246389648 -0.0939355108454599 0.3561014067558856
186 -3.4201178713833866 -25.423258010773512 4.552736667177022 -0.17844014350709347 0.9508678409976453 0.028492374365677968 0.25139142536023484
187 -3.4316897204913697 -25.449496633129236 4.5197513687282065 -0.0008363136563624392 -0.6452077381117362 0.7068685298527576 -0.2899019778545956
188 -4.2367512332490795 -25.780523575015014 4.20294702322269 0.3061241045068621 -0.5905228708699726 0.7092380664052643 -0.2335639886221318
189 -5.002372929988273 -26.431102332624516 4.311739713913196 0.23834725321743613 -0.6322131621733722 0.7198317422020611 -0.1591834393924011
190 -5.073719583443876 -26.400346447948856 4.30717139936671 0.7715704941394569 -0.41795922859432166 0.1949670653303322 -0.43815168519898645
191 -5.098236882843492 -26.410680609848004 4.3342974545144966 0.8028520677892841 -0.5336874092748077 -0.20300949700181423 0.17144518236184114
192 -4.762800915065879 -27.40793075386111 4.261276968061754 0.768244620377704 -0.5758271290726102 -0.23619936604345496 0.14977710160562957
193 -4.598351946866673 -28.33720604184491 4.056500165045273 0.7372499566671157 -0.6098150389344493 -0.25626254865933895 0.13754136046416043
194 -4.516234816100055 -29.378731478048657 3.7445163205762917 0.7615112295979054 -0.5907016918292625 -0.21103697526837453 0.16320402426382977
195 -4.288211960844688 -30.320933657624025 3.5783082730197666 0.7939041028777557 -0.5596801362800569 -0.2302710946142593 0.05873366558076992
196 -3.9663508068650275 -31.163696217168486 3.2593301641156867 0.6933038582778946 -0.5783185401153846 -0.4270224300715186 -0.05029185293475079
197 -4.122544334424775 -31.85359248654962 2.5792460819429763 0.6813552323136239 -0.6473367580184772 -0.3320939311636533 0.0801485495891593
198 -4.123677338115224 -32.8517220165221 2.13290687548921 0.6555169081900825 -0.5370021411893072 -0.49021294165866824 0.2040038118893122
199 -4.207050275858857 -33.750958289151704 1.764201221334143 0.7541303241340042 -0.5734936100134631 -0.28343022948746166 0.1485255483341257
200 -4.039808078182782 -34.62713419221372 1.4585500761868369 0.829029474915574 -0.49367228527981716 -0.2609613876088675 -0.029949267855241116
201 -3.655651345835127 -35.48100205763068 1.0304030072875001 0.8001264453082942 -0.41729778132459 -0.42046022965016794 -0.09419887739466991
202 -3.4044169138742215 -36.05884157938968 0.23923983137836002 0.7699545803112665 -0.4133596391067332 -0.4763356632253962 -0.09699530377742513
203 -3.194744531638525 -36.535774721138516 -0.5621218825918993 0.6707218069528194 -0.5984970704269843 -0.43764362473394053 -0.020039263908644078
204 -3.366288943002087 -37.31081789515167 -1.120476687370871 0.6621629091362266 -0.5954809913286938 -0.4527700102697721 -0.04406799894204347
205 -3.488837450379376 -38.159059803017136 -1.804830709290493 -0.6125786852037431 0.6611443385457552 0.4281180118994587 0.06595821351586426
206 -3.679877231085414 -38.83958384726968 -2.3985480183683467 -0.630799345062693 0.6470718517786701 0.42559079848094034 0.04756760612597812
207 -3.6534523686949263 -38.776034101312696 -2.4809913724290755 0.6916321565089568 -0.6010591193476227 0.16462233607493798 0.36506490052737245
208 -3.43662861712609 -39.476617050384455 -1.8101111925315037 -0.6325802931238677 0.6414249243846442 -0.19287953523041693 -0.3888620886879739
209 -3.273539055648986 -40.12345686421405 -0.9633221402916521 0.6540064686794139 -0.4499674144231489 0.2971308050194187 0.5305828395183384
210 -3.2770043494597285 -40.113575631979856 -1.0486166794549938 -0.6432450163729894 0.7082975969910726 0.2787795749788545 -0.08265779807491726
211 -3.330208683718932 -40.061489373536666 -1.1416409060837485 0.06278360469458326 0.9098284429270671 0.3113033443202956 -0.2671341446492053
212 -3.204521315328261 -40.04103334113607 -1.1963785928740671 0.03982953655318568 0.32542058532313384 0.9092270717643601 -0.25655639270288
213 -4.085494726503919 -40.51669732802845 -0.9743669110180544 0.08099260333944787 0.33731548273997264 0.8834209698485042 -0.3150013545052249
214 -4.845910980599272 -40.912821244036145 -0.6248069395187257 0.08638274965054864 0.4315922941693958 0.789738917417381 -0.4272921184539113
215 -5.510366705234751 -41.58590331363291 -0.05564064235573607 0.21643645785620827 0.5860008564431447 0.6976006974550918 -0.3508725165480025
216 -6.208888828039312 -41.867749079372814 0.6273470264900457 0.15009573521902883 0.5837778974366009 0.7357985873528147 -0.3086666091159895
217 -6.257014437994846 -41.885962042838855 0.6887784722700114 -0.1035730855407015 0.983660333505316 -0.029757007265951797 -0.14422026472851548
218 -7.160690308687433 -42.00963566909539 1.0164792616652383 -0.12706662773621916 0.9714762937082896 0.03631573561871711 -0.1968985785246342
219 -8.109726076416074 -42.302815112342394 1.419822924028063 -0.05180522619359556 0.9822498426406719 -0.07313264291085865 -0.1647819216791648
220 -8.07217759966698 -42.2280164825845 1.42648420298083 0.5441105160466556 0.8296143109372817 -0.11357352442097056 -0.052772113526943304
221 -8.47304576234131 -41.30500302456789 1.3986065638478853 0.43078212956723844 0.8865422389042142 -0.0851507491947453 -0.14566731066300312
222 -9.070337250476916 -40.5801999788658 1.5730564029588827 0.4134969085874606 0.8948191934023266 -0.08532661560434601 -0.1450458078571428
223 -9.672119458686208 -39.783787961510214 1.8011395141773703 0.4793685172056441 0.8708978562000785 -0.06597925025114915 -0.08596212720998515
224 -10.258858063657126 -38.861448093449845 1.8958091594032969 0.48407971299974345 0.8311678967932395 -0.2561657918187052 -0.09594709950949304
225 -10.75085890013158 -37.99022542441281 1.7403838366114581 0.5907786736039817 0.7556067890463773 -0.27093326185124794 -0.08145002630071146
226 -11.148957150359562 -37.020345082685665 1.5499635021975444 0.5495978351609495 0.7590226829796451 -0.2799189423623468 -0.20849981298678452
227 -11.113034586247782 -37.019145987316655 1.5553786059036898 -0.5550870260506686 -0.46199874352926984 -0.3200997637602184 0.613165308647067
228 -11.156407789469307 -37.04996893898852 1.5280812161372204 -0.18526696045040456 0.2148682482676526 -0.6568604341546216 0.6986001426381623
229 -11.174066804457107 -37.98659137274861 1.5035644793359129 -0.22541518339762864 0.3272260849100782 -0.6643274281946755 0.6330719963767822
230 -11.195785276787918 -37.94809317009979 1.5911202000352807 0.2402627015019256 0.7147613440747398 -0.5927473887144072 0.2829144543068094
231 -11.985002975181176 -37.9095555662714 0.9684280411219246 0.33101187065960036 0.7297392887924892 -0.5072107825107819 0.3172521615054253
232 -11.988209130165428 -37.90069596687655 0.9192057870550769 -0.17845310150925417 0.8430821364119165 -0.4953888565419356 -0.10934753147154294
233 -12.93220551294936 -38.0764266785719 1.3792099592048566 -0.12291114526976982 0.8274573952021046 -0.4887002246895856 -0.24774825909009007
234 -13.73197857398995 -38.03399869095866 1.8894237865444503 -0.24104446223144346 0.7874129957297648 -0.5633201901800549 -0.06744408587073267
235 -14.61760678983271 -38.324190071823146 2.2199051430728405 -0.4154390238827862 0.6689997270739363 -0.595354268827273 -0.159383428246037
236 -14.615694410318126 -38.436441807342845 2.136470279085411 -0.2658223807666695 0.9339967486662576 0.05348758504971652 -0.23265341951054344
237 -14.65839330770314 -38.42004908068091 2.251347129938692 0.8098753810891292 -0.5723181378449248 -0.10879306082293261 -0.06868687004248532
238 -14.33373622117809 -39.29695399554839 1.8942868692146653 0.7872989826384486 -0.5466877949986738 -0.28384844039969087 -0.0268854908568758
239 -14.068604389886605 -40.096101608623655 1.3455851477307879 0.821397052656621 -0.46195708496970256 -0.31133614064951154 -0.12236151788360113
240 -13.635257586846055 -40.75855454424724 0.7551928483234911 0.8201273412307033 -0.4906346095574156 -0.17745451000621565 -0.2349015132960064
241 -13.122520746760067 -41.43383978247899 0.1365538363155424 0.8673557027214667 -0.38928462140616726 -0.2354366627340376 -0.20179481245529335
242 -12.499653522065088 -42.02728623688262 -0.3934722430009736 0.8145935954200898 -0.34758339382379916 -0.43223269413110255 -0.1696996074322798
243 -12.109576819808236 -42.42775623113838 -1.2146221263128032 0.8437865848181169 -0.26457033169326455 -0.45778503752418526 -0.0919760745393903
244 -11.643587843725166 -42.87210116226091 -1.9489481773056427 0.8518092300400187 -0.10996848375221435 -0.4346290267480906 -0.2709715433544216
245 -11.078475067874878 -42.86878268391052 -2.7663007649701914 0.8572639888947456 -0.02093148743030627 -0.4456193807900331 -0.25706748849773275
246 -11.121270133883085 -42.88947501617789 -2.8558885696903977 -0.38846131769604625 0.41776983471644197 0.1641931157041103 0.8047402006922637
247 -10.542806461692699 -42.881287918089065 -3.67999403606125 -0.3931691858869596 0.4439260902229367 -0.05692068115120076 0.8031859397086368
248 -10.517111055168023 -42.79331699328569 -3.6569880416797016 0.0026976908713153246 0.5933583629096807 0.4546868993177869 0.6642126159731411
249 -10.66035593612902 -42.216259443449 -4.485861468530176 0.04207855353639035 0.6326488944384766 0.297049535784315 0.7139652267361356
250 -10.736234581734923 -41.84115188128756 -5.360659110128239 0.018593899081386662 0.6373069263707748 0.24522260449289837 0.7303150161146261
251 -10.72378493702009 -41.80616215995809 -5.472037736567332 -0.1599477317342367 0.9813042800132171 0.08331904760366483 0.06720542721560764
252 -11.768370154717369 -42.13661332870095 -5.636962187788313 -0.1176569911930366 0.9758738613214075 -0.037487414747978426 0.1800603591814726
253 -12.637136545835208 -42.313537133959116 -5.902479853319277 -0.06552385503972388 0.9870847933580618 -0.05016740055665291 0.13730792789709567
254 -13.545559724203498 -42.497912412624316 -6.167126517154746 0.029561775831104854 0.9988120961169323 0.029419211703656235 0.02519936592350938
255 -13.607286797051577 -42.45988318371651 -6.19744869847796 0.676795908117464 0.7255555206967158 -0.07615665447721695 0.09857306488494733
256 -13.715657228875575 -41.49718583712749 -6.466120581561037 0.6708374855846856 0.7132974688209013 -0.18853432097438028 0.07509060342573712
257 -13.851509541736494 -40.57692506593543 -6.75565891402289 0.8084271955136716 0.5662405733147856 -0.13148714656824492 0.09234832415037757
258 -13.527259691921127 -39.721638504679156 -7.06641184121509 0.8270239706295166 0.4963575914640394 -0.2603616088513652 0.04327038290256609
259 -13.585563669946103 -39.661380845684384 -7.062894301739706 0.30196026663980213 0.8950217842894594 -0.22865970309058856 -0.23552227750396726
260 -14.277630368359489 -39.09197470734402 -6.775236716958323 0.10714807462084117 0.9549769483160646 -0.1154278899803725 -0.2514253776066809
261 -15.103302595282788 -38.92262030369718 -6.261634172768235 -0.0577700335086736 0.9377214477177781 -0.2557397605462437 -0.22789972486650986
262 -15.976049759652938 -38.97275108342027 -5.843554546717842 -0.12332557589170502 0.909535815459652 -0.28865283867138386 -0.27242419395875456
263 -16.82867591840837 -39.019103778593745 -5.282707267342117 -0.009371329031506998 0.9339365068468163 -0.23140813745399252 -0.27225916566944824
264 -17.732384406982476 -38.97449292989852 -4.785691459035096 0.04273473020438415 0.8495518588245191 -0.3146737774149944 -0.4212075448155474
265 -18.372177399925988 -38.65066288469039 -4.073918058567474 -0.028829387829097525 0.9126750983654909 -0.24419712348617875 -0.3264365115945471
266 -18.431697653159013 -38.60639776645122 -4.103046432226173 -0.6146165029838739 0.6581159385466478 0.2217524979181995 -0.3741066630758896
267 -18.393098193028873 -38.6182004392115 -4.089220679321768 0.700369443740841 -0.6317310565496106 0.23811155845547388 -0.23173562564863176
268 -18.37029634870622 -38.61740137334748 -4.085391322450627 0.031983866159203476 0.9550556057383072 0.10979906290218325 0.2734775823338132
269 -19.269401291689405 -38.442257934063164 -4.602651844555075 0.0004279046632587422 0.9716409695596065 0.1856909589021541 0.14639846636104228
270 -20.25611268692384 -38.349713423491536 -4.9064212080312855 0.04679237353199142 0.9595493125772938 0.2325355054938754 0.15166683617849064
271 -20.146111718474483 -38.376558514152805 -4.939899266774545 0.26636768160727625 -0.7847359028817291 -0.23581396625249512 0.5075722551950897
272 -20.516053583089086 -39.033877248640756 -4.264173605019722 -0.29489893353693997 0.795064233005591 0.2142910798793583 -0.4847543888178269
273 -20.474910102429053 -39.067079243106825 -4.275706849615123 0.700843231852637 0.5571350409230267 -0.06693067737765312 0.44038573429190053
274 -19.984592832329337 -38.33702314058907 -4.842221145314538 0.7175729409152646 0.5681775448297499 -0.026397184677335338 0.40195340607907043
275 -19.613206787490626 -37.48371225935015 -5.427043949151881 0.7092949980069349 0.6124987139124533 -0.07595193554047704 0.3405543051344207
276 -19.391359730183776 -36.6086022986498 -5.967722981352889 0.7542285788213542 0.578742941313577 -0.034940223696213475 0.30818020627043574
277 -19.03891481637836 -35.76115301894312 -6.397307575021531 0.7210785146562708 0.5448363844363662 -0.2453411230442191 0.3507232858519887
278 -18.75305732973125 -35.16134609715955 -7.178756695437127 0.8176483952632417 0.4647210126869132 -0.16230306771705874 0.29856857888988786
279 -18.204165619025048 -34.48981829920068 -7.6710470731500795 0.8037549971800715 0.45132205441215256 -0.221884053314972 0.3178895635181747
280 -17.71696983578093 -33.92251150476172 -8.364503329180884 0.7121498783414091 0.5049688506952041 -0.23069498495532695 0.4296845756160469
281 -17.342853474010884 -33.408650460014506 -9.144955455756055 0.6945450932613099 0.3634635179337637 -0.19563047562083646 0.5892623367959432
282 -16.683559533998384 -33.151014477857416 -9.857406947338513 0.6381384811553795 0.3708386053492699 -0.2076532891305332 0.6419798432696968
283 -15.986637471756653 -32.91379500072499 -10.590102296279893 0.5279319537754185 0.24644944240751412 -0.3011573331226622 0.75488726656789
284 -15.289077611098964 -33.14012960788769 -11.242234746686496 0.6182284852841237 0.25598876857396025 -0.23473107865907392 0.7050990079831575
285 -14.456443444097902 -33.26453294326434 -11.906499816660823 0.6820156322132948 0.26573304345365534 -0.20414564061981938 0.6500501399503582
286 -13.66857815336807 -33.24383334449965 -12.591196633315892 0.6122639898539427 0.35687661140190613 -0.18233134500515732 0.6815623020612523
287 -13.7239561827051 -33.247217466605406 -12.568952665738529 0.9060043917937194 0.04181070642242287 -0.40818792370649976 0.10387745577904312
288 -13.699855882122785 -33.25197350920337 -12.610083017669224 -0.42212399035002984 0.15596280026690787 0.868515344454088 -0.20776919442417172
289 -14.342850583175395 -33.7100784967749 -13.246287253208237 -0.40746228079991487 0.24000659510471248 0.8673846163150135 -0.15496854975003962
290 -14.35303259149573 -33.681197520431056 -13.249628758892358 -0.4283446487674595 0.7773545662467234 0.4092681084774134 0.2115191612856158
291 -14.329316304257857 -33.71187121063368 -13.284390908313473 0.8431335525178641 -0.33870297304134855 -0.04901358904273865 -0.41473338033091406
292 -14.368168806319293 -33.66535489390579 -13.225791917334979 0.8298536180557314 -0.33070336712096005 -0.42151569356069846 0.1558934753500445
293 -14.312635777980315 -33.73611454937782 -13.169947275842988 -0.2924766421945693 0.4227278833070647 0.8295921193356509 0.2180262965366826
294 -15.053888431571577 -33.714696571332034 -13.896948102018733 -0.07182023533495378 0.507027046944961 0.7907939889285929 0.33527644494820746
295 -15.065738133301236 -33.65307137401464 -13.882041469770316 -0.31565608652771715 0.26393679871558406 0.3049120048858005 0.8589105137313765
296 -14.371707191502116 -33.2284538662783 -14.483007530056696 -0.19366543926198587 0.22004284707339558 0.3409166809094577 0.8932248651739243
297 -13.622467646600974 -32.779887599517274 -15.019022352523603 -0.3032697955455328 0.20353058935007606 0.22522302191514915 0.9032592765690202
298 -12.822008444126379 -32.515623005082766 -15.520432024057648 -0.16804021666114147 0.20046176949124084 0.2612859938008346 0.929143258061117
299 -12.802294911998743 -32.534728444975485 -15.509148855015823 -0.2166846996651314 0.2438759968695207 0.8577087084209551 0.39737640919006
300 -13.38070856039468 -31.916712689253515 -16.02230007691776 -0.1431115032844415 0.23796943179508664 0.8562402790441721 0.43559411348312427
301 -13.271601198624035 -31.941688163803914 -16.032110349702553 0.09660059633304478 0.3293536414181135 0.8793290606605961 -0.33011347556633047
302 -13.176676295975113 -31.99861320368851 -16.081693986405796 -0.14479141111153157 0.8566485189815911 0.3685347441128194 -0.3307127221270396
303 -13.11006381014201 -32.018537776589 -16.142372005416 0.0655955354823711 0.20548985461007307 0.885877991544383 -0.41072050043113484
304 -13.839811041203202 -32.71027633298818 -15.906438854783989 0.04717898552335505 0.16945431145911924 0.9356348421468728 -0.30601768219124037
305 -14.617485930917848 -33.24259690658398 -15.670408191283707 0.10780090609435054 0.10449247802477707 0.9616218580596867 -0.229659941616543
306 -15.425432359136657 -33.73070420364732 -15.385649173937942 0.09688979673179503 0.17550921175455114 0.946148904662849 -0.25418720283259416
307 -16.240480328590873 -34.17827629966713 -15.125249973218029 0.1091295525940463 0.12188465243003264 0.9333275255472566 -0.31958504706645485
308 -17.061853054290047 -34.72523789247994 -14.829756659873485 0.02768923175645581 0.3080194868523932 0.9167216018932175 -0.25294032257878274
309 -17.099899795174725 -34.715348508972035 -14.883725487553859 -0.094003832978572 0.8118333226823096 0.5329377059653998 -0.21924264441087704
310 -17.117187952946693 -34.75561226812871 -14.883351207144834 0.2126430117903847 0.7888935603372678 0.2770632868473671 0.5056340920828374
311 -17.530988794719452 -34.05043717406229 -15.580873018977021 0.2562095344184454 0.7198060047190105 0.35136595544253446 0.5410896001583213
312 -17.7135065892049 -33.35458415127618 -16.145715281049817 0.37503582331855134 0.6560106509417888 0.3937512776964839 0.523410057594512
313 -17.9580964449975 -32.39628931057516 -16.46784807356916 0.3689646211749241 0.7033781209624866 0.331782194667711 0.508964539603695
314 -17.933793716884548 -32.437268311713204 -16.490173921892634 -0.08094483804844584 0.8729757357587403 0.4556680111055775 -0.15403883154868458
315 -17.870447730990236 -32.49338022444391 -16.471993619588513 0.1623344547612612 0.3808812300541502 0.9048736953720943 -0.0988969605875308
316 -18.771091392562035 -32.55324996510535 -16.12592709357145 0.16090378153307044 0.48839372563134603 0.853593520215599 -0.08342448140823563
317 -19.750068118989187 -32.55638139536731 -15.698352487537896 0.1362934714945331 0.5079373534564725 0.8500501496792545 -0.028956478064160945
318 -19.72101253626303 -32.558021635427124 -15.742086507329955 -0.48695073392996974 -0.21779494222514295 -0.6181662545973285 0.5773342424829141
319 -19.581744959783794 -33.13796871748424 -14.906327140293685 0.4660334877523102 0.34414589302856824 0.6748602385100642 -0.45709960739769323
320 -19.830269997513003 -33.36129504660934 -14.017411902307307 0.45738220918164524 0.36363974317055864 0.6833455598025531 -0.43772879481375526
321 -20.185230380177902 -33.60294632475531 -13.068851597242976 0.42180575451442665 0.40895337557780365 0.7203526998660483 -0.36868554332619224
322 -20.15240001597522 -33.56084780300411 -13.013783805472373 -0.6088996536739899 -0.09086753682751017 -0.14639352519760337 0.7743082320928887
323 -19.335614564145455 -33.638606923918616 -12.742295823736077 -0.6622961262310544 -0.1356100358524513 -0.28192812778216986 0.6808012118971855
324 -18.467380330410023 -33.80083191899389 -12.22539867647316 -0.589176531020658 -0.12492626628542211 -0.12022896942236451 0.7891827660295702
325 -17.5248471593296 -33.858272316364776 -11.937828581271644 -0.47087120903685303 0.004824533832506675 -0.23735455483827403 0.8496586630353368
326 -16.626559078217774 -34.22654670816655 -11.746507141531454 -0.5166322212363894 -0.043726383353541634 -0.2167276386834338 0.8271688352506255
327 -15.664149897760776 -34.652510441112874 -11.511778378054931 -0.6626521607449404 0.05841329550961934 -0.1603700651408931 0.7292197494407794
328 -14.757113353392587 -34.84602479887919 -11.396946244696203 -0.7118978824498329 0.09256983177341373 -0.11512102761213104 0.6865707394073917
329 -13.78256871142908 -35.174709461086586 -11.34731853571457 -0.6498679928830827 0.053491986733318335 -0.10345001463239357 0.7510714304605078
330 -12.841490316387647 -35.38833478943369 -11.362415651124412 -0.6134593600612114 -0.01618203793784529 0.11798552403778542 0.7806953127302585
331 -11.931495725833777 -35.205864087711994 -11.539743247076526 -0.5279280562976275 -0.022324082194018068 0.14048380499183016 0.8372920059710478
332 -11.953855081312827 -35.14884720994944 -11.56543221208872 -0.22397482574126076 -0.5779774401126053 0.3628654497792292 0.6957772786686622
333 -11.836890574083684 -34.372558708510574 -10.870591040275102 -0.19442702963412833 -0.559573120534765 0.4012513559279589 0.6986225034227065
334 -11.729918396723818 -33.511616341404334 -10.268307044888749 -0.25710907546242223 -0.5162169728282413 0.5026314173816525 0.6440315353612867
335 -11.81165433938931 -33.55694919812919 -10.317025970185457 -0.30711846838500034 0.8354959093366304 -0.4548623837756204 0.026926635225524208
336 -12.594967667712545 -34.05499983079484 -10.043639092635386 -0.4647785019999628 0.7035449015027274 -0.5303758514382151 0.08778936074135833
337 -13.127113053189275 -34.87711393634389 -9.748013082792239 -0.460377011545902 0.6939923800535902 -0.49377767798085515 0.250222277975907
338 -13.620853502973652 -35.79584384477559 -9.579092587308093 -0.33004835637502067 0.7114362034456202 -0.49346214323820264 0.37606079837147177
339 -14.150911260624044 -36.59586976136846 -9.685785626272718 -0.36557166666129337 0.8192833277879014 -0.36394417277661756 0.2503533991085594
340 -14.613682360622365 -37.335638976245576 -9.8982200031458 -0.3954676747429899 0.7440708742383471 -0.5061178364655515 0.1838711177835814
341 -15.3263665407178 -38.07798599091605 -9.75345205675341 -0.5012255030532459 0.7590254421435232 -0.372381799840368 0.18435066697871638
342 -15.738334769758017 -38.95402649125224 -9.71708309689242 -0.5880768075791285 0.6893035924431561 -0.3753168136452777 0.19535484439259698
343 -15.953409205112653 -39.948212133228374 -9.50824997006763 -0.43234297585714865 0.7326312064589059 -0.39907499642020855 0.3421552480698831
344 -15.901753225534375 -39.946224019964696 -9.442655147415964 0.7950676869529331 -0.2656824901217249 0.5451350480448379 -0.01039071697162888
345 -15.809985278296498 -39.86332906381871 -9.440583085768495 0.6192922035353752 -0.5082302582184868 0.1734734057119535 0.5727880487424354
346 -15.382346513158256 -40.24664852124399 -8.681383203961445 0.6179621755199756 -0.492468253759647 0.14553458791933432 0.595329700573298
347 -15.43263461338379 -40.39574886463513 -8.653995253655557 -0.4837355644486761 0.8120821242809224 0.32317764150032446 -0.0455931918732712
348 -15.366931815241896 -40.53680096341511 -8.620599296080561 0.5096728826356417 -0.5203974742856021 0.1686656785536373 0.6640571589412186
349 -14.885583231843224 -40.84635977933683 -7.676194715787288 0.39536194547844505 -0.48367546718332716 0.09992184362142664 0.7744434128325868
350 -14.864934309252499 -40.80458352490737 -7.555635693222138 0.7893218177000253 -0.28302405136009784 0.3893254433012565 0.38117470227275646
351 -14.395558409141046 -40.92635432450109 -6.710292685044436 0.7645006532010393 -0.3391114592108866 0.3486567188017719 0.42306106169373375
352 -14.444783684056405 -40.99827456094871 -6.660153830641149 -0.2705161247740686 0.8505843427274417 -0.44964271639716763 -0.03389291570701328
353 -15.257980194729498 -41.36026375815071 -6.378644792875125 -0.28122649988402176 0.7812826135257614 -0.5562002194434547 -0.0339182761411998
354 -15.163321639588284 -41.435004373262124 -6.416769375123663 -0.27452187653812915 -0.40583725906091456 0.5961244715186502 0.6360577591040916
355 -15.148453917656584 -41.46172184111962 -6.4083427163662625 -0.528560629209104 -0.22956370981930035 0.8100024085552039 0.10872103071091946
356 -15.609146502413271 -41.05329975071904 -7.16638395540477 -0.5307807196828799 -0.2464489816281752 0.7950877077981245 0.15928045697976725
357 -15.523160256094826 -41.10814344883968 -7.223865012193706 -0.1779147402833747 -0.4717212335114545 0.4170463057875836 0.7562392490959858
358 -15.29471410547024 -40.28421816034647 -6.625950089861068 -0.17269993469866818 -0.39303438554631903 0.2875379676713498 0.8561662347235688
359 -14.738323322165797 -39.63644123860393 -6.055904947065834 -0.06502148540818604 -0.3970948518330531 0.2869296098227607 0.86934416895149
360 -14.161849314841223 -39.14877292024155 -5.4138969864993784 -0.12362151577620491 -0.432779304396969 0.20605171391417074 0.8688857725362419
361 -13.611356983921555 -38.66802792094623 -4.707913376398785 -0.16368981715714495 -0.31086342378613707 0.13778953679794592 0.9260581078204696
362 -13.644382190772054 -38.57464733288159 -4.625444278820198 -0.00026260885917646603 0.940243921706734 -0.12644391789591103 -0.3161538143961894
363 -14.463188561097136 -38.50653464383307 -4.085790381696144 0.09745870125574758 0.9329872647448966 -0.22478268144718452 -0.26364618619428715
364 -15.341400617018937 -38.11953736796854 -3.6816642744165007 0.23529785840222736 0.934890031168045 -0.2050465951265805 -0.1690308885409213
365 -16.193000591910263 -37.587188501073285 -3.4332230910067314 0.26891411715204977 0.9395719395331252 -0.14732119178273256 -0.15227026791205983
366 -16.198106171184687 -37.525195312891455 -3.397753852676631 0.09773566095468776 0.7086551282231514 -0.47548343194685977 0.5120265186148255
367 -16.574551887935538 -37.91968230085587 -4.239918447737637 0.04470236827820573 0.7500035183258185 -0.3704039078862655 0.5461660606370544
368 -17.00075855180317 -38.283511756065025 -5.087667421679269 0.018738469923424348 0.6526663234536305 -0.43163728686937003 0.6223863691940081
369 -16.890221579053918 -38.269313328586684 -5.046743344475554 -0.6165523939154093 0.6354402085031303 0.01043617142592978 0.46472569683701087
370 -16.9102461931849 -38.311514968124946 -5.061245828043389 -0.07398469539333992 0.43929478807008804 -0.6047398366322776 0.6601788272975575
371 -17.079892595087866 -39.176743870080045 -5.481318649558317 -0.11079787027943937 0.25572510187776415 -0.5146332498311361 0.8108520964882506
372 -16.778139752144252 -40.008220754544055 -5.855448299281784 -0.21678500768080763 0.14270410245220005 -0.4504041961901058 0.854269196238802
373 -16.272859685806022 -40.867895788029976 -5.858961342682397 -0.1079315156686381 0.1540185431086583 -0.5103661978828234 0.8391396906134208
374 -16.357515579313446 -40.895915088510115 -5.816552487361466 0.6093789889399511 -0.0749079008064335 -0.45606616127641686 0.6442435182241947
375 -16.349405326393565 -40.90177436161913 -5.73158296885514 0.9222391183399706 -0.3120813465463498 -0.22798795848232148 0.010086254428382742
376 -15.646072255430889 -41.44657031564723 -6.231661236956584 0.9252484334560378 -0.37780133129860594 -0.021053259979752714 -0.02717076922676005
377 -14.871923744311447 -42.15846008807144 -6.204304000994395 0.910445532170413 -0.4099310807838173 -0.04899230199053655 -0.025400714635869313
378 -14.247851743344008 -43.00091937767084 -6.349537869187966 0.9458694925911535 -0.31875733739167184 -0.052183327014811674 -0.03164748372289407
379 -13.580922368042302 -43.600961318737326 -6.353839137383065 0.9523737769869045 -0.28202909805934423 -0.07332966995057025 -0.08981389792493695
380 -12.719354506545297 -44.14253671756897 -6.489192882454368 0.9160984545732657 -0.3663127087096773 0.046301653458055286 -0.15631627507493615
381 -12.045096119707662 -44.78549323107197 -6.51647903255968 0.9528801961729106 -0.2515055928541993 -0.014059166992688815 -0.16901659187193552
382 -11.97005431875365 -44.84730931216606 -6.559738812923168 -0.5510923042690178 0.18475046915307508 -0.1488203889388189 0.8000106425287614
383 -11.904829580165716 -44.824599866963695 -6.623260105147141 -0.26980361645509604 0.5508631884880457 0.3102696682211029 0.7262840278420706
384 -11.738327897930116 -44.59916388715295 -7.532654777957608 -0.3702859960653342 0.4851602122853334 0.3433042322708316 0.7138977893494896
385 -11.448255236628894 -44.51462655593553 -8.471179556344461 -0.33083779645740197 0.5361581822815684 0.41832513367346563 0.6542819258888413
386 -11.421644804399637 -44.46497073957558 -8.537458697336888 0.3833124446951894 0.6319885073784322 -0.01521247231337477 0.6733726137655833
387 -11.148336046852814 -44.024820976090616 -9.376408165429067 0.42014008938054964 0.6354437952447978 0.04747327615589286 0.6460957950886363
388 -10.95283715558312 -43.428938807109375 -10.180701196196885 0.38198396464632867 0.610332663663295 0.0064015367351434455 0.6939317767231648
389 -10.740668347396344 -42.95818810540676 -11.108548946098997 0.3129236755810042 0.5409601329848429 -0.05985508274833951 0.7783689850264365
390 -10.694740027622444 -42.94843141609939 -11.124991946694715 0.1202332611059637 -0.2432533884464939 -0.26151645408246404 0.9262725820066461
391 -9.966826345516841 -43.433938020782186 -10.707880825185446 0.11433766976162098 -0.11541956547387236 -0.340152955919702 0.926229554569705
392 -9.245155443115225 -44.1122352983078 -10.502030749941591 -0.010555115654207395 -0.05630504633293098 -0.2767006684767732 0.9592471377885261
393 -8.42970956239962 -44.64138571631815 -10.417343447243097 0.06259720831128801 0.0895454642560933 -0.16574891856467455 0.9800971866796857
394 -8.413866918516439 -44.656043334647066 -10.42929563071523 0.10046271148265941 0.7582448350334123 -0.1503916554950888 0.6263819631057017
395 -8.41545470694137 -44.65376684268895 -10.477548976043105 -0.35403752724878473 0.7156471073911538 -0.5015770203667163 0.33305726177684053
396 -8.927991676603623 -45.55157461467213 -10.62912469160327 -0.4517262474939765 0.7358692219239863 -0.4383010736991885 0.2496638827386452
397 -8.894191218305911 -45.54559724463217 -10.598385180744211 0.1368380814826633 0.8724720805607937 -0.03659811528137283 0.4676840664977965
398 -8.831407859527877 -45.53162519026548 -10.563837558852725 -0.06944400897019283 0.2606555000260373 -0.06777480784757452 0.9605429794369165
399 -8.895259516628307 -45.58211198095523 -10.645672205943942 0.23500586460213635 0.08480919159575818 0.7110604769114003 0.657246257348042
400 -8.876558179222442 -45.56105551309317 -10.666347710167754 -0.2589606557593043 0.5496059142733122 0.7047142222549346 0.3664022143985078
401 -8.920763697182208 -45.63662948153608 -10.69111488506347 0.06900172946582876 0.9246250838794753 0.053413852837072284 0.37074813002454543
402 -8.79188124921295 -45.67651406923358 -10.645502406882255 0.13030326367465844 0.32929284699124095 0.10650512699247941 0.9291092176490616
403 -8.766083194680732 -45.65864934979738 -10.60932592369054 0.6115382023721698 0.3522278974710634 -0.24779052055344292 0.6637442227291942
404 -8.073324639364733 -45.4836301883801 -11.4656564548153 0.6467437976208368 0.4288464806537077 -0.04893066955824896 0.6288234615903636
405 -7.452788856879119 -45.013805374934456 -12.062719316682994 0.5565877532026524 0.38551709591224237 0.11127183375890436 0.727464927509323
406 -6.833175261274976 -44.4487720785721 -12.461454834830684 0.6374047946860981 0.33298876382536774 0.02121241464930495 0.6945384397871525
407 -6.140628154409851 -43.92133258248994 -12.877911224013781 0.7149223714511469 0.1849518404641533 -0.023664325938408278 0.6738833869338751
408 -5.1707782580917785 -43.6853113843537 -13.107261700243932 0.7130258795552822 0.21746907957654416 0.013457489372628915 0.6664234318301929
409 -4.2973418783876856 -43.35516215952019 -13.434414156918319 0.7063681544177002 0.17027204030686663 -0.02624252643412798 0.6865586591986311
410 -3.318938606180418 -43.161182513832685 -13.693703520489564 0.6454538503138105 0.08874552773283083 -0.143945223674503 0.7448445012241114
411 -3.290975996068629 -43.18483871760197 -13.712401064699263 0.5390522975966867 0.6661491377065829 0.3568547477795506 0.37191751205838885
412 -3.4671167792564104 -42.326764360664825 -13.79065122081084 0.5860820195116646 0.7338617721107633 0.3185816683880159 0.12829842714034598
413 -3.764184338740905 -41.36775540823307 -13.662949988624733 0.5991923544481641 0.7454624117116074 0.29035240884524083 0.030818724401655898
414 -4.005709325474172 -40.45121401145771 -13.361133564761397 0.7129086555976191 0.6799661480628789 0.1714512224417396 0.0034299541920814022
415 -3.9992527867456937 -39.52751362891756 -13.165200839133343 0.6101497014112787 0.7520273708280166 0.1962367881810281 0.1538287956060969
416 -4.190663570822378 -38.58927401991701 -13.210465749538125 0.6638642157113951 0.6701660283716594 0.23008151064853266 0.2392160027509432
417 -4.08762396469096 -37.5626631020996 -13.333019559212017 0.7309955610537108 0.5925768998329216 0.2685464231967486 0.2058662820677714
418 -3.9523800204127255 -36.51023186514994 -13.17640614369199 0.7131196401062532 0.5932801451398262 0.28675968274905517 0.2392654020690336
419 -3.790343508908704 -35.49952650176641 -13.054381523915108 0.7092458418166987 0.5827475709390135 0.3092368414951885 0.24849181131876702
420 -3.7590694863417835 -34.54608133459177 -12.909532598921018 0.6893893352414244 0.4688509148104275 0.5133253092526561 0.20351484225352626
421 -3.789855126748208 -33.66547569473623 -12.360890224608747 0.7511781311266519 0.43434026386451907 0.4660160938913061 0.17294204444686112
422 -3.514742213677046 -32.81746108338242 -11.88121866863263 0.7326535139824999 0.5757898143610427 0.31381957841531516 0.18221468198365648
423 -3.361673023708015 -31.856026200095158 -11.592298642421424 0.6234567791622281 0.6955732053826322 0.3508807137563374 0.06604759786876647
424 -3.605157258715008 -30.922467788653513 -11.272007503815288 0.46569789265183054 0.8321423020619162 0.24030532453062373 0.18143321884641236
425 -4.096792170831898 -30.111672814972906 -11.296685680173338 0.38718698508787275 0.7991291940772416 0.4396702215328599 0.13479193614332996
426 -4.8225305436569545 -29.42999328887957 -11.109474693776793 0.3740925116922063 0.8347792339588088 0.38438224017376543 0.12429286659321344
427 -4.759830703345039 -29.503508897919975 -11.083710216017883 0.6172619523269253 0.34447464876515943 0.010565547097214722 0.707257568204264
428 -4.746071579575523 -29.481495736377152 -11.154696723037443 0.13221890464696584 0.23818803067380093 0.26152122677159056 0.9259542490023874
429 -3.9764860904787804 -28.951055470274543 -11.57627598384699 0.040725771627718184 0.23450613923364277 0.28039590981590984 0.9299066705565492
430 -3.2333626343021393 -28.322825739757437 -11.960824129888005 -0.07582710602018451 0.1983421619049831 0.4033068543599251 0.8900866351259091
431 -2.73203199063611 -27.58768744473725 -12.367408509957746 -0.03675697921852335 0.22827344221888934 0.44489854921076866 0.8652198801266772
432 -2.2153745862503356 -26.836551684947658 -12.809736629506531 -0.0551438966882745 0.2573577637038377 0.4552015474457952 0.850598426592917
433 -1.7834212716261657 -26.106762010778674 -13.239176984882443 -0.10486244761819084 0.3013499913028187 0.5106386306895693 0.7983985462591944
434 -1.4920379837128812 -25.32563168200646 -13.719037786992574 -0.0016413379941415912 0.23946817380995156 0.5374697209948809 0.8085657664997948
435 -1.241833889301229 -24.435223004741076 -14.055543174511772 -0.04224233317622355 0.22056015993636816 0.5351046684876897 0.8143904437672095
436 -1.2383263312930397 -24.438608757982635 -14.147713278695905 -0.33936851285309333 0.8523790767167306 0.20364117357667144 0.34177360120952865
437 -1.8733529229874688 -24.93138055857656 -14.874526065773749 -0.230189216805028 0.88566557807514 0.16025720627372153 0.3700365334894085
438 -1.8457134289569297 -24.850481612821252 -14.844178800944249 -0.525910114889236 0.5316053185350375 0.6615548753288242 0.05620928118305568
439 -2.314339871390262 -25.308433497466424 -15.54625667778544 -0.5635689735785275 0.5040612320263428 0.6538360683679674 -0.028472479499490482
440 -2.6512506385746244 -25.91339328560532 -16.31130084753148 -0.5301912453150502 0.3298665558602243 0.7778943816800906 -0.07046722406012232
441 -3.0923484351327506 -26.394021922578332 -17.04410653271368 -0.47191520223818995 0.37307800820026327 0.7912197450396738 0.10990976641393822
442 -3.147680791673267 -26.449025404806584 -17.107421957171912 -0.3556886367337429 0.7595364218807491 0.31640915771457406 0.4432553016597032
443 -3.409094727555088 -26.70438297689262 -17.968938690221 -0.3931527664900193 0.7131805063192144 0.27401927194492515 0.5115837235588006
444 -3.593020575970628 -26.970838679137792 -18.885944929906444 -0.3895384799842308 0.7679340988079973 0.05038838833430287 0.5059624519869009
445 -3.7678058785943604 -27.488512425418026 -19.60907893817495 -0.3800432226377134 0.7401146646624187 0.04464462705013258 0.5529957408103002
446 -3.8289737543749323 -27.95344927769097 -20.5425722337422 -0.4010025078133072 0.7516091851913551 -0.05696866068706114 0.5206104043936797
447 -3.8053137809972517 -27.903575853552173 -20.605281900001415 -0.2042708708565809 0.9077929244642987 -0.3138769049163997 -0.18885631091428062
448 -3.82327832346572 -27.93781454175794 -20.6368007032199 -0.030028015860675442 0.8462953958329981 0.4476331479459119 -0.2872402933353424
449 -4.588459421272293 -28.292386954187087 -20.051886865279542 -0.1696033601322386 0.8040571151020305 0.4547146122561088 -0.34345520419179987
450 -5.308217360473743 -28.890934809830128 -19.62771115010574 -0.09159575273601087 0.7554089822681175 0.5219282222043119 -0.3854327677507673
451 -5.940117882637149 -29.395705979250437 -19.02196512243135 -0.1401475660576512 0.7629128332879249 0.5115691303245685 -0.36962101324420366
452 -6.683468591172865 -29.984812570727442 -18.591775375868558 -0.2610152806511027 0.6797610127557614 0.5775134520586356 -0.3691533576919025
453 -7.318878785028425 -30.788260100129364 -18.44821841699787 0.3128790767417114 -0.6330632163756603 -0.44792685677582056 0.5483604456817531
454 -7.322772617839186 -30.74937022462486 -18.5072168872033 -0.18695597536723393 -0.5885096023445955 0.14236443186547518 0.7735866336502415
455 -7.026427633046012 -30.264095772156438 -17.696992018361353 -0.17914864395411695 -0.5846540426475043 0.05290254131809702 0.7894851074639839
456 -6.76679281993482 -30.031397553016063 -16.79278060811096 -0.13378558884051286 -0.6620197836660398 0.12357222459935553 0.7270220956483604
457 -6.730658723268239 -30.068338736069908 -16.669097217906785 -0.5556460379910677 -0.41797793597959276 0.6626316509531919 0.2783365241108602
458 -6.7628870061623 -30.15626052196175 -16.699477935482 -0.06553836419488619 -0.6813101561529915 0.2762058660232108 0.6747084655729564
459 -6.759398399039978 -30.111517469735844 -16.624896743952142 0.6635577661136982 0.5368133367894314 0.2943896787062572 -0.42995028729659235
460 -6.472620438265967 -29.649703445500002 -15.740624943172943 0.6855233874107143 0.5875788552876109 0.274822293290046 -0.3305774965762809
461 -6.290393463010508 -28.927369565502303 -14.933117468183857 0.7401726255597104 0.5046923799878442 0.19857456710436897 -0.39748990836694575
462 -5.9627962865782065 -28.34789377546508 -14.20933448750557 0.7365143029262989 0.5527359722831892 0.2527958817838826 -0.2968566466870078
463 -5.648819469666104 -27.635271422024562 -13.539710753977678 0.7996968657973482 0.5321481675733041 0.20680461488790955 -0.18583622317335297
464 -5.28888603010798 -26.87915767590283 -12.981754777372226 0.8246582846632916 0.46255599850234097 0.3003877954827099 -0.12549037457405918
465 -4.924068750669404 -26.201416838863164 -12.414621242511146 0.8494788714425129 0.40995257263782586 0.32593747620082636 -0.06394760955828102
466 -4.390733971570111 -25.56208738522382 -11.764522178769496 0.8323012584326109 0.4182567691833133 0.35292976360520695 -0.08818430815854698
467 -3.9871116758187304 -24.939436209433723 -11.087476136552333 0.7675307134376691 0.4365421244820494 0.4361289503726861 -0.1735485987537236
468 -3.799723391522887 -24.429220801048544 -10.346687108493851 0.7835932875370285 0.3778417943051857 0.43001090453108837 -0.24146999852467163
469 -3.478903992390812 -24.026070232652625 -9.462453966877304 0.783479586822565 0.4186617228420688 0.3948448906596863 -0.2344773148498465
470 -3.1941636766061428 -23.55245512013543 -8.67846335022275 0.7826024357363014 0.3349694164865695 0.4705261967438263 -0.23223698193019457
471 -2.9161769686736068 -23.243771324095764 -7.749788376107738 0.698330226739615 0.4422049103974316 0.48938136998556075 -0.27802083798387095
472 -2.8944919430138136 -23.29024637476726 -7.795313540769348 -0.2974496335301759 -0.6438369579937482 -0.15924939051754833 0.6867585592141608
473 -2.710946415633981 -23.159301425438432 -6.789592468427005 -0.35979376737640006 -0.605792243520629 -0.15823879656372022 0.6917547874134341
474 -2.5569813438320455 -22.94540296504693 -5.80621770098407 -0.44879824693869885 -0.6145691324647111 0.012712800312485376 0.6486318676063777
475 -2.2331078738659444 -22.4250345398632 -4.983999869256074 -0.32646902098568403 -0.5738593016837464 -0.14240133879365002 0.7374451429885941
476 -2.193333545890981 -22.5163686191139 -4.97785069734667 -0.6375805979321711 -0.1362644083017604 0.4049445907788385 0.6410482591580638
477 -1.5755366242735651 -21.84832445442142 -5.241479882908763 -0.6113017252819056 -0.07896905050859528 0.46449169174231775 0.6358628452988073
478 -0.9322178887437002 -21.170225951862125 -5.7011119692370285 -0.6344154966012057 -0.10268933480104353 0.43538512525696604 0.6304059572175214
479 -0.33726797010915843 -20.50880132133691 -6.1667174552954 -0.7328413139693812 -0.2075093156458572 0.34263849736870367 0.5499839566575849
480 0.37574626876488504 -19.87435168516237 -6.418030872324366 -0.6595861547049151 -0.05104952079303365 0.2544157899317324 0.7054166547380329
481 1.2267990766232053 -19.55924403508666 -6.682448436249949 -0.6924016012135544 -0.045623517132817454 0.16801434080553698 0.7001926153602434
482 1.1482109046455526 -19.61855048189913 -6.698431251202364 -0.22386452106423804 0.01168088975364386 0.1135931515005099 0.9679074485483747
483 1.2439624568642804 -19.635449606958474 -6.652427864408289 -0.3419423253594358 -0.08004298040700784 -0.5698604839384769 0.742918297163793
484 1.609584261620407 -20.29608445782086 -6.177865524073083 -0.37788115685636725 -0.12270874317959009 -0.5124416669299917 0.761283083769888
485 2.0982675605822685 -20.863994378425886 -5.681331019182915 -0.3809116072449006 -0.2112213867895368 -0.3826456125394334 0.8147847620280666
486 2.699773433282299 -21.267862278000482 -5.016783239140185 -0.3902520605322485 -0.14399764416674055 -0.4291275555611595 0.8017590341136587
487 3.376641329585003 -21.70431068603939 -4.365518960881026 -0.35688575745709944 -0.12501518670699002 -0.3979093987794811 0.8358659399567856
488 3.9168344191034103 -22.30038561390561 -3.8802217486948853 -0.47781640749243526 -0.14039884828480645 -0.5435341745741831 0.6756850192221846
489 4.261210042781185 -22.948957969775837 -3.070108438619667 -0.552550829102953 -0.22642899925480975 -0.49703764901614544 0.6295800703759666
490 4.229242851710089 -22.940100938328367 -3.139523019741071 0.7834174487186859 -0.20017940958295385 0.5727426443271482 -0.13472627209000756
491 4.507471011222741 -23.460452299685144 -2.3058644135182687 0.7936473849523774 -0.19323110583199365 0.5450308443004152 -0.18901573177482897
492 4.941996710660329 -24.048508317153292 -1.5257869255307108 0.8709465062603096 -0.14098521884392398 0.3877042884719413 -0.2669470659156168
493 5.592527845400539 -24.597662388461913 -0.931344956471859 0.8695634409299071 -0.12785337315347772 0.36031984123619315 -0.3125420758601018
494 5.5830731873124035 -24.54236688366976 -0.8806593784421735 -0.39604604890533573 0.6682121860291933 -0.05685694445126068 0.6272218821567257
495 5.598522927599996 -25.08903031340371 -1.7084268554455497 -0.44489712465328246 0.6602816824190695 -0.09133913490262026 0.5981235748341021
496 5.709297684160733 -25.70677581475753 -2.418323416994232 -0.46064204056277297 0.7135015067241357 -0.0698074649392125 0.5233081579789428
497 5.663989714205324 -26.363997867443146 -2.97053729880226 -0.346853724062944 0.8007052797560514 -0.03242738528980667 0.48735204293992357
498 5.68585684811478 -26.391516066031475 -2.942029732275402 -0.31325207781459957 0.8525089923193998 -0.28332429568691436 -0.30794300971593924
499 5.711757095118849 -26.302827930275175 -2.89982643026581 -0.4538702719618964 0.8028355005133014 -0.09738851116688975 0.3741288724991529
