# time x y z qx qy qz qw
0 11.910294337505363 12.394963266894138 11.894981124138436 0.0 0.0 -0.7071067811865475 0.7071067811865476
1 11.864005355421645 11.431138712739354 11.915147974076152 -0.08266062028810281 -0.09996427448075758 -0.7360596517097208 0.6643723013537562
2 11.821293554326227 11.481248102871653 11.960982432443872 0.4973009913368297 0.5975711779099482 0.4376318174677932 -0.45175082034962544
3 11.892854025833975 11.523446833287833 11.941117257263127 -0.048365394267264654 -0.7075086902688323 -0.03171160949850231 0.7043341647644733
4 11.888609551247546 11.562640528692613 11.933986374705002 -0.5084826535545319 0.6047261865260168 0.44513841894068323 -0.42143020578362883
5 11.762333897124972 10.57687922203093 11.960109035229582 -0.366940943815284 0.6616903839804127 0.4978778397570493 -0.4238370396492696
6 11.347268295653896 9.68043772762115 12.094017605530498 -0.4299808274930568 0.6231687111245977 0.45300621223209275 -0.4707043840276252
7 11.177100467713073 8.782431172756011 12.339312674110861 -0.36419661847677315 0.5541329305361208 0.5916163804068094 -0.4585712341827387
8 10.841855592240748 7.804490229521511 12.42321921426791 -0.35601999771743653 0.5228204192290218 0.6390425749507094 -0.4376450135244697
9 10.473730406328562 6.909190013458786 12.433964281179716 -0.3654083576404626 0.5161156403924188 0.6853926268698535 -0.3610239949660759
10 9.898236786748027 6.056465383653536 12.286994892299479 -0.49414630321326486 0.4674070115792075 0.6169759332863878 -0.3958419056803484
11 9.657519605343627 5.032234653309659 12.022423911500129 0.5438317317627537 -0.5288098664014087 -0.5012628196689674 0.41634451880860035
12 9.606717044972811 4.105424987341385 11.90993742854411 -0.5195770726410407 0.568091363332315 0.4731865593005521 -0.42825967425185346
13 9.469204506340944 3.070336769412253 11.861892782352651 0.6203064193976177 -0.5237269794347265 -0.42289741113583257 0.4026012626916304
14 9.401248724620736 3.108011362340488 11.854115277444784 -0.016347259428717936 0.7667851434165458 0.6407689006346838 -0.034475018843452526
15 8.401643165521495 3.119653356843262 11.871505119153342 0.020146605824490068 0.800750100923344 0.5930594248437677 -0.08169399457112257
16 7.38494783349512 3.102093390112009 11.937923090195572 0.003132641550569673 0.8334213453167014 0.5482960251298716 -0.06906892611152032
17 6.3898151373149386 3.095950235031756 12.067489223300354 0.014502091571046326 0.7632901076940393 0.6457771181451293 -0.012239874045877527
18 5.399202198777875 3.177194413268894 12.100193665273167 -0.009053655163807295 0.7760969765710757 0.6266657162881517 0.06986840712702869
19 4.408107849806334 3.214552021330663 12.022304018849649 0.09632743196898319 0.7491016614678848 0.6552978221847974 0.012348719616920438
20 4.45013614813407 3.210780962616436 12.060924557189608 0.49687090011258384 -0.38039857414291806 -0.554836605953043 0.5482449946017327
21 4.403182111471442 3.167654328377386 12.014031637020969 -0.04092665462736975 -0.04300863941250482 -0.7491822124317069 0.6596978690679776
22 4.448720214276382 3.1522468855255408 11.986140883271936 0.5636991819678456 0.47681434976610393 0.5584317455101161 -0.37821329129531495
23 4.3684039882059915 3.225282320264965 12.982415040318108 0.5032402663544114 0.5769000988274334 0.5478112341951863 -0.33739941016840214
24 4.146112178669115 3.5063957783444724 13.951663854634647 0.5136716635535636 0.5201375294189072 0.5750160793553416 -0.3673620571519628
25 4.010402959307284 3.6072866928345975 15.050678940285186 0.6013739139426209 0.41627725282268724 0.5918340128249506 -0.33881435281765504
26 3.9871590697622863 3.6213144990146375 15.024993417801896 0.6773364167308089 -0.10261842231990916 0.666854471138303 0.2932404342748377
27 4.024260429313231 3.559441984225437 14.979304398987388 0.14239203734934924 -0.5579667643951384 0.3200961618473529 0.752287208917256
28 4.166152019705176 3.939898447617033 15.957205214939313 0.17155284510048258 -0.6427323775537593 0.24570264763387462 0.7050495877083581
29 4.1486874464258 3.917740748122094 15.944500550215398 0.49560484490119305 0.6309579856379249 -0.5652606342971112 -0.19169839171006245
30 4.076053405798954 3.9463589975586895 15.966440337268708 0.0333907084584536 -0.79966629747352 0.28277211827323173 0.528638631203685
31 3.7053063485301205 4.188237529898309 16.770833274193002 -0.06278806594164317 0.8664502708324697 -0.16218053632986382 -0.46799472281790283
32 3.7240157132991656 4.2406327905186085 16.84669349326833 0.557278939318122 0.7216889169427734 -0.3779796576849774 -0.16042652315244899
33 3.7577176729565607 4.178547038757584 16.820924683335544 -0.39546789871810617 -0.21234264673873637 0.7945103216459515 0.4089854401534622
34 3.3971255170093038 4.960344690243358 16.408389109376046 -0.451069288707548 -0.23654849103652573 0.7581876792466655 0.4071028754648698
35 3.1214186218004722 5.772214569966418 15.934141216887946 -0.449861201708886 -0.08901197273167671 0.7867871268469165 0.4131195770420795
36 2.9083762187778768 6.550992123842395 15.274768119928959 -0.39469656684993 0.03404585420556875 0.7955799938175793 0.45837536295651066
37 2.6675620220809755 7.295007669986384 14.663938280941668 -0.3414596799813865 0.03939971395885801 0.7517024375055632 0.5628466886596789
38 2.6145787579150257 7.39810836792815 14.583960873417116 -0.32206892154149297 -0.22387943017812978 0.18300513024744391 0.9014758636942709
39 3.4486244909315937 7.821706397194457 14.914041614426486 -0.3474439178186469 -0.30623175839812566 0.04231472848478624 0.8852763963150041
40 4.260712459751398 8.1097475228764 15.376706152311144 -0.3679847969384387 -0.2625683808610499 -0.1600056915795218 0.8775210614317709
41 5.045421022907183 8.002760050406884 15.962672105668865 -0.3553991013471295 -0.25625702942886863 -0.14537000093919458 0.8870689806643469
42 5.863000914656621 7.93804396216884 16.464607031060027 -0.44462501334856896 -0.11496572103844538 -0.21764285921690715 0.8612334563419984
43 6.800858856264517 7.806025679216729 16.804806664413743 -0.47260301041211966 -0.04988451882220218 -0.048617009112309616 0.8785182500985697
44 6.801038086237317 7.778277812134752 16.832628349448104 -0.19314809303220928 0.6322472451392989 -0.29691606975573076 0.6890559358227741
45 6.784013718445874 7.147073055721355 16.093434206461247 -0.24798154766742472 0.6445541945524949 -0.3404818855109603 0.6380651439627112
46 6.686168322834989 6.341594924477533 15.406637037005964 -0.2625705533926505 0.7169133511424146 -0.35851598719586864 0.5371761707017573
47 6.395415249644631 5.554897562153404 14.86807454588536 -0.38993130524070996 0.7213700690127923 -0.22030447052841098 0.5282468561108089
48 6.372481095182452 5.608168169361167 14.871393874601083 -0.5654448126569185 0.645877448337524 0.4870742455073929 0.16085137528723756
49 6.0817449641592685 5.08205896065271 14.129443462208133 -0.5695287177480477 0.6979952160253374 0.36683630912842324 0.23210092712232674
50 5.841400170311694 4.534663244143342 13.438128903654578 -0.5764542243487366 0.6371394903464026 0.46939118422788567 0.20353307652754307
51 5.628634656835296 3.9140929678542253 12.692490269255364 -0.535824126249535 0.6358322787950801 0.5427806498012671 0.11831730715534738
52 5.236025776056732 3.3329851850006698 11.924425314108387 -0.5450193454448448 0.664246432171219 0.5094489682998695 0.04682242130516674
53 4.805962358842024 2.5793668024713092 11.24025816223015 0.6280725835825691 -0.6191404775083784 -0.47063874887187956 0.02625008424608378
54 4.549096384691825 1.703886124544588 10.667350962099286 0.6917248293238013 -0.5633437461251503 -0.45116552821538947 0.024703245713249885
55 4.48225662613071 0.8605097298961616 10.124202565029961 0.6935048275781222 -0.6384201766138031 -0.312634575546368 0.11717659489498089
56 4.565502214603647 -0.05298490753865448 9.897362883692056 0.8694302571686937 -0.4418643526673118 -0.19794135055631748 0.09831654744455806
57 5.103258483204199 -0.7942071166666549 9.636893524945947 0.80099674771839 -0.5150135414986292 -0.20157233316049733 0.22920265426437642
58 5.5319087929349084 -1.7373705121229628 9.535889470038363 0.7762023824740557 -0.5160969746467649 -0.3580877154584823 0.05410140700371371
59 5.846618805164738 -2.6404063651592713 9.07351085066937 0.7596720024921203 -0.46130918686476247 -0.42973671291999155 0.15943224364131836
60 6.110455543392559 -3.4432856639071265 8.544232823332052 0.7944524712670461 -0.5615470357559618 -0.23015732003540298 0.02319063529740415
61 6.359341954793607 -4.425550395951899 8.253318921624958 0.8307859626781136 -0.5117168496822714 -0.21457563310646752 0.043564293236672304
62 6.781140548773764 -5.321446057636095 7.925595102359488 0.8070221901028336 -0.5164322051816772 -0.2782758924885469 0.06764236684592756
63 7.06788626938743 -6.202382402393178 7.579176481173195 -0.6554229943841279 0.674716574227282 0.3375287189608909 0.035392185184933166
64 6.984895506604418 -6.180049553160686 7.63615850878971 -0.42735591066565504 0.6736176563092477 -0.27568457332868535 0.5362874180475857
65 6.935461687376219 -6.9688506354782875 7.220401749146612 -0.29634988887195995 0.6292647394105868 -0.19809478642015124 0.6906236939848345
66 7.057471600446227 -7.63312575775437 6.411197779070428 -0.26803884390925864 0.5417004489421638 -0.08664059024332059 0.7919654095312089
67 7.486759155823654 -8.10443877031986 5.673575580621305 -0.15495507488159393 0.6157273857321124 -0.04907033824209697 0.771012848876557
68 7.759084530652764 -8.311883990349374 4.700309447284061 -0.2161278355185184 0.6709226409239022 0.0401380125391761 0.7081952474841822
69 7.818758905929087 -8.48884746866588 3.7856559724591277 -0.32978965890254036 0.5523601875034444 -0.01956147400698479 0.7653459040700356
70 7.790529257312833 -8.552769526932146 3.8213497893481922 -0.6690889440169568 0.07114788485392064 -0.5189939861411204 0.5271652547583533
71 8.324753062437493 -9.239532567166462 4.439607573162576 -0.699976960117027 -0.1256995349714468 -0.4509877973451631 0.5392975884046276
72 8.94355735701972 -9.667670824809205 5.186083838647389 -0.6135229796760276 -0.13988537087835984 -0.5363366685087178 0.5624629893927631
73 9.2663225513497 -10.043421250580275 6.006020942561305 -0.5836899040667533 -0.193086543558148 -0.594478038589809 0.5182851958350029
74 9.551721094097545 -10.399195933403188 6.8740124593737795 -0.5732403612538166 -0.18061884519131874 -0.5795331421548086 0.5503759243785329
75 9.756563473872331 -10.823603987675751 7.744799930635006 -0.5623344979442164 -0.21787749390890299 -0.5751105814102727 0.5527722218235481
76 10.03476609394039 -11.213624772757449 8.624958497693985 -0.47617404690016696 -0.2798473609195749 -0.5499722989803123 0.6264776149228141
77 10.269236108042433 -11.631057628428923 9.493223938921396 -0.5438118390624805 -0.2931937260501297 -0.510723211386134 0.5978862132979487
78 10.249182976267809 -11.622203316680508 9.43749385426639 0.7595334042577732 -0.013671549154099013 0.6377152597839089 -0.12744153168832845
79 10.313275335974234 -11.653602599037866 9.439404847247896 -0.529638918368211 0.5632558948930632 -0.5082704451106675 0.37932382952428706
80 10.116389811002271 -12.59654743196123 9.563568514615193 -0.5651531822985277 0.6460886852514799 -0.39109831566716363 0.33198403396875736
81 10.035817573971949 -13.582475605602779 9.513364626721245 -0.5045814971856721 0.633661458755936 -0.36931797949327777 0.45549412554737523
82 10.03034799352361 -13.658626190452942 9.558509720572237 0.791114861364071 -0.12445575727400698 0.5954981387415464 -0.06348233900554107
83 10.263379470624152 -13.952458441764884 10.547488696579338 0.8076995015151863 -0.08934554351750856 0.5814176945977412 0.03990430445865108
84 10.644261758680438 -14.008020123539604 11.5111423800925 0.7624560092486391 -0.1620880595585388 0.6229174407042435 0.06604662728453622
85 10.674618883583408 -14.053184185085382 11.588030905019647 0.5689677178080383 0.5490087643676369 0.39288248299882367 0.4695832911129954
86 10.730052414860118 -13.003806057334838 11.519397379169247 0.4267670303039287 0.4413087801896498 0.4556963529586309 0.6445597693568014
87 11.002803832672065 -12.126296155350625 11.337934388876421 0.2787541956438837 0.5250595924702703 0.47001423039706264 0.6524531753238257
88 11.027178214949041 -11.20646277145942 10.894637180549992 0.19538680494216404 0.5784454354425864 0.43036822080562065 0.6648368741208138
89 11.062962829012482 -11.138036580120364 10.807129784188847 -0.032767343746032775 0.7969020434953226 0.5762097412757969 0.17848184309807993
90 10.138043058182962 -10.977769638068029 10.484664604786271 -0.04895917873218829 0.8507783645879348 0.5168480077798678 0.08153103716334541
91 10.104897007062208 -11.01692854843791 10.445720041258976 0.3002246698945347 0.5657953222578058 0.36969130826636637 0.6731041059822817
92 10.022510519579862 -11.00873441291228 10.38636552051783 0.4345161887489748 0.020085783579691298 -0.07796379403086016 0.8970584651143808
93 10.991419493288927 -11.109951138644986 10.259330388389328 0.47135661758535546 -0.0493579169745583 0.009613123991520015 0.8805079914103843
94 11.981201048405515 -11.105300318706064 10.388549373310981 0.40461254110222067 -0.1395244625046065 -0.051402582152599664 0.902318896229958
95 11.90631741014555 -11.098426820266653 10.433395946244415 0.8764270242792025 -0.1667087461251655 0.101778637044838 0.4401419931337758
96 12.866149289871965 -11.22134299565579 10.792576125782078 0.8374732048288495 -0.18303989211859475 0.11811177771877032 0.5011832370012189
97 13.793487042819333 -11.451793809524423 11.211781230850429 0.7942629418411843 -0.2404786897260869 0.11009276920071781 0.546988081383067
98 14.696854670085733 -11.711632592661415 11.731772447705355 0.7808520873325943 -0.25992009264729504 0.30802732707812935 0.4773161729081213
99 15.297289580689565 -11.754755533987511 12.501233212383655 0.7330275218132994 -0.35313233681349987 0.44902553547673624 0.36924825449921955
100 15.611921853189038 -11.894263151190993 13.386019450944849 0.7375114021956619 -0.44484387889727445 0.4441712897321601 0.24678476536586644
101 15.618595826299071 -11.865410096883858 13.330216279310516 0.7033787415437196 -0.647621145772401 -0.07146323875629158 -0.28414468673420135
102 15.802701181723565 -12.71944160614408 12.815469583620587 0.7343105624527128 -0.5519196802356868 -0.18448535198555938 -0.3494822160592473
103 16.080580142985166 -13.472404038937155 12.210343752865157 0.6490091964648533 -0.6402812981817634 -0.2246695742745476 -0.34402108147323673
104 16.128954660033774 -14.138389051200544 11.46441447195771 0.7258446161940385 -0.5534502052219101 -0.27947239336004354 -0.2978886450195174
105 16.30606647644672 -14.763631707073783 10.70426075596357 0.741042989711523 -0.5502087522628435 -0.3332449362822686 -0.19254461502467313
106 16.4548038488236 -15.447659738240429 9.915281367335837 0.7755002023572377 -0.5397133582979261 -0.26328339685004964 -0.19491223656240123
107 16.73503201484854 -16.143306414923785 9.341397823455114 0.7168289695406698 -0.6227585403243874 -0.2793279134966727 -0.1424919142333897
108 16.867791686680487 -16.95395980801319 8.7474453673581 -0.6773622668246633 0.6931445646711699 0.22133742394345943 0.10835458786337561
109 16.782533547905686 -17.84216788181331 8.314913530015934 -0.6135571953242899 0.713478328195245 0.30020017772061997 0.15612846171668437
110 16.765660805478426 -17.75612820433422 8.349214633202347 -0.6281762000178209 0.2910636786956412 0.6326638078713657 -0.34700591188773044
111 16.792515430779947 -18.645363016398516 7.689821620675218 -0.5782707387667338 0.26590789080070115 0.6580148790554522 -0.40238335606450853
112 16.79163805305812 -19.474641627477492 7.2357811422415175 0.6778608951884664 -0.24014205354334336 -0.5510963130219376 0.42323664145239587
113 17.14949134487052 -20.227118319447676 6.685751734837849 0.7735476265501413 -0.2704159892239911 -0.4744861090503218 0.3214999137619476
114 17.53073435934515 -20.95465662148914 6.138914698085431 0.7927049500910721 -0.1641408800573194 -0.5047100295462469 0.29990735181143285
115 17.99550316058133 -21.509153835579312 5.408591119254551 0.8123948088925992 -0.22763510214928434 -0.4138808113877131 0.34190584774012084
116 17.96372688515474 -21.513832818468178 5.465493757907019 0.3466045330798561 0.15459546335981364 -0.3855022377945738 0.8410431409936326
117 18.616824917898253 -22.09632527610876 5.025588287979841 0.43363476170034276 0.167164595041216 -0.46536738311092246 0.7532928317369583
118 18.69204940013331 -22.115545601187407 5.013333170909885 0.6297301628223493 0.6196186771193327 0.06001599612115233 0.46466191710340526
119 18.931748707305168 -21.33404820214212 4.529485439294613 0.4628378737923946 0.7772731929746458 0.05106847609845299 0.42310695670872256
120 18.717900173019483 -20.50702120167229 3.951072178084704 0.5039088476160182 0.8254140957144116 -0.02089405959077539 0.25363533303558966
121 18.721342406214593 -20.617659295826662 4.025255114013453 0.25840668990536647 0.6345991995921006 0.49836527900628874 0.531170299593459
122 18.39053381873651 -19.740728298208264 3.662326400355623 0.08698727520324841 0.527797785481014 0.6260233741897193 0.5674129418352858
123 17.974154221576025 -18.88584791627828 3.2009530628294107 0.06284432792285073 0.40311326754602544 0.6727011244901347 0.6172709948523433
124 18.020161086563565 -18.8997657111543 3.194270842884918 0.40450550789327094 0.20087648203827924 0.8763904081843148 -0.1672237587499524
125 18.036198627949126 -18.84817450200197 3.2054974168109913 -0.46037237614217474 0.16621102812287106 -0.5020304239725292 0.7130193705794459
126 17.99550795530061 -18.887465209074186 3.336432202677678 -0.6645985759998748 -0.38843279130296704 -0.05422306173884618 0.6359941501265478
127 17.938161601414613 -18.941440471725837 3.3784290448186756 0.7835852724218808 -0.27469174767426763 -0.32973212766092885 -0.44923856534293727
128 18.594695393867 -19.054479736017473 2.598328453186863 0.8185519522242711 -0.27032579654329847 -0.293311161691448 -0.4133584735556769
129 19.246663513958048 -19.287140075667157 1.9396868834788101 0.8177299725647095 -0.29584364457798745 -0.22952062732484832 -0.4371664575016493
130 19.941835894426976 -19.48230124001343 1.225807038010807 0.7848763122340362 -0.398636770689083 -0.14835237680374236 -0.45061011067791173
131 20.57454537946863 -19.972778223143262 0.5774357666825789 0.8772077648192905 -0.3615058146106474 -0.1547260320922081 -0.2754631342601729
132 20.527128911744807 -19.960994504163505 0.6579376750909756 0.761452834082868 -0.1403514138302632 -0.26624694138240323 0.5741111637196482
133 21.3429116853114 -20.448612488127697 0.3890099508146659 0.7937212268148952 -0.16661579619176817 -0.3160591827859625 0.4922929854664909
134 22.179525930314014 -21.000483119051015 0.08581240535787193 0.7662393869403125 -0.12812787228018277 -0.3989020295424451 0.4871730914913158
135 22.05196439274516 -21.053514745582635 0.08343114729735734 0.7439041081702419 0.32520574766952964 -0.5760615954807713 0.09487327201213307
136 22.061397217221913 -21.05551071466702 0.09454896334356741 0.361952859980338 0.758462676935523 -0.5166952171265787 -0.16355594592179243
137 21.392720233567243 -20.349534015019525 -0.0748276785491255 0.4481027153359465 0.7019672194272669 -0.5368565023972266 -0.13502249883600886
138 20.797089259657636 -19.59235731836254 -0.3615609528777707 0.49571148514014246 0.796606869213193 -0.34150324005699123 0.05534578984066438
139 20.743498969467513 -19.573532604113414 -0.3046990591782566 -0.2609986171501103 0.904555087023006 -0.3127723605233301 -0.125830309858939
140 19.88427094639178 -20.008637584423028 0.05655099619269749 -0.3136794305571519 0.9072304821817517 -0.2801295920882788 -0.008091889894344595
141 19.89241159093193 -20.03162712369146 0.0684251893318276 0.7369781946918051 -0.6741521321872094 0.04753286573779303 0.011075644044529667
142 19.950897109751242 -20.90855145723492 0.07590048194370688 -0.6780772526385287 0.6839778755130691 -0.26660682261187285 0.03614287481117005
143 19.90498200198344 -21.835194286233776 0.38358888522250456 0.7046594832345109 -0.6479746714179063 0.28901163811628877 -0.007490722386311711
144 19.90043780692176 -21.84902402674043 0.39690229631445023 -0.5535579437095546 0.594455904121157 0.31072952212619914 -0.4936020108252932
145 20.0100435870496 -22.743537105670548 0.6871505210672049 -0.5581681672551719 0.6727807108646656 0.15452585786776235 -0.46036525868235423
146 19.948536667276652 -23.643226846069545 1.121789952310777 -0.5782882297060071 0.6292766279485149 0.1992171715304767 -0.47948531517517456
147 20.134570635194343 -24.56454537731463 1.5447132418736493 -0.6264324756345371 0.6675068107462481 0.0739013021689232 -0.3956710864032098
148 20.307624802002024 -25.397240100890677 1.9075538115612853 0.5531174445535217 -0.6288272918419842 -0.126342527592041 0.5316717928260932
149 20.586851836738063 -26.192649680092885 2.4132247584640925 -0.6307893924021032 0.6493639898176236 0.10789688833646063 -0.41083988687618117
150 20.705539345941485 -27.017878029752985 2.8499240337425515 0.6517135258861819 -0.6391719222228593 -0.10493170238162985 0.3946112921017718
151 20.868716630106572 -27.941517652198257 3.241681079700985 -0.560120683535559 0.7194870381128046 0.09223856698543445 -0.40011906805824227
152 20.82528403712883 -28.780270335991283 3.7835131863280824 -0.43422274272917916 0.8201073975463217 0.1093313001951893 -0.35625992334835943
153 20.417960953306935 -29.5921032763316 4.280301417616576 -0.3179985121281779 0.8945864092354204 0.11842623834138157 -0.2908046230166448
154 19.79785096807856 -30.21861691438562 4.737857644452261 -0.43302746737697195 0.8693900276415332 0.04674447821022249 -0.2333734048502406
155 19.272639782450437 -31.04727618493244 5.121356772130532 -0.4821340124894499 0.809790028558009 0.10598133723853516 -0.3171038628051926
156 18.970060111420516 -31.90324257152292 5.457342289272402 -0.4242610783903962 0.8787949505900506 0.09756035907419915 -0.19545830378309012
157 18.46414455996721 -32.70608456846222 5.608112246906428 -0.3004287052773434 0.9169954567271069 0.11667585636967935 -0.23505035615294467
158 18.489640755412232 -32.71233745775512 5.579952351033567 -0.1072021754047184 0.7749456492649478 0.20730981880015376 0.587358130362451
159 18.160415010812123 -32.56876988902142 4.579659644729444 -0.021164980418675098 0.7858129466984782 0.12447758462978858 0.6054381779584664
160 18.178946022766972 -32.607358355245346 4.617738721767923 0.3876970600336452 0.6426869154516687 -0.5798702736792685 0.3168516751598747
161 18.138873540915963 -32.58089885225957 4.64220750085808 -0.12810365782418173 0.7070772695356186 -0.6914892862338663 -0.07398482805209232
162 17.23734355303762 -32.63414674533356 4.977662997589376 -0.015095609708960055 -0.6315738979641294 0.7751645038110517 0.0025546055031001125
163 17.23092981233283 -32.64984420991632 4.956838337292428 0.6373724760469786 0.4241804665425453 -0.45213399546015404 -0.45760475164789405
164 17.532210112282808 -31.739978609058873 4.826775295776824 -0.6105380319639911 -0.3339422446749968 0.3737373622936378 0.6132261187953073
165 17.54363216316119 -31.775553502503243 4.889186544338685 -0.23308935683107956 -0.6257263268681187 0.711262025936048 0.21964117568788175
166 16.84943549270972 -31.188202502957278 4.871053640880885 -0.09551877630102512 -0.6478964976775142 0.7286544464088045 0.2004220282300441
167 15.957327321528707 -30.814604180474927 5.04136411701324 0.10840794507103979 0.7043112274598908 -0.6477583866582716 -0.2694484827073445
168 15.121224168389908 -30.307072359877775 5.344603148494137 0.08521662851838593 0.7111482194623299 -0.6384683548482629 -0.28171704960273586
169 14.238460946961807 -29.770812882297697 5.6283088070448555 -0.008053020309793218 0.7137800976954543 -0.5841152007909216 -0.38634512188293485
170 13.573035149684973 -29.302802881145812 6.174729970028646 0.08647669986839807 -0.6249610635666528 0.6356408303916151 0.4448664790075416
171 12.901132704811035 -28.840360049362594 6.856810259983868 -0.012499742131819497 -0.6001274724004365 0.6808270576543956 0.4197204913779645
172 12.127742418567033 -28.286473030284252 7.331704940338766 0.008329751817223022 -0.538918964698675 0.7306173987307276 0.4191600904126217
173 11.474906576005843 -27.698762929523877 7.758923042072826 0.012382774581106796 -0.4225290771072009 0.8398425879606018 0.34055876635354737
174 11.49196806038303 -27.637890621758277 7.738500219389698 -0.23323956724284367 0.20173439870992002 -0.3414936462776077 0.887853944183131
175 12.228827177161584 -28.37902485274883 7.476915312879306 -0.22744095175003437 0.17887356624077028 -0.3802937753500906 0.8784369671167774
176 12.215974673972626 -28.395198914471663 7.423214118153779 -0.5572982188997124 -0.4879498336688127 -0.23386892510398455 0.6297848687484437
177 12.64454807714735 -28.122095622843723 8.297309280809117 -0.6863442162889519 -0.481477640143765 -0.18183496823517245 0.5138549825925716
178 13.124428592587309 -27.700805827517414 9.053459807697994 -0.6636131985612077 -0.4770376687785301 -0.21403270411632633 0.5350164360375895
179 13.139843897213202 -27.75094112052909 9.059950050777696 0.5541395237442239 0.8059467004461368 -0.20691618103540088 -0.023769692682823574
180 12.744064605691694 -26.80432963714982 8.866229482856063 0.5492922265939275 0.8285835911590931 -0.08477814122598473 0.06737914392194581
181 12.407525236541785 -25.860414953839207 8.645192473072877 0.5809752453045647 0.8103421749417978 -0.07622715024336615 -0.0016569307994042297
182 12.794439784966384 -26.838320778754934 8.76087246381591 -0.01043138047448194 0.007852808813302796 -0.5604315585034556 0.828097813020012
183 13.137014066270842 -27.819425585384142 8.642987492359351 0.09062038491916943 -0.08620910428644356 -0.5294291885904099 0.8390832321311941
184 13.548585846998952 -28.683085920906006 8.672864250122679 0.13062984671649108 -0.0027047395683523225 -0.6540125083630661 0.7451148679467782
185 13.692710366096659 -29.71169375604017 8.495790655089543 0.18946516160635807 0.01887237305480106 -0.650154511526093 0.7355582214991724
186 13.568734082179986 -29.673962517290427 8.434819016938025 -0.2122782666332754 0.4463999546927612 -0.6166635510997616 0.6126916701820806
187 13.478747536836144 -30.590110676320464 8.22593254399262 -0.06751624951043918 0.5186975856295186 -0.6034607884032093 0.6018550054406231
188 13.207521696898876 -31.436445606925616 7.733659581449728 -0.008366840068948287 0.4483002198849335 -0.6301326059330461 0.6339477957832269
189 13.041653028698532 -32.18066046134589 7.240665775340394 -0.038933570210364955 0.40934562507021666 -0.574329619887595 0.7078600314089786
190 13.065826597548398 -33.09881653862117 6.748904506465998 -0.05269021818998039 0.5579068448075408 -0.5323992233485967 0.634440509742088
191 12.911510313242472 -33.90530953740351 5.944392925338104 0.030096425650768546 0.43085158025091974 -0.5114772630263829 0.7428675052560682
192 13.027942381741868 -34.67578793347511 5.275929875858694 0.061167068920352584 0.3362171862048357 -0.552358275350736 0.7603400088327308
193 13.181951585550559 -35.53718876276242 4.740677734845809 0.030080603545052903 0.374684397595007 -0.41294440482919204 0.8295683684962301
194 13.254167764080961 -35.565323743661786 4.80644955585513 -0.5258156400775382 0.6016624345483368 0.0027547313305614075 0.6012592111215553
195 13.570345588647202 -36.172247734567115 3.997656778138963 -0.3214915805306154 0.5975174827429983 0.11153803112446235 0.7260683776871686
196 13.842909309650954 -36.38221788406941 3.1281630611248312 -0.3494126725507799 0.5989842636943896 0.21615740128373484 0.6873169676195073
197 13.868168138472777 -36.4652011327854 3.1680897330062034 -0.5884534672612555 0.7975322803917428 -0.12325963415073551 0.04971761448803681
198 13.543544117979746 -37.34915946987107 3.22401217027759 -0.5702236528953072 0.7775657741528117 -0.2592135591013307 0.055179555298070934
199 13.240305132380506 -38.23298130111874 3.4713595670550204 -0.637673837920601 0.6789099434079716 -0.36284889349868066 -0.028178815805137192
200 13.343773628748895 -38.278929795770644 3.440617348766855 0.14089892610551807 -0.6009651059555876 0.5449477023915404 0.5674684446771355
201 12.947130023094395 -37.80857969157942 4.189377084715585 0.16533015234918846 -0.475070183447347 0.46429873760644197 0.7289725260807598
202 12.929468146858955 -37.77112779642264 4.172102718152568 0.5792778644948385 0.034263500657564686 0.6609656108815508 0.4758020906437557
203 12.990668747025948 -37.14031897674328 4.927145304368516 0.4888634815764735 0.19903949761374357 0.7462835656538117 0.40553250721197653
204 12.768775318264485 -36.33224750245243 5.453254931308899 0.41955324112245523 0.23819647394692908 0.722292879335279 0.49551035723226483
205 12.76655411635927 -36.38866467737339 5.46469485360978 0.2106407348172535 0.4735085845770564 0.10596770625834567 0.84864064620888
206 12.809990628316646 -36.40769545686495 5.514483721238161 0.4855427828581198 0.07253997856159612 0.7420549717643244 0.4564433989056311
207 12.629066272932288 -35.66087934433998 6.19111127439213 0.5750065856810094 -0.03751097540827461 0.6917712448136175 0.4352159211200892
208 12.589808614114755 -35.67427986421969 6.106374814306206 0.6636406074230645 0.4910721517422531 0.5618454420872162 -0.05252604276168139
209 12.541898755594463 -35.09580021988951 6.994150242541613 0.678284553675728 0.5054594171970855 0.5315697074975587 -0.04329535636373382
210 12.37097320436658 -34.51511708350733 7.78324663762741 0.6800519573749283 0.4822135229805838 0.5507046829204413 -0.041518739560360056
211 12.323232821958577 -33.82760099309478 8.625919713581599 0.7109638987000488 0.4708858441908244 0.521666921493865 0.025699795817025996
212 12.311546655495844 -33.81302733621672 8.598855561698787 0.36230104486993514 0.10448916446584416 0.7707572579998636 0.5135690962625405
213 12.170349574462715 -32.901504225853984 9.068846566791143 0.5305502668232029 0.025693993234137853 0.7263485430636571 0.43620411171241447
214 12.03096325177028 -32.23692031274909 9.833007326737114 0.4535368820192991 -0.12178713659380623 0.7223627709560634 0.5076063604262484
215 11.891091797363154 -31.64449559270743 10.629652472446143 0.450331353319366 -0.21827742946109724 0.6229234541422543 0.6012678324049032
216 12.02506682429476 -31.107302781456838 11.473041367350934 0.5096533981052094 -0.23045940377934016 0.5441156775681811 0.6253638992090972
217 12.283203285365323 -30.59301445179849 12.312007399857569 0.5027470869057379 -0.35987388963430444 0.5619440729005641 0.5495043303734758
218 12.244107731119616 -30.61146134641537 12.38658033151407 0.6035810356132872 0.26598865605455124 0.7504113775758477 0.04269347377533278
219 12.21481610612111 -30.55996178099826 12.432656536938024 0.1757902863868258 0.6327229896005698 0.4782807282837458 0.5831011392505832
220 12.02805038592498 -29.763666947798562 11.760396988911134 0.02648999257611053 0.7133198472162313 0.4046898642304386 0.5715760576247769
221 12.056725332337288 -29.762574972640692 11.847631691101366 -0.3133221395252452 0.16394634177180184 0.8160948290353327 0.4570996214445583
222 12.145124411682064 -29.805682678020386 11.84363908645825 -0.06205091799578119 0.2743330736477437 0.8918520768795446 -0.35424697774929054
223 12.181089480220011 -29.773595411257684 11.885932084728974 -0.07437136189404298 0.05277752886400656 0.9091215432693852 0.40642521149717886
224 12.147216927506864 -29.797421223738635 11.816785338304669 0.08206471201934744 -0.02019015568101767 0.43295868697163437 0.8974433219042618
225 12.136297717463792 -29.83448543099973 11.84455624798014 0.7222483081009192 0.32952446790229 0.32907256378651734 0.5113533555791392
226 12.727409395994801 -29.0070131379964 11.932620662243057 0.7498531763795822 0.2333453717831182 0.3770654943394366 0.4910109615063669
227 13.289806744953438 -28.31211524061559 12.307076166418492 0.7816779543461555 0.13359549882474062 0.39300356227364286 0.46548900999186466
228 13.959055271060443 -27.840060926940456 12.818627065854571 0.8393565977686992 0.05291156934365388 0.29907998382943307 0.45081263390052934
229 14.791726910969393 -27.408875074603824 13.343545628362078 0.8160012901405196 0.06489651813543708 0.33435589950986316 0.46705082045303764
230 14.75331099089712 -27.393098415032075 13.367102748467975 0.9071274883432394 0.17444947771740613 0.32743996111355533 -0.19867101319056196
231 15.459649138007917 -27.187155325103703 14.034248537164347 0.9168045454865135 0.18813832012485598 0.3205784376307579 -0.14595500403236533
232 16.145164798980872 -26.92853428202365 14.65948645234125 0.8562090826960969 0.027054172614600698 0.4880197174209815 -0.16736437452813555
233 16.15738552565817 -26.990349325126893 14.68291075778314 0.6486374331007231 -0.6285337407336302 0.26434223891708664 -0.33813902150476155
234 16.332255374333915 -27.97344752359031 14.614201201444672 0.6624454066577271 -0.5384760121065074 0.2047177528731809 -0.4788531186517497
235 16.360860287064302 -27.93201898863818 14.631724068966601 -0.11371416737308626 0.2459638643212738 -0.43439732146977833 0.8589934997930276
236 16.92218506060434 -28.650193930194863 14.356484729576882 -0.06147763846937944 0.17845886945960265 -0.40651337186314634 0.8939350146268376
237 16.910308932984602 -28.64921383745327 14.395014914189828 -0.2858220085646217 -0.45167797382419256 -0.2975252143490259 0.7910572256219673
238 17.393397864354448 -28.870255093697352 15.277493797743073 -0.21907985388358517 -0.4303025332972556 -0.29995687087537465 0.8227208658317628
239 17.805956956393068 -29.155840953965143 16.05206132359916 -0.17341377380896444 -0.3993618714860047 -0.3772020252806857 0.817408337846317
240 17.813110420019534 -29.158835944586233 16.02476427779104 0.21023683982629948 0.9201919647357302 0.21933971150261275 -0.2468548362370061
241 17.834922791019185 -29.161137463026144 16.01264949200059 0.3578686489854026 0.7674635683308895 0.1011125723631677 0.5222125516188675
242 17.775314812631418 -29.120058001231573 15.98762901045418 0.7635358261091796 0.1960966443780342 0.5237402763024135 0.32288584869907216
243 17.860346533976895 -29.13246170277555 15.891627914588218 0.17034170158690667 0.31652439089787526 0.931347082984521 0.0582119032795775
244 17.904390962718644 -29.034093324075474 15.840751315566152 -0.1462904232912212 0.38006851700491046 0.5524721907012303 0.7272699037748966
245 17.885405383571722 -28.983301868272157 15.86228118564739 -0.3670594735648058 0.07396673436280857 -0.06128446705289144 0.9252245560792648
246 18.874660419770084 -29.218633197087296 15.768365275521287 -0.35458411188424765 -0.0035597980890358155 0.06775832197902515 0.9325589768156283
247 19.87524982467959 -29.115166702078607 15.730035425068907 -0.42788906497215673 -0.049062256366863774 -0.009443276250369958 0.9024492604080879
248 20.817062257767752 -29.02012798640517 15.835243250142916 -0.4503265259164416 -0.028416070179918488 0.15453439569301972 0.8789298422282359
249 21.768384997186274 -28.761001397095466 15.732399181482608 -0.40257125871856775 -0.10712138321980887 0.1849634557432697 0.8900842156505925
250 21.71670935611381 -28.713444725615332 15.669124945356614 0.8966255600288278 0.19459625058423352 0.05223932624325761 -0.39429171580848626
251 22.6580766265674 -28.38467704302338 15.94253409850176 0.8766416634968522 0.3184943772709377 0.13710889642444465 -0.333559403989066
252 23.3529906726295 -27.979900251011845 16.42113078617161 0.7322702606360414 0.4637650858377455 0.22573536571409403 -0.44468613112155614
253 23.36726408425425 -27.967824728539536 16.431559193614707 -0.7569876930665942 0.22875186598451835 0.27902404913984435 0.5447823385132082
254 24.21802514277842 -28.027268055982752 15.822689376488407 -0.7728119793182285 0.2514750905895387 0.13976057719529353 0.5656756177326911
255 23.3733866252642 -27.730092772882283 16.43514409487749 0.19867436501295987 0.8885511466424102 0.37482748475312244 -0.17467029845054774
256 22.552129275856334 -27.507371833836224 16.909810087900443 0.09089785758595316 0.9208318576314269 0.32191672251972153 -0.2004392506958165
257 21.694193188753363 -27.44951765813297 17.316582099277245 0.15326564738151374 0.92139759284677 0.3006237366883522 -0.19277314690702155
258 21.755909106463807 -27.36091349428681 17.363907717538535 0.771398660308053 0.5661334111013362 0.06998402284593555 -0.28202713390028095
259 22.155290786664782 -26.429156595741574 17.794668733187237 0.8095387418793539 0.41714454196304485 -0.23449019388296238 -0.3400761759952696
260 22.697609895970718 -25.694678318041717 17.71020141831264 0.8369139086228689 0.3429963749979611 -0.21639746779594166 -0.3675605150493663
261 23.344488943383578 -24.99689197286666 17.610346652844036 0.8350748042411614 0.3243340708987409 -0.14363922093781087 -0.42050595237667654
262 24.152283583150126 -24.406607346083554 17.6827897578344 0.899458930754394 0.3703671135339709 -0.14851858803295404 -0.17816863390444254
263 24.836421908686333 -23.541943629984967 17.482413055832996 0.845617117718159 0.3184360564110444 -0.297881771633221 -0.3078905947379195
264 25.442159268712818 -22.873017645955397 17.148449672906803 0.8640966540512159 0.26028449037446144 -0.2566892033611772 -0.34597631335946255
265 26.110978962616464 -22.250834964676923 16.84256525429958 0.8493748420112847 0.2647019826577624 -0.25789323760825933 -0.37681071658232546
266 26.882836857366662 -21.62950175200846 16.569933405070124 0.8343592810750743 0.3329722158032175 -0.38456490483958217 -0.2123297613447171
267 27.370652781656844 -20.915687688262288 16.15491005357019 0.8151116503535566 0.3680489040368145 -0.4190033849813151 -0.156745542422749
268 27.732667985848636 -20.118716000365694 15.580420983936573 0.7959952040629867 0.3187203404637971 -0.44350747110725836 -0.2609791232175682
269 28.05443608509974 -19.347159184925697 15.080317298367714 0.7436090853240419 0.2585366763071177 -0.5285858959361345 -0.31749215083999377
270 28.41406654349212 -18.59393457796596 14.464887163273294 0.7204501346596083 0.28276043713135823 -0.5170588714615783 -0.3655793513111969
271 28.668731611139012 -17.931183793406593 13.820665865622068 0.7088308478401653 0.26141403420731196 -0.5700706582110622 -0.32286371198457464
272 28.8555761653039 -17.246981414091362 13.176976043942764 0.7597642481031555 0.19222360919145087 -0.5525750727694307 -0.2836708661944657
273 28.70059272779991 -17.44023497123493 13.420892227322089 0.6964652179025581 0.5727754926528567 0.2915291337007967 -0.31917894584681483
274 28.912003087024214 -16.82219297877326 14.194525858136574 0.6079634618527011 0.6248646289414694 0.34363299832659444 -0.34905728328025976
275 28.863144604751795 -16.7951959535392 14.24606535018749 0.6558222898665232 0.7349106343821983 -0.0034175307746603023 0.17260302450881318
276 28.810510652460803 -16.68220593316963 14.267982679672555 0.5094141923047552 0.3823855930284799 -0.3743855309008758 0.6738797468204712
277 29.195175824030574 -16.694653091414754 13.31676835650166 0.5227905530952461 0.38393967563491754 -0.45002626824989245 0.613805116427681
278 29.50959410499279 -16.802484948956042 12.282109955685984 0.5868971939959408 0.3433958703243388 -0.49313220762950255 0.5426339334416315
279 29.697169149450108 -17.03337847401427 11.397185899595637 0.5812548290909625 0.26893821846135674 -0.5095775084606656 0.5745831716821248
280 30.09278655679858 -17.359656645091267 10.559510645346675 0.7046296226552605 0.20023416077981956 -0.38543028825533365 0.561112171164481
281 29.40698088099455 -17.203711217263695 11.209041206020506 -0.016522002890716574 0.932039004125412 0.07473347691159787 -0.354182475057835
282 29.493429586152203 -17.207212534037797 11.221824756501492 0.06811046195765422 -0.21831064874382483 -0.031586226686086516 0.972987017334096
283 30.38539605796381 -17.319205248238113 11.67231407695837 0.1184620550340056 -0.36841865340820334 -0.034093735438708285 0.9214510592222692
284 30.313359034521483 -17.383226960608937 11.610317266245534 -0.6858989817705347 -0.16525011404420517 -0.2547073691253032 0.6613313411050382
285 31.071629596134215 -17.47362782419065 12.178781371205414 -0.7788920676886023 -0.1746617816009127 -0.21111563919223345 0.5641370363911811
286 31.94114181042014 -17.38944564588506 12.64756406426168 -0.7358673174363874 -0.23994211853805822 -0.2614423542016327 0.5766931301046969
287 32.735069208990275 -17.325740634059393 13.42354839509756 -0.7191819218271149 -0.31969360401034846 -0.3309400454035686 0.5206265928861287
288 32.88124543398464 -17.28603623566005 13.394409792594315 0.3715472901296781 0.7979263511755 0.46314501437364053 -0.1037441321612274
289 32.13425207793234 -16.801987016284478 13.931808681748675 0.33634159451896506 0.8487323964951016 0.40327445554370644 0.062428875066343106
290 31.29850995834327 -16.16141095163501 14.098397212343931 0.31476574436392724 0.8725851632613486 0.36832330056670626 0.06209352052216524
291 30.588368351489525 -15.610743528317483 14.203103863350071 0.41424535716839683 0.8171697356780326 0.3886485445018033 -0.09791177668162282
292 29.933427040698074 -14.992839364080883 14.739657800044226 0.523053428817981 0.6315757449207764 0.5372824123426788 -0.19711620536310986
293 29.536029881895928 -14.512136382223902 15.544813097173616 0.5897235422874975 0.5840971359710491 0.4517642772527539 -0.32705613772042746
294 29.366661242246103 -14.167930808711198 16.48364439958093 0.574718825017846 0.5749922561309397 0.5418479140922546 -0.21326747420418227
295 29.05627157155966 -13.682946167982767 17.407101607288052 0.632597950688885 0.5164857293310751 0.5476760507602898 -0.18197051301017167
296 28.9173329767178 -13.32746440147045 18.36896029674202 0.5820750712306145 0.5899875846545968 0.524109689647993 -0.1959905472781659
297 28.929039731009606 -13.317943739137336 18.379878627232326 0.7718879432287586 0.5730757364975264 -0.09574929816372131 0.2580799783730799
298 29.24173920332556 -12.543088582689812 17.943779044335006 0.7187053270683733 0.6258232056616501 -0.17158918259987105 0.24973009533019233
299 28.974460437638825 -13.407537121107366 18.515669456721422 0.6651285360690279 0.6386438476847895 0.249395175807804 -0.29587178406335973
300 29.0018619732185 -12.704008652532668 19.229008295412562 0.5949507574044527 0.6755803524606518 0.21455924036791674 -0.3789315452766549
301 29.01313769986934 -12.00586584407289 20.020812411247135 0.5667531860759575 0.6908233132462138 0.09877015854959505 -0.4379479783357427
302 29.037705820495013 -11.374368016530175 20.792149079287924 0.5902225718792009 0.6672758878623493 0.10281967924496918 -0.44250233748736106
303 29.110788714708544 -10.753414372138069 21.542680564142117 0.6255124359029305 0.6816740881352376 -0.003855935594926812 -0.37952570645012185
304 29.197560881911883 -9.873506169651119 22.097804353706465 0.5924254884463968 0.6803170517993311 -0.0807084596953618 -0.4238949093864168
305 29.227863610219742 -9.052387645801243 22.571595968007106 0.6414001944336107 0.6969655422542069 -0.11387895819789948 -0.2997939398496712
306 29.185845003216954 -7.983198117458718 22.71405048841558 0.6913261500526404 0.6454072803458717 -0.22309323451730093 -0.23610803764918395
307 29.247855537704954 -6.969865355287016 22.6861704139284 0.7901378742652769 0.5399967923253163 -0.17889810102439518 -0.22821278092995706
308 29.61965600139021 -6.023665620944652 22.659289160290527 0.8160598895431074 0.5297050731517281 -0.1797972049465227 -0.14536766232430168
309 29.91975584429208 -5.165983464037853 22.561338322285653 0.7681081324285497 0.6171907758445583 -0.16227654750943576 -0.052457270591751905
310 30.051636416628796 -4.2207419422616 22.334064565705283 0.7602110048216332 0.5470327752702746 -0.34163691793855955 -0.07822139879615093
311 30.00902999416993 -4.221637676087663 22.364899857800694 -0.4746379304025333 -0.28740489113511225 0.6086479133843572 0.5671551649308012
312 30.194493428866718 -3.320231595273097 22.13692370504399 -0.46797053913019454 -0.387141393372619 0.6423206097046612 0.4674926206822243
313 30.12440530202958 -3.2944605706329306 22.151903390145698 -0.03892335684781077 0.20686666271721577 0.7296304337959907 0.6506385987832374
314 30.033386527534333 -2.4350464009574266 21.816727485180994 -0.056316486092876615 0.3472141604881281 0.7007244007424183 0.6206900147052907
315 29.839820498037096 -1.6365753770796077 21.271424339004266 0.07837773225738855 0.2665646216397283 0.7439369020235206 0.6077484013832575
316 29.674128180720885 -0.7151453220274147 20.991427366644142 0.08292639083799105 0.3508251864997606 0.6446217507554439 0.6741718628606356
317 29.712142344650985 -0.8215760179072785 20.933879857424646 -0.19372543272916856 0.24780648504284214 0.06672357237804108 0.946895119627153
318 30.58029782167645 -0.7843122655765247 20.39129869312877 -0.3112460290175746 0.28937055206250806 0.09564811575767754 0.900134451608112
319 30.595355717754465 -0.7727434129847577 20.41021926918069 0.8772790705381238 -0.09421925675525479 -0.37734878149593 -0.28126866365770364
320 30.593025673643947 -0.7690277508810224 20.43911347968037 0.8853992618455532 -0.30283452861750526 0.3416966280771331 -0.08719409246663724
321 30.58294158025703 -0.7505044750030945 20.438113059055773 0.4514692458947542 -0.2079864062488515 0.8499984384999486 0.1744128131031641
322 30.61602506076042 -0.777621312374812 20.493115011188337 -0.4736948590711448 -0.1121456619338877 0.8510164608904353 0.19699622913268441
323 30.16055649792745 -0.38851459419676004 19.76239938133066 -0.5457969297348989 -0.12613901002933597 0.7981415158908327 0.22173132898230893
324 29.84443203243775 0.1046239954396514 18.903823239870103 -0.5104903095418009 -0.2579831602033342 0.7881356071079303 0.22734686653664576
325 29.893150939620266 0.09141586237905361 18.92183531968022 -0.8234008788547181 -0.03293668599067571 0.21821609892766794 0.5227885821113707
326 29.929637992400394 0.10624383272754648 18.963838310530576 -0.27938798776211576 -0.5388749255555468 0.7522532619867479 0.2562639200746698
327 29.204531461434485 0.8064823892014048 18.689724898384203 -0.17970722040174494 -0.5992335138249383 0.7604104026170141 0.17435747886548042
328 29.223063374771552 0.7841140758510615 18.823761493358344 -0.04891051019123825 0.15949261836527748 0.9320936412032831 0.32151409099482153
329 28.36907522554067 1.40491032366919 18.57552643629534 -0.029108204403394764 0.0741283163704882 0.948848223246847 0.3055237378499233
330 27.57244247157785 2.01169747983035 18.521409619868162 -0.06478814504367579 0.11195907116511723 0.8916984548615576 0.43375284234590883
331 27.044695191896736 2.875722910740935 18.382900555662452 -0.02697945028497863 0.1573001353550873 0.814718261238548 0.5574611479592357
332 27.06459603672542 2.823993319249274 18.340179622984028 -0.5060448977963528 0.5788857446865077 0.49258602980910726 0.4076381474419789
333 26.856939674554514 2.615836187903566 17.43357655166556 -0.5074381260755381 0.5328568734245301 0.609193419215799 0.2957253432381896
334 27.16849248096137 2.7906490741853838 18.367197574787497 0.5896747144961154 0.7576917684503564 -0.249035603772716 -0.1271541708323242
335 26.930737897288747 3.7405878216782553 18.25840019650234 0.5580409397704468 0.8183899347789125 -0.051637593855770075 -0.12712900177957406
336 26.515838307577454 4.687460270410486 18.413504863086487 0.6218570366225242 0.7791545176962827 0.0730664602223241 -0.029552596283667874
337 26.57791441353415 4.821793672826146 18.38631197282169 0.39666953332034033 0.6242678841050392 -0.508972034892897 -0.44032982854608554
338 26.50684549570871 4.877227526541964 18.421010131885158 -0.6031030127908966 -0.2015357496910955 0.7713960166319631 0.02445982590559739
339 26.272058862115614 5.1001495468373035 17.478335547130833 -0.5717746791706836 -0.12638693383717273 0.8030621119097867 0.11041423653448611
340 26.584610538289677 4.811232747361822 18.29183291304514 0.6164177834692066 0.7060092930348613 -0.11100502169862796 -0.3305417969470936
341 26.4419494811707 4.836950177580438 18.304222091289017 0.06930167828813485 0.9312412669468414 0.06493848329838557 -0.35180956995027163
342 25.65209401599136 4.965057517697274 18.996252439503305 0.11888240724223237 0.9552868696787478 0.10387530540059792 -0.2500077814701055
343 24.843082129234393 5.167073982744975 19.46665871745366 -0.028098728179873363 0.97025833486156 -0.05174603116254017 -0.2348011357836075
344 23.968997655747547 5.137179465782873 19.867074861709384 0.012427521254308573 0.919719564659763 0.09495221435255295 -0.38071716022143903
345 23.173157845915185 5.063046406926555 20.43051222302643 -0.1667097241023525 0.885172303521878 0.20707651085809353 -0.3818339686543457
346 22.46941407085605 4.59112134994926 20.964061037285596 -0.25855526879180957 0.9033480998611906 0.04053171063923773 -0.3398066566296618
347 21.8755615580641 4.127536347952841 21.51491211864136 -0.16311420950413175 0.8999247941436239 0.08197619301629964 -0.3959911909650934
348 21.78915365062596 4.210156178992485 21.50918963513332 -0.22656720838279656 -0.5114421121491521 -0.6209374258833907 0.5491183653305992
349 21.535065896221983 3.756120160590144 22.33014547575227 -0.2845848832844706 -0.45991220315076836 -0.606399055790918 0.5828999869058619
350 21.379567209145293 3.2259083664071757 23.23371835928965 -0.12672367599161583 -0.5703339077828736 -0.5526152764041585 0.5943708437171561
351 21.36163237752434 3.299474098059226 23.268630765579687 -0.3364184219007165 0.8057313052671194 0.12240329623081028 -0.4718444046401401
352 20.964919446060193 2.642544318168421 23.909560261089048 -0.3447730862221713 0.7882716796465677 0.1984051103426142 -0.46946212868979476
353 21.019811325184584 2.569145185007945 23.927222261361802 0.779505814083997 -0.2978946710127458 -0.5508779088072716 0.012766376916773601
354 21.122404825913566 2.207916991135816 23.129368651689948 0.8191359446702944 -0.2596157691738103 -0.5081794081454244 -0.058048649272503264
355 21.435270742283407 1.9087569084638 22.228703999782805 0.7976690383949823 -0.2639652504119786 -0.541588141486585 -0.02699512478343583
356 21.749169066797812 1.5173063535770692 21.250810524019204 0.759720789545437 -0.19652594694863232 -0.6195094552882114 -0.020246207469689758
357 21.979963726817896 1.2204128576775022 20.24816503248847 0.7443245927179989 -0.3137568365591387 -0.5874406692225316 -0.049507659316233445
358 22.046291054331373 1.1975025743338534 20.284652655299226 0.7034406159755812 0.12541152124158464 -0.628065596385387 0.30818315458966145
359 22.144398303871313 0.9560664062335593 19.351078232794798 0.744436988437201 0.2542088886929451 -0.5922758748272998 0.17435796297733397
360 22.20671696962519 0.9175602481689618 19.409310969403123 0.3398471843917041 0.6481074529014494 -0.52128140502044 -0.43900605637569867
361 21.8360913025633 1.8135507589494884 19.505331828743284 0.37020793949405484 0.7586102890405487 -0.42290132978268097 -0.3295617941531175
362 22.381995900642085 0.9503161418711333 19.353694753543127 0.2560619648434853 0.5468262726177742 0.6379321352627523 -0.4779705937968883
363 21.99343504985643 0.6108551193858186 20.20306197014712 -0.2674394013713809 -0.5112140995729615 -0.5935751591098288 0.5610747200504268
364 21.795314425841042 0.2201546592763981 21.12305195064474 0.2782860817836899 0.5838890635998729 0.5818273702709901 -0.4930591539536509
365 21.401399530513775 -0.22199230301166062 22.05426078064493 -0.2588977248977851 -0.5392698505273472 -0.4587347690813054 0.6570558636759016
366 21.325014640844906 -0.16435581759140824 22.026584613555716 -0.45726040365037807 -0.35979981031953384 0.041366813897394925 0.8122473800853403
367 22.01482049241383 0.21474847565572816 22.581439374813822 -0.4425521409566177 -0.36194116931666426 0.019647125820094 0.820219594337644
368 22.65367300088917 0.484868289342528 23.17660931395102 -0.500623362606886 -0.269787025859627 0.058766768067375845 0.8204496794203205
369 23.560694363574168 0.761919529093272 23.590863376715518 -0.4322156461019956 -0.4052134714887058 0.10172525765499331 0.7991518314711741
370 24.213318075651618 1.226584372544599 24.16978018318658 -0.49365038102333925 -0.2852235851039881 0.13429506021714485 0.8105070293447266
371 24.20470447376767 1.2976508954641823 24.188322787434803 0.11688507434027719 0.822547533735404 -0.30997108425484066 -0.46224599627054763
372 24.172487713349273 1.3093771504263148 24.119332966978302 -0.31254663759650686 -0.18623246600647736 0.09774461252018836 0.9263250286241554
373 25.067976514381687 1.579870689941664 24.37249690505792 -0.3749869153286367 -0.2653152773518119 -0.09157763880754285 0.8835191865525504
374 25.863331725498433 1.568213325812401 24.90249281668431 -0.43900436925991104 -0.26476861342906355 -0.11688024952466709 0.8505949402533561
375 26.747776761266717 1.4697597925538977 25.464512592786576 -0.5718218724218745 -0.3642280645742305 -0.13172963770910384 0.7231908224981012
376 27.51720845613867 1.7124964062967172 26.166446381560043 -0.5923277949265243 -0.340297663939387 -0.13813001168053865 0.7171229902520291
377 27.5498104516261 1.7376031095961912 26.0733797268406 -0.021643727619437537 -0.4134187461981394 0.10378007598464936 0.9043484865776658
378 28.18796878677607 1.9104609206055272 26.770752880603343 -0.03588100057730631 -0.35435974780801865 0.133865084325215 0.9247820619635807
379 28.8902128290497 2.2461359503368743 27.470614084094013 0.13362287277847507 -0.28246735070701345 0.15557922817632247 0.9370977683331918
380 29.73974155262983 2.4058544343698913 28.152269093871254 0.027095954379550865 -0.35177545950441463 0.21947613240935684 0.9095878531782127
381 30.37112085791339 2.8656686667658797 28.767536828213817 0.08349450830047635 -0.35596660832511845 0.19878002179762438 0.9092870524621526
382 31.09712595663045 3.103255552862044 29.46896491995798 0.12428801329227525 -0.2643491265130414 0.18255960243910824 0.938799244045779
383 31.803333313139984 3.296295223609139 30.0335102304991 0.10930780953320725 -0.4244642623716622 0.1393121442321593 0.8879605955298754
384 32.39492779590256 3.455884533979229 30.757881451075026 0.19640997002210556 -0.40384203359855564 0.1982652396914758 0.8712207701294663
385 32.35529378775134 3.4455933771670297 30.783832740424 -0.30048454566204796 0.8843075827934321 -0.035753978375003215 -0.35557107568342755
386 31.70734122708748 3.0051387542449564 31.521470358516765 -0.3757622809561621 0.8658188000082219 -0.14401944821838364 -0.2973531777160241
387 31.164758850344125 2.4908989905847454 32.090738882041705 -0.34929866341274296 0.8213143126580266 -0.04801287935489298 -0.44847297240435474
388 31.149160125957394 2.5278417521237713 32.10368245286039 0.42993318930117236 0.7527974892602347 -0.4020790942406951 -0.2945942885994086
389 30.707102181169716 3.3977064830504053 32.23981720366731 0.4345916021645768 0.7370957588310668 -0.3737953804814456 -0.35790640560349263
390 31.01135400592524 2.615897181104339 31.98493292321688 -0.3392885619487518 -0.5928242511228274 -0.5011511194899934 0.5313099231572236
391 31.001147387453884 2.5737628614806605 32.00144572905596 -0.14919002452788854 0.6217537646675817 0.7688702348848627 0.0017761225052016422
392 30.074044744469386 2.3284672196879206 31.74202993247422 -0.18985820219584645 0.6140563710877325 0.753570121700841 0.13791558238758123
393 29.209382935349918 2.315411191730106 31.255249455155 -0.32905748460492357 0.5295974539392999 0.7592627149225978 0.1864613588249799
394 28.52221265578393 2.2006632816825653 30.6215715548311 -0.31644797069805786 0.5458793482334466 0.7611599464476193 0.1500398444986067
395 27.78098607668765 2.089776123933011 30.00021982159848 -0.24709090545605772 0.5621732269123726 0.762786995584251 0.20264093059248328
396 27.040845745433796 2.2075226181202576 29.43575130079992 -0.29955925361289965 0.6093469580444079 0.672915128012897 0.29350599446739734
397 26.347959402932435 2.172834978096895 28.662215452573072 -0.2950931315088804 0.685650193599719 0.6449038060539046 0.1640211470821314
398 25.56167290012641 1.9679790868940423 27.987097608345483 -0.3307914691989575 0.6527108686331659 0.6577496897326774 0.17863614284321142
399 25.602581086114547 1.998589560231297 27.92181958611822 0.12210673442792201 0.6859813698337706 0.6663533892860833 -0.26550455030993736
400 25.60936716987049 1.9969766188510796 27.892356508609403 -0.44292152015118436 0.5895870110048992 0.5952088812710404 0.319271156068552
401 25.19932033825045 1.9415238351916877 26.97618972807519 -0.4621156149801332 0.6607700434530466 0.4667339092631699 0.36330643541026325
402 25.224368077077035 1.9409476272819939 26.9846302253151 -0.719856179615169 0.207370496583194 0.1090105193125699 0.6533921215440969
403 25.237321974368264 1.908548600764663 27.024152610202783 -0.13621084889978965 0.08774146974983013 -0.032242926903005786 0.9862598201249333
404 26.213205904996478 1.8298248429340322 26.841591747777073 -0.161849198850053 0.16282664135622613 -0.11014057596655522 0.9670374218312352
405 27.139483791372918 1.6149835504340688 26.529482774180853 -0.1385761980872592 0.11050596163795696 -0.17726322955344914 0.9680717004511764
406 28.00911556168971 1.2109535542429213 26.364912964900626 -0.12419409041237868 0.09738452051566931 -0.2642674142173515 0.9514487988606901
407 28.79278034882631 0.6859752064122762 26.315117608119074 -0.1364136527015933 0.18123507177743264 -0.3315888733725281 0.9157477726808706
408 29.5132510860873 0.018396175076946242 26.064358643567466 -0.29956130118558993 0.15402246191661018 -0.35497441183478284 0.8720855892627126
409 29.537631352169573 0.03559297180406783 25.980320520308148 0.08279551899066126 0.732123324932409 -0.45853528657461656 0.49687597053079163
410 29.005774786849077 -0.28527642453638097 25.16467404029152 0.13039428529196964 0.6378732745024499 -0.5258632205692437 0.5473416568207339
411 28.57511711953965 -0.730582038080067 24.28126206928771 0.2618946137883507 0.6414577972952351 -0.5400986273554034 0.47774112057327167
412 28.189259859174623 -0.9422684431272328 23.36005258133623 0.03589976568081811 0.6641544788625403 -0.5630040137152892 0.49054715937549254
413 27.689872044427567 -1.4790130110077075 22.7317570813327 -0.029109841770288792 0.6396567722740174 -0.5807328096986325 0.5027337610859575
414 27.68323937799292 -1.4522643183100512 22.763025086599107 0.45154090492160887 -0.5359098342733444 0.7068062706143866 0.09662482358004332
415 27.159157873520797 -1.7962611499459682 23.433982047902575 0.33786103826277186 -0.5411976880950048 0.7628728655081622 0.1047853629854347
416 26.453317280088875 -2.001165936769168 24.177908580339036 -0.48130623377478154 0.6593387228276381 -0.5772051181711237 -0.021236983463119245
417 25.931295261419987 -2.540605347465004 24.83626859788918 0.5821701684321677 -0.580879944590687 0.5284712311484981 0.21065265915333733
418 25.695624188032845 -3.0603735288005605 25.746618338508792 0.5703672315666334 -0.4535925751134087 0.6361036604269731 0.253588505552614
419 25.70636027094683 -3.087891746586098 25.823031847994255 -0.195485942192861 0.7366039702818702 -0.6177683306596684 0.19380951216057896
420 24.862534738945314 -3.5370885167205697 25.78735828788206 -0.1460391307631436 0.7289912218169665 -0.6561087037039844 0.1294825846344928
421 24.860235147256038 -3.503399721429788 25.7769167028185 -0.42635364526267505 0.35758535804205993 -0.33922485370479577 0.758473321557272
422 25.372498161909824 -4.382069249076531 25.582899283240998 -0.5023240937047718 0.44384682606965875 -0.23970931190930075 0.7022890755632893
423 25.92271661755161 -5.151439306052161 25.140194783545557 -0.49097247316631554 0.3492467434326436 -0.3121908416471651 0.7345131865298807
424 26.463032933149208 -5.953915960729045 24.957280438341357 -0.42433804624821264 0.10851028694034051 -0.37503338702279565 0.8170145033918216
425 27.116674153777044 -6.739440084354598 25.11088814461952 -0.46130974566210337 0.0446034739068649 -0.45308393360688465 0.761523996850997
426 27.069528589172812 -6.764944334681847 25.201419502961333 0.19164168565997744 -0.39375615895356214 -0.4144733462002908 0.7977727727198223
427 27.465868956014422 -7.58076928146213 25.71530261136819 0.1951581199779738 -0.42450550985345537 -0.373862299557312 0.8012086877215195
428 27.465363857813745 -7.6587518532220615 25.68354056833504 -0.07654434648514649 -0.39787816572372176 0.35925857078470474 0.8406944793319509
429 27.79108232426675 -6.981596414196871 26.346007602101185 -0.004254935477019817 -0.2478666600841872 0.31130868903792325 0.9174044443277382
430 28.426544127589143 -6.397675010976074 26.806134374223806 0.08345009627258863 -0.27211934871104443 0.3249065084027158 0.9018996076541606
431 29.003112136225674 -5.815626134530997 27.36420381762425 0.24202215855038603 -0.13438778293342202 0.3573291274867776 0.8920095813489839
432 29.742837966917627 -5.233430923698872 27.771210499153753 0.23150343707144885 -0.1270844613371333 0.353071368648352 0.897550169601419
433 30.467326584494593 -4.574756242477263 28.133587420946476 0.09276387562587785 -0.05885998383138548 0.222200174102402 0.9687917466159061
434 31.2889780777586 -4.189885789021802 28.324246391432673 0.08818347805047211 -0.0858967835088664 0.30284566200199486 0.9450555125432191
435 32.04478152976762 -3.578789345913918 28.45145442722405 0.2342439596401304 -0.01295504968366127 0.317708667840789 0.9187073181588563
436 32.84950671950789 -2.9417114329217853 28.565604539758773 0.19126022421390387 -0.050283208855459414 0.26197387869865596 0.944595581410599
437 33.7990366892623 -2.4838708374226064 28.746689631390275 0.07740155238614913 0.01611307321054071 0.3429308032822188 0.9360276880093549
438 34.52148517266259 -1.8865943692313425 28.730626082735714 -0.0196002940564399 -0.08802122164531598 0.35014665558090596 0.9323440419708133
439 35.195315425803734 -1.2395354700876815 28.878962820365576 -0.17368616469423523 0.10174835105406334 0.4317903973806306 0.8792254784646901
440 35.82893823482697 -0.5105221101773019 28.577896776991288 -0.26337880659216684 0.32049071635949367 0.36939984858356306 0.8315413740950627
441 36.37606096983139 -0.05459996871185818 27.833528309274698 -0.23903981231841168 0.4151315676557761 0.40135174271286345 0.7806680013192443
442 36.74387662174759 0.40710496473351737 26.999230658687054 -0.34510050106641127 0.3089653365952011 0.3978696230845373 0.7919253929335098
443 36.760998601347914 0.4895922378515515 26.97109230861214 -0.07798778939964612 0.42197248129178283 0.8817790761210763 0.1957620766442614
444 35.823030518914486 0.718418681873011 26.621470763820813 -0.07016365237022626 0.523338618010475 0.8081832848430475 0.2608323808219714
445 34.982837036611855 1.0310618941310086 26.205938471471573 -0.10563081626678038 0.5031878069165963 0.8491289975370709 0.12093017475787048
446 34.96504857904914 1.1104827529449923 26.162191218843528 -0.1045759883959576 0.9434404904308771 0.257401524898647 0.18090980804369255
447 34.966363259890585 1.0867628733327739 26.239675997274155 0.18013028897831324 0.5133450119064698 0.16447270096605765 0.822787158614101
448 34.974716909949336 1.128885489439932 26.170591732526894 0.45892059843659644 0.1521279751637443 0.742131717478052 0.46420844177616244
449 35.029169463697414 1.1622279053307116 26.225722035132726 0.5414729363523095 -0.18010001103214068 0.7761051384922296 -0.2683875169045459
450 34.73000908303623 0.5206057646688819 27.046903325447364 0.5050065939923557 -0.30305717918770164 0.7942884864165588 -0.14909891519768304
451 34.70159919617966 0.5483997141907287 27.058254240344283 0.25668003786592036 0.3983432272031951 0.7544012053552308 -0.454221149728926
452 34.27724560147657 0.06736122094414948 27.785600312889706 -0.20466340364813854 -0.21449659703676743 -0.7579531772481995 0.5810430983723702
453 34.0718243833943 -0.7629310865546741 28.407956385038617 -0.18626726925523154 -0.29583224097009514 -0.717227845426964 0.6028034566515064
454 33.954408981647184 -1.5544814823943434 29.063605273692644 -0.061114376625728925 -0.27092411565755686 -0.7435554448333279 0.6082684086680233
455 33.71578621789307 -2.3340716988052046 29.543675236773502 -0.10241153368595654 -0.3270569042018386 -0.777668820205479 0.5270454110057448
456 33.24497673202025 -3.061638234101151 30.040961180340915 0.37390061206384406 0.3545260431169136 0.7497162532295261 -0.41525312364102396
457 32.85508706834826 -3.406209958970356 30.8640727849981 0.40146999651341486 0.3250304431988753 0.7405178268522723 -0.42989580250038373
458 32.5281334387057 -3.806773655852204 31.72171290968793 0.5230748492135368 0.28231761226981317 0.6813545189765756 -0.4271363803198058
459 32.450437553830355 -4.071190075437068 32.750041748218166 0.4929774371437491 0.24186808405451468 0.7077098306243951 -0.4445445669677771
460 32.4580377186977 -4.039410007900987 32.71702516385532 0.16201098589109675 0.6094614999968211 0.757538783416052 0.1686538232378604
461 31.501131158614996 -3.5805670318687177 32.75698663061198 0.06450728613455724 0.5731095706809244 0.793624127043872 0.1937652574723678
462 31.426467555361743 -3.575742064347703 32.8466914525443 0.4536658669154297 0.31440912009761063 0.7641772908642385 -0.333717327273713
463 31.102330509262547 -3.874427729619725 33.747994711675446 0.5325616111361603 0.26088063206958073 0.7633798548649852 -0.25606761478435175
464 30.817778243266496 -3.923936263972256 34.74700209318805 0.487624775504675 0.27087169418174034 0.8190353319790555 -0.13428227200597748
465 30.321843779554605 -3.885863198407194 35.692750934026236 0.5169089476137648 0.22056503276244876 0.8254207282710311 0.05326187698392544
466 30.309312293879838 -3.928752129906813 35.661063042028275 0.9849362063183774 0.06584226296425666 0.10901595472384992 0.11696575356298015
467 31.31342321489119 -3.7437106618151863 35.89444819357822 0.9655285182229133 0.10883359567824652 0.22027077369048573 0.0859692689733025
468 32.16938540147322 -3.4008806016097157 36.2857342272775 0.9598073398099333 0.04579063879608124 0.20912887747725745 0.18148884387401998
469 32.99612644481746 -3.231629478689533 36.71406103886573 0.9444453043780041 0.11031626968918863 0.2848993342690825 0.12118480520772838
470 33.82349477812926 -2.9490522450497316 37.22513319263307 0.950905337112803 0.16950295636741877 0.1980984169639296 0.16674772810889044
471 33.81147843880032 -2.8606223473217134 37.23605956779418 -0.6794285480389247 -0.28902225027811324 -0.18115432760695396 0.649635356598736
472 34.663006085240475 -2.7255027144463595 37.88560876031492 -0.6640412462092582 -0.22717097829133762 -0.2339021030793799 0.6728539040014967
473 35.485134318302904 -2.758873137426086 38.46382433060733 -0.6966782837028412 -0.042458197525100806 -0.38038191835525054 0.6067505802783896
474 36.289978019408224 -3.1895282386821266 39.10015916805517 -0.712148087916899 0.04796910530717689 -0.4233149135565137 0.5579861555388044
475 36.951476750211945 -3.630425722655265 39.60974793121218 -0.6342225961120526 -0.1976785329356453 -0.39417416711626757 0.6350682027747065
476 37.583779252747775 -3.850490027582422 40.2992308457619 -0.5185911262376406 -0.35452036594238745 -0.394917413274114 0.6703870453794091
477 37.530488229379884 -3.8911918816698976 40.41682280363028 0.12808045378821334 0.6728982211005188 0.7218084064239676 -0.09897477361860711
478 36.557204511769086 -3.934084158676152 40.73295339239053 0.0904183164781013 0.6279728361988939 0.7727969473052013 0.016109726172244182
479 35.53095062317064 -3.74799231724037 40.77698653868485 0.19946416462825106 0.6635144756832657 0.7209312531753753 0.0148565064162912
480 34.67442085374212 -3.407341522328706 41.04046139003644 0.24718141132593865 0.6851943725780048 0.6840544406844433 -0.03846483929830189
481 33.73283724020105 -3.1006092364963775 41.45214910663616 0.33249981827616 0.6251562927430608 0.695498900132153 -0.12208505397892742
482 33.030493773269235 -2.893530354917992 42.060463904580864 0.27121511682107646 0.6916997898976474 0.667232133677084 0.052868145910418655
483 32.211006918015734 -2.3960233692803015 42.307058682277955 0.21089186668282803 0.7984810550452403 0.5564552160004429 0.09116039648209133
484 31.221536489422007 -2.105916617770414 42.40063677227254 0.2210928888592568 0.8252446262843506 0.4650822932666422 0.231921757872157
485 31.261916897561797 -2.0992914668240323 42.39765934989729 -0.0750780812264977 0.19345292962722402 0.8987875293332488 0.3861608769062787
486 30.58648998355527 -1.4208783146538413 42.049952040259264 -0.13839667062907357 0.19651403603964238 0.9339797227283 0.2644058863387228
487 30.561431956558945 -1.4391906818454638 42.12830762161341 -0.31130501625296136 -0.40588508690663005 0.8592679339073749 -0.0022585041713283215
488 30.538160616988353 -1.4710409500216775 42.11583014986777 0.08172598538731984 -0.4351392471318233 0.6938060017883149 0.5679858544017938
489 30.577159074026152 -1.360032650045852 42.14786791163277 -0.20908067285355916 -0.36309084489699345 0.9010696977884832 -0.11190938440748341
490 29.63804877439811 -1.4138250588833372 41.66581408462237 -0.25947896624708955 -0.37801829750143173 0.8885176083522658 -0.017586713093420275
491 29.60429614123542 -1.4033406558611656 41.66252260188116 0.22824798340593627 -0.35922302213426166 0.6107053133260814 0.6677579641720077
492 29.60209450226757 -0.8281237640949419 42.3910628000748 0.16944688340892325 -0.3092491395646471 0.7213097501067823 0.5961249598720221
493 29.371850256419528 -0.07637485845447678 42.93825953928519 -0.013922033670098711 -0.29448284297276606 0.6605770773993486 0.6904519947018047
494 29.33670011926793 0.8123823066398129 43.36155572670756 -0.015868910683273056 -0.3261839644861209 0.6108606327683785 0.7212499471886702
495 29.36826068962334 0.8149553366637836 43.42729678205217 -0.5350102498071342 0.1958746467371552 0.17343354774331696 0.8033168489979957
496 30.172418520741125 0.9324520169835372 42.95275877188731 -0.5500069068449116 0.23275626247858477 0.245369707309578 0.763616809292923
497 30.897595426469472 1.0112490828476954 42.24860732500099 -0.5161174172200603 0.2614869436775489 0.27315707588739047 0.7685262531761153
498 31.57861830898539 1.183889923965633 41.537619626293804 -0.4643284318961326 0.19159092352318133 0.42325692122456027 0.7540196310388203
499 32.13057187009389 1.6302387409382575 40.84939459469014 -0.41306261618501405 0.21067422441623193 0.4132268735469846 0.7837341368446284
