# time x y z qx qy qz qw
0 -1.846975465618506 -0.5025286923161048 11.054684588621843 0.0 0.0 0.7071067811865475 0.7071067811865476
1 -1.8957413295544006 0.4595318396062964 11.103162742125603 -0.023502216433294955 -0.04562425321435895 0.703429702642185 0.7089095335669298
2 -1.868177431841006 1.4666973654643891 11.210227313576093 0.09658328854489952 -0.2019323536461994 0.6146225142409566 0.756395503630795
3 -1.8193562731597495 1.4589019572109436 11.2265077227382 0.03852075230061531 -0.020282646314023985 -0.031347201813850485 0.9985600226521872
4 -0.7469066981182433 1.359368079662972 11.31341696352193 0.10447892536229887 -0.020051808448290628 0.07388196539037432 0.9915762876970928
5 -0.7138118708198515 1.4391686596435003 11.374065746007835 0.05607690020325659 -0.7263792945233923 0.016243785175453766 0.6848099307066645
6 -0.7306920131281047 1.4910998601182852 12.47641637501628 0.1590051499774383 -0.6536087558087899 -0.05955678581215112 0.7375404706688736
7 -0.6511941498677586 1.53145014112328 12.531832045960234 -0.08446277336342639 0.9839142801394812 0.1537972331747691 0.03354311138148334
8 -1.5884975929856844 1.3074339916023405 12.379119372283569 -0.0315502128888036 0.9659330625699019 0.2545399311721606 -0.03445759916002523
9 -1.6191844475667962 1.3436780494720564 12.359843933093597 0.05829527454264248 0.7604114078131825 0.2614670292414772 0.5916173970170318
10 -1.9173935118044019 1.7108458677396172 11.520668809440311 0.0461015926984831 0.6585935089237988 0.18515527696085318 0.7279057332976924
11 -1.9467119394528354 1.6788455293289286 11.5422786124509 0.2454111915727795 0.09904042089270775 0.10689111352365736 0.9584042111394839
12 -0.9559135847362652 1.973571214243134 11.460555140626152 0.265090244600328 0.2619233438321605 0.0918610640501332 0.9234093724264961
13 -0.12300271627979853 2.353664920700303 10.9609018756262 0.18217987827929652 0.30067561955933564 -0.060581669303900396 0.9342026145848144
14 0.6796068659819059 2.3419366175915224 10.334561312224013 0.1498535020492954 0.39401305683700555 -0.04766069037253654 0.9055529236652785
15 1.4396414762197167 2.379076828273057 9.596944641003743 0.17861826395634128 0.4244088360718025 0.061098207906110764 0.8855730713137467
16 2.0993379293458583 2.7757529583170717 8.854388375847165 0.30762428165722866 0.4184665808365954 0.07617908453524007 0.8511461502804181
17 2.740362928494813 3.1977881571817313 8.209112691859051 0.19169047018824445 0.4864404085499921 0.09486248862145413 0.8471313952518057
18 2.7427029211463383 3.135240685480866 8.210568949402024 -0.20514207788246525 0.5261193136996273 -0.4232147251252288 0.7085227533900905
19 2.7690984045265057 3.1614704324768765 8.145565376426763 0.5901396629390941 -0.10032573519370258 0.765812063149871 -0.23495065230408196
20 2.690906383765949 3.179228605202995 8.194644859965065 0.029204216041387804 -0.25861583444835384 0.9629647621885272 -0.07045445849044998
21 1.6860103819914938 3.0352496560744755 8.245986786526558 0.03616656040626219 -0.26892961999382237 0.9622970004672252 -0.0187968691579092
22 0.6739073596520881 2.97664963955693 8.371972171920932 0.1428301619687707 -0.2817176346140788 0.9487516207624841 0.010250916055783786
23 0.6764226870995801 2.998585997547843 8.28681478372119 0.22772914498089597 -0.05316206888397819 0.6727363412393671 0.7019537350382253
24 0.7497274858061145 3.0301730873418737 8.277045821052102 0.20784085569065516 0.09000724693972355 -0.06731824262329288 0.9716836565540348
25 0.6737853147605842 3.0255714479229248 8.270294007874249 -0.5073568082321731 0.04647165263099892 -0.03392258594683177 0.8598131848284751
26 1.5973612239563457 3.037066897181187 8.24107324466622 -0.662342198180527 -0.023592216659837236 -0.10385365926524956 0.7415933098940957
27 2.6168806330372294 2.9480326075020096 8.443856775236966 -0.6020503352449494 0.026829234472858454 -0.012109929744412872 0.7979153687018629
28 3.6072493602219136 2.821632141267678 8.353329158718976 -0.4207520686233246 -0.030066062454987975 -0.28117056636692755 0.8619784459292164
29 4.362141786153444 2.4059239999279964 8.616331779638378 -0.16435694478797694 -0.07985533740090581 -0.23018048219000412 0.9558383050533843
30 5.266719120349249 1.9810106803726222 8.824623282270638 -0.18761817439664497 -0.027850137328573162 -0.17911356446709303 0.9653714940429629
31 5.245893073687996 1.9511461609618048 8.756765072971103 -0.12104848484208901 0.17668761210321898 0.5168006028533538 0.8288823130801544
32 5.573811061804659 2.7768470481448277 8.270611880817738 -0.07926660703307321 0.1082686048110373 0.5389005296525042 0.831613451888548
33 5.96839787168856 3.6101689345050825 8.052066271271686 -0.07438570927797071 -0.0012126380547535004 0.4735733580822975 0.877606728710997
34 5.97987825400952 3.5292351451303263 8.074984068705486 0.4503822086295969 -0.42972666941522963 0.4526934626593951 0.6384038569813528
35 6.168935073447167 3.677614690474002 8.899215195948566 0.5204034687902123 -0.4789348797588877 0.4661875639957401 0.5314797887005425
36 6.231962099413746 3.585441021108305 9.834965228704393 0.5087802648318631 -0.43623090417191807 0.3050637887829695 0.6765953924882654
37 6.2789757482127335 3.6271174118711786 9.866485362909252 0.20509978529509565 0.12910933484794693 0.6699583467891643 0.7017269207423615
38 6.367448095839756 4.600843854350089 9.969285603198141 0.24061690222244714 0.20101131646206566 0.6196955934727607 0.7194965798733889
39 6.503747170675211 5.638128340001335 9.98858328148873 0.1974116231080278 0.13600280122959316 0.5647998486022596 0.7896410704481008
40 6.821466558184053 6.564119653606559 10.054083780774421 0.19653985739338986 0.017551392860415863 0.64443273822383 0.7387628029142927
41 6.98645832442005 7.581061031856966 10.337775269818573 0.1759581776226466 -0.001735696009349366 0.6793964200186219 0.7123596083109717
42 6.990650030470671 7.626749612135897 10.279321228887715 -0.40794972981213473 -0.6004706331668738 0.40545281420856916 0.5555358243180473
43 6.9436737603057095 8.58880506869134 10.550149963557859 -0.3972727419209841 -0.5409721032817222 0.2933442335586078 0.6807883023638451
44 7.133383771454943 9.46327161461797 11.064468686103673 -0.3989634058047274 -0.4582189521496496 0.2937813475764168 0.7379404532452157
45 7.538136222339637 10.250466193043936 11.492506322281216 -0.33435051804909127 -0.26261892258906305 0.3363536952888894 0.8403018649532875
46 7.5685454620644 10.16364450846294 11.480843700231052 0.2815397146648194 0.07257322709237823 0.2547309630445467 0.9222692948603721
47 7.554797078447394 10.27964131367697 11.417655983675527 0.287115902862061 0.19424596230686086 -0.43430995408283285 0.8313890955718345
48 7.601424763694796 10.281068545334694 11.417881570422042 0.4933528685558 0.6797588373558454 -0.19585166449386263 0.5061353530819378
49 7.533379627078633 10.746725245338423 10.613513563594566 0.5948536864742192 0.6100151975878633 -0.16918453717423132 0.49538585242315236
50 7.748261047164331 11.301785287893047 9.805667507605934 0.4098583577373907 0.7131643370984299 -0.07993596562858817 0.5630479520278823
51 7.784543013954473 11.802184577931332 8.902770650087877 0.2293540028733562 0.8045562409145094 -0.07768704946781108 0.5422644363375398
52 7.768568576678727 11.800821437604883 8.920616820353436 -0.37695634982868975 0.7132155516421204 -0.5419860891203155 0.23553888515428262
53 7.141765181480305 10.988876966277898 9.044553165672149 -0.43018266142185074 0.6775753980030791 -0.5462706308143369 0.23963066528032081
54 6.599762451270348 10.224970219605497 9.089996081344223 -0.42435610714973265 0.6526829991963958 -0.5727200862505055 0.2567459828116812
55 6.123952722278304 9.277179504520996 9.27479926695947 -0.45200154122610287 0.6639268071562425 -0.49566765057598483 0.3304684276009271
56 5.813706377888633 8.356007975147318 9.21383313405754 -0.3900936455316209 0.6177681007834072 -0.5960291441492049 0.3330747374015013
57 5.367596233284174 7.516164465400036 9.263962974949187 -0.3397054303784408 0.7024039612343624 -0.5543620461542156 0.28967502066520384
58 4.80868177281952 6.766566441478103 9.239659091076035 -0.29783710867047186 0.7508312703072897 -0.5046397425597867 0.3047690772646525
59 4.143719519030283 6.037328465895672 9.087918417368876 -0.2673935220584849 0.7438020298240896 -0.43905711040700246 0.4271862574940543
60 3.71173464870039 5.227424888335595 8.64833770179913 -0.21629343546154065 0.6696714980610131 -0.5518919971484196 0.44740636779609194
61 3.150040382107136 4.4586453252017435 8.315391159075512 -0.22543650804259777 0.7299266295537474 -0.5319029922615475 0.3653282128895584
62 2.5028617412080227 3.784193774028112 8.041091451355742 -0.2037109634589868 0.7338583075197497 -0.528743007704446 0.3746794091680464
63 1.9190809316748636 2.9907605876223897 7.672011114091861 -0.27026647732491904 0.7649350533800584 -0.48243886982669626 0.3302773565129263
64 1.2486851474043186 2.214637258718836 7.455610965351742 -0.2323524645879919 0.7969495278022822 -0.49574260737955966 0.25519218162812385
65 0.533692519818576 1.5859044255203596 7.215610901243234 -0.25713771295193144 0.7679322919011293 -0.5125642320253235 0.2853736142000856
66 0.4796951544430588 1.554657741776186 7.231550027320884 -0.4192801513824729 0.8703514860427018 0.23402684855158687 0.10919651806245532
67 -0.06740155516615659 0.8720979566932737 6.840671671944202 -0.22779070387971825 0.9390878253763388 0.20424287793954027 0.15655765157569215
68 -0.11219929740044385 0.7840916464953054 6.792407600787847 0.8206756453698903 -0.5455336894523917 0.008334875353680188 -0.16974984130188311
69 0.2932042190522406 -0.20365951693244821 6.603188731279953 0.8233882523200469 -0.5383891489789662 0.14091371064056524 -0.1109605171065407
70 0.6391562958462924 -1.1242919359211805 6.705281587610944 0.8295128077753716 -0.5392343911880405 0.09648635287594277 -0.10874353684418257
71 0.6274595013182774 -1.0999167937986303 6.652644118113241 -0.2470037166318802 0.9336393284312636 0.034644280275828485 0.25711192547337675
72 -0.142162061124547 -1.5984918094604126 6.187638491855226 -0.18492134716641384 0.9362902961397435 -0.12386680220088563 0.27170129191676157
73 -0.1611036334818941 -1.5324607175250233 6.188674267144476 0.06371299255160125 -0.8266853346275815 0.20439268822313403 0.5203418502222614
74 -0.6902502065921938 -1.452733197506706 7.054196160413763 0.004005471003633551 -0.8121711153472599 0.08929360523979697 0.5765316016151303
75 -0.9506585932673822 -1.3545018833424265 7.894711817225924 0.04379770980031212 -0.7926750778277877 0.15705474391015226 0.5874366255369816
76 -1.2566748179352167 -1.2395411420921065 8.815532289562517 0.0263278725887111 -0.818315882747513 -0.024391576992858502 0.5736471129012274
77 -1.2854109126893898 -1.12056646982824 8.684464767866256 0.5543030260807925 0.6210652784794877 -0.38194249846453826 -0.40142994782594316
78 -1.3180080756695172 -0.07639263432975962 8.607431378835406 0.5763284292788097 0.6053242345547074 -0.42233937771203517 -0.3507956138545478
79 -1.3254807472632428 0.9430410992120892 8.607436908470337 0.6836489391281733 0.5119688811100203 -0.43183002725178926 -0.2898875995409199
80 -1.2726573013721196 1.859001343312786 8.290092509005182 0.5885485159142577 0.5435859866148731 -0.49865172117172724 -0.3308645954821009
81 -1.4369294302158053 2.8597226390097115 8.017096397319316 0.674391655633368 0.566980485246636 -0.397709129944048 -0.25603998148867857
82 -1.372119629136163 3.7848195461427023 7.809472252048672 0.6767108348860913 0.6151818659802935 -0.38324221025528116 -0.12937977429034647
83 -1.402188157604577 3.841089294375151 7.854987544029539 0.7705289697934998 0.45308807941576695 0.21234850995230625 -0.3948473240650555
84 -0.9775473190436034 4.302192722529596 8.566254131267502 0.777476991000375 0.4381577694212659 0.2626918358187658 -0.3667973513466946
85 -0.913935797072345 4.231062660716515 8.654658877864723 0.21762979290602544 0.8087288547835544 0.5441150802081128 -0.050335794125855315
86 -1.8154893999247195 4.608157800486327 8.979815500082788 0.2642838380465157 0.796327613642201 0.5431444786496369 -0.031787733652074796
87 -2.6831882639842677 5.065684521585692 9.28214782683477 0.2786607843220364 0.8289145021882856 0.48323497321360837 0.041627827305999295
88 -3.5395648384084115 5.578597714003794 9.49823316315366 0.24191113555639204 0.8433364694878461 0.4785173566900793 0.0358293325633067
89 -3.639295720999349 5.58422502258702 9.473474146271638 0.16048592795879268 0.9615263606200669 -0.213939688749102 -0.0627784544081158
90 -4.557640023199193 5.903188693268508 9.528968379755682 0.2695217198007971 0.9180952685513672 -0.2901223074465604 -0.01697548647601439
91 -4.487159660211165 5.9490409868276695 9.64247219162277 0.09417026745788223 0.6107456359165969 -0.3621638930466038 0.6978245076730045
92 -4.3832867008177185 5.530424743483437 8.744508380266499 0.16965975882746795 0.528683903198525 -0.315681875055361 0.7694503560951218
93 -4.136936375283164 5.1823482807664645 7.787302945100661 0.17787662683584585 0.48544066312631345 -0.3999440756869532 0.7568038084813627
94 -4.160634801343765 5.192126802474857 7.777752260970396 -0.24486809751803884 0.5243601361797492 0.08091030825534565 0.8115045190394667
95 -3.7201164703112077 5.055383277715496 6.881130328918848 -0.07255331702897073 0.5080873569806156 0.2084344388647189 0.8325493009784443
96 -3.428001891902325 5.259030910783963 6.029899210507201 -0.12611978629132456 0.5618640015540994 0.23008882587062177 0.7845137191107141
97 -3.4525018725743473 5.2057560484993886 6.020899088265227 0.521250563024908 0.41368842920633203 -0.13566438604049635 0.7339992564350932
98 -2.9110669468839063 5.515761180412288 5.264823048298716 0.5661089169005314 0.43212980415196084 -0.16192936929621563 0.6830544677612657
99 -2.8795869677629047 5.478441381737802 5.217261932778157 0.7187000399796603 -0.11259056579547015 0.29760172905727206 0.6182449578356572
100 -2.0708726410423917 5.649663770451497 5.808585259914072 0.6720966554115797 -0.003485673492023777 0.14330054318351712 0.7264563924890364
101 -1.218211960115576 5.93785685626294 5.966170845520311 0.7391059447504558 -0.128435667714278 0.09937281886234992 0.6537214426379748
102 -0.27426846707695096 5.889714613308785 6.220259090146472 0.660443278949199 -0.16029087150348023 0.020514778206376195 0.7332807481985526
103 0.6719588570589102 5.6213271079648806 6.446249446967688 0.5840384026981543 -0.2529650966175545 0.15150945891320736 0.756275537041155
104 1.4436500531775693 5.586659927693339 6.9458990403667045 0.6057391201612274 -0.06821682895963299 0.011432253806267232 0.7926511755658372
105 2.430086813276681 5.501951496158244 7.072703129590367 0.6080559850893917 -0.02181045663032036 0.0054184206862327765 0.7935759974292403
106 2.4724838076281332 5.590439532555846 7.11635309134582 0.4560767053393161 -0.3814869281476165 0.6412198629986516 0.48507612783492154
107 2.3823396865320414 5.826752159981177 8.101996028232012 0.3038154714981463 -0.4171024854271819 0.5940672017332623 0.6170946732500927
108 2.3624352327418348 5.819436141143041 8.16162539950618 -0.271895260457474 -0.7150291182576031 0.09681324147243389 0.636736620322813
109 2.382160529783203 6.387656139989538 9.040053335204089 -0.2831873197048168 -0.7510783298756383 0.09913664605787686 0.5880971091223114
110 2.2205752607130873 6.912335705969131 9.859901456013667 -0.2709040400759377 -0.7508708151927668 0.02138994630313775 0.601952232456558
111 2.108334086937538 7.348530575005863 10.746005334531208 0.35579924898916876 0.789862498584493 -0.08793739621507932 -0.49172262719496435
112 2.052599354517964 7.349890916914446 10.740986996548889 0.06540850210301402 -0.4671517915240116 0.6157840632859245 0.6311108610471096
113 1.8442435747045145 8.110723240039583 11.404630489899743 0.006130217909490446 -0.4476443615886265 0.5806990787105478 0.679974650962089
114 1.7732499523823997 8.053795352022261 11.45656622586667 -0.2177599827109365 0.8308997374267121 -0.5099952180679103 -0.04572847932983211
115 0.9864327706467926 7.817473164676881 11.723414045903077 -0.34965756581288304 0.8155762377864383 -0.43418498270372524 -0.15510766526027928
116 0.2877191281657808 7.402764612787107 12.30348855315415 -0.2149347449972775 0.8236839116692081 -0.5036330951535948 -0.14731454278610184
117 -0.5397137124846292 7.200881446718008 12.865063092798213 -0.3195289019800633 0.7546945572813749 -0.49597912959926255 -0.2869531477632595
118 -0.57515667519069 7.333771841534579 12.87735014325546 0.25836907359885053 0.8622011315913933 -0.37302899199347106 0.22517549072340898
119 -0.5917375097621685 7.345187986851778 12.791390850484238 -0.2875908698507956 0.41812043604469107 -0.4561749602789756 0.7310069754487543
120 -0.4788483068621028 7.365708356323859 12.755723794067961 0.34628978138055594 -0.08752768217765822 -0.5824214009835905 0.7302106571670438
121 -0.14036560712100266 6.421190948578712 12.472816000122863 0.3351266981289178 -0.13996482362897378 -0.5759811677920847 0.7323562239078647
122 -0.1464733907290059 6.351439015274272 12.397797661230378 -0.004482183472997541 -0.1743454323592572 0.1781905319257497 0.9684171180740231
123 -0.15427208209306137 6.326658629693658 12.455190230805282 0.633992632762092 -0.11370676197957481 0.23881109206574394 0.7267003345188984
124 -0.16544822355657707 6.39603962486427 12.462751703782741 -0.5752132797919529 0.6078101849155286 0.3633921370597421 -0.40944183541388374
125 -0.08170238153949722 5.395815801263229 12.539954200609163 -0.5187577946175557 0.5791129806789316 0.41062938072040334 -0.47634233259481845
126 -0.0905879007972603 4.3326772992391325 12.659565209081457 0.4121642642209373 -0.4546879357200455 -0.6103029984538886 0.5009089243445902
127 -0.3346857601288543 3.443751542458135 12.632162700407134 -0.3240296953196855 0.5158358182180585 0.7048593331337651 -0.36344392371941353
128 -0.28505405337129025 3.52068493002577 12.610690506242928 0.6660552750429963 -0.08874917489990444 -0.4356080581089404 0.5989487242264944
129 0.2631726082087364 2.8607295263485217 12.124377671925386 0.6659093515764756 -0.07347574252416936 -0.46196580803504966 0.5811657620249547
130 0.9213453178371751 2.230203260001921 11.608387633649228 0.6149299411394635 -0.09306922604968221 -0.4420222373571555 0.646386593560313
131 1.5277944027787846 1.567143195840126 11.159500677393662 0.641938652793751 -0.18570536920684194 -0.2758309365004719 0.6909020019991029
132 2.3697483347335444 1.010198708243904 11.026140756906704 0.602012658515007 -0.2647542900658244 -0.16144521085419752 0.7358134062190491
133 3.134079463178069 0.35907724249011996 11.203095323347114 0.5972980216806801 -0.14713421981200958 -0.10350155453942554 0.7815843031078475
134 4.028977038988417 0.005821631022123741 11.344633872991043 0.5228240585681417 -0.04082334124900775 -0.07684267566948445 0.8479880080446646
135 4.01630346192033 -0.03181207582184654 11.457337506816225 0.38187119561194177 0.5786698486020264 0.3080911594682333 0.6514563943491036
136 4.123463493163014 0.7533917179428687 10.952771146737673 0.17385912702183517 0.6794703211215778 0.38251947472354897 0.6014748025672957
137 4.059989984789433 0.7595600702214278 10.961301524604764 -0.3605519836178748 0.2817245474703483 0.7819228100949162 0.42335595604067466
138 4.054838133735589 0.7389208270024548 10.925941231874335 -0.38666650956832743 0.027488583921211476 0.17466537481977423 0.90511070868227
139 4.009084995154319 0.6664703657733863 10.97002119310898 0.35785125817283064 0.20547483327923388 0.07605965807753425 0.9077100298697387
140 4.888727665295773 0.961721115980083 10.765983992583953 0.24875041381566693 0.30297898092130415 -0.04294248969215078 0.9189575133407758
141 5.728803053890783 0.976391419053771 10.146477910929024 0.2324171844148127 0.168159409053903 0.009065493330428394 0.9579261361743968
142 5.649272346365677 0.9677611223846487 10.220434587223211 0.11675646155100552 0.32940258117673016 -0.6228733808833538 0.6999218667730978
143 5.7009455533269096 0.15928906826058864 9.595789084034141 0.03640891584020133 0.41329569540476024 -0.6352982808782454 0.6513502539497349
144 5.5938640992089805 -0.6835704195778026 9.03320616126215 0.1811566427398234 0.4472822243319428 -0.5677597230359813 0.6669106233117092
145 5.57499989727086 -1.228100661130771 8.260635323537311 0.128333119241339 0.5482021924898661 -0.5612535787369864 0.6066295302818837
146 5.354216869154552 -1.7059683281765803 7.321243634844597 0.10012738646696026 0.4908474882718291 -0.6806242433125329 0.5345969408365311
147 4.975072325464438 -2.2412183236663026 6.696975637739476 0.035554822998107784 -0.5883525526274976 0.6966866587605862 -0.40890686944986926
148 4.2044512807929735 -2.873935761515713 6.20806886448278 0.051799038915566475 0.7189000848425094 -0.509499839696198 0.47001004343567576
149 4.247550688384556 -2.8112044283339213 6.219246575795398 -0.34865497436733306 0.8389228347752925 0.18002938597301768 0.37714401271620446
150 3.7819676778297646 -3.2965667723953356 5.427870293965104 -0.2622199693428832 0.7953819447510169 0.07670833717442888 0.5410398142926677
151 3.7575303709970655 -3.243478247319945 5.433112612671795 0.16972857118967863 0.47145877533536995 -0.632372832937182 0.5907820540979457
152 3.521356790472728 -3.783548279847091 4.695276494867158 0.2647894845956393 0.6566224329349472 -0.47704377867154024 0.5207328899204925
153 3.2489261303735852 -3.884014579694364 3.749583271001213 0.27650672794683845 0.6310514234148761 -0.4757214331522242 0.5468155524907722
154 2.9848835833550456 -3.996659487997896 2.8004302610639575 0.36994142445072714 0.6203882616732099 -0.45585235287280634 0.5200580540995301
155 3.043937131117271 -4.023739668085123 2.7851954446195 -0.6723308997348212 -0.013125795503627044 0.7047560388746144 -0.22609245990064947
156 3.0498618755644524 -4.331967955767973 1.770482716621512 -0.6267052777712642 0.05204489953532024 0.7348168334393271 -0.2541181704251034
157 3.0165254383805626 -4.758252450273909 0.8952077625546717 -0.6763169027897536 -0.0396561246758961 0.6765673204578673 -0.28858187688250103
158 3.0605178780601454 -5.152775528717906 0.016740425624765187 -0.5965452153558223 0.14824663094807128 0.7110477846631486 -0.34142025478031
159 2.907759805850689 -5.89066641645616 -0.7477936284865346 -0.5018639307531103 0.2199550196393248 0.7395688846528846 -0.3908839331538083
160 2.7770511790184695 -6.663080076980285 -1.2978400458531594 -0.510252398571592 0.20450307354451622 0.7634112794852985 -0.33915217973264433
161 2.554752566220292 -7.336873918889408 -1.8077763481472906 -0.508308142733204 0.1758440499250721 0.6906037224798268 -0.4834958124266196
162 2.5774298696189164 -7.38880924240963 -1.8514619580924956 0.08601870978112822 0.415462331498378 0.8825744814353153 -0.20261815662153115
163 1.61162180852764 -7.635832773359948 -1.5327065971080298 0.21809974269456386 0.4092089537388855 0.8854872466239961 -0.029880938451578052
164 1.6246298214969428 -7.590325381451528 -1.5307012918533385 -0.1261216006350798 0.4067091240927845 0.6816359876779108 0.5950238739204402
165 1.4174803586153302 -6.943049074547889 -2.196934802846573 -0.1442565415248808 0.327631953503726 0.8534942221410388 0.37867527783376204
166 0.7283424456495986 -6.389875506935698 -2.6486795293856034 -0.17701915146471472 0.35122889428308396 0.8608250385481423 0.32292837726651574
167 0.7674391112424059 -6.3441036564521065 -2.642625260987465 -0.446945281789731 0.17404485991749621 0.3181497857830052 0.8177585313700038
168 0.7877029548499596 -6.263955664311228 -2.587580650232889 0.9105760801583511 0.02239651358875137 -0.18432924083057436 -0.3692862431737014
169 0.8065822535853022 -6.245597891840411 -2.517716652906486 0.7093802427164169 0.6012083368343821 -0.002298714701693491 -0.36786264131487306
170 1.082679552931264 -5.3902841242894866 -2.0023696104774373 0.6818921264463393 0.6631417044714886 -0.04819535850648545 -0.3048662249242624
171 1.1077266615109513 -5.43141179407027 -2.056984442106571 -0.21427202902513234 -0.5213684117387578 0.6067555432162546 0.5604553395185102
172 1.0864431984776188 -5.458175131573797 -2.123206894622888 0.6844062782921885 0.6612806250945902 -0.01006526618627291 -0.30691150438741166
173 1.132279385705064 -5.4601231929585 -2.1353348129895555 0.9669204093130693 -0.11793940262079719 -0.03233237486295314 -0.22385226578933298
174 2.060958176640254 -5.582484864288477 -2.2014083639446635 0.9428551816788548 -0.09924006112128463 0.020823474638148605 -0.31739864453707506
175 3.0049820450603177 -5.757656235816233 -2.165203184230324 0.9504008921545453 -0.07225543916871277 0.1291128008041523 -0.27358212728701586
176 3.0487275391831283 -5.748042024160295 -2.1546853056934716 0.5586311405929931 -0.09550935752966073 0.8091451539685028 -0.15522026669649774
177 3.063157917330671 -5.773179654382283 -2.196785586992989 -0.39535520077973324 0.403218141301505 -0.4877551403124485 0.6657359227505762
178 3.249149861387527 -6.648424346178304 -2.3934715675581866 -0.4669005361765813 0.45208307269272924 -0.5251984679530667 0.5493553985922731
179 3.2681623541350184 -7.718478311792885 -2.4204598921630684 -0.4409931014176924 0.40755585261147265 -0.5188187160325436 0.6084820879849174
180 3.3793829797312225 -8.721498772364942 -2.387735012157354 -0.4859343655411757 0.4591005086434701 -0.4455410807231809 0.595472636430444
181 3.3264564876610616 -8.749390071069929 -2.338757740837627 0.8005488806298517 -0.5967621355269707 0.02443699555515595 0.048982410841232914
182 3.655029556853626 -9.754968966670416 -2.242631716387415 0.7390793721713158 -0.664678797657206 0.08428928719592785 -0.06970719934001296
183 3.7809682114106913 -10.735986187560398 -2.292482287331421 0.7761916107203206 -0.6186726883529596 0.06615206170973383 -0.10195387616500273
184 3.9211819036453526 -11.668803804148032 -2.3410006198935025 0.7935297028668397 -0.6053092727975803 0.05750185896210152 -0.02459331513304689
185 4.204187534617077 -12.582085773271476 -2.1880386542513404 -0.6828150390836699 0.7012111905482883 -0.20438913843823414 -0.017075384021925807
186 4.198807920352669 -13.580907563985974 -1.9446550476472517 -0.6601998953587787 0.721665429481014 -0.17907928161081893 -0.10614008176930899
187 4.242574205517032 -13.566682170171108 -1.9208903576116088 -0.3929989760735796 0.7194355582524143 0.4775607154894926 -0.3160696843234419
188 3.7102277026409265 -14.464303423407468 -1.8575188052001088 -0.3754714723525437 0.7528002029110972 0.36797100882154543 -0.3961191293200562
189 3.2970798520471596 -15.31476358668243 -1.4808050473427845 -0.344483220025907 0.7694164696916292 0.4286893696692734 -0.32489233850679683
190 2.8172654330919897 -16.107479465803564 -1.2728120914138823 -0.3969266330755183 0.7266050495255418 0.46377296454219596 -0.3152919081090763
191 3.077281489184905 -15.760501009055943 -1.2946233607435875 0.6672334954715335 0.2349035561723164 -0.5012433033865589 0.4983722831664795
192 3.0382829194586547 -15.767091697560062 -1.275130019402548 0.2194381305883649 0.7096986882094684 -0.664842585950121 0.07847939031873774
193 2.127520797469604 -15.565461148632865 -1.7018033963786865 -0.18538016320304057 -0.5551968865697122 0.7524481501578905 -0.30201389629962716
194 1.383979760566139 -15.841064637750355 -2.2652989485769157 -0.041957075812962895 -0.6579027836187689 0.7239874544879762 -0.20309036619180768
195 0.4402179064246361 -16.01373473083969 -2.5463998317037433 0.14866943721806453 -0.6272768014098706 0.7397714994599466 -0.1927675839892415
196 0.4156544067094443 -15.977591232125677 -2.5205836608692853 -0.10120353173849746 0.9904801225982657 -0.038917472016781814 0.08480803189087381
197 0.3968183777697645 -16.002087398719706 -2.5137033182608266 0.0037342966726733994 -0.5722645299658785 0.7762258799856556 -0.2645236208957306
198 -0.4789257138418438 -16.480948840402437 -2.871460141277353 0.04680785178302538 -0.6355334803258762 0.7371490153185665 -0.22476109452306606
199 -1.3245556842843542 -16.85619312199762 -3.044925133626843 0.13175952484869172 0.7045481301153251 -0.6728103350193692 0.18324195222102319
200 -2.1493668762715865 -16.96755728751817 -3.472907949761786 0.15037058254841734 0.7203479836729147 -0.6391963310692776 0.22341781636653685
201 -2.0961565733956946 -16.965939254293637 -3.4994882533440714 -0.36363639174337226 0.4282527430367314 -0.4856836827928002 0.6696861376422538
202 -2.0644517891633023 -17.889128441609152 -3.666432535983057 -0.312657883900106 0.3907321763197133 -0.5437503093679649 0.6737277009933702
203 -2.2307172229833006 -16.923551489379857 -3.5422930502377357 0.6338608519573609 0.37602678203319917 -0.31744052774406645 0.5967041066518799
204 -2.1823985386814204 -16.888783203220328 -3.611746147527871 0.6651859086568002 0.671994480202614 0.28700291731789557 0.15355927504603645
205 -2.3132625088632985 -15.933585914669905 -3.4434163583420996 0.7429104906737932 0.4939815036051766 0.43492363821436986 0.12209711653094014
206 -2.175040522515873 -15.061235373161864 -2.934520563028512 0.7141482528019786 0.6082743476272318 0.27791615445351475 0.20677814713435805
207 -2.089303173833517 -14.046400102786455 -2.8060895047122454 0.6816785970027626 0.5984804123147474 0.35682025522817773 0.22319227567909802
208 -2.0375384413022117 -13.061194582353968 -2.580933739021683 0.7106255836801862 0.5950861361410427 0.3648442153895877 0.08816160665888692
209 -2.051256755314139 -12.133098596300634 -2.1580708916577036 0.6863368521439072 0.4487151224383195 0.5721431484809099 0.01576965220633596
210 -2.117679065434946 -12.109800162982562 -2.162365628217506 0.5516834331393953 -0.05134672639391225 0.7015675180711024 0.44812043121878903
211 -2.182186161882457 -11.550017200288105 -1.386204651468013 0.5542671482293066 -0.03409839819375369 0.6910246957884413 0.46272032313792444
212 -2.2446330582934126 -11.555748027613388 -1.43798727339001 0.4403169472067328 0.44392348763412537 0.294777845880606 0.7226056633512421
213 -1.7866341250662034 -10.765427461222249 -1.7983698197619342 0.4850276626107815 0.4081184484549571 0.14603996357860216 0.7595128883508179
214 -1.2023813048081928 -10.092354834245612 -2.2466284430174084 0.48534230122296074 0.3736573536563079 0.17603456198853032 0.7706068165333556
215 -0.511055902294986 -9.348515279551252 -2.6630167576459636 0.5489475125640054 0.4118249842831272 0.17252983970993485 0.706604744662572
216 0.0531420494361482 -8.622380308400407 -3.0181183857774814 0.5633835101788495 0.3890344841736247 0.15820130870238028 0.711493876647702
217 0.6767460755070136 -7.9826169390793655 -3.3600323764002558 0.514212228306827 0.40150448579321274 0.23647960723743208 0.72003980966922
218 1.199444466028131 -7.263378596475718 -3.7516682967791812 0.5127092334358918 0.3902460329945965 0.48761407429406844 0.5891262939573335
219 1.4169422422817475 -6.243220584400685 -3.6797497050783297 0.553688399152863 0.42445076424824496 0.5514579115082128 0.4573454681175081
220 1.4475286190055519 -5.251874815283356 -3.448069094694076 0.6669133645170024 0.3678613275019366 0.5526089989576505 0.33841971311989083
221 1.6001785089664706 -4.435804974517193 -2.904221711866815 0.6255293630370782 0.31647697945835407 0.5574952008490317 0.44469589438361495
222 1.7855234533714728 -3.581666223159983 -2.5072714227459385 0.514771701762625 0.37770569975598145 0.6487289306947229 0.41412470816885255
223 1.613969584770325 -2.7005906631566603 -2.1350489975318876 0.5349382373349387 0.44261389398165973 0.6728017872678207 0.2554834204808745
224 1.2804715247702105 -1.9050314070103562 -1.727452278453753 0.5304865761366657 0.4759935871317258 0.6960236594029706 0.0869779460528221
225 0.8880150267404285 -1.2981734761995907 -1.0148303809564756 0.4338602564601271 0.4990801807632507 0.732121671356465 0.16334659275262084
226 0.3168374589184798 -0.6206819844821946 -0.5611017908927769 0.38291405187919997 0.35070611764856696 0.7763775386002791 0.3572393671955758
227 0.32044369481283086 -0.6422149826212502 -0.5274349681777295 0.013759800716754663 -0.17669821155184265 0.739876291042709 0.6489772599032273
228 0.11391682431974706 0.34816381620914283 -0.24476354027804975 -0.013176103791914747 -0.26382309781357527 0.6801076890813346 0.683869354921948
229 0.08544096427058849 1.3340773150424463 0.04287277025972441 -0.03304482874438835 -0.3242024606242694 0.733704601893287 0.5962200608659846
230 -0.13028107168869185 2.2290701114595044 0.46437428706713324 -0.12080608232285311 -0.3000101311910633 0.8100083977225832 0.4891688944274968
231 -0.6629154849921254 3.1745556706532043 0.4992549672732797 0.10709613933202212 -0.26129036906965486 0.7642460591617499 0.5798152473222453
232 -0.8906281877034916 4.149222737436972 0.8798319587840271 0.07633782585884154 -0.251840202570993 0.794190815578273 0.5477316835488587
233 -0.8461184270884656 4.182543168799081 0.7983885675751797 0.38740487966882764 0.8112389481169001 -0.3355728361517385 -0.28142441241663074
234 -1.3428645044265908 5.073937973681393 0.9111704570755995 0.44539945129699116 0.7651620484543808 -0.2523778642755501 -0.3904507421085889
235 -1.364814389962515 5.079252464199915 0.924725374068225 0.6170565144637395 0.7020906358661249 0.35539866299467104 -0.0013369100803236039
236 -1.5912263346012554 5.885136795659993 1.3833144392185228 0.6948785523076274 0.6715929852829136 0.2501313305319026 -0.059506110173505974
237 -1.6049554896890632 6.83526285422275 1.7338454340041571 0.7080053212224041 0.6552201880357742 0.2393332887910944 0.11015692074293315
238 -1.5999666360991562 7.824915571640184 1.8477699545897546 0.7458126299722655 0.651629046040925 0.0016165512786111514 0.1383491745245036
239 -1.4778726297361715 8.788084369879462 1.6570775139152127 0.651917706985956 0.737777359317869 0.10215888282169962 0.142307533380172
240 -1.6258056801310086 9.811388513455608 1.640148315064194 0.5395059482476566 0.8197599456625105 0.042922198243970686 0.18730896452306003
241 -1.6594927919696372 9.843204276567858 1.6428469805203436 0.3039045085987153 0.6760496286630134 0.5184733173539012 -0.42636178115541434
242 -1.7574309506779169 9.897523290370156 1.58010961430369 -0.6758895894612814 -0.42863110699261053 -0.046610041044404936 0.5977258075823665
243 -1.1596269116293976 10.489477954558259 2.12573871764694 -0.5915772724345771 -0.5626219803022825 0.11998706330772807 0.5648857784175454
244 -1.1313284175008758 10.421052733263485 2.085816430219247 0.7618477730931815 0.6066493684447997 0.1961275045618137 -0.11444874989637345
245 -1.1190804159894845 11.393531168178042 2.476168235988732 0.7382135917233031 0.5830651755924263 0.21108954661905782 -0.265550178524728
246 -0.9853346095423339 12.122954699355633 2.98746715413433 0.735242398165338 0.5669919568475235 0.017906081489672973 -0.37096914838835987
247 -0.6312759891149455 12.984947238189777 3.512914830751263 0.7376717678983684 0.5742338926928026 -0.0674073975277134 -0.3486431443282779
248 -0.31770282891828616 13.868052953192722 3.8112683220763244 0.6940140546213162 0.6425406719527356 0.133288251525976 -0.2961759930847825
249 -0.20321374500611783 14.644290812685817 4.380131339897917 0.7718272390177414 0.6159854793664635 0.05312255468043938 -0.14840012299234495
250 0.06130694957662064 15.546455939758967 4.764859228454632 0.7526368509204697 0.643926274992161 0.12612713252796243 0.05466872461941469
251 -0.0016419569423813951 15.576933238537528 4.755349682522997 0.9532199225759992 -0.13650089702782328 0.26966910762451485 -0.004225719797189283
252 0.8549749879251058 15.344025287843555 5.282027027142079 0.9240488292072234 -0.21220371771615598 0.3072085167882271 -0.08201384420315923
253 0.8173536188164915 15.390632038207993 5.361561233957293 0.8274986229709068 0.4920076536455438 0.175199952334112 0.20610549346775206
254 1.2379194358649852 16.307067250927542 5.4683006423603056 0.8385339383293314 0.521149590520733 0.04951784380584884 0.1510361602888326
255 1.6627671426670003 17.17027165395408 5.358651823411608 0.749313662370886 0.6322995749982164 0.10797896728838123 0.16451998500103399
256 1.7920316494994706 18.27307827564116 5.340202370722966 0.8111927226719189 0.5770823014239822 0.05355808056617106 0.0779353326379506
257 2.0724117523117203 19.23465469185916 5.3017089473994465 0.8179026887040292 0.5613052159980696 0.1026258115673017 -0.0737535701117867
258 2.450668534372581 20.146019746460627 5.559709580996288 0.799757898284128 0.5330569263475582 0.12284314470995034 -0.24727955678304508
259 2.856904979659013 20.964988376280534 5.986617591823331 0.8644056184300878 0.4135753014511335 0.12969847756317157 -0.25482680740828206
260 3.5703005287386516 21.608992768995396 6.43101654535012 0.8748295486908768 0.3960186833955613 0.22865990073116654 -0.1598659217487482
261 4.064652278612169 22.24607910695012 7.0175762432571105 0.8106192661953321 0.5096688915957479 0.22556317965690964 -0.17959754507110764
262 4.431852129455443 23.025201401234835 7.5998837481228865 0.8465851959988063 0.46298282039712213 0.21805868058732664 -0.14625602809219126
263 4.488701300565144 23.099370288169 7.528304169719741 0.15062293603768734 0.9245389284135397 0.33521693203724295 0.10084696060303384
264 3.5427264923964197 23.38837636785186 7.3328734039567065 0.2161348856040316 0.8745988568530813 0.42349534699035446 0.09494336150429802
265 2.6726673898800355 23.915509274776138 7.272201203916948 0.11290649470060157 0.8711226919188514 0.4743037256444923 0.0585948369588304
266 1.7312391932362388 24.169981168876188 7.336566748701731 0.06881629983730585 0.8639802066444618 0.4699550594090993 0.16716686734842418
267 0.8088120049216224 24.51849907170378 7.1656952251948525 0.03516302268355372 0.8980858215164772 0.43787358795499903 0.021728782714331235
268 -0.17593600214633043 24.531872687425206 7.156947187944757 -0.038746625106343156 0.9318043102103369 0.3590231600929224 -0.03663054781461986
269 -0.2694102465357948 24.542205710585726 7.168993745562582 0.2665795535528772 -0.6059826589859425 -0.2345886763828636 0.7118205613416996
270 -0.1527659987075244 23.881465970711016 7.837545493733289 0.2838012541650329 -0.545670072590222 -0.23950669672187405 0.7512240426391538
271 -0.1764306565126504 23.836477762279358 7.816943253694324 -0.1167461720914648 -0.5255192039002264 0.5120710246506859 0.6693154438284388
272 -0.22228430491177217 24.65581333774923 8.473054047269876 0.026330022359188125 -0.48277013843953237 0.6166445050987901 0.621280353532211
273 -0.2423306260507046 24.64515636798099 8.395558988161763 -0.4527826196979015 0.760090719165595 -0.46172676286656383 -0.0637055287286653
274 -0.2707741388253216 24.680405264642857 8.372036071552102 0.7268628170558209 -0.5088170693396514 -0.010907817835919363 -0.4611471073750153
275 0.1878238726526703 24.070267999946218 7.8840560985896255 0.77910406645668 -0.5158703192340767 -0.025655935684042536 -0.35526953194465466
276 0.6166662622747319 23.353234405389554 7.423810197377964 0.7631389202446104 -0.4460684093095631 -0.0005505543694309453 -0.46759133815096854
277 0.5863263447276104 23.308597877085493 7.414019274394016 -0.5388970169293902 0.5866213721981113 -0.5585126211775153 -0.23136339989382876
278 0.2506572015047591 22.93661903931024 8.176086095131488 -0.409019200435778 0.6705110118561421 -0.5966973067240984 -0.16453145839849995
279 0.20254271953114253 22.964632059345984 8.129034252026335 -0.13515110741091835 -0.41319789374244964 0.7123396167803637 0.5509754523911321
280 -0.18122566005793792 23.806224621219034 8.424830533214763 -0.15466110248544937 -0.3374703347222552 0.7320325552444875 0.5712460543606956
281 -0.5035987010904293 24.755099695621517 8.673380437548165 -0.2108069415514124 -0.44102774761467217 0.6118228071679863 0.6218744341559276
282 -0.6342583827549583 25.724913670224506 8.937750548722464 -0.1592006271304259 -0.30879735044099793 0.6004684001076686 0.7202340294335142
283 -0.553578162311236 26.686932536233066 9.293035679848154 -0.0973441988629767 -0.34834280254044425 0.6742892342408855 0.643828725246735
284 -0.5317837614500878 26.685450318150103 9.347936286933411 -0.257974543188613 -0.1685198928958188 0.9443179523716 -0.11538537859589341
285 -1.3755847703772344 26.592273251281693 8.812651096466496 -0.34557032654982317 -0.12321351159768361 0.9280601497530673 -0.06406198879469104
286 -2.1714581928782275 26.507951673500628 8.081497566810032 -0.4146093173805863 -0.20284194714633938 0.8756813475533988 -0.14190291035123326
287 -2.7557146098233627 26.39067859675158 7.2911482257741635 -0.4045478144083535 -0.23446259411768816 0.8743300711256232 -0.13005877341606673
288 -3.3749114241411426 26.323748249874246 6.461999440098401 -0.48578429225031255 -0.24897110143295764 0.8265895174245539 0.1370283975603851
289 -3.728804868037116 26.843765007084034 5.76224961713482 -0.4801988560368989 -0.3550579137800086 0.8008408136633072 0.044686996924547515
290 -3.798937695779029 26.873810155011316 5.782621998596926 -0.04039971016048553 -0.6115714149519557 0.6158771633621024 0.49501877487794643
291 -3.8816120570782053 26.812623464550402 5.75235859817739 -0.5243753594820082 -0.35139219194974847 0.7709316656719567 -0.08496103029700591
292 -3.845911811265953 26.773271853019157 5.683971166845662 0.6497478634282956 -0.15390821164035903 -0.40394647469205963 0.6252737176180446
293 -3.160143446978572 26.113556155393653 5.4399288283430325 0.7506908624290859 -0.18770218681624645 -0.3926291987670599 0.49706481509498457
294 -2.5017413523764924 25.46988773895595 5.00858431660312 0.7341500729117836 -0.16825862196538385 -0.4158358446409729 0.5096991827437675
295 -1.8926705412293323 24.85657188580051 4.579910951007354 0.7858275375900492 -0.08172403085428884 -0.4829489739889575 0.37756661990846213
296 -1.826110845829634 24.856153211240585 4.613653375228449 0.8174617003448666 -0.4340177731204292 -0.3001388674426757 -0.23087139566237258
297 -1.4331879114219706 24.2848090766101 3.863823360471362 0.8828890900743541 -0.41680665679504103 -0.20067643285531506 -0.08067239165592453
298 -0.7821277830197034 23.54560230643409 3.387093649123213 0.8723049355007961 -0.48046460581230593 -0.07248786733361613 -0.05462024489145541
299 -0.23689131316715084 22.746425099947682 3.2562506640608624 0.8979656579804338 -0.43946706597118224 -0.02028539915267618 0.010718096643737
300 -0.17326411501166344 22.79680629146597 3.271548932152164 0.655556917612646 -0.249181036950468 -0.30460254006179 0.6444930032067089
301 0.5392193971506629 22.02616994303929 3.1430350531295006 0.7411003254370933 -0.17341326543741734 -0.33087514080564023 0.5578707629946352
302 1.2449673560477978 21.45510608552349 2.859476297070639 0.7188297071732415 -0.3059012222285664 -0.31083329118694214 0.5413787578158168
303 1.2370666495625504 21.44116317936141 2.7809423517394958 0.8753613309891379 -0.4663558399300391 -0.03155594287213213 -0.12352729755614376
304 1.8186974375187837 20.65944931480842 2.562239320362181 0.8305575353301641 -0.48909843425532756 -0.09671964922973969 -0.24819792821082773
305 1.7568495997859541 20.57384436491143 2.55786616842281 -0.20599945045730222 0.4003823068051709 -0.3141832152755829 0.835791326856026
306 2.214030371810874 19.936869853340678 1.9205822888357724 -0.07024019362017908 0.3918818000171014 -0.2281781771190349 0.8884985590884157
307 2.837890013092057 19.533158396464994 1.2880691434364464 -0.1494137287815647 0.3594835575777123 -0.13597202884304788 0.9110207005634757
308 3.5079359330545463 19.196130054883845 0.7267339665496181 -0.2180709151359455 0.3742562517106949 -0.07611200124494719 0.8981003826375544
309 4.234339428472942 18.957192952154678 0.17101579916675902 -0.24378733273991993 0.4685999987854145 -0.0904473189915932 0.8442754645381437
310 4.69419636822194 18.56102126331825 -0.5675278053399236 -0.322476407249126 0.4670088633427601 -0.04089698931556668 0.8223375977005563
311 5.194345349047112 18.231734010418755 -1.3266707397165005 -0.4852355910455619 0.5960711977388304 -0.14239471854199012 0.6236740274696457
312 5.237820337049767 18.27443683961668 -1.3421438370777332 -0.1820565437583094 0.8868595738498612 -0.42380492782828527 0.02692386105453787
313 4.352174341739454 17.79702669151719 -1.3135666230520742 -0.08195798546769704 0.8574839208508154 -0.5015804000418794 0.0801331167134948
314 3.369180371911959 17.564334168710225 -1.3678313113329057 -0.16168819389711306 0.8464531230027924 -0.4861532641284482 0.145013938262381
315 3.4751450005968048 17.66252882595123 -1.3562795220792871 -0.13587309158462424 0.39461253548638137 0.9022257113890888 -0.10866561336825609
316 3.431166345172888 17.708466395963715 -1.3168264966688783 -0.17148797848365094 0.9090362477019106 0.37665878083233423 -0.04871484806013555
317 2.6443524338311164 17.4468770762313 -1.3957274604029435 -0.1977999173423371 0.9157501642889903 0.33880266041390406 -0.08654239770490549
318 3.5319297445892888 17.780359736674747 -1.391240170683123 -0.13437169013345543 0.3741258545721555 0.884684492650113 -0.24353119368111
319 2.6305668342872557 17.2853552060757 -1.4225852044113925 -0.15887228046285606 0.39149364608429965 0.902948392597015 -0.07859086386228861
320 3.5213940637287555 17.56719554168743 -1.266890764811308 -0.0495110969239076 0.396165811044908 0.9000378590812973 0.1747373848404442
321 2.6445772328668635 17.841020417264257 -1.5181791365860038 -0.053303776892293826 0.451097756186237 0.8859788504501739 0.0933327289205039
322 3.6748672768402146 17.701445505357107 -1.3306590867801786 0.10549674187743475 0.49026746413862077 0.8645875250842702 -0.03156996244833827
323 2.721936359548949 17.741152468928348 -1.0954642985916783 0.0897364299578903 0.46055187597318503 0.8805610615517062 -0.06672000865501848
324 3.6604438266357904 17.769380060249304 -1.3017371880533797 0.1373051339793031 0.4882724568640873 0.8240941145055289 -0.25220269326115996
325 2.878433836623791 17.516696576137733 -0.9123324476190781 0.15252865669240512 0.35230002275424954 0.856681465860089 -0.34455270845949804
326 3.666073481111404 18.000840626778043 -1.4890696687480198 0.06430944818883289 0.48617073616811834 0.8145184160915766 -0.30993880043496974
327 2.9011910045120883 17.524503905505856 -1.078397172959889 0.0015213028009274997 0.46206669168504716 0.8350163371176077 -0.2987302710133646
328 3.7608304734504223 18.053861649170035 -1.3634959375575761 0.04369352778909341 0.4321725553105461 0.87632448591577 -0.20826222281095322
329 2.8220096179059078 17.711337264372993 -1.0749786333984248 -0.09045885651743765 0.5043452121939505 0.8567294715867714 -0.05888730533187205
330 3.8364085394791254 17.804660828803758 -0.9075036244527274 -0.08279855746928284 0.5053901808399046 0.8558896941899603 -0.07195828910578415
331 2.865250205055836 17.59000045344754 -1.001307963575933 -0.06813720136472136 0.5053924642008042 0.8589548156746841 -0.046177955222084704
332 3.8829856130658325 17.689665112952873 -0.9520213311310554 -0.11911776072275072 0.5203250761466041 0.8456104008396572 0.003977964960081231
333 2.8441009273068953 17.561518471573077 -1.2394054373273478 -0.00730841068000497 0.4908105239731136 0.8543999422067475 -0.17044751522881643
334 3.9893195358241265 17.85627123788899 -1.4191013603193565 -0.029000288562805513 0.49729307586200006 0.8442924059052134 -0.19755736709566826
335 3.005188566775981 17.521196311028486 -1.2624628975669436 0.03940854034074826 0.5379635894972965 0.8402239064997603 -0.05537084313679074
336 3.9483688843600686 17.56624510734218 -1.3773101650455937 0.027759763009700535 0.5200745655605018 0.8525554998639862 0.043600016816170414
337 2.950703165746865 17.608531155286098 -1.4046514233694056 0.091802917187901 0.4145416175594727 0.9053107932343103 0.011825369357119435
338 3.9815364482751257 17.489427585424732 -1.5667611767876766 0.14331627631719404 0.28526209795501617 0.9386426960380353 -0.13052152921003474
339 3.033500219493444 17.36664728584743 -1.2000433909828045 0.22815298873109907 0.44132622507689373 0.8540453609682321 -0.15422029114577976
340 3.915464709841079 17.366961649633385 -1.8064195149329698 0.15351655560926403 0.47276645615616886 0.8434838510480335 -0.20361615384979864
341 3.156473375533756 17.089390281321485 -1.3536700095375986 0.11999018256989533 0.4584832703578333 0.8485861496612099 -0.2351531277529451
342 3.9546111750999544 17.357382165599347 -1.6504968317474393 0.15008626285411797 0.4732251400407324 0.818702137488227 -0.28854616720400805
343 3.1502918317188064 17.02182006452632 -1.133195124612703 0.20644538051007927 0.4043026058783224 0.7917361774181249 -0.40874629431149984
344 3.8392982345862277 17.478566962252653 -1.7471041144820503 0.17650305866332253 0.27152730064166936 0.8558527762915042 -0.40328106898646465
345 3.2848487442994165 16.814483565439584 -1.1800715731181295 0.2077018810906253 0.2981907819744569 0.8390579684407135 -0.4048751804359235
346 3.9083151309505233 17.319438568000553 -1.7334698937718531 0.2136653395190133 0.3306917091167203 0.7986417545563081 -0.4551499358331386
347 3.4776159845750354 16.794233325301402 -1.0283742988382707 0.4209515582034 0.1454881739560797 0.7966394268768728 -0.4086546224262536
348 3.7843821483236435 17.29157206460267 -1.7838073528045506 0.3956899134106782 0.18381289403224488 0.8274118926853105 -0.3535984618963355
349 3.4037889810301443 16.843076807853446 -1.0546655270628027 0.4633557033345277 0.03214052412859563 0.7669883198331111 -0.4427159316488248
350 3.580417157848424 17.486180553220244 -1.818699889094298 0.4555506875420815 -0.016397092847357124 0.7441044194985547 -0.4883782543365464
351 3.414944202098101 16.69795269997764 -1.1458588032226567 0.46635091781670496 0.05538499507988787 0.7709483827505375 -0.4302184502155268
352 3.662900694321877 17.235126385517475 -1.8920388864663737 -0.4701406940517549 -0.07095943647311773 -0.6994959686637051 0.5335146445929888
353 3.6765334490342623 16.56766351661115 -1.1818399527397276 -0.3242429250299611 -0.04325265028645619 -0.6991959897820363 0.6357048856851218
354 3.7100463275336373 17.40560637126269 -1.6600252151582688 -0.4052508041226908 -0.054041816200401986 -0.7140063647582026 0.5683715148953682
355 3.6908799909772974 17.37300719320355 -1.5582470340341503 0.09235343916472968 -0.4450658370962286 -0.591110139531239 0.6663152751270537
356 3.6211169689663025 16.54673772322398 -1.0469500454385643 0.1040882182981081 -0.36264496846417593 -0.6523344115748319 0.6573538507793673
357 3.675444430346161 17.492998753058668 -1.423514238301626 0.5159255283007673 -0.27624091505900633 0.6576346919573364 -0.4743716033123385
358 3.656815429686222 16.485687933341094 -1.0968114313293864 -0.447525239362625 0.24536562128359057 -0.6944468366057898 0.5072085006718234
359 3.7887630304871807 17.381336426010208 -1.440548434874578 -0.5647594982049305 0.1587899322125273 -0.6028384622713748 0.5407571127794291
360 3.8416647438234452 17.36317049612576 -1.402428871645132 -0.789940855126905 -0.204684894279834 0.010145991888510914 0.5779226577178218
361 4.813705195896437 17.68758809108527 -1.2174166926337329 -0.6959355555321649 -0.25162950435559595 0.05554563240133893 0.6702767919337741
362 5.682871738501373 18.101481554944137 -1.077058577875948 -0.733980762270813 -0.12905387702866405 0.014470192267159922 0.6666392960034541
363 6.615000218370918 18.29372451134613 -0.8411941418856854 -0.7155202984623213 -0.2317651946546625 0.07254957098767621 0.6550207300418696
364 7.436862307167966 18.782363419219703 -0.6239781563375684 -0.7179268670535678 -0.09040828338822551 0.15117948786085855 0.6734627816795622
365 7.517086067517684 18.71048406395654 -0.6367688883895134 0.6822550772593067 -0.4566066510182329 -0.4983140896264514 -0.2787856593865141
366 7.611703372061859 18.37965905116494 -1.5696488120815542 0.7185318166181967 -0.368000515425697 -0.5432580119424799 -0.23056101494849737
367 7.853050486043254 18.035598005802356 -2.4644005476768402 0.6655302891709557 -0.38455200792513344 -0.6290644932612639 -0.11604762261555551
368 7.737908890544422 17.689743658903765 -3.424422383685116 0.6762043683539292 -0.37369367606999015 -0.6161999761874112 -0.15296495687246792
369 7.703300823536258 17.364284740514456 -4.339460084543933 0.6575240251191071 -0.3071765823760162 -0.6349506696238508 -0.2648440121565582
370 7.737485131076547 17.295631014785688 -4.334053237256866 0.876955106580026 -0.4781536431146738 -0.022378468221771128 0.042638465960080654
371 8.258010621153861 16.35552561405376 -4.304864571270622 0.89306230106012 -0.4450810333446291 0.057042430192906994 0.032996383737757505
372 7.714609654971408 17.122767555032674 -4.452008755160664 -0.6356966850768314 0.2656787681593592 -0.31707504090320465 0.6517422306156674
373 8.32187928405961 16.343227275760967 -4.272161104304292 -0.5728512458758697 0.28760145029784384 -0.32756745935637505 0.6941371733712665
374 7.583373088091867 17.126677409671473 -4.343004612865557 -0.5530547579638404 0.2841801950905137 -0.45205965304058665 0.6395421186323084
375 8.034752163008674 16.238121580266412 -4.272430142261398 -0.45020950149705624 0.31884557988794016 -0.4470657567183932 0.7041172559435728
376 7.572912999256946 17.169796533972526 -4.30727832242296 -0.4085101226296795 0.2945578137599631 -0.4234845765249174 0.7530046397649535
377 8.009802118428944 16.247565059417735 -4.423080791715644 -0.4588132955184045 0.23054729960459158 -0.5915880969192594 0.6215801043180381
378 7.906216377025591 17.14984830719674 -4.755681890687328 -0.47127737938481085 0.37092838641180037 -0.5895261345541293 0.5410810480064818
379 7.858230510819371 16.189033784555306 -4.642710820195743 0.46779495052066855 -0.39598713856418966 0.6122903734875466 -0.49946227975052737
380 7.936542757491002 17.132207379231165 -4.7935618366967825 0.33293491075160275 -0.5052769070777998 0.653750328343578 -0.4543788073484294
381 8.00406570636371 17.12367729719438 -4.840650765465045 0.15126427959397495 0.4820983933344361 -0.13352029380725852 0.8525682307034992
382 8.409628045385379 17.120179360575833 -5.659366791946647 0.16761391748022497 0.4801616010700279 0.09453040396546948 0.85581213724212
383 8.937548153906018 17.41774480981694 -6.476838379089458 0.20722783277670517 0.5735091805505027 -0.06987156658832769 0.7894693213351958
384 8.864778385988311 17.399148710795025 -6.464888340223464 0.18245719925992623 0.9447195347751258 0.046762595544786456 0.2683796391502331
385 8.128044113879856 17.812783930283434 -6.867384646746525 0.14670416777135917 0.9614480071478838 0.03135945674387974 0.2304608452267007
386 7.330833521647498 18.164254517548333 -7.338255186911325 0.19219166297858037 0.9447381144508806 0.031954449974506194 0.2636497163134267
387 7.308104877904896 18.215871044462123 -7.298985247942886 -0.04699001311985816 0.6456334901191982 0.6928173919020882 0.3177316423988782
388 7.331072568775051 18.18036041883509 -7.287273256698819 0.21015589699746157 0.8953739380342056 0.04541389888411823 0.3899712653958687
389 6.766183793983056 18.534507515400314 -7.939556148590091 0.10894500565793325 0.9169888054116377 0.29702229820154047 0.24298203814892716
390 5.936045019751493 18.89977742492922 -8.373761655228446 0.18563851316779112 0.9120471117990598 0.3338494760782763 0.14917417876464656
391 5.097267125261721 19.319981507276587 -8.508014101149357 0.12006441923498597 0.9108606319909021 0.29934800685863017 0.2575038157244795
392 5.0795807259969745 19.261835503773547 -8.485486160275947 -0.19276130508347755 0.79285279134891 0.36285240357454895 -0.4500729537896391
393 4.581829218601087 18.70678428684677 -7.901088727741329 -0.19297862685765438 0.7832199150383514 0.43249534794468775 -0.4028319603378772
394 4.613514239070836 18.756562315528264 -7.978932492641176 0.24584219320281905 0.3008813125726505 0.8178833718696784 -0.4243805389092124
395 4.118267798905061 18.185361300645084 -7.30816791720672 0.10597569920117768 0.2580881770169627 0.8799403911109844 -0.384531600982717
396 3.5151666629146434 17.532283893068982 -6.911925323350704 0.16293854282046036 0.3611891803884724 0.7701894911507132 -0.49980151555878194
397 2.969725507858833 16.93903699124607 -6.2676675142647005 0.08928155210759185 0.28238974624851115 0.831035443930011 -0.4708130484587397
398 2.9984251179139516 16.971166042953556 -6.160089239288063 -0.05710267336662301 0.20341845825790833 0.9275592225000262 0.30821113589471183
399 2.158378264858609 17.504060338835146 -6.429311051428274 -0.11216279042219231 0.2967064966501189 0.8607721095011998 0.39806549560992655
400 2.26278285521533 17.58649862934852 -6.381412248669781 0.28537408680029275 0.2074673452730881 0.9010850794918535 -0.2521202307340634
401 1.499618558831236 17.25115019082065 -5.814284587798767 0.40062622618205634 0.1488160357155741 0.8602815418626503 -0.27797137107883463
402 1.0178393826937278 16.874774803844716 -5.087629055232916 0.3171836717940028 0.11581164083355346 0.8635787476970334 -0.3744515038302548
403 0.43522970731025734 16.248715707244344 -4.386657424089513 0.20251908234616772 0.173692040651745 0.8706131505343254 -0.4133398582481443
404 0.3558530569798503 16.187594487898384 -4.3036711286137415 0.09447159121634159 -0.6314468687710567 -0.5705379473452503 0.5165621172824777
405 0.31349020588288384 16.261934094598193 -4.2407343787495915 0.317171467198594 -0.01969820497124141 0.9106951707915297 -0.26391011161565975
406 -0.3574024924168901 15.731426664053652 -3.5980353657711115 0.39689846959645675 -0.06087147250700211 0.8499655455178624 -0.3410642756128878
407 -0.40814379958772806 15.702643981584183 -3.6089891987310097 -0.27910158420058645 -0.2844674018331614 0.844271538706346 -0.3583101616217907
408 -0.38499695222494507 15.752854494953816 -3.5239321461433812 0.04175823680379609 0.8749424457244683 -0.29416093462178333 0.382362800061884
409 -1.0758043364136265 15.651497740913651 -4.208523461449539 0.11535791656733327 0.8008128506997054 -0.43676711138742996 0.3932248970369726
410 -0.41514982937732625 15.814242721410213 -3.435040721621787 0.02447239171646086 0.8372034597586141 -0.5231116915130851 0.15762495745979807
411 -1.3497878785359654 15.634550149422884 -3.730558600859142 0.03849495899639612 0.7862085061659866 -0.5965444155431309 0.15661763389995248
412 -0.40584270638870346 15.750886503543088 -3.5048578396971743 0.012159551041196152 0.776852637385985 -0.5539568763806276 0.29913860368654444
413 -0.49023546688760616 15.685493411153438 -3.49303716027826 0.37974910856371735 0.720282578081299 -0.44116995692912747 -0.3772965562535288
414 -0.850447085669293 16.620359356859286 -3.327345821977034 0.3898668751386828 0.68688393795355 -0.4878701905131775 -0.37172160639335916
415 -0.9530107614511105 16.62211341958426 -3.2982680894096674 -0.06855090291011753 0.8013956378640243 -0.5265089695782136 0.2754162491147002
416 -1.80857522835722 16.271968373753776 -3.694814563107238 -0.19087397346292914 0.8825155723672798 -0.4218960659086542 0.08207984134077886
417 -0.8737479479147138 16.67472111169148 -3.705753403059012 -0.20532252897520667 0.8786214398601371 -0.4127291362248569 0.1245860530894611
418 -1.711628150883505 16.206922907840852 -3.721456369140575 -0.26950464324071544 0.877164235743577 -0.37114491761427937 -0.14213233598717834
419 -0.8175468811105274 16.557590813360388 -4.211593021817824 -0.2422656515914994 0.8816270702248769 -0.38702574092040454 -0.11938232268916356
420 -0.8067367001835828 16.58194783591577 -4.223199983436022 0.18069167335752076 -0.268211231112898 0.9327439928947868 -0.15937973021326785
421 -0.8772182933072892 16.656537299795037 -4.162947768443589 0.7843942125193296 0.03939296406282647 0.5628696123198599 -0.2575882630777603
422 -0.5181794521290115 16.425948773762677 -3.291484422999051 0.7320134709009793 -0.04855759887500568 0.6743780135972615 -0.08374206104227648
423 -0.6429072726906827 16.632842367031838 -4.2725159904425825 -0.018815587596179826 -0.09289665054592912 0.9723602820623571 -0.21338150774697587
424 -0.7001951402446289 16.665761449634307 -4.197928796592929 0.20351051755452568 -0.11398561455712844 0.8397706295316266 0.4902815912256747
425 -0.7293381132127195 16.656628819155827 -4.15155566783414 0.7413741906506663 -0.500080489285903 0.3356437657535854 0.2960187091779772
426 -0.7806733810127164 16.66478717375315 -4.120130876121052 0.2518634834070188 -0.2370011922339007 0.6881574668551125 0.6378358107047213
427 -0.9210433061656235 17.427530508619245 -3.551884233239199 0.22571790885415738 -0.10739376639061127 0.7392803277686867 0.6252860157857133
428 -1.0199005457275936 17.450365214385187 -3.532367829714165 0.04156066643712785 0.06799720286277122 0.0852361941955203 0.99316860734077
429 -1.0525762986157934 17.402467641811707 -3.4748848368814182 0.019989181557067547 0.025362030557737173 0.8064945490795016 0.5903589944531406
430 -0.9857155034571918 17.385303069192823 -3.3958144994303856 0.6091895531468645 -0.4470491963496945 -0.5586955829523356 -0.3418981573061897
431 -0.9898632602201078 17.43558803438774 -3.45102544486782 -0.6966470430303267 -0.0728437094173656 0.16939991675827898 0.6933111564353417
432 0.015574759257086068 17.726040431937154 -3.5076934813713625 -0.6633143422659831 -0.18609352915897787 0.30390592021136414 0.6580459508346586
433 0.01946113070759519 17.671073509256477 -3.4704722454958934 -0.26613212346954845 -0.7574310612707578 -0.14900404897877081 0.5772951356695986
434 -0.07564634302936868 17.902152652951237 -2.472269557185804 -0.28457882055102646 -0.7711860588590693 0.014344586823462936 0.5692812928105683
435 0.13041629032531732 17.48571642585837 -3.3111195900636865 -0.006719242177455708 -0.20221287685945988 -0.7270648532497282 0.6560804092378739
436 -0.03166856955586314 16.553324481947005 -3.028816800171135 0.0727262279213105 -0.15366542093896343 -0.6949639773565899 0.6986579308622355
437 -0.08861652180339978 15.509569158309269 -2.8707605683888175 0.06198216793846209 -0.09037097313803052 -0.6998269434220297 0.7058566053613969
438 -0.004114524696733526 16.509439884610583 -2.885800648584953 -0.46105278740030614 0.40390198404038835 -0.5847969722190557 0.5313247743161185
439 0.007503547268804936 16.506826732255366 -2.7863427663838447 0.6033707789234193 -0.015505047558934159 0.7967521203971049 -0.029822060362427807
440 -0.027219600101072966 16.51432357893249 -2.7784996949602685 0.45584767273884924 0.5708824690151956 0.5337704433151271 0.4258934369920064
441 -0.21794803414025396 17.395795326581013 -2.8070309049370357 0.4237215781349728 0.644448358788084 0.5393396648357662 0.3380222818291692
442 -0.6570025861785459 18.289334001567127 -2.822231581803113 0.22512045650178272 0.7249529097738946 0.5532464983451788 0.3430486419497855
443 -1.3735978106909243 19.03655893774498 -3.038549847063142 0.3240182473367193 0.782333255621903 0.4143899376619894 0.33353835177587715
444 -1.9074932767209496 19.91193337607 -3.3457936631055096 0.28003903347273396 0.7179731381237252 0.40669205857943885 0.4906060355854245
445 -2.2249269070126347 20.707313487965415 -3.8382151331724894 0.1628061182461931 0.7210476205380902 0.48739515048577187 0.4647907745006539
446 -2.674838596325708 21.509092704789985 -4.355310812855351 0.16012568932154003 0.6431750090854734 0.49659804066366725 0.5604248899863531
447 -3.0331014115399686 22.20759805880136 -4.805998428726287 0.1313357561998504 0.701987732148301 0.4597119425376937 0.5278532683851898
448 -2.9308279534305792 22.257234761195132 -4.717565872617609 0.6198961409397924 0.51243159141175 0.5830209333565999 0.11501838913484555
449 -3.0337866827833952 23.061960969960456 -4.186152615820283 0.6855550666825192 0.4567101665102932 0.566937312624063 -0.0034868189906273055
450 -2.9359042857155964 22.440532407196397 -4.923257423114917 -0.3127068761026208 -0.22882491163625573 -0.4355351502988944 0.8125039706407103
451 -2.387538445071986 21.860482888969752 -4.288961976175197 -0.3013823195335332 -0.2511674000784414 -0.5940148686222759 0.7023033322333634
452 -2.2280691468360043 21.184971650244336 -3.576360399682284 -0.26663236876914725 -0.12078215621270164 -0.5922053037124206 0.7507407867700043
453 -1.9313307298147797 20.38798408383434 -3.1337683847482904 -0.14806097154701484 -0.04784498785312857 -0.6322979897547325 0.7589387709123928
454 -1.7592166386423964 19.479743716051633 -2.880243273048504 -0.18749901987214435 -0.24809013742760214 -0.5188354571889597 0.796307208068383
455 -1.5231817574617628 18.743128915653703 -2.262928896102818 -0.15869917904151798 -0.3312962243151987 -0.44548558441540037 0.8164557406278137
456 -1.1283373151443072 18.145213310821354 -1.6045588930502017 -0.026217891802690282 -0.4681319111527159 -0.4858829074990289 0.7376197774668328
457 -0.9538445060354654 17.432079030505644 -0.9080704402691021 -0.042698066917159765 -0.4532513073743789 -0.36953378112753554 0.8100524131502489
458 -0.9753020917668264 17.508827852637644 -0.9135140012763849 -0.2620044682136148 -0.3051053505808633 0.2238325010901052 0.8877856695953015
459 -0.1937877165079347 18.088549307339008 -0.4772879031683605 -0.26397005817668245 -0.25244765480519626 0.18179441235500657 0.9129845462033043
460 -0.14163977193464922 17.922562543410702 -0.5258352028017411 -0.313615130810744 0.21801498405657724 -0.16932430058860562 0.9085396511344731
461 -0.12355518710350642 17.75284377831098 -0.5101506716172639 0.8709448190643501 -0.25190717200617985 0.055369422076959454 -0.4182488803758838
462 0.7641603235474521 17.211717302580524 -0.5519351348221454 0.8934444579454486 -0.2248960520164345 -0.00559074186596217 -0.3887769411363983
463 0.7424357718287625 17.263957994517135 -0.6073345138390511 0.5958459792638068 -0.3170326179010043 0.737523133774525 0.022748963259816516
464 0.749424057792877 17.266492433992806 -0.5770485352947061 0.6497000340882179 0.27104382068238936 0.5960647452156995 0.3861760382087505
465 0.8415775289859216 17.99171655203766 0.04904935613814776 0.6258991900007431 0.37160596033684357 0.5267310149407974 0.4389916310113272
466 1.0468496248911037 18.95671045525076 0.3545269357612054 0.6363296813446796 0.3605921915790272 0.5282115687199294 0.43133553839493194
467 1.0629896204441094 18.87411386431628 0.26368703586572745 0.8364086173657185 0.5348602292712182 0.047138939570233525 -0.11010486054894437
468 1.5232258131845893 19.747830102671816 0.5082657835389885 0.8906592968187635 0.35734959984283254 0.12473369064484034 -0.25193012305119816
469 1.5096895692289682 19.745267523897923 0.514788203611971 0.8552308738761234 0.17326769224937408 0.4338798288699398 0.22429167013389475
470 1.9953599638770918 20.25737098953464 1.173516367185147 0.8380971956511256 0.28203834762377383 0.40611157841318685 0.23047960211290214
471 2.496417362626233 20.89528681418145 1.8317040326198142 0.8343598921236992 0.2372175789767224 0.3427792732134619 0.3606574004439724
472 3.155423594456397 21.50126961778843 2.245385908971451 0.8529343085974791 0.2637190559941527 0.32650246079902245 0.3104053282646379
473 3.1265309946751216 21.452102558269488 2.2477009999457507 0.4384921090721815 -0.012279179974532081 0.568684063840151 0.6958249259367161
474 3.1358635355629016 21.441689874512612 2.256734747055325 -0.08381346580395876 -0.42504146931304515 0.4602947474237513 0.7748830865416035
475 3.414079606726886 22.21527712622037 2.8354042982825765 -0.08751162578700418 -0.3461182348147728 0.5071358397469865 0.7844470172834752
476 3.6986422329340205 23.047929746689803 3.215340969165802 -0.14420050137724788 -0.24174070599066935 0.4710730426895959 0.8359771736840964
477 4.156510996730978 23.884737600646638 3.545494823932874 -0.25609575186616884 -0.22301911656642395 0.5662704175054639 0.7510094898070345
478 4.488870057721074 24.85515712840636 3.6083002794333376 -0.1900105273798745 -0.13482402674301658 0.6315950345338434 0.7394634498403656
479 4.596233125174997 24.790707224285228 3.611294049258159 -0.25526356410900386 0.11459838262153696 0.9467593310653583 0.15923094102457921
480 4.642576891647871 24.801526205261425 3.538958835539586 0.5492509981667645 -0.031076187762975098 0.8173469330797691 0.17117710872669165
481 4.261752959848711 25.027052333225658 4.468526672900447 0.5695886013778177 -0.006603441790521732 0.8094238737928923 0.1426822072687746
482 3.9483435016082185 25.22677023278146 5.382768553417045 0.6680728836368219 0.19303488417894615 0.7162964146974067 0.05775467020807798
483 4.083914556666818 24.901742109109676 4.412273016560085 0.03960819081812313 0.008444611837849888 0.018274163349670296 0.9990124797543286
484 4.215263003261982 24.842306995228036 4.42329721268817 -0.09140600291875076 -0.079424177275323 0.7135904398811348 0.6900184249748743
485 4.121611298129133 25.88565731920262 4.43753226439289 0.020840670067456643 -0.11521882247853325 0.5900684593580888 0.7988175653355227
486 4.411064787862669 26.85681709437235 4.660062770016233 0.01276298515829494 -0.09778933092240563 0.7078282822832112 0.6994665651534733
487 4.4304335739260035 27.774924384570976 4.792478750411463 -0.01484892599436783 -0.078882449569291 0.746440113815272 0.6605938427159372
488 4.198864932013661 28.7589917887366 4.9074575088185615 -0.13409062803905228 -0.13283287627589074 0.6868328944995653 0.7018801218767471
489 4.199947082336862 29.764023299379236 4.886076249529596 -0.11326638237046462 -0.1251232601695191 0.6860857886016118 0.7076730792309147
490 4.286422802561908 30.742119175096548 4.837362462453527 -0.05359700698653917 -0.14757064501827766 0.6947030413934655 0.7019529541569329
491 4.318510443936172 31.744250384454954 4.963125691439828 -0.10581875224073448 -0.18693105060083676 0.5654804825123845 0.7962983096133278
492 4.319398612675482 31.782429065809175 4.951933676698211 0.03399230144693482 -0.2563117105323562 -0.13001874531215263 0.9572063290397593
493 5.086554645542662 31.512636526857666 5.421646355104995 0.041641250282672196 -0.2544142558756718 -0.12178474684146993 0.9584924976852366
494 4.274180655534198 31.799113669830497 4.945866680192518 -0.5771518348798801 -0.07329735151250776 -0.24113245244598863 0.7767743547088972
495 5.14899326820982 31.49290593726023 5.385742463259783 -0.5550558272117193 -0.08448785430403048 -0.22220415838528212 0.7971199051270169
496 4.296297292459052 31.710765127557973 4.954785036579437 -0.5254930780184 -0.2550028365226171 -0.13093678464972283 0.8010531422731955
497 5.08488329471016 31.82724950101098 5.507326251317621 -0.4966713882294003 -0.29688753072725776 -0.08625412854500258 0.8110089712955677
498 4.27191057527756 31.679042953331056 5.014416600235358 -0.49415515677592 -0.4314274367581833 -0.04331658863627414 0.7535281819500496
499 4.938570155508929 32.058187977955484 5.720339184298736 -0.5969333173240519 -0.3605120668013499 -0.002785203048535764 0.7167244289146997
