# time x y z qx qy qz qw
0 -1.8300059024641686 -0.5268140562463156 11.070909483450752 0.024413951395494727 -0.03685819521511767 0.6660103453498797 0.7446312190001688
1 -1.0575915054688347 0.306907806989084 11.557057883816446 0.074370674362832 -0.4841707139185525 0.022486214071862434 0.8715171213207065
2 -0.37574026659455323 -0.4736625821168917 12.25805442591591 -0.27413759227007084 -0.5953708869294483 0.5193092898815274 0.5483611482809067
3 -0.3510200204916601 -0.6619415055257405 12.520842300906084 0.24354107939035635 -0.5469553796078376 -0.26991147825148337 0.7541056618773826
4 -0.028808261984149045 -1.50658185575076 13.346644920512357 0.18028401650471473 -0.37897326983945856 -0.029433438909795218 0.9071993203337732
5 -0.07481674996048457 -1.7931638230813403 13.489765604732483 -0.1331465404538254 0.8889260302076051 0.14276718588774334 -0.4143670380450405
6 -0.6714765885695477 -2.3064147465919507 14.291928439826624 -0.15495599135947877 0.8825908924694218 -0.252452914215768 -0.36508832270533764
7 -0.6440247340236018 -2.172190386611217 14.47774493045012 0.12982160266996087 0.9308518181147302 -0.0265803944671892 0.3405212575195163
8 -1.4154249646955819 -1.9063522698795854 13.89564786049701 0.03941092267958386 0.9348164467832258 0.03485276248317474 0.35121257799859573
9 -1.3858146699426965 -1.811731520534777 13.955309430991855 0.14288136190777087 0.4737622536101995 -0.015976943427856605 0.8688377183066287
10 -0.7824384192624307 -1.722773628541755 13.165677040917128 0.1139585915071684 0.511093745016794 -0.024926547182638637 0.8515722461846453
11 -0.72344410114622 -1.685293729373433 13.139610260683108 0.08004970592512349 -0.2782756136462836 -0.09049774363084796 0.9528719147025013
12 0.14680717454037004 -1.957099973810538 13.64406376121189 0.19912655896620862 -0.4065782506903597 -0.06499627841449224 0.8892796092186696
13 0.9735789241757689 -2.1878999501730503 14.420956259198897 0.20923264710686132 -0.3991109186379967 -0.10023645681863348 0.8870652888784659
14 1.5520466803215955 -2.4532493993073277 15.122707744666211 0.07189714631507711 -0.30246842299691123 -0.15945465534809 0.9369727137592277
15 2.336704216513447 -2.8521448147006185 15.59514423326536 0.09228673916651879 -0.33075580389192455 -0.16440544337012772 0.9246916276013801
16 3.0814833713012466 -3.200152499360585 16.198561751796287 0.0077341603709938185 -0.3495608648428738 -0.018697931707082362 0.9366951328386067
17 3.881697610206885 -3.251530742553687 16.733253194443314 0.09631085573965047 -0.24807659644676996 -0.08604377890766172 0.9600930629232627
18 3.9048192595010307 -3.174019033536989 16.816629827118113 -0.06423384329931293 0.10048807747990136 0.8634891790119561 -0.4900638707236552
19 4.0304409587439585 -3.0906961184282293 16.716490495386566 -0.012078235597038856 0.02637135099103498 0.932170010817329 0.36085695088856357
20 4.120091255299428 -3.029453551614938 16.650719836991758 -0.6627674934155063 0.09782682268130198 0.7182113815328439 0.18799354742248825
21 4.0811630794594524 -2.988598780810601 15.8280074830848 0.9270147302134641 -0.16831691572430574 -0.32650428160671535 0.07555170375840421
22 4.790097926493499 -3.345548146228396 15.351274063270159 0.9159086771005989 -0.048034329210776 -0.39066132551667176 0.07866210761642407
23 4.733551745132433 -3.2312835337397767 15.55496129883787 0.676496788643474 0.6161949104189721 -0.34403906965864767 -0.21045913113294246
24 4.711235434136416 -3.2517759488967615 15.620584128529135 0.08083618858017491 0.9437885654250154 -0.04491545560381499 -0.31735036826309776
25 4.786557179102701 -3.3282550375008255 15.800948295484055 0.27764001240311614 0.6403098983162232 0.6608292374212343 -0.2760869004504461
26 4.1650965068914525 -3.288460186896216 16.578306503698467 0.24311528767955998 0.8139333154747322 0.5269905234758083 -0.026239341140500274
27 3.3759688986970007 -2.9734372342314117 16.784668622463627 0.1269430352688082 0.7466392357736891 0.6148668470608166 0.219895606562554
28 2.480829869426628 -2.592523870810067 16.478493530931715 0.24265239366382407 0.6781194416372086 0.6594674493914187 0.21535208825556548
29 1.7411751787807381 -2.0739113380686036 16.468489075595933 0.3582043339825917 0.65712225766548 0.6294675602884371 -0.20892722211629752
30 1.270126934314549 -1.8447916183437447 17.16074626998829 0.3212534224141141 0.5157474105485494 0.6709222843693239 -0.4250460391961471
31 1.2021178064629694 -1.9741523990766832 17.19656231094624 -0.455477578932468 -0.3742853682239998 -0.47716335435099894 0.6517405706933888
32 1.3319587700264461 -2.360456146731284 18.095945780246623 0.625456902960287 0.594344284922655 0.45490769187399693 -0.22049382166622414
33 1.2222982214041642 -1.9789934559349098 18.84262834515549 0.3757138407238421 0.7952467950501181 0.11142672106747477 0.46260753418335704
34 1.6872290663742409 -1.8982007651279194 18.80628762799757 -0.09528677861291797 0.12717746974716176 0.14611764831493612 0.9764199679754584
35 3.0593311677350195 -1.576319214103461 18.461248027647358 -0.5407022365384713 -0.053867879020882505 0.255648274154333 0.7996144714385788
36 4.272719254896482 -1.1877798302590208 18.156192207205 0.713775722430954 0.3184306620874757 -0.5261659336536575 -0.33507542699081294
37 4.643334107976331 -1.1653908850411665 18.122617940002947 0.7813339778843099 -0.12042194459527847 0.4283668628129455 -0.4376272399053416
38 5.346403341475541 -1.8328303553531755 18.702844856075806 -0.7168458827806082 0.14428529922233715 -0.42003214502165587 0.5374818414768238
39 6.002369872326443 -2.6407673807982954 19.157399549062497 -0.6866694447126335 0.04756680648297748 -0.27845706299255163 0.6698388886057716
40 6.940641447531819 -3.1445234781798983 19.383060673499944 -0.4817344231698546 0.04884972540360415 -0.033540497793520876 0.874311549088174
41 7.829981310254201 -3.7327510634440406 19.853966326297712 -0.6114778044773577 -0.2712991593159608 -0.39965313681257475 0.6267128776576009
42 7.562884310914117 -4.060170283948281 20.294758753070024 0.6530653496668327 0.35077108838097737 0.6571582692122796 0.13641224954703815
43 7.413315398898811 -3.057180967838978 21.274178766203597 0.6398192088855855 0.44665654404401073 0.5239745301105674 0.3414381399303474
44 7.515987147686022 -1.7978954475045859 21.73326385675871 0.6992221429093702 0.3221639091504511 0.5049680978982356 0.39026405241985335
45 7.73286418150042 -0.6564360963686825 22.178656651227193 0.8509636327131498 -0.22538578271731935 0.4229023669630155 0.21497844721185458
46 7.767418448987894 -0.4068494140925199 22.2178216826689 0.9095832731884632 -0.14660238485539726 0.34287264796097666 -0.1833149125704158
47 7.803259805462899 -0.25317763496241524 22.24658950924178 0.865999733000086 0.48681548573948263 -0.0345733043765567 0.10890285539184609
48 7.718583519156616 -0.033438331214370134 22.39367927658584 0.28230674954631435 0.41327268859909927 0.6059934457293629 0.6182883855869512
49 7.47233462756413 1.1943136108948704 22.136039631258384 -0.26483247693577955 -0.14083489430936555 0.4513541389476353 0.8404217589756753
50 7.89174648675587 2.2035236070980306 22.0939037183525 0.19729579710647993 0.7151127364405123 0.4958178738982141 -0.451500585323801
51 7.0727604208569685 2.1293892522271776 22.90752684441416 0.060655956317411386 0.6236834019621931 0.732651131456807 -0.2656354431455747
52 6.9440994588397675 2.206763558133062 22.748943401690333 -0.5010249885788581 0.22681355029955638 0.7016157349896414 0.4530617338012681
53 6.846439448231526 2.6713165166671686 21.756798206841744 -0.6441794678852529 0.24632892090764558 0.6972115049277875 0.1955786114990019
54 6.793301758721096 2.834485622429148 20.710453298320697 0.6757786455041941 -0.29110901353539903 -0.6556552818857639 0.16939573741468017
55 6.779817283181888 2.01235617969683 19.62719568102646 -0.6395340245285355 0.17469252473547695 0.683974688507531 -0.3043967456345498
56 6.834030006822054 1.0991222515942145 18.569945541173304 -0.5514498805403387 0.17126777400949528 0.6991123245301311 -0.4216780010007109
57 6.850299692299868 -0.05231947683907855 17.681929713522514 -0.42905063817273503 0.1714225311223535 0.7653897713480955 -0.4480048700883559
58 6.677144248803053 -1.2640221268842504 17.00699478163799 -0.4239798061577489 0.1935300600469824 0.7949346261430826 -0.38841495850109353
59 6.582273229346268 -2.465804166157801 16.287415099942198 -0.2609153878847392 0.20153830069027343 0.9439557150982149 -0.015908540261454454
60 5.63498980896257 -2.7792132436056005 15.554083060126072 0.03879598287537188 -0.08007420508900133 0.9937995129639232 -0.06667474352982053
61 4.08531397871861 -2.918091874013786 15.693813022150081 0.011627175859914964 -0.04352251496878687 0.993051058084963 0.10872072253553976
62 2.7200238819414944 -2.7581121454239543 15.72347448821499 -0.11811706519979676 0.026721275020013854 0.9064920463516093 0.4044830061586815
63 1.917583572939881 -1.9817780056265604 15.495517765807412 -0.2514596491160382 0.0004484717055202679 0.82799336801288 0.501193402057782
64 1.4158350691269415 -1.009541910421986 14.965926024785292 -0.22158425456793007 0.08719627257267594 0.8408433943502749 0.48608601538669477
65 0.9745043574453823 -0.035490777435970775 14.418075131496842 -0.4618893914014017 0.20889536039211618 0.7589761714490189 0.4086270789975626
66 0.8884852472865165 0.3126763326632419 14.474050054026826 0.5627929060179099 0.5034384297686824 -0.46709441908344923 -0.46003988525893696
67 1.0196228158906557 1.5515162002551302 14.670240979985794 -0.598960381165384 -0.45479698989065653 0.6361580431657055 0.1723632904541927
68 1.1119648364188406 1.7775220865669816 14.924243471878434 0.16028916040523536 -0.6242859658516151 0.3986958845557266 0.6523925271917415
69 1.1393206305681147 2.296997021179377 16.13351181560654 0.029036862492447798 -0.22644789266294954 0.3484471908045951 0.9090999767602517
70 1.8803791533860712 3.1961972389411395 16.672180928758543 -0.0851113199303183 0.05112211756250989 0.24055490947699762 0.9655443686554013
71 2.071387923164999 3.4253976688422076 16.836161320998542 0.2376167782651825 0.2093511421970163 0.803882696997973 0.5034709280732574
72 1.5933892461806334 4.715358826394362 16.773552752832895 0.17895567146752092 -0.11385378444531333 0.8487095382446843 0.48446290168555056
73 1.498614597881401 5.103400199250221 16.634846884677163 -0.4016874269315111 -0.16531149854451194 0.7345426715202296 0.521312174431057
74 1.3194870202531217 6.344310213449265 16.12783268247478 -0.3736363098844277 -0.2428777091191283 0.7024247223021409 0.5549827347294238
75 1.1408729090868357 7.576926099282437 15.692379279114405 -0.3578634099533638 -0.3048715568394834 0.6599869700216003 0.5860070930018921
76 0.9902604456784757 8.754388582621043 15.404393070859037 -0.14109615383308197 -0.560598087767069 0.4466901172114899 0.6828540096909461
77 0.9686357861824607 8.892384748919657 15.194748244234681 -0.507697627831508 -0.36024594490527373 0.7520889544432479 0.21639820350000097
78 0.5971274826205504 9.803036265892462 14.512660033339179 -0.6366956437195901 -0.23361233287701064 0.7324953039848784 -0.059114844467000605
79 0.348961179193628 10.270938913896181 13.428335715353374 0.6413107106950807 0.40587231887226827 -0.6235160542291769 0.1876591677469999
80 0.10376705444241408 10.77204816557018 12.557410892418988 0.45763168842137897 0.14041657554941298 -0.47747035719159775 0.7368028780256641
81 0.47456742188682016 10.27504271086647 11.912149036829659 0.36858444114195454 0.3389123553009764 -0.6256152659413091 0.5982386348219263
82 0.3959221084790172 9.85425275465776 11.159955862133339 0.44897937570214985 0.37890923111759833 -0.3801954411027976 0.7143505731310278
83 0.4701993244851393 9.790853491994515 11.203098071079964 0.5824329645654107 0.8046656893096392 0.11299933969656703 0.022718262775370295
84 0.21307946722547705 10.687322157570241 11.312482985034622 0.38232710098334655 0.9213140944057214 -0.014463267513504808 0.06926139758818178
85 0.24958478916202906 10.677282367633719 11.388462409497373 -0.5948053510560065 0.7362767779657253 -0.23677115531727652 -0.21918604105479056
86 0.09003669743304651 9.828634664147778 11.935415342381933 -0.5976861742825502 0.6430075655589053 -0.3944170511965972 -0.27156527287353893
87 -0.06443375878659698 9.165259704322217 12.799344579752663 0.6901771663433592 -0.5769086845724618 0.13846776962354249 0.4143169384645091
88 0.14387811134458578 8.424822691926733 13.5098547491315 -0.616998561510739 0.6220441225203207 -0.03866215538906574 -0.48049882671269384
89 0.14729675990863123 8.311374618391023 13.56895333027039 0.8109421889905186 -0.5523475179881817 0.18492475594198968 0.05556815749470018
90 0.43758079037299713 7.36250639726127 13.939904240034032 0.9628601506859409 -0.19456457340263503 -0.1871075501077952 0.005976762531333427
91 0.485193512651854 7.206197084988133 13.989950885582266 -0.471618819712019 0.3004679906353028 0.8287725001551991 0.020756167361214443
92 -0.16962131362800692 6.8619313348406346 13.196565981062827 0.3708724887645332 -0.2840970417934422 -0.5966870375696047 0.6524622955529501
93 -0.09440956333201674 5.61803387186956 13.252355444752638 0.3707432891997154 0.25397269328722843 -0.43817271022822235 0.778493391487084
94 -0.21149044646556298 5.519634917868406 13.401433159367784 -0.3077183434833204 0.7385758479823353 0.22046825096168504 0.5578609935987235
95 -0.3863648764705628 5.125133263626616 12.366365396898322 -0.24188559601738124 0.7695308718589435 0.0025057260787771526 0.5910222644132359
96 -0.5295769143133399 4.578702238230356 11.474367102312451 -0.004812603723833479 0.7275654479061074 0.33811001610858754 0.5969145456978188
97 -0.46756297923923273 4.3511026640497334 11.412157093092306 0.5370927014016017 0.7705056471515515 -0.11735401425022583 0.32261511611834937
98 -0.9730687386688212 5.071219208781921 10.88633484309103 0.8516760467339548 0.046462630860368 0.2708014023076161 0.44626868124638097
99 -1.3783380112490455 5.063504349198461 10.904762615097825 -0.056250578396418005 0.9144634165954509 -0.26791743811811525 0.2980147286475437
100 -2.303395638369954 4.984108681835249 10.45049634511932 -0.19881015768602342 0.4389420198978313 -0.2372147684489653 0.8435244975687276
101 -1.751536575059029 4.173438537265761 9.567120408019923 0.18422978138407778 0.37247608668450205 -0.6177678941542964 0.6675955223423402
102 -1.8003698711586198 3.114380716112635 8.7879926778045 0.5794079158583539 0.380241990442727 -0.44815678300503603 0.5646751221644246
103 -1.5006317434549008 3.0489414515534397 7.543422105691953 0.6618568104168527 0.2784811167723143 -0.4743620515039337 0.5092882034752593
104 -1.0327313091516246 2.8766043355244615 6.426771069297036 0.6766333977468413 0.18401702729983077 -0.5851494471726868 0.40731450157193816
105 -0.7592863747644806 2.577097524104196 5.344918410585707 -0.6089590464654114 -0.3218902150252379 0.6143517128087499 -0.38487341057534596
106 -0.6111621856138361 2.4096794980160827 5.2665995064221605 0.7117803764606806 -0.2421672901326456 -0.30329072511059785 0.5854386691509127
107 0.008124051451364137 1.5553335335221927 5.044742032349236 0.7345645917454082 -0.04503462104699821 -0.259024201564324 0.6255343367593972
108 0.19150704311183162 1.5015706796014774 4.934994071251756 0.18806030555116576 0.2079586887115512 -0.21329510830465484 0.9358908601106648
109 1.1358278431049538 1.1609236662814286 4.3324198151974675 0.33594267231324515 -0.04055716693107073 -0.1603521939372508 0.9272458201734161
110 2.3297510510853434 0.8479017357187218 4.201007800189154 -0.13360391317882997 -0.28333978968238926 0.20468199103729268 0.9273477451911191
111 3.38690730585315 1.3419143886236364 4.58188494262555 -0.2385924012574666 -0.015407332435430623 0.2224667077853218 0.9451692145307
112 3.576858617377724 1.2661366200366955 4.441746931943419 0.3691644611171356 0.12969227664278615 0.0808014029128654 0.916716230528629
113 4.618908337743564 1.345924686226819 4.130175907841226 0.6239080571336395 -0.07751090684389617 -0.050787388420933034 0.7759841729966822
114 4.676977121103845 1.2534387859079115 4.090277170463466 0.625051592667094 -0.4510606285183402 -0.5974760886136846 0.221081748319173
115 4.574184796767283 0.3696034500726705 3.4653144940121123 0.6600621941783077 -0.33687386343210174 -0.6342665657194884 0.22031755164592023
116 4.587501892878489 -0.24821793095838227 2.8624340190789157 0.05070725236207626 -0.5714671098784991 -0.4530983858888883 0.6823166197520683
117 4.652686808222974 -0.8577019164304821 3.5636790725911274 -0.303989479251021 -0.7487003565715386 0.018633335451125155 0.5888046971486476
118 4.80427928295052 -0.7962706181391519 3.602875886265643 0.9541403581166361 -0.1615251850216748 -0.14724365802964637 -0.20456074106929567
119 5.011111822657437 -0.6286807750257173 3.6794194765556023 0.6462846913848628 -0.517127731047145 -0.5104212968478795 -0.23316326294622852
120 5.213733983734244 -0.3938329136950337 3.781592119602393 0.4155227206028502 -0.5183691296459982 0.6258558258339015 -0.40858144764859455
121 5.005500502230062 -1.0032644124838064 4.011503845838751 -0.33297367384451815 0.7791775533536726 -0.2932354199343171 0.4427458202763905
122 5.194151650502459 -0.7983024311174393 4.270989771088405 0.3930202503419623 0.8265606552086805 0.3147884234814658 0.2514772644280027
123 5.363922357810784 -0.5833712418517701 4.529436729540602 0.34165047126665193 0.7923159358690185 -0.4925316523676414 -0.11367930624030458
124 5.413330871127747 -0.5806380591581469 4.657282233505173 -0.05824114219974156 0.4365675819472398 -0.5578976281211379 0.7033967246759245
125 5.49094085880167 -1.441800763312558 4.134518662618825 0.005734776948537628 0.11271263105762094 -0.47883988828393415 0.8706177901476908
126 6.07651813028024 -2.3569792014493114 3.8477442603955634 0.14018659656249113 0.0632889537174442 -0.5413698222813327 0.8265959968477069
127 6.486684178728743 -3.3050421730173416 3.5815234226390666 0.06022480129713173 0.06291796788237904 -0.6469069577918097 0.7575788345689302
128 6.492388557884201 -3.4171014302181497 3.5657984572964616 0.6611479328390962 0.4944501021229373 -0.4961716933451687 0.26873064234693406
129 6.5989318780610935 -3.041737082660887 2.6324808939262168 0.5453820654928077 0.6345781616212491 -0.5422961579620715 0.07605153839186875
130 6.170304094812822 -2.5236897719259757 1.8974379659714204 0.46128680157693913 0.6897746032023445 -0.5064144498428369 -0.2344565811794218
131 5.510907002491737 -1.6155144801257622 1.9316443764065507 -0.741192150778243 -0.31603784049395245 -0.28149498780707677 0.5210708693067958
132 6.114709780689822 -1.6498011959453838 2.7709091301243247 0.4801665523875201 0.8380923841975634 0.0028320593106400285 0.2589077383130682
133 5.734090437046493 -0.941028259504329 2.2560074704454847 0.1693603798252618 0.8857566882300567 -0.05240358465064872 0.4289592233731864
134 5.171486265849378 -0.6794102634899805 1.4090900254529426 -0.08991136142925873 0.8182004073103144 -0.13077216560895358 0.5525963094928498
135 5.18443852215924 -0.6973335279399484 1.2573852808985546 -0.08250794808111404 0.9361343694267014 -0.3406784765385447 0.02798314680111291
136 4.181257094611705 -0.8559677372919263 1.188234702068785 0.6342400309875749 -0.5539503566293515 0.35689448768608045 0.4043574039663223
137 4.142309829673272 -0.8252024337609065 1.1360718099109313 0.3859104849397088 -0.49451789616839664 -0.0545307125482367 0.7768858020145326
138 4.192189852614259 -0.690158824205921 1.189294937043115 0.6646543188641688 -0.048477003217268604 -0.4650310301881266 0.5827784806737881
139 4.224371855941128 -0.6257471155458676 1.0980761385149178 0.908978099981065 -0.0015859401786514605 -0.4150061760945171 -0.039066255924632386
140 4.82404114506126 -0.8919458406432853 0.35127031065783154 0.6916913947268887 0.3815470069732624 -0.5755404273327763 0.21151385873299688
141 5.017718174679527 -0.3979005185523674 -0.38121253367756486 0.8896096972004814 0.14370680726034904 -0.43342938413497795 0.009050368074194385
142 5.1201656086979 -0.24662615689725273 -0.2505071296754225 0.6262237952712972 0.6168612373217688 -0.25058300599343625 -0.4056280676101721
143 5.267729131353773 0.8308198119728041 0.037654523327246794 0.635179787147431 0.5926229719635195 -0.2711469919453078 -0.4145165374981791
144 5.468434907337679 1.828107855101944 0.19013771900031326 -0.50627756243847 -0.572559023512505 0.1995641492309238 0.6132155776784419
145 5.699523750939371 2.7252621817701064 0.6580480316276218 -0.46362841157981255 -0.5413880467946163 0.1102771904280269 0.6926663121844395
146 6.0511337067290825 3.5584734770488384 1.267019382843825 0.4728735901145824 0.7454789234541009 -0.36535554507435447 -0.2952406952662213
147 5.666343993678985 4.679180026226949 1.342441635757878 0.48976935438258484 0.8131029772502005 -0.22572977810432165 -0.21917024244066402
148 5.2044482901617375 5.639838966762881 1.4994330902995476 0.35828137647469066 0.8516101934717702 -0.253479157054621 -0.28660574067044475
149 5.191996911745705 5.733333688214125 1.5381154632247136 0.44555931604563687 0.7788291703219928 0.40629314703111197 -0.1727075505473222
150 4.608736572091004 6.269411468153793 2.2458370201773183 0.5084839631243196 0.7709714535521952 0.33740526761399686 -0.18222173975496847
151 4.728582768953649 6.350221584372056 2.1860299826597616 -0.329435917019493 -0.6723371989757793 0.2524079963093752 0.6129640045304581
152 4.725825704136908 7.153306476331808 2.8612664201023836 -0.14633817979773625 -0.5739087195419268 0.22215411785703995 0.7745072412097848
153 4.9582499084305685 7.739791585550927 3.802425341393993 0.2461880814610425 -0.23039071525810967 0.3589311376023343 0.870333261072379
154 5.564964340032382 8.31487822028328 4.370669595438641 0.5850253911194236 0.13827878570613403 0.3881525517758473 0.698542672797518
155 5.548992437643101 8.38903359713176 4.323027228161612 0.737985476889269 0.5592630337782422 0.04207487431894534 -0.37527589837441006
156 5.967238509798148 9.135139358568376 4.878216578124693 -0.49403978448789393 -0.47445335864822596 0.302857193603758 0.6626433596536138
157 6.3551564538779 9.965668495487435 5.148629291514529 0.046140364546580395 -0.4232185784139301 0.40901749859127684 0.8071318278267408
158 6.672072263983637 10.58130773256142 5.768805895044177 -0.1848686417491037 -0.2110921456166812 0.4940533106583523 0.8229064452198129
159 7.136494005518209 11.415122286810153 5.883081184085378 -0.2437600235260576 -0.3441531645655668 0.576759063098145 0.6996346427845258
160 7.161549731901537 12.33879796732612 6.009128699487143 -0.2472261017054716 -0.49766788223331226 0.565399622073995 0.6095319523925784
161 6.982181534886155 13.806088218187586 6.4227114888372645 -0.36313066286336704 -0.19302711491723148 0.5247915809455156 0.7452989005518842
162 7.064047812539475 14.182591661672072 6.420225312654815 -0.23319215086818718 -0.5440753467660854 0.5950366373745535 0.543631159883995
163 6.987640943932566 15.403327478636076 6.568204153528731 -0.21729713315090773 0.7673533663572033 -0.5820898150499079 -0.15849988731802941
164 7.046887354837701 15.433732834324175 6.583897589165596 0.7073767428967218 -0.438594427175789 0.3186497541133933 0.4535586028978411
165 7.33772364100973 15.042661969109734 7.4057916603127225 -0.5541283582724355 0.6677219530976419 -0.4073221951737157 -0.28491715502691334
166 7.0319169689416 14.51328878568624 8.224771574789804 0.7540961892173095 -0.3621003166130509 0.3112403408778777 0.45094539395239613
167 6.873718684837437 14.492682941549518 8.198125084739932 0.7080943235792314 0.4988342677345604 -0.2595100710132086 0.4271080955581573
168 6.972717027488307 14.54566040664886 8.214708494656026 0.1509227534208214 0.6781865200543513 0.2916678886300749 0.6574307638516169
169 7.087843978221313 14.576415273663995 8.211042725526356 -0.4889132545968358 0.34924188001476747 0.00741269648906337 0.7993365940916515
170 7.889329359397484 14.373630466976484 7.604228386234477 -0.3752497483922988 0.5550397584584993 -0.32555171677781763 0.667184061983545
171 7.957097327358532 14.434791536042741 7.630224799013169 0.1495539250784359 0.02689371289052667 -0.7369313216992561 0.658667274729194
172 8.03973043069709 14.45089279196958 7.576025424194759 0.40898651426228244 -0.36271295387015023 0.7051565674103741 -0.45157896284525584
173 8.087882632884465 14.431957931467442 7.6286845664838925 0.05121629035122112 0.5295417743999438 -0.22099196279645397 0.8173891075536724
174 8.299343398910807 14.033007331163924 6.7893149133983615 -0.1241714976119315 0.4799824448624882 -0.45495222254453604 0.7397410134678388
175 8.427819098250092 13.274222768914404 6.1126771392372445 -0.41806748613440214 0.27258329289944283 -0.45160271052257306 0.7395761741146227
176 8.3895214895013 13.239081145785086 6.0169567800761685 0.14678049099558088 -0.49103482943795906 0.7954649359119833 -0.32338184778443285
177 8.404315378793804 13.214374936387541 5.945979052926996 0.044066773586547384 0.596423103837671 -0.35571357833884193 0.7181959696765826
178 8.385257745386014 12.692367738719629 4.98193400828759 0.0725397694694168 0.6258322948527784 -0.4488698118593372 0.633709564837072
179 8.09542971871129 12.139530507680988 3.983419029059941 0.048156986899251894 0.5314176770076171 -0.5228593715442479 0.6647512578137533
180 7.881291565123795 11.541849551972343 3.217314669109344 -0.5466922081353625 0.06588469198172481 -0.18140292748771533 0.8147882024338848
181 8.473237353393046 11.623171544295074 3.4442351295470304 0.8060209413912728 0.25093169579170216 0.36741125808089625 0.3903491943391741
182 9.41412679975325 12.721306903648477 4.0747113514666875 0.36932523894277075 0.07846956835172765 0.6276331026166376 0.680821623644821
183 9.964659733917337 14.039757489732281 4.526044188193149 0.4250961707555068 0.20786327171607685 0.7289411399231509 0.4947028607235156
184 9.543404871171465 14.895386955031471 5.258229744606711 0.30002211306332943 0.13845608183585084 0.89996457872563 0.28439479973248216
185 8.64843441908153 15.53537716914745 5.933944209231646 0.2624825352702632 0.16104955759665665 0.8994451377449758 0.31010385818776653
186 7.734144912098393 16.217133236623354 6.388289036571469 0.3319232184604809 0.13874954689800134 0.8571243515707988 0.3686643273043546
187 7.301511247668035 16.658857403519534 6.488768060936221 -0.12788975938210154 -0.27830636664614433 0.6029569282050631 0.7366360827837071
188 7.4946780487860245 17.65077064024027 6.7843841605512525 -0.040750108813789584 0.032035886090888976 0.30954727195034065 0.9494701770261864
189 8.390524412917276 18.239830057429014 6.766515295225472 0.08453571937821186 0.22025665698265537 0.3245793105225311 0.9159634208770301
190 9.479094483826234 18.18559602549007 6.579866843685331 0.25760428226452825 -0.23384205772575425 0.6554482215988264 0.670332420967759
191 9.900985370122246 17.17928385539587 6.350012569825006 -0.0031010908645819537 -0.04548954196863406 -0.37755015437929895 0.924865917706508
192 9.7614927623292 16.45552309539373 6.096884423653926 0.5677049891248578 -0.27292589070507073 -0.537052512638549 0.5610678231499404
193 10.464728536674563 14.798466300701484 5.429888832736784 0.7972710099486717 -0.3382839111713221 -0.39198360238026303 0.31027695306459807
194 11.275526748171133 13.272440823406935 4.6739588133829875 0.8475693025895041 -0.4849255172021527 -0.20714882921582678 -0.0596898871558485
195 12.115022639942772 11.719643715127493 3.7350684240675096 -0.6140263978976288 0.6282888184221781 -0.1581544866535516 0.4507903078836964
196 12.417281774936308 10.823518598693905 3.223429347169037 0.6977711428272672 -0.5371572481515343 -0.43387396266184497 0.19060668277872336
197 12.72987230313584 9.878689984523753 2.6642691441359574 0.7251193045042966 -0.6455595822752019 -0.11450622386265849 -0.21057812009937701
198 13.254372456817897 8.18975238051355 1.5376312442861182 -0.6392181274352281 0.7220135470502751 0.19174488140436072 0.18256649169359793
199 13.593045298361359 6.653330845498981 0.2711527468541484 -0.5019186812238273 0.8584490353961299 0.09633252158436632 -0.04316174638710763
200 13.837622886772571 4.4755947513588845 0.43161090783546635 -0.1709740172530931 0.6150180501864918 -0.43387394438502086 0.6358255136064679
201 14.383416887396002 3.537414191030334 0.8053934750413785 -0.09659094742232553 0.4375232539637152 -0.4074899212007034 0.7957358577046182
202 14.57353236827003 1.8693369503940362 0.5859690312531183 0.3077514480985543 0.6013231950943945 -0.04410227800652641 0.7360397070194967
203 14.134023854784465 1.229713490882621 2.329026389573983 0.8092492173119308 0.5529826425114344 0.022129474858601735 -0.19706899224277244
204 13.897603871549409 0.8994759951140131 3.0546469362953674 0.46405082573658424 0.2075726482794294 0.7533299658817528 -0.4172102459480783
205 13.413037308240497 0.22128675691502056 4.597086282327766 0.4066714764804174 0.28441217233494287 0.7567267204399237 -0.4255498760629512
206 12.82343062423195 -0.4519647996639461 6.083103366512208 0.47524657199783626 0.12446657424673932 0.824032977069073 -0.28216736239733176
207 12.219907783557865 -1.075570496953084 7.463037601688363 0.39721540237205105 0.03390193408061008 0.9122950945214987 -0.09374563187697543
208 11.008352989323077 -1.3379181734114833 8.35563138786386 0.6501871150047086 0.5839499288721745 0.3143109884157286 -0.3707665014711615
209 11.067437404717941 -0.605732619275308 9.46415626381918 -0.6113736000564626 -0.5673559282902609 -0.20204018575602362 0.5133316034763175
210 10.991091295902915 -0.44554778867277195 9.69917468731679 0.792373002206757 0.2932767735467433 0.5336184599178863 0.03721691425584227
211 11.193768572051908 0.21994506022826957 10.622957007380162 0.9386621955983855 0.12470885371462533 0.31104529262736236 -0.0813130388926706
212 11.127803487066116 0.36561862767758413 10.760138129851077 0.7281053416821902 0.58398595646836 0.3587259342911177 0.01177786604446421
213 11.035861343999235 1.3735128672717434 11.467092033908468 0.8122077163460127 0.5804482413528603 0.0558022734025666 0.016869229427344815
214 11.554534525585062 2.741391883336527 11.651475779639158 0.8302662966090705 0.5552642261631409 0.04397213962153962 -0.020148617709695893
215 12.170908164595415 3.899788034860946 11.729054869267639 0.8373696582119479 0.5447843325016146 -0.04103204241011923 0.018397229748812974
216 12.801725447100544 5.142057653886441 11.580229133948125 0.836689799620806 0.5409557988887382 0.010332129241862829 0.08491319075663412
217 13.326421052943125 6.252213292898477 11.389126269218112 0.8173162628926604 0.5301435741130959 0.1393913773076087 0.17751608707397865
218 13.831748286629326 7.481714559954272 11.368041702866154 0.8619670189954125 0.2947130220278744 0.3775834261942666 -0.16609590324496148
219 14.6363282879105 8.15142872073583 12.159725591991222 0.820362269833238 0.3760318673052939 0.3651804484167273 -0.22858044776207234
220 15.11347386513022 8.529740250092402 13.174282176637576 0.4752808400559277 0.7215559382083282 -0.30084131443091794 -0.4036826162265451
221 14.667683641662823 10.08730327008594 13.3520514170087 0.8970827678125791 0.18988615895372754 0.11328786961920861 -0.3825592933502765
222 15.920086077636425 10.5742213244724 13.703562696779654 -0.7989968831870473 -0.25499308629472506 -0.016877531520121475 0.5443323024854013
223 17.04080199015415 11.068223840083695 13.961389414370531 -0.5774318113093128 -0.28826180048721395 0.1660560282696041 0.7455890511154523
224 18.04984261938209 11.658740459565792 14.300200105374813 -0.2725709441691421 -0.1958416388448239 0.16226564187484982 0.9279121695269756
225 19.15154431986349 12.155957575109534 14.617084111586994 0.16460694435208273 -0.16433965552072616 0.3596630516753773 0.9036257636621228
226 20.050270727082015 12.790427570308479 14.982695662029524 0.4772054394379043 -0.10155953113732742 0.4132837644541327 0.7688674529752603
227 20.199315240006015 12.9063559422944 15.036513173979595 0.025112320389638444 -0.2855839389852922 0.2455039443817708 0.9260340158176078
228 21.083618395573 13.493686361857117 15.634028726145262 0.3840494777274696 -0.159048713602392 0.2854000001014186 0.8635718530040174
229 22.024030909433122 13.93841318626476 16.163430555585876 0.8243071807242531 -0.1514691879955718 0.036406620548760905 0.5442878970495444
230 22.878777321745943 13.825747955084804 16.15885624128056 0.5384881507879433 -0.17632617633862543 0.6504442349844055 0.5058279234822193
231 23.10034427279393 14.604043125974032 17.024654621951456 0.6125584652674495 -0.3152239712263025 0.38161472034438276 0.6162598314104086
232 23.69799795128021 14.689669470869072 17.983910486948393 0.6178185937648796 -0.3562865602134612 0.22023316702870988 0.6654753371464277
233 23.773296156277514 14.779756679403796 18.09671062570124 -0.14560376448916293 -0.4271494954984258 -0.04481953914456691 0.8912542068191843
234 24.479690730066533 14.801044154525087 18.918195859958885 -0.09863755532292444 -0.5226780868483816 -0.05996319523374992 0.8446790310086973
235 24.522666914976213 14.83177590582239 18.901318341690153 -0.6219262387666631 -0.36990629089706206 -0.35036790457579914 0.5946590795838342
236 25.045247942092306 14.871983662662007 19.74084967749319 0.7022388463563203 0.09549377210528051 0.5503794854935435 -0.441388676910851
237 25.407742647292295 14.499534853429898 20.65629430105482 0.5241962235847153 0.07043382406108113 0.7471762973804653 -0.40247357210191537
238 25.339141822232666 13.895805158183238 21.5763486240416 0.4920571227905538 -0.027357147231576527 0.852060847051598 -0.17641906735992294
239 24.86207620854484 13.532045464120653 22.421877298549987 0.22096951318012403 -0.16324538147213272 0.9587220746932839 -0.07331714102965822
240 23.99258186037713 13.126310787380119 22.737652531948427 0.30170067257710603 -0.242533212273195 0.7882007151746174 0.4784286547743448
241 24.572132558650335 13.604416425486445 23.177397348390112 -0.009724255767450701 0.053989890567484926 0.9482866722835421 -0.312638637624471
242 24.890427026080307 13.963264043626918 23.058285523692884 -0.05137239269448833 0.2691004805985621 0.043815102663662564 0.9607424448774182
243 25.764383272059657 14.14111719929728 22.517014116040944 0.19431278312424255 0.40774570034638385 0.10636415784029685 0.8858175049582575
244 25.736320410187798 14.326128449865143 22.55387044540701 -0.36169829617551214 0.1681372165261046 0.4406146205493316 0.8042157515995033
245 26.395045869689817 15.108820037381623 21.938249469481804 -0.33839749739887176 0.20144129326311155 0.48793629829726076 0.7789908265997952
246 26.984579322571022 15.796002937433654 21.226778712491395 -0.3982202213133229 -0.14772333004279167 0.38343467343849374 0.8201075077716047
247 27.786266488491776 16.685528499380126 21.104781609508763 -0.5772101143710681 -0.24921311289330392 0.48518039664064566 0.6077181015449465
248 28.259631719310406 17.777800017425307 20.81774258372881 0.84330695499575 0.23555316942892665 -0.01745342466089958 -0.4827457529542764
249 29.232651285623554 18.254089582380065 21.13711623908507 -0.7815345174081842 -0.2860352326183827 -0.06333403880564797 0.5507961903726916
250 30.12384192595119 18.665186247351524 21.72166856196818 -0.8087604555803698 -0.05256630355895623 0.17780211956799388 0.558148470836132
251 30.073601097967718 18.698609489304445 21.58074338509937 -0.46253284014859836 0.6083931315881413 0.6143857905403198 0.19608995283438546
252 29.677858578556418 18.22768937636987 20.61374254478562 -0.29911585470675583 0.7656409151608834 0.5631429370130343 -0.08481584160395003
253 29.656393187651723 18.19942457534923 20.51972906679978 0.6441723538658072 -0.4918978617360747 -0.4223521416674816 -0.40582895481145104
254 29.847741232631435 17.89270714092312 19.502050222225044 -0.5480860831629129 0.5785845573180579 0.36759411616955434 0.4792870968779854
255 29.941184797715508 17.54245535174608 18.545992082081124 -0.4781567187097051 0.5939093546252742 0.4313862261796272 0.4822279074295233
256 29.830552070271896 17.317211364648397 17.497127559343852 -0.4346769385390073 0.610646325621822 0.3886314679061297 0.5358475587889292
257 29.724360632972253 17.145975231339566 16.295141289312042 -0.32586243872366816 0.5769973027998848 0.28867978698927566 0.6910512022813861
258 29.94382452108623 17.043531927554397 15.247612922643894 -0.4210178744177027 0.6744265675344482 -0.11819490358984729 0.594914043530566
259 29.928488487555455 16.22329039134504 14.598945316997769 -0.566241917543025 0.44488377304956095 -0.24559748418205504 0.6489456025414088
260 30.486823621353434 15.358069815932001 14.295901859122115 -0.6140494024625025 -0.006234827150832605 -8.04973648100912e-05 0.7892429611887691
261 31.348734664325242 15.205775478226068 14.283522366652704 -0.6665471641924026 0.159736411682102 0.1715277732033341 0.7076562581577994
262 32.10623309484092 15.198269731761986 13.78389253372178 -0.5900208688533791 0.3936259211728678 0.17507642021037223 0.6828486329960952
263 32.13844992608884 15.179480778630879 13.727396521324112 0.8447164822684033 -0.17405847020441806 0.3228370857513369 -0.3897870310795071
264 32.84854390752397 14.61792564246101 14.05095931222361 0.942323779480839 -0.26163787628745494 0.12884464794739128 -0.16422719936737248
265 33.68778886376191 14.035182114369535 14.203472919295384 0.9916423155712766 -0.0788913022027516 0.08668781004806801 0.053915711942450116
266 34.688912492715865 13.888199070057937 14.376974133893574 0.9793468234156975 0.11728920536414442 0.07176630302777673 0.14823170888968193
267 35.7050840536392 14.100658942488263 14.411077526427743 0.9226571258276974 0.314314095251179 0.16808894736653227 0.14716175949959154
268 36.50197902748004 14.694616247324198 14.589901175523954 0.7524363260166439 0.36086502714092855 0.5068442208147196 -0.2161595320680327
269 36.62159994773766 14.708020690082726 14.619956415984781 -0.08619759390911443 0.010628800467157525 -0.42003809550282856 0.9033410218357548
270 37.37683295155895 13.967015908877714 14.662272686875898 0.01753160706653434 -0.03211681606521381 -0.4785382994297429 0.8773039660564561
271 37.66661232517012 14.069764197163856 14.677415146824114 -0.13859776489496833 0.041320072553445567 0.3059592857312034 0.9409953382696159
272 38.38254508511857 14.860423431390958 14.191679768242162 -0.08565341598497833 0.013731832934018596 0.004586734748651411 0.9962198005253268
273 38.45387967728172 15.00845467861134 13.925924316656676 -0.265090039496255 -0.702954882473949 0.3580832251446084 0.5543988708826395
274 38.477715322300995 14.683699292514406 13.897839159908665 0.5200306110990406 0.6805939991749016 -0.4874397711302778 0.16959493308331255
275 37.93036918573529 15.123367333555167 13.191020286026603 0.16531193029039665 0.8726877198216828 -0.4553181122216517 0.06142903270446702
276 37.04218032819959 15.380947078274472 13.066047241657214 0.16745591776839822 0.9263686055223207 -0.24824387589167426 -0.22841781977169243
277 36.945293899034205 15.164195176103313 13.186079506347141 -0.01340950974791842 -0.426837698546511 -0.10252579414508733 0.8983975877543069
278 37.593631310680955 14.833457097671564 13.926971803299647 -0.18722114737986081 -0.49803359943399705 -0.319088267342933 0.784278938549717
279 37.6213464857975 14.613981159969269 14.065446608837146 -0.03174368497904203 0.14144484663807635 -0.5334756842998364 0.833300298862483
280 37.88498285821274 13.5239012919228 13.99704639545927 0.10650715064399742 0.09952244661855414 -0.11937032546850795 0.9820907467634019
281 38.82494373634964 13.505354874759774 13.409614278548139 0.3631984321247842 0.5624233302787519 0.3372989330170168 0.6618129087935942
282 38.69801370365785 14.706372582570477 12.669582629366193 0.3474958871783505 0.5600231384968968 0.4404992238933669 0.6095745454754139
283 38.619867925629485 15.985548410174175 12.401969691222632 0.20181147905204933 0.73997169891921 0.11834848128294874 0.6306406652757653
284 38.52360215936451 16.304579323934924 12.424174592950017 0.470879222540091 0.5527440555541417 0.4825017488682226 0.48983551235971706
285 38.291000948308636 17.579754203980855 12.320258887905448 0.5247103226657408 0.6294889765164715 0.40028669836473496 0.4101137218437344
286 38.06313312754601 18.71978747401943 12.176955283682043 0.4982174936137523 0.64413010411375 0.412625799568705 0.4081858492916285
287 37.75409900706782 19.94656868450977 12.025930980105919 0.4535271660564593 0.5594629076247685 0.442853755800408 0.5340364365980197
288 37.625917391948775 21.157073420160078 11.795470570192418 0.5187776630593192 0.5166838055421636 0.5111660046551703 0.4501298669118178
289 37.540188651333494 22.37467094943776 11.673167967645133 0.508089130772309 0.3018582751995808 0.6132495591796392 0.524072509344419
290 37.571170303070396 22.683807605323782 11.601016570287598 0.14496799956415493 0.4740842717995826 0.0580542447503862 0.8665206789229494
291 37.46023852887481 22.56683278404667 11.66619637757665 0.4160494871076506 0.18552016475565009 0.719865286838874 0.523716585140176
292 37.44729920178442 22.562393924749113 11.77418452996559 0.3615285054036691 -0.11101016274745705 0.9202087129960126 -0.10094457921847569
293 36.764404616068894 22.30026498286581 12.52602100200773 0.38115243183031505 -0.2343796368276968 0.8827170603710748 -0.14352561053763888
294 36.03662036001982 21.934804516333422 13.205476314843086 0.43501290053269276 -0.31278107699571756 0.7861627153467403 -0.3080259067711234
295 35.615588688133705 21.17053054379298 13.758638026486523 -0.549481216139634 0.349643955736009 -0.5527446143974954 0.5198969980501464
296 35.57172336143282 21.115813776125712 13.766606035517164 -0.007018331143825971 -0.4366199556081863 -0.5994725444190914 0.6707804602702448
297 35.48020797922975 20.301325827269096 14.380707406372284 0.12899642823459428 -0.35511804448230383 -0.5182906310834724 0.7672196020155364
298 35.754071558771486 19.39852712449238 14.87579760653192 0.1583083710517996 -0.23361455763363334 -0.16042063612443974 0.9458477243309293
299 36.513302797648926 18.982902077392083 15.370771614278157 0.1587390820861655 0.3033607111891911 0.5507340584925574 0.7612267596068508
300 36.41764377896722 18.812422490499728 15.560583118456616 0.09685444812947103 -0.10840393777712909 0.9818782933087963 0.12158461778100772
301 35.61615974710624 19.051223673795636 15.893075965865423 0.5714195782548339 -0.31493734411127106 0.681156387735905 -0.33214471291559194
302 35.65754837599342 18.14419393486653 16.550673639092437 0.3432790550646175 0.1510682099156466 0.9270047143388341 -0.0003819691110911755
303 35.682075481233845 18.227034340843996 16.701207666174874 -0.4661347660576295 -0.5411972915098655 -0.42104795809686607 0.559054995968414
304 36.05520616507739 18.22572976850682 17.94504699001594 0.4253478381195095 0.5256455063614159 0.6725929283122962 -0.3006572317996024
305 36.508819338575336 18.250414844624338 18.137920055424534 0.3409834111981228 0.8954733251481297 0.12423474372123318 -0.2577276967816267
306 35.81713386988466 18.832971110568216 18.737480086966464 0.1823502821217132 0.9466849206181107 0.1653191310160953 -0.2078596175414958
307 34.95137988318779 19.097418120332033 19.15584268034238 -0.034332610135888036 -0.8356307658526277 -0.16175660566295946 0.5238103622172883
308 34.29244160467068 18.891429908105497 20.124970469218294 0.1568882769677494 -0.8099883587799582 -0.2337607197209218 0.5144519930047925
309 33.80882426674307 18.395602308142315 20.855971627164436 0.15921639919892094 -0.7628724008102835 -0.2654285294073428 0.5676473677246622
310 33.57686081078736 17.816299342590916 21.78182159576821 0.17970239417033107 -0.5933365151842717 -0.3513392545061172 0.7015836069361379
311 33.54466896494419 17.11001901517358 22.569973668929684 0.2107850177302838 -0.6271705510193771 -0.3060029306122479 0.6845355963653095
312 33.50772203918182 17.043605310635517 22.64541178609239 0.3712070241794734 0.016637807057387703 -0.02736101925470987 0.9279977926705885
313 34.4955042286504 16.98875513441886 22.576856452180365 0.40864379061714123 -0.10329591772517689 -0.001395311672246173 0.906828682208886
314 35.56975909964754 16.871838984085038 22.730207279453566 0.4282151287185058 -0.06095703822285528 -0.01103848366141376 0.901550994068637
315 35.45938183373188 16.920593873601607 22.68121620232099 0.9251327311257285 -0.1598987559138102 0.07722920823426013 -0.33555546047200085
316 35.5014371349848 16.92650900294454 22.690811220337512 -0.3874871769310611 -0.03944868850468767 -0.18008287572938222 0.9032539214187185
317 36.54943336176845 16.61189034346024 22.836680326183078 -0.4044518670941104 -0.35927413249174905 -0.26957038712623355 0.7966634115553458
318 36.19473561601562 16.78016656281885 22.05862573914123 0.9913454961826694 -0.0390208663834757 0.08421837710807908 -0.09283719158990983
319 37.39161882789021 16.723830403334404 22.13777488903681 0.7633269752286012 -0.3087837199860832 0.5650733002502752 -0.051736916260762614
320 37.535340407110105 17.195019975316026 21.20349002619553 0.9415300490411929 -0.12762108884673298 0.27236193469279163 -0.1518321473353499
321 38.09351014088708 16.906778536652542 21.971776241879837 0.9800458980834973 -0.056271831280378645 0.14774324242412262 -0.12048009367555647
322 36.960882862921316 17.118788496581782 21.957320381073213 0.7135563641069068 0.2138907334149714 0.6533935895965214 0.13477717342306123
323 36.83991126832839 17.642592320136036 22.829663638812253 0.9163214844368145 -0.014068419618654737 0.36403654337693403 0.16623601238937535
324 35.93296125597348 17.617921625701563 22.29010685387779 0.7942676808768984 0.0654344238253077 0.5981621511634327 0.08401921333015736
325 36.051023683907665 17.840135110447964 23.102352748890485 0.954023620010064 0.03256821023677794 0.258769576116218 -0.1477042674451196
326 35.05778868966845 17.8249693438834 22.56530644103727 0.9301150835211601 0.02973242385454759 0.14669771240997778 -0.3353829088546971
327 35.955505857945425 17.804508490321698 22.801922225967044 0.8919668567618703 0.011576307741588224 0.1669454260157116 -0.4199885001638193
328 34.962223000530905 17.914539656563544 22.443182770084505 -0.7865802241888399 -0.1697283244920675 -0.17285196239191128 0.5679841950947361
329 35.76999490425971 17.930935499144052 22.852964140982607 0.8735137588235984 0.0894733435797439 -0.07326457660402586 -0.4728641831959389
330 34.69764242394631 17.732504267170256 23.16737820256247 -0.4911068294647062 -0.08591247617591731 0.2732056903624919 0.8226735556975201
331 35.62040723221591 18.251106743182827 22.971906460726295 0.937124256669201 0.02756459802544104 0.001198875184872712 -0.3479035544460345
332 34.65464214018739 18.239832901592724 22.90315580003514 0.9616927488106425 -0.04067648004092558 0.17532464869881653 -0.20676979570321108
333 35.63970758897398 18.139045018582404 23.17971480255454 0.975832533939059 -0.1576756375606512 0.10284976855838077 -0.11095577557479684
334 34.70315879685406 18.45410597091942 22.991171122335192 0.9680390035466423 -0.11360083959034464 0.1644296384257467 -0.15151973753927636
335 35.65589601664537 18.11490878671677 23.238557803947767 0.9376210535312646 -0.16402249607365382 0.22926786222414694 -0.20346898561662752
336 34.79393149216874 18.489249047587244 22.853464162576525 0.927901741021699 -0.2251954508275727 0.2676350298350802 -0.12906145334933292
337 35.536872310122305 17.98482689120136 23.209921717041592 0.9185601518979642 -0.3021363021047164 0.25465996413833974 -0.01045011773790113
338 34.86642852986484 18.637369812647357 22.682162185081786 0.9545090819828116 -0.03643716829210188 0.2946413120189699 -0.0277712518789515
339 35.66105237435467 18.548640964136702 23.158882763251952 0.821388325245619 -0.15543346073773714 0.5155118593005424 -0.18817327481283108
340 35.2795521794784 19.154815797284662 22.24260796238425 0.957932848147118 -0.021700741216672943 0.1775522489234885 -0.22443024567470715
341 35.91898601697756 18.971745197139633 22.863904600103176 0.9758982563867846 -0.08409439159232585 0.029890690616254042 -0.19914133950145524
342 34.947877474691246 19.02330896461444 23.019564609690274 0.7130686322478234 -0.46678328190059487 0.5175046804864744 0.07638978411358556
343 34.789512137755565 18.300134992279034 23.911948281534578 0.8207075102740528 -0.19322599479367816 0.31293114285349194 0.4372379184702152
344 34.061741433656465 18.213094539683514 23.292260915849777 0.7075519138162452 -0.44937379306894315 0.4705320719583902 0.2757409157458219
345 34.13123075849501 17.74234274468241 24.24085456935056 0.7520514622128578 -0.4636477646501455 0.43274226311483294 0.17939755358610288
346 33.84203374852076 18.189266324744263 23.50900347226519 0.8783198868686695 -0.3378060695121783 0.3079792144853586 0.1399644211102323
347 34.44607915272491 17.553359787718417 24.15366585584492 0.7638993851717014 -0.3986650684738439 0.4355701558088451 0.260389193096988
348 34.1052278986086 17.818768407070262 23.422535502100104 0.9354198209981862 -0.25531022795877045 0.1843487695323534 0.1606921813756636
349 35.005785469557416 17.341909097044848 23.79412211313538 0.8605781445329937 -0.3069941053026216 0.40578019436674767 -0.022412280590704294
350 34.61974796265286 17.783196624939812 23.172168607160895 0.9111137519226497 -0.08206540711561343 0.10776094980384038 -0.3892615800586484
351 35.656461710877615 17.55566972350904 23.26908645484958 0.8819643458246397 -0.20457276892336088 0.07505339465650232 -0.417918488296079
352 34.78076925899968 17.962470112824985 23.39186289751917 0.8924578058777457 -0.048777555508049644 0.10488842201943828 -0.43604843049002223
353 35.85553976222716 17.776142811529056 23.483625829408147 0.8571810120156719 0.19376056992056084 0.02313944842425062 -0.47661527473473814
354 35.064204267280644 17.423880878274154 23.305695792775293 0.8759004311913173 -0.11597902224131328 0.19321391470228869 -0.42663296192890476
355 35.23386232752586 17.482300599325878 23.372867804608365 -0.36536636701250447 0.06636000616753708 -0.28910059614979183 0.8823404177206003
356 35.9758450612996 16.858281630417725 23.404175136266815 -0.4297826101052887 -0.09584339851694239 -0.16234549833810957 0.88303164732707
357 34.997149871519596 17.042420303682274 23.077597316290394 0.8723571938072037 -0.24887636730889687 0.07984171688008002 -0.4131328847399944
358 35.78504077945433 16.487270249209054 22.991908694062978 0.9366105337779272 -0.13004342106822242 0.2583073852115283 -0.19780473047498873
359 34.87523678640692 16.878607993288515 22.416173669617745 0.95439438916961 -0.12444730341222933 0.19646124147725932 -0.18720897198640304
360 34.86360127437638 16.810934828415192 22.127026177452077 0.8782004820603041 0.11754650453841745 -0.43670546460894427 -0.15567616953321964
361 35.45579748964306 17.165303068425292 21.512272022932578 0.8788898509425108 0.1597565810370502 -0.4056730531945316 -0.19354544333936324
362 36.05381150926925 17.546781093210313 20.92186455407946 0.8642154063599782 0.14492536834772615 -0.3783758745344326 -0.2982617417464692
363 36.762529523513585 18.077222771463866 20.32034240773466 0.8191868178227976 0.09096467707939679 -0.43596046026327706 -0.36138187851112885
364 37.321890746095455 18.520936717501638 19.71845299994223 0.769229084236848 0.11661361306737672 -0.5388842640404954 -0.3229421483502057
365 37.28831943047591 18.50111115161928 19.642724644625634 -0.5268549857410778 0.5902993269306746 0.6001552904600056 -0.11740594515538211
366 36.91697435251282 17.694283398410985 19.17087304500108 0.627043928434169 -0.525062629853045 -0.5736351721573737 -0.045473462696732254
367 36.75834044399731 17.179292923261944 18.43743679737828 0.6768661999843605 -0.4959638579266822 -0.5417074608125474 0.049244551467523254
368 36.70533450251389 16.429798439301315 17.79498904073932 -0.5516245622353949 0.5888782919928791 0.5880862929690062 -0.05556268154193996
369 36.295340809739265 15.629712577794306 17.176807390481265 -0.5590945976998218 0.5221394864211183 0.6433865023979377 -0.028937796649267895
370 36.2343143670063 15.643761154864505 17.253408931227362 0.8317518131065897 -0.34351135982888964 -0.004631303940172826 0.4360818937839796
371 36.979680266776995 15.07123961041851 17.557539253638126 0.8059320785760808 -0.28448985521274195 -0.08159027033869513 0.5127202305245314
372 36.116721963229985 15.647801074770493 17.380087268762946 0.934930634835499 -0.19649347257295618 0.1806112629908551 -0.23382599291601575
373 36.96910501212642 15.155295089912702 17.524668072306994 0.9344303728999933 -0.1761984616670903 0.2726581424412168 -0.14646336630241613
374 36.1634734223748 15.515128565391583 17.07471523211447 0.9410730573279051 -0.15060974139072755 0.25130397257657966 -0.16895123538156567
375 37.03347603725704 15.188853227424822 17.494618740721112 0.8812018247923913 -0.15071960468110543 0.4155495503173042 -0.16758733835949133
376 36.40166412712755 15.6112743425575 16.8766467689952 0.8619613616951743 -0.19692265899261635 0.38611454667629197 -0.2629821936269483
377 36.92625545025928 14.997377955907275 17.34587315067877 0.8535883751250889 -0.08481206254691598 0.43544568190458277 -0.27309496152163276
378 36.233177872753366 15.4280563844429 16.673393892062098 0.9154055487873644 -0.1253476130289264 0.29362072746029166 -0.2451683616679437
379 36.910941450691034 15.001569675275466 16.97441998881413 0.8795589670675048 -0.005570354769508957 0.43294163944754827 -0.19724738637395212
380 36.24262823350771 15.098545650667516 16.003597255144058 0.9492631091353303 0.004967168481015177 0.23957738298280495 -0.20366038995130473
381 35.937443215401835 15.111754579748338 16.215612279482215 0.6644508865585431 -0.6470083404125249 0.35976226851122467 -0.10225623180938954
382 35.883884645191046 14.054768309108391 16.840391663518623 0.7233777391974161 -0.5405156694888958 0.4175207450977115 -0.10121207874388735
383 35.9919955646034 13.166335498645426 17.420369763245144 0.6743646189696535 -0.6538462747187961 0.2036122811733555 -0.27615113375405514
384 36.00070347408648 13.1669735119527 17.47984025395586 -0.4340100077023175 0.693764444959193 -0.4966578463273846 -0.2892355299857554
385 35.50002626914161 12.883038713728396 18.37772444701131 -0.0826571812184141 0.6675628847023259 -0.6488942575377884 -0.35561753035447863
386 34.679649865978504 13.171115613960305 18.94148177049312 -0.21656783720215445 -0.617815774172337 0.5012246056181632 0.5658409103240399
387 34.6602909126034 13.100203133603495 18.871771281164317 0.5637140766650054 0.7850366052729225 0.007732635404360803 -0.25667912751329947
388 34.531511029972286 13.0701221536964 18.866037559627888 -0.30829028652178203 -0.5154069667218732 0.5392461642280014 0.5903611879656941
389 34.41708745716981 14.041425352550416 19.031868213549515 -0.47445094773993607 -0.4314661346953566 0.4581259464567761 0.6155110803087217
390 34.63237372240057 14.979189191001952 19.229901912140836 -0.7072257309054748 -0.26583688011990814 0.362801415609422 0.5454701197546334
391 35.15477632333483 15.858986618325318 18.99752170931713 0.8770549759899903 0.023567442636898694 -0.3279373519620087 -0.3502516779787081
392 35.14065711937488 15.818600648933613 18.992206322530457 0.7692078564613375 -0.47275932938547516 0.4202229098810655 -0.0907226325028109
393 35.40586471285169 15.04155088856556 19.490584637543577 0.6675143666893626 -0.5447676419063098 0.46539448457647675 0.20263454868539502
394 35.352703345094895 15.061646371988642 19.471856867992337 0.16301630635367126 -0.7404406833997762 0.1454711706333377 0.6356189241549112
395 35.20528228670644 14.93416826962029 20.446700387675754 -0.14742907138192926 -0.5560472774407272 0.2671492265858073 0.7731153761870364
396 35.42509987297406 15.538674180665993 21.217081673901383 -0.09718780011112657 -0.8112801880139114 0.26210431150808633 0.5134981187254275
397 34.873075652026316 15.977972525895549 22.001924289822092 0.25389335959912857 0.835705370624276 -0.20682557725690884 -0.44086038158759133
398 34.84671567158067 15.851068146648768 21.888580198971027 -0.3933075631648653 0.672443172424901 0.4160558418492643 -0.46907022617040045
399 34.43799672770379 14.803353124683422 22.062646330055358 0.23516537077624564 -0.7599746637005688 -0.18427663000990077 0.5772156291656294
400 34.36377717032983 14.743273769613907 21.80395299147434 0.46296360754782695 0.6768815103881282 -0.30118768423994274 -0.48660260772335573
401 34.4723761615961 16.026255336413154 22.313884811236914 0.6378268582656512 0.646745107835704 -0.2650231110871312 -0.32351261946831766
402 34.85098701634111 17.41469427004836 22.61343935356118 0.6981978671798249 0.5473768549906782 -0.18955697052937176 -0.4206738306690662
403 35.333264771550205 18.308383368930116 22.91234558549958 -0.6879069392494422 -0.4808690510397497 0.11011498596049726 0.5323755146055502
404 35.280364862517644 18.311909413416032 22.952896421459922 -0.1290130501837109 -0.15609826256563827 0.6476420510395078 0.7345398144631947
405 35.340524222128906 18.410157707616715 22.998178705703285 0.6438952199327805 0.5344950376095827 -0.29151413710663904 -0.4633934703741738
406 35.70283544018129 19.446016439066177 23.154099352574864 0.6126096155633812 0.6137286581979103 -0.3027119074291619 -0.39548968902675313
407 35.68699178655297 19.311326976764686 23.147785920529707 -0.586664607400791 -0.0031899475446212607 -0.36121588340162436 0.7248017302934118
408 35.8061774135266 19.325910609157983 23.16945462773224 0.8917881831577501 -0.3112300080379332 0.19224409112332264 -0.2662553809880191
409 36.6662174811864 18.63207114833677 23.42351009856312 0.8809023634490771 -0.3295099412411666 -0.14453018171488516 -0.3074821153604482
410 35.92547128015932 19.089721057875213 23.88676002504954 0.8735132503561636 -0.25686121563391073 0.08719800188012118 -0.4042195267715237
411 36.73238505180169 18.518894910953133 23.736166216728797 0.8812852866749482 -0.19131658163289506 -0.26578478787417026 -0.34072372329681005
412 35.8418695900384 18.623549420662844 24.28905178054484 0.6359600511638518 -0.632772481908863 -0.36072308623592275 -0.25501500841911584
413 35.83198856393946 18.501282639752436 24.261164191186232 -0.48711758477079814 0.7534265481508962 0.2884920321427882 -0.3344207567400907
414 35.4399260321751 17.53626157633617 24.480418102301954 -0.20052191178397305 0.6849133361608845 0.5350290366793833 -0.4521378271649021
415 35.39795706191484 17.48747786790513 24.511927415811936 0.42101041684760554 0.7798030866400651 0.4603321705270984 -0.05245634137302594
416 34.77089329910853 17.97677572706706 24.92921893021945 0.7274509975656639 0.6349975682437423 0.2084290573820883 -0.15540419075452766
417 34.69747652653785 17.04983036781497 24.522561409827077 0.7170060423158264 0.4885290827859277 0.3791060562838563 -0.32174565831388857
418 34.859062549812414 17.416403119807075 25.45118602210309 0.9058883222141437 0.33669949317260717 0.08368868182970769 -0.24289092923977218
419 34.09567044630739 16.82756000653985 25.164989449855923 0.8869343768812269 0.14712684256080102 0.20241227180060162 -0.38824010036177264
420 33.98474535171771 16.782617202783356 25.248478429143177 -0.4678604350098803 -0.22492358922027386 -0.09364452188316072 0.8495567643694621
421 33.94848154069261 16.78490760575896 25.265650029045954 0.3733564490342401 0.899624445560092 -0.14877951497588654 -0.17072045817294423
422 33.22656677364751 17.58357229797596 25.45368657134679 0.45394560766534203 0.8637749605211665 -0.18827671298490892 -0.11125682992786999
423 33.85491752018313 16.864089765522937 25.489303507213656 -0.48095559505903235 -0.35981950998343953 -0.07275600467651756 0.7961898012410107
424 33.857721474560385 16.99148975068496 25.556730364989548 -0.15882559925696596 -0.5450884209243658 -0.6200529060173492 0.5414678532787389
425 33.94444618191928 17.13048814881608 25.895558756658243 0.6344249819489494 0.7183110722598428 -0.02925764813383982 -0.28403896875898255
426 34.05006952436857 17.080944505593422 26.010753514641735 -0.29874287654037085 -0.16807250024904252 -0.14683513663615952 0.9278705572575632
427 34.981502655083354 16.872060400189632 26.564911758172833 -0.05636862689912941 0.3632035227163226 0.07080150025770549 0.9273041176168791
428 35.06861276203109 16.887736940031317 26.68452355450703 -0.2377309377122951 0.5873569361620682 -0.2626569887851622 0.7276724105248543
429 35.142634231043814 16.851361122619146 26.757780371010053 0.17109136932928876 0.61315622823485 0.71497360599585 0.28910192985715966
430 35.204479305427675 16.856499111507887 26.801880910512473 0.4811414363027645 -0.1423828084545426 -0.6801327488390304 0.5344618771117112
431 34.93950266695381 16.987578843245956 26.725995755842053 -0.24124981092665698 -0.45591686261026 0.8541509284767219 -0.06606462364854192
432 33.77819179532087 17.037224437954492 26.398422374842717 -0.5757509752928962 -0.334240061065933 0.6991410362383411 -0.260760824272934
433 33.617217564129064 16.99678743105109 26.49566135337157 0.2044998777655561 0.7364468407546702 -0.615062214809616 -0.1937119579422735
434 32.57373790506322 17.404983493940893 26.488722504373168 -0.6240414801723638 -0.45514074327381154 0.11989793442474926 0.6237336131371525
435 31.81513048134866 16.77676977215701 26.04529977248527 0.0758853709009777 0.6127652223422491 0.7795187438144936 -0.10540740397595233
436 30.540802490900646 16.752946973035968 26.13996239796407 0.10800339780626116 0.4717668505418732 0.8512953473061229 -0.2026512680617907
437 29.538297219120327 16.58119852226763 26.260616715404105 -0.6617298847975543 -0.2640376981599414 -0.32070458335685226 0.6241363823156958
438 28.89667521830645 16.62264198937139 25.493183145363954 0.8781606735131617 -0.10437966949840516 0.4255849438574778 -0.19187540658495555
439 28.80153188037661 16.580463284722963 25.55526573257724 0.625985342274728 0.6570204178788365 0.39639148371593813 -0.13906945525523856
440 28.788451158177605 16.49174894365548 25.62102527047269 -0.1275084601428684 0.9366831106966241 0.2323148250253324 0.2289020856198994
441 28.081115544168927 16.346511873679336 25.193170029919337 -0.1648090977807776 0.6477621875132763 0.0006071041872384191 0.7438022191020998
442 28.2312332265049 16.13215945788936 24.316973302287035 -0.20473579937161937 0.19865887260368695 -0.35012494438441855 0.8922053732808967
443 28.897864615416935 15.545659705137881 24.18491603483341 0.05130118805744426 0.10734388041069606 -0.3750765643022761 0.9193274989651238
444 29.704798883987046 14.88889421307818 24.158082669233583 0.19779158569166508 0.14046851897905638 -0.24858148270358157 0.937738945689202
445 30.472844705159602 14.560784113912993 23.921148788494747 0.3193664880578216 0.7359713774083368 -0.4284653574575871 0.4156544422955575
446 30.09278975468801 14.770065601542543 23.206866945289104 0.6068613815911917 0.7052891100597881 -0.1259798012647611 0.34411571373244965
447 30.147956303873357 15.616899512389454 22.672273346716082 0.2994495329117795 0.7356440521529091 -0.4365287599754208 0.4226114616113566
448 30.44324958600733 15.693440439921112 22.72397629106982 0.6761035210773282 0.2302278264297527 0.1098631709059591 0.6912374848073257
449 31.351322293755576 15.985444143820777 22.59508092953116 0.611845896692531 0.25201962918570875 0.07195888648088773 0.7462925859621287
450 30.04448964974806 15.834116235810534 22.77103256808545 -0.6906226080261267 -0.27127525239319283 -0.1642205200025545 0.6499859779505175
451 31.114454371827875 16.178608078060414 23.519922667698516 -0.3901612881806548 -0.014243641740287168 -0.11932734393497983 0.9128703483324504
452 32.278259087513256 16.144302231170283 23.64047576341262 -0.32026574210457437 0.14737169499305894 -0.2584475581489859 0.8993977416226404
453 33.09766400956116 15.733868489847222 23.58107552935469 -0.5704145149146322 -0.4220086922488058 0.04221155854357632 0.703387609477505
454 33.60095154621644 16.323469919608716 24.166432565824888 0.48105583549141445 0.7776453823630595 0.16270143768219764 -0.3706496790841922
455 33.346179897861965 16.946378107386526 24.89324152980054 0.5565649097798419 0.7503627832012687 0.3307885415936447 -0.13330467185568606
456 32.94282994041586 17.678525199475914 25.489213903252047 0.7827959033191928 0.348769209115947 0.5153445341085919 -0.003259399288954949
457 33.160866324819274 18.127404649819837 26.197573054781376 0.7441329569673759 0.2990786729979971 0.4886857152898204 -0.3435176289281577
458 33.0924432356105 18.129551742276515 26.250625219576477 -0.6326041853752549 0.3540483379830582 0.13892657864704297 0.6746563012101582
459 33.81373344628853 17.84264621819676 25.556989950250976 -0.5314809387572269 0.3545649365406444 0.3720548811074381 0.6733400945716779
460 33.64385978173397 17.91756861537502 25.26481817060355 0.7437261138064317 -0.6099501243898502 -0.11371708628635573 -0.24879858859272141
461 33.75290161237782 17.93139377581518 25.47921782667438 0.6474817243793235 -0.35532646811201307 -0.46626411126047734 0.4869376717859276
462 34.184535766128036 17.036196473901587 25.372349611618947 0.684638262094347 -0.3814923381846631 -0.5713086325804785 0.24359904006759703
463 34.23819917725908 17.01239566545795 25.41266133377757 0.842504867012796 -0.2432632322441955 0.025679025903736063 0.4799470142906325
464 34.27776029019399 16.95057807093809 25.415402710064065 0.8269527606718202 0.30223969760424163 -0.3738873247402108 0.2915622835827019
465 34.748937273992965 17.274746924311106 24.602382878684207 0.8216371608138059 0.18676067102146005 -0.4473218268804201 0.29989333257977946
466 35.280880575582295 17.35721318967061 23.737094189029104 0.8636526020809366 0.26073337381304884 -0.3136755227574819 0.29619243258684513
467 35.30104513913575 17.34786404118293 23.727552088801495 0.8353855916638374 0.05226986023670612 -0.51797759608006 -0.17634620753057892
468 35.87493931528368 17.66557134402568 22.974905586531765 0.7926518920538623 -0.005159452265929156 -0.5201169322404777 -0.3180483215998818
469 35.90800717966348 17.661857793655987 22.917924029999508 0.7553893934095864 0.4353653782342455 -0.34268603179914625 0.34987159840290566
470 36.35460683817854 18.1799730295403 22.017827378615753 0.762963873777705 0.40316575689466605 -0.35299229411043925 0.36157978383244593
471 36.84374736301865 18.643980742700066 21.16758598386346 0.6488348948615874 0.3929900011068563 -0.5434775104309162 0.3594500436719956
472 36.819954077054035 18.727196195042925 20.137307946722565 0.6607185038050597 0.3367853928946087 -0.4227767223557561 0.5208517072032608
473 36.787504121511915 18.653735964306314 20.15689981601312 0.06218604483075005 0.5399705076842958 -0.2041858823809354 0.8141700510923936
474 36.77164453242305 18.668441361232222 20.11380793188301 -0.5453277524969419 0.5364198064152712 0.22604600858773433 0.6031373273505716
475 37.21885042839351 18.322089105957083 19.301944152853547 -0.546602186468375 0.4606342411021077 0.24557882778976853 0.6547772025763267
476 37.634470187389326 18.081007948855518 18.477602425635954 -0.5801078815247362 0.3543190216692758 0.2616656258277514 0.6851744135155523
477 38.273028307176254 17.997523557160807 17.69700628460786 -0.4692215692283751 0.3882510903971978 0.3537963997766439 0.7098734515963627
478 38.59064287474299 18.29099669194171 16.793820998922364 -0.10088484234331738 0.31570263082300265 0.476875089944997 0.8140910551447853
479 38.51103284891966 18.193475016906287 16.858572639333836 -0.004255887298792163 0.31358443696701355 0.943208862315008 0.10956153689050865
480 38.34163197097748 18.09127455726366 16.946918545990517 0.5945627816318826 0.24765122652656638 0.7223974475413452 0.2516066304448179
481 38.38381569468612 18.80977400260783 17.662587182548638 0.6710215267200543 0.16061014619046965 0.5115479960010116 0.5121065703604188
482 39.053945840869744 19.55787655092514 18.166265074372827 0.3247391841401357 0.2823050915188052 0.7972307886324148 0.42340449601190455
483 39.559540621268226 18.754683562403827 17.89953390456163 -0.500638941056621 -0.7037558938970148 0.040735529192461824 0.5024230380509344
484 39.64579858147038 18.76311668646371 17.79162404933905 0.8462138441109727 0.311579735791568 -0.3116459474006838 0.2995279648842778
485 40.23441587461348 19.152184054078848 16.996766654134095 0.5684303499277803 0.45076111977344147 -0.06997265682595771 0.6846934916284022
486 40.826444911018 19.563977793922756 16.198804407920246 -0.02504052451013602 0.39575571720609326 0.14966746695421543 0.9057317670074605
487 41.615546334169196 19.77913828609446 15.403625250764046 -0.5882163757693396 0.36107748985207266 0.23203258603537166 0.6854089440740085
488 42.207949374539844 19.53391079121215 14.802569258703112 -0.6453338680449389 0.39133310531625365 -0.1764090021412351 0.631888014921337
489 43.00020384425804 18.793048534879606 14.73710051847019 -0.6553494915776252 0.2933532642566081 -0.3154329790141198 0.6204538193848254
490 43.65966989627761 18.04026527197218 14.836730803306846 0.7895749759503868 -0.20190937333045259 0.3485358654599968 -0.46295433122749924
491 44.32704651145658 17.431208990388004 15.271138525303597 0.8241494350294355 -0.22334206025964923 0.1552551789821119 -0.4967815035394036
492 44.37720277794636 17.5467117077018 15.285340665192226 0.6992219571535018 0.5072715839448576 0.2834869627262817 -0.41641245985288344
493 44.695980944574806 18.068283355543613 16.155816411354753 0.7445835964948575 0.3663765066351053 0.43557330723889637 -0.3487684292444055
494 44.28557853761346 17.823515994628337 15.332574154506952 0.7257486302068962 0.06189793259730573 0.581832473702249 0.3618404955757656
495 44.33190188158854 18.262716341636338 16.171279956250782 0.751718509157489 0.054089166430930084 0.502310969718855 0.4238836335186262
496 43.83482055196227 17.806761726306032 15.48451362831736 0.877055268613428 0.018362275898679028 0.3740704047262441 0.30084583249430796
497 44.55977026911803 18.08861064165569 16.14302969436888 0.8434585388996987 -0.061687777161819876 0.503819431390373 0.1758928419791471
498 44.09214641799364 17.983797270098435 15.328609548864195 0.8552506739624167 -0.07262649646878254 0.5117742140102102 0.03686231913126372
499 44.65713839148583 17.80452587181729 16.185799299153878 0.8765296933075704 0.1129364077589289 0.45856586941501515 0.09305056668445173
