# time x y z qx qy qz qw
0 -1.8891732446937717 -0.4687619672793929 11.086417744995156 -0.007847084665115769 -0.02391937350199938 0.7349078855410924 0.6776995548198705
1 -3.0221875088672014 0.9478519606394608 12.195371862171093 -0.299876649384628 0.07468772524145213 0.6161701599431699 0.7244515669440676
2 -2.7664285955826733 1.91070403468772 11.875541845483184 -0.5270153367102566 0.10313236995292732 0.721005236108162 0.4379155154189918
3 -2.870111282557856 2.1059016183907997 11.99021669023736 -0.4342899274887369 -0.5069496631540946 0.3724636914498682 0.6447209446429626
4 -2.869774552697273 3.177093962463996 12.36865752146071 -0.6515428798825188 -0.04309019123663697 0.33218912505635534 0.6806507887954563
5 -2.9537347449653852 3.3705501830080125 12.298110685877347 -0.45002191880052445 -0.37235511976959734 0.6720402489323068 0.4551855019609764
6 -3.1800784922128793 4.506340396113461 11.924588112267248 -0.4979687869393082 -0.4887571785511319 0.4589687007678939 0.5499920357281206
7 -3.1817784203250588 4.631961031038395 11.815051811082087 0.22311059110474718 0.7387535978740774 -0.6359505895294636 0.005624361485892831
8 -3.9793651322115897 5.009304427015091 11.461595289762307 -0.026567419625053337 0.9489167360380572 -0.22152462546191504 0.223109929396486
9 -3.9319874607920506 5.135595314439266 11.361007805534044 -0.024370352984158183 0.4251192020923141 0.4026858420593175 0.8102616012824503
10 -3.5833254515485775 5.954782936900604 10.602945054121097 -0.2678490301961899 0.5318759119311223 0.4384556799484236 0.6731430219881681
11 -3.5557253976311247 6.112709857037885 10.556036182457403 -0.17813441379655634 -0.025481041110847136 0.6491969869110348 0.7390278204174037
12 -3.372967910916629 7.201677456163804 10.34224015361773 -0.3669542523772767 -0.11118110069831737 0.6309754515762429 0.6744281422196889
13 -3.2061735502363438 8.342899153818045 10.0132035542362 -0.4937466989708339 -0.20730294409186828 0.6202623309867087 0.573161693926927
14 -3.019518876396679 9.468354617252224 9.572444819810272 -0.6246381647985184 -0.2319335906503584 0.45351045377170984 0.5919140485956971
15 -2.644113108995343 10.474558525225206 9.203298645644882 -0.735656917980499 0.008834905190540174 0.004433779205709654 0.6772822049040289
16 -1.6599807000459752 10.457684608524083 9.26088255335502 -0.6677345642465857 -0.08871454658041869 -0.26360678754624856 0.6904865983456882
17 -0.8707275893756786 10.222629426117239 9.846673284724204 -0.6973168763574448 0.007676014413527182 -0.007928523296515588 0.7166780248257625
18 -1.0538930309905934 10.085874549806487 9.94846484889043 -0.4926497398331114 -0.3784149217556603 -0.5316213599033842 0.5757404888745463
19 -1.2249987260304465 9.962887690280724 9.980268541758146 0.11023042619328355 0.5120548556350888 0.8478128439949874 0.08283996329614624
20 -1.4153233323371404 9.907641921715399 10.069147731970412 -0.5416733627162135 0.32796254189684365 0.7017328749451149 -0.3264988689988606
21 -1.6543053017072087 9.107032937329699 9.405429742136175 0.3913349930785108 -0.42823497430435886 -0.6045399968781434 0.5458966222183123
22 -1.859609387680486 8.055921838079353 9.264074162064468 0.5092709843703631 -0.4570017423306994 -0.42702802946992124 0.5911341083309124
23 -1.8386571121473985 7.916368262032834 9.227655825371752 -0.6490060282836903 -0.0578438641334716 0.7540624377251292 0.08267467959160438
24 -1.767984726490294 7.799482693751073 9.235241482743257 -0.42696645216198226 -0.541931028810978 0.37072825462268477 0.6217483172188746
25 -1.621237121319544 7.73554799766539 9.056106062849727 0.9583656962572648 0.15279149752259197 0.17167652476101142 -0.169461268047049
26 -0.6954262525200533 7.987730169541712 9.445566389434438 0.8513602477000735 0.16611010299777187 0.33882062726751194 -0.3644087606743139
27 -0.01416606088958286 7.9386588592458205 10.077842644066001 0.7645947284392863 0.29691827229054446 0.32907120573038046 -0.46791728155947193
28 0.5868283738033317 8.05848892512394 10.818739919691764 0.7109819692400494 0.5994264159196416 0.2643674437113455 -0.2555434718767096
29 0.7524510472986818 8.755855396253496 11.543086968273364 0.6362568893770756 0.7602994444759484 0.12787729858557623 0.027736653659510245
30 0.4427515255599756 9.72006291643149 11.32274304833499 0.6928418195231522 0.7015540762493393 0.007746167875537483 -0.16652954122626082
31 0.5538364842824838 9.78728728566385 11.222683082643218 0.9462712728489022 -0.03314901057248465 -0.3094283922364066 -0.08789704976264368
32 1.4174695142191915 9.726447539789772 10.603497590510747 0.9496216684527172 -0.07296623688747539 -0.29638520816688446 -0.0710663314054632
33 2.2391461451209436 9.63335361340825 9.960855554150257 0.984876000606568 -0.013615367235019403 -0.1611955265499336 -0.062047461064556414
34 2.2791575121181924 9.674761226415841 9.915149042049157 -0.6672557656086534 0.017509219165273808 0.743319857476441 -0.044031352323494845
35 2.250654045566631 9.634176301584484 8.852188008730291 -0.6269138192142781 0.032978002665059604 0.770382535421398 -0.11136545126784213
36 2.1597220995790174 9.385660123658106 7.864932058078372 -0.48151004766826944 0.07524316340172707 0.8575560461353584 -0.1645726833119426
37 2.2498859762672505 9.369944879193476 7.798078986696596 0.8934854072074928 0.06144254846297518 -0.43644099999189073 0.0861852300090591
38 2.9300011432767774 9.38795532707905 6.958288910305392 0.8805980120500226 0.11633129378041569 -0.43403108246186295 0.15043666680004186
39 3.5097098945820444 9.457282441674236 6.090386095827762 0.9375700346949353 0.09383149443612009 -0.3308046820859637 0.05221439460557869
40 4.217801462992354 9.594543238385928 5.379611572020744 0.9786782478775753 0.1856932667974535 -0.018696023563798937 -0.0857750342481509
41 5.3765751823518615 10.102986636051043 5.41507398511189 0.9601485839061574 0.19084970449946556 0.16525003231455188 -0.11993128839259334
42 5.583563767203015 10.170598721726643 5.478650055213593 0.6932918386762386 -0.024289243157457945 0.2721160712040341 0.6668652809108003
43 6.668263059898084 10.586837688691114 5.992568258059298 0.7248021648328573 -0.018044236175328177 0.23774483404656993 0.6463850410387155
44 7.762331473847608 10.958504372826773 6.581250711590442 0.7017606829665135 -0.02302832455891805 0.04573407586596842 0.7105702177934766
45 8.928792074584091 11.197389974451218 6.956720302080527 0.7960663368415258 -0.015630936921438694 -0.09582868199805437 0.5973700066668811
46 8.986721087394292 11.12220572476351 7.301242930284962 0.9876158408521489 0.04407073724087494 -0.0656802894042945 -0.13549472536123558
47 8.99154069743412 11.034929775678785 7.638338378539221 0.6962979209639186 0.7091687251854504 -0.030601366054698126 -0.1063601470277003
48 8.99666984316025 10.950817343661996 7.863760804967388 -0.4709587237064353 -0.4435833812723599 -0.48560856475827785 0.5878911346985862
49 9.219961026414854 10.701044599057983 9.07739259134542 -0.3250067881546468 -0.4452668835071331 -0.5416711161954088 0.634586788378758
50 9.178940041955407 10.13470891778919 10.100298039787628 -0.45527621467943213 -0.4207738718627255 -0.5157425652387024 0.5913396008266498
51 9.391808717493582 9.996038534715648 11.305194466107954 -0.43464662325864195 -0.4791195415060298 -0.5316550751127604 0.5466897282222835
52 9.424157232965944 9.957666239972399 11.263039245804707 0.12715894643377731 0.6212607941659983 0.7688880723251468 0.0817114447932754
53 8.52733924681076 10.268618925551069 11.34392067878971 0.24259410212451762 0.5567850609936259 0.7944070658675292 -0.0074773771114598035
54 7.569669013059651 10.522700750459896 11.714942445952499 0.22178119393631185 0.61877582551943 0.7480323474132512 -0.09152697412431846
55 6.711282083459804 10.711681367179086 12.171613043780356 0.1670870901981384 0.6171244775595491 0.7566087204365154 -0.13704936207583104
56 5.771820356313798 10.704752321154645 12.610784548553195 0.1380376613037379 0.5891688201651349 0.7904878444761201 -0.09462913474461986
57 4.852322235190479 10.666379569104567 12.981846170390465 0.02062388256216822 0.6151033972374104 0.7879473203342452 0.019012799718649262
58 3.793544423863625 10.742140939087733 12.939334158120626 -0.03270795002051183 0.5284702812975315 0.8466932445829009 -0.052534763428082144
59 2.816141645672503 10.588350012066678 12.923582044792148 -0.010518534401976917 0.5643273257708238 0.8253701847047108 0.013714518689970227
60 1.7533285577672038 10.59558391369903 12.880735332260912 -0.003760083567377695 0.5959312702238351 0.7968580010311697 -0.09934338998434361
61 0.7267787704282025 10.437697672447559 12.949044672498655 0.03139893142060331 0.5371299476305893 0.8401057919079192 -0.06875888936546952
62 -0.2790038385332739 10.420780006556088 13.051595919611266 -0.015081412192187551 0.539734604403493 0.8310709418112975 -0.1333424069550928
63 -1.2709370372948303 10.220872740874693 13.135477748442913 0.06740313179943895 0.5447398783977352 0.8293717708807173 -0.104200520022847
64 -2.3132711675688737 10.18065711667306 13.346913093039934 -0.03391187988296328 0.49525272937234155 0.8671398167666436 -0.04053710189396429
65 -3.35002541722821 10.146690296507435 13.316826989402497 -0.0786148014281233 0.5546932148122814 0.8250389145505093 -0.073796611812131
66 -3.4804006365446707 10.167022025348944 13.358961269038767 0.0460345723318413 -0.16408699508551552 0.9851792251058915 0.019446609313343896
67 -4.519326821349661 10.21777136635856 13.493429776020688 0.011226993978847388 -0.11670074524833177 0.9915441718827368 -0.055633136439186125
68 -4.510016752742387 10.230810928068811 13.47376316865041 0.04824754575601357 0.14998879901468704 0.6341545778114969 0.7569831609351528
69 -4.341167016159591 11.238791222710049 13.25794147150002 -0.12058807359951 0.11288454411458224 0.45048743798584767 0.8773691722545016
70 -3.7562704056815925 12.046854892303925 12.896558733814512 -0.1968207738615547 0.10313225053767383 0.49979134219487464 0.8371582503580902
71 -3.7649682977500216 12.043893360911923 12.822476506170622 -0.11293271403037272 0.33676339671494354 0.9193227320945964 0.16935858699479792
72 -4.665054409111991 12.269898335681319 12.558937775630918 -0.061907630243838496 0.4802420676568896 0.8599152763483888 0.16149526083728202
73 -4.646289042829385 12.302062667548359 12.580246690118711 0.680046841017866 -0.5325235722494949 -0.38638241207974594 0.3235174966762941
74 -4.492363153819633 11.375594533441333 12.383135729559221 0.6307982128835724 -0.6096521485863116 -0.33167080681973604 0.34700482453494924
75 -4.488017070215891 10.382223018690665 12.340790006579262 -0.5417169623627569 0.7286333555069201 0.08812620447120396 -0.4097193405450781
76 -4.541167885962323 9.524879622281373 12.851593393037781 0.3257529908093439 -0.7491678836117598 0.1741283411399766 0.5498288751559769
77 -4.482707968934688 9.546676377103369 12.808799907093281 -0.5258753713424424 -0.4549743719481872 0.715277463894076 0.06950945497599009
78 -4.921870415204173 10.112270712135059 12.180611124395172 0.827015554025457 0.18838932940201808 -0.5286679383630807 0.03263349375035525
79 -4.541713605637141 10.440623743637936 11.357469684700533 0.8272249105519162 -0.07281000947465659 -0.46344848845506803 0.30921375847686267
80 -4.0071551916156904 10.089772565050543 10.666902056974186 0.6620386162951938 -0.3637715996818501 -0.5696674783192351 0.3238117631344739
81 -3.9810157906446846 9.273578352332523 10.11565495983307 -0.48459570554334835 0.40074519878296944 0.7200082016149641 -0.29352764338052917
82 -4.336320015989665 8.476696209269495 9.609971815580273 -0.47171306113441813 0.292478872564229 0.7725042160150226 -0.3085127765551521
83 -4.358720853562187 8.503139548911317 9.54849270235752 0.9037026271356065 0.16070266281478338 -0.2388593570145871 0.31692652687810663
84 -3.557857446649111 8.663762051296418 8.97870892849713 0.8960080717082506 0.09869940444507169 -0.15639419762145848 0.40369396570445626
85 -3.5199989106262706 8.694124533850223 8.952616661535401 0.603924836060582 0.6254363473469066 -0.43754692576879334 0.22947081635109295
86 -3.7648630619242605 9.275405628437358 8.029133932052776 0.6277779363646668 0.5735079181451077 -0.4736450418912927 0.22944259571923542
87 -3.866141407068078 9.839815437172728 7.137503627965005 0.5784471379828573 0.5968637973268353 -0.472747642783327 0.29268102473997176
88 -4.097550225891345 10.248346306173755 6.197933096671649 0.5354352869084859 0.5485756264071592 -0.45571523798797964 0.4524350312594952
89 -4.067125951327471 10.308760812970133 6.1885464070407945 -0.6755852466497567 -0.025217640352810957 0.7282583917228569 0.1121978609843473
90 -4.108054592174246 10.57983583181002 5.146275668741615 0.7405954361765292 -0.05086009415097726 -0.6700235753411821 -0.00024336077820871278
91 -4.098987763447103 10.611084883644972 5.0565806769658606 -0.21937163544940125 0.009748491611069629 0.9733546434367202 0.06604385339862955
92 -4.993226246022988 10.80021088044433 4.650237689813511 -0.14314714012853302 0.024987707687750334 0.9793416017269007 -0.1406219679300603
93 -5.909023912650669 10.470054019155652 4.3329808309101185 0.032333110455995 0.039451477046078556 0.984754732763536 -0.16630173548986307
94 -5.93002868862081 10.41153724430669 4.3393876317676705 0.14517265404875948 -0.6582055748851745 0.7339850291053888 -0.08340442887328174
95 -6.954529043761348 10.07484130700664 4.469284949078855 -0.19171157298139815 0.7212817305560582 -0.6653241919724405 0.018521812202789884
96 -7.980409755076734 9.778108030368696 4.738659999484819 -0.022049897877004745 0.7857182164893234 -0.6178391310199891 0.0208685040411384
97 -8.02431736991312 9.772180339338588 4.769765872720698 0.10910374233676629 -0.028693869046023234 0.9920583896944564 0.05561642494915402
98 -8.796119943360637 9.888882826273544 5.269459222647032 0.1741576513227055 0.3037867815485715 0.9342087464582123 0.06809347900567099
99 -8.627762559195743 9.940437863961554 5.551714051042405 -0.502788180373062 -0.21011305495194366 -0.656249722448696 0.5219126858028229
100 -8.396568079318294 9.654016205954266 6.457979583751119 0.11509576336309207 0.15048459222036298 -0.7652821184226201 0.6151834132864158
101 -8.732643086497633 8.465563924352605 5.990243649046208 -0.09599483252405198 -0.13582252590623933 0.8583798221413904 -0.48530538274950397
102 -9.438626772814924 7.363052165666778 5.587346812378533 0.05957623954728188 0.07962925963458745 -0.8408481380026963 0.5320566337419858
103 -10.11902699936978 6.247467374672636 5.2991369928564005 0.012616896419606494 -0.07945249223919225 -0.7013691760444739 0.7082438805216842
104 -9.963386827000923 5.174215502099238 5.548968340718426 0.016813836470617613 -0.08466046653216863 -0.552604429058424 0.8289621494946003
105 -9.283802868765193 4.340215525012642 5.583491705287137 0.2165237574619401 -0.09399985893443345 -0.5785489232430492 0.780744921462303
106 -8.937111156177895 4.487368880673728 5.551025195966078 0.19766419585203016 -0.09708915873275858 0.05307642343836665 0.9740048532783226
107 -7.601083241244386 4.710410801695063 5.7020344834453445 0.4667997216405372 -0.20812721323753772 -0.1854384186606521 0.8392816427582163
108 -7.454607479532162 4.707321833343876 5.568806568745021 -0.5949388417145957 -0.03865940920265678 -0.04380120959006388 0.8016449829805239
109 -6.397534012569363 4.5622449079715315 5.615566832298518 -0.39543236631502615 0.18542815992083772 -0.24217281978479563 0.8663728796172881
110 -5.607343102092122 3.9101977763845537 5.533506863659298 -0.2876876043479942 -0.1443539766162905 -0.2322530870649114 0.9178541688571198
111 -4.795120774426275 3.46965967171597 5.9193210095675495 -0.3696302020557137 -0.31103921272035806 -0.22120618963391717 0.8471693712276169
112 -4.777460293878026 3.4423093861578655 5.931535789134565 0.24195413053522336 -0.27807968213585493 0.1342597068818047 0.9198392360669215
113 -3.9787711352826927 3.5152397724101703 6.433094571507702 0.31669935915319114 -0.1484384587524423 0.03041362804371694 0.9363453161651294
114 -3.9566591460778175 3.5409286648463283 6.452136775796933 0.4232399561397835 -0.68207781175692 -0.31770169066689347 0.5046815173781207
115 -4.120688010208651 2.594283555622263 6.810390614558136 -0.34417721042336996 0.6844853339043306 0.4208356274002039 -0.48571519453867307
116 -4.405338006970994 1.6888763489972711 7.218962767426535 -0.29086909178840686 0.7352594680253701 0.459394612590101 -0.40465451442487
117 -4.827066414738231 0.879737194362477 7.497794286701145 -0.1600108143021914 0.7693500042149692 0.4903027450795522 -0.376961972204402
118 -4.7794410903832425 0.9166927419993934 7.5054641266263795 -0.47748004227557717 -0.47513131908182715 0.47171457862316535 0.568988923592055
119 -4.818261311262693 0.9029162349666207 7.438815700740162 0.14030112177136247 0.7433716097679947 -0.6481584870360992 -0.08720562311980042
120 -4.7894432632073185 0.8706180706710891 7.426884614575803 -0.039734838789501355 -0.11616416602663737 0.9684667108198594 0.21679312524033317
121 -5.657196913285997 1.2784943215583613 7.323329076322219 0.03008054187691551 -0.14909463695511954 0.977098855851564 0.14880784967593982
122 -5.5920556111272575 1.3382717054457323 7.319246619058724 -0.002418956426925091 0.07347188530704345 -0.6930054942212597 0.7171746061444038
123 -5.57863510904149 1.3224701888288595 7.312056701895968 0.5441021127751657 -0.36525761215470676 -0.4857497150976241 0.5784349418207889
124 -5.611577909084466 1.3565577909108666 7.358936435727937 -0.1327850242915222 0.7568218142939697 0.6392245753484648 -0.031318061933302964
125 -6.576718459370029 1.0586847661933252 7.2869749073492605 -0.22302406212896617 0.7211398212231249 0.6454182331700298 -0.11684575409252962
126 -7.4936980928686925 0.595999792989358 7.132780568221335 -0.16068387885921184 0.7075903594033158 0.6806057239457657 -0.10135296190297384
127 -8.445228100353038 0.19683896150516259 7.001285210367598 -0.11982367218594384 0.6938451595334655 0.7062107479564027 -0.07407807804413825
128 -8.405742283283567 0.22989516170952345 7.020424494976687 0.47611740288192134 -0.5233774319188914 -0.4688645100895033 0.528728998268007
129 -8.438564439579501 -0.7439234307784607 7.174657768737176 -0.4282426618862699 0.6432854985258405 0.4752377805930626 -0.42064360428265307
130 -8.754619151961894 -1.6955508617842616 7.273935059354178 0.3919430612133465 -0.6072184119559944 -0.44133881790112284 0.5318707406522654
131 -8.835365777918275 -2.5463103101255844 7.54867045312222 0.31139987655707035 -0.5999335455854553 -0.4579783482689821 0.577378290445979
132 -9.035759630020486 -3.413669650027138 7.970524145189044 -0.4537487941825545 0.5282244750768317 0.5267087615951046 -0.48751288820566896
133 -9.135111082811122 -4.337079579777594 7.9111118615654314 -0.3928634779129197 0.23726311034086814 0.8829788127347228 -0.09855414986250484
134 -9.804105011638367 -4.662399426254656 7.223864436630694 -0.19291752398391906 0.15691101474777192 0.9685395915558802 -0.009634416407184083
135 -9.822234259041421 -4.627063760029162 7.203976441557405 0.8699692083746652 0.11482714858505418 -0.47414074138031065 -0.07182520303565787
136 -9.330233863868942 -4.326425068911312 6.3958719444295316 0.9471079634349756 0.05871464289544173 -0.31256749365462344 -0.04290289288824786
137 -9.374828778089741 -4.297559219962127 6.457168376667481 0.7914711729824074 0.09623373868926821 -0.1750474218836212 0.577642493214995
138 -9.269856169576817 -4.292402855861449 6.515204082372512 0.12198587445782605 0.3232692863952124 -0.5848372478060798 0.7338813313369538
139 -9.299688572301637 -4.256997719291123 6.523140018135166 -0.4836082279575147 0.42730614788334176 0.7455469722467285 -0.16640988554357977
140 -9.735388736853707 -4.83907509213027 5.992884700863172 -0.4667148379621137 0.5959046011624894 0.6280895409706069 -0.18049513805835404
141 -10.279800314035473 -5.5909855231381504 5.6696673815766045 -0.5738211554382694 0.6192505352680355 0.4083584463700103 -0.3471331666954518
142 -10.3158859371046 -5.522974618944608 5.716591635838832 0.8316865397842303 0.14438288441416966 -0.5154299480266331 0.1475908225711868
143 -9.798252720137201 -5.4357565779470205 4.811181361961887 0.7278188836682198 -0.06478676770636459 -0.6613556673779852 0.1693842629441318
144 -9.621568480297718 -5.752908180994959 3.8935595759810298 0.7854242474445042 -0.16545200464447785 -0.541863202216207 0.24923614458853055
145 -9.272954841103981 -6.293009111308873 3.0636771377377006 0.8348268757766502 -0.2391605513373803 -0.45626608966146065 0.1941328761184885
146 -8.786769606089816 -6.833664063865067 2.432118360435417 0.8366464532511277 -0.1986762567944091 -0.5088208239998756 0.04064266615957519
147 -8.412298777488163 -7.2241018690241114 1.5987659418566942 0.7002771780385192 -0.04740850628443129 -0.6727004819372423 -0.23417593610721282
148 -8.36427596037484 -7.014770094240094 0.5873541303290283 0.7544839682356086 -0.11482674787830915 -0.6340256892225377 -0.12482061149115883
149 -8.353941496420504 -7.027241527090026 0.5612129699373563 0.6184010851853707 0.4597008283848921 -0.44797930459412727 0.45339804684092117
150 -8.156723952623931 -6.878312185630816 -0.42536563424982354 0.4795975963982854 0.5692040816141827 -0.482626323139892 0.4615893101179996
151 -8.23932500866486 -6.199811911417269 -0.8679448519504461 -0.464046707448567 -0.4830522410335941 0.5036633980286971 0.5455679308983863
152 -8.286346162712052 -4.22565953325697 -1.165803049503229 -0.21075031488352178 -0.6254310638901341 -0.13401388507541423 0.7392297124066003
153 -8.67968463812069 -3.4953281700274905 -1.61866714467417 -0.3670740013109051 0.2744216956888492 0.8885497312555327 0.020707138444950503
154 -9.304222567033698 -3.0625726711718992 -2.520459420513418 -0.5245634484147115 -0.22988085408779774 0.7579073391919643 0.3123530801994555
155 -9.26300264068644 -2.2189344951195484 -2.837385916627181 -0.05265464939036222 0.1838759805430062 0.6644668821862026 0.7224270718589336
156 -9.086150808576738 -0.40963973433445416 -3.4922691076572936 -0.07454849613996552 0.05744801726033141 0.6729664597924407 0.7336609510056779
157 -8.408058903690087 1.8025826850706264 -3.8437384642822785 0.025709247598292448 0.023991425603617035 0.579131184218344 0.8144756089357708
158 -7.4373360230628585 3.9199750969039533 -3.6147688049398075 -0.1428086858427871 -0.012653685257827334 0.6198168886849954 0.7715391033499881
159 -6.522379645622706 5.851766650155328 -3.6579216874473266 -0.5516260587490648 0.07810905482615381 0.6127312547942205 0.5605069814564663
160 -5.835579175858693 7.718521139076602 -4.645518002892492 -0.4995817272555245 0.16526937661059923 0.6313737869729191 0.5696237987221099
161 -5.1683105106801746 9.415942107380037 -5.771716590830652 -0.6388167205080204 0.24430949199206556 0.6466684317037564 0.33770698713494324
162 -4.734525090249608 10.619150280268373 -6.744599561585553 0.19401334693601197 -0.28060058634538004 0.8579592236235213 0.38409387231852543
163 -5.798912874102874 11.432313557658096 -7.3449618973301405 0.33346346455532266 -0.1993053017458379 0.3099688701374065 0.8677550426523035
164 -5.000744468045549 11.285939862632599 -8.725485223325858 0.3400684499646326 0.21518276607587924 -0.31761368167810766 0.8585868481018466
165 -3.860487475306562 10.619029707683344 -10.685201165473739 0.23124853641324083 0.18287671714311748 -0.31190190454158956 0.9032150478579392
166 -2.863565713015548 9.895407535038848 -12.41273687302752 0.2011693372054257 -0.20581223682156263 -0.15497342480262763 0.9450690231659161
167 -2.9972190474960283 8.996254479964628 -13.3682820908197 0.19588220131051792 0.026781454381372607 -0.7998706782553976 0.5666743464973634
168 -2.9948509233333307 8.07641007860556 -13.481961499264628 -0.3151223473159398 0.6954476580596761 -0.3566036461640224 0.5384090458600481
169 -2.993427287463024 7.122507434077246 -13.53399489976653 0.6651468597065269 -0.29582987338899114 0.6061432680303701 -0.320397689839771
170 -2.9536134078656446 5.6449555330462 -13.412985753610949 0.7545492606428722 0.013213892044158156 0.6454612497269516 0.11773097052714064
171 -3.058233150443705 4.761022479872638 -13.438024267421415 0.6112718482727372 0.4524221434695862 0.5530913959649697 -0.34022175021173684
172 -3.252780050081751 4.0230035948982925 -13.273507192466006 0.582338421203909 -0.04828467894837765 0.8045030448343276 0.10642088056808457
173 -3.455585357590153 3.2425221831055087 -13.112506557230965 0.490069953852456 -0.4556521978873419 0.6349380514581783 -0.38609090341780616
174 -3.861525136539763 1.641383678279066 -12.783359242481596 0.6281128830449486 -0.4780917598012655 0.5781635087148417 -0.20646896268842507
175 -4.259280814363264 0.1858243312090207 -12.368444002036313 0.8237169323061965 -0.20586449580221114 0.5277993497350973 -0.02319636220138892
176 -4.452074450419875 -0.3917755920580723 -12.262402688354593 0.3101325786930706 -0.03535254480200463 0.9427091156966058 0.1177603685105107
177 -4.596511477168962 -0.9507584378989123 -12.140715067362738 -0.30265253210045545 0.2603558675732893 -0.7570407768074257 0.517209366972555
178 -5.038717075069719 -2.388052671901049 -11.836461841161505 0.2973676642323673 -0.32009725285293955 0.7542355581126023 -0.4901417589468972
179 -5.490450265058278 -3.819291664383664 -11.585138297971543 -0.1846232428905049 0.3878963984372206 -0.7138998798087207 0.5529896959918146
180 -5.886846495048115 -5.115539071822395 -11.433368778446141 0.2785064899923173 0.5497520948545569 -0.5573669873091519 0.556371108787206
181 -5.883810929550733 -5.144339738649564 -11.338465767932377 -0.04296197098976202 0.7209624291039165 0.12633215302351475 0.6800056117280934
182 -5.995825870941886 -5.0059629879814 -12.275864494613739 0.017255920555071146 0.7221774435094814 0.24947946280387084 0.6449201275592186
183 -6.1511118758010905 -4.609350344079961 -13.155100971092589 0.0062611062253690895 0.7309455046132064 0.258952257911308 0.6313661346296738
184 -6.407741422282643 -4.343796094115835 -14.117339825715224 0.005962863840296113 0.7790290696307226 0.02661035730171535 0.6263944777928581
185 -6.635850325214623 -4.2929642671051 -15.177865909973 -0.0915165126105089 0.7620768016741312 0.07888755836312618 0.6361135349961061
186 -6.8923092591951205 -4.309633293826933 -16.21991223536345 0.0372983590816379 0.7297284058420547 0.08612142259480471 0.6772653739024888
187 -6.86552511713662 -4.284467078357241 -16.350590394052347 -0.36478567358203123 0.45396977685559814 0.6015788273357354 0.5467593333015389
188 -7.012554776816162 -3.844862111239906 -17.40482458278131 -0.3367025099706179 0.40558800154450875 0.6709113408129759 0.5215436372453931
189 -7.259853220688939 -3.4153938564927087 -18.379152765503758 -0.362936850190406 0.4224544711163188 0.7294167108900874 0.397190539265457
190 -7.717818720611694 -3.0968557549127476 -19.354292033129283 -0.4429005175109056 0.46153885338796535 0.6021909407674813 0.4776893229489958
191 -7.556293359260782 -3.1471668209793227 -18.907746579315475 0.6398665742339195 0.4998690675911945 -0.47598439412867377 -0.3378469165015668
192 -7.4961800371652645 -3.06809781179537 -18.91425807157351 0.5449829865500257 -0.32716282937355545 0.33786539828011064 0.6941217473126213
193 -6.891452677410968 -2.9114998672919197 -18.24752815413691 0.8900557698195569 0.3266740189190563 0.10550492765597479 0.29992252702072064
194 -6.236761712940818 -2.2313575106938592 -18.287488531000353 0.933081443401421 0.2764204800777622 0.21504909655391766 -0.08188176991762955
195 -5.705518725389039 -1.5192998584227104 -17.88041065426359 -0.6023065795238279 0.6306220570918758 -0.16425020562959916 0.46104715086653825
196 -5.631840558576001 -1.6831092906288807 -18.170288802004382 0.2181646732080589 0.658797202633227 0.6124508459334274 -0.3785424447563103
197 -5.859071976414772 -1.557864136271444 -17.96306485511046 0.3755889653939767 0.751917688469065 -0.4045460718394566 -0.3604097593030534
198 -6.445791310977699 -0.518134001381931 -17.78901666845325 0.5408095041065867 0.7372405838714555 -0.3623899789413634 -0.18076201183805368
199 -6.908399016968674 0.6344063286160717 -17.915163691210974 0.6130375899225613 0.7619449505774356 -0.19433776817843224 -0.07653520425864108
200 -7.231746975365115 1.881043211713955 -18.125028354974233 0.6800876260001044 0.7288082745729934 0.03637851291456488 -0.07068184826108342
201 -6.963835246668345 1.8746824330626968 -18.082227751235024 0.508624995784906 0.5911015692749235 -0.42086344540474546 0.46343662866197205
202 -6.8999941619108975 2.0007101060692767 -19.01912562882741 0.37334448627798317 0.8480951383590917 -0.13414462014214476 0.35121752767255454
203 -6.4148379292512105 1.4399619165438482 -18.782984118817026 0.9878509555659359 0.12226386137997902 -0.007684549563548894 -0.09561895986638702
204 -6.50175314425673 1.586779175858829 -18.879325817076097 0.7487558261833369 0.009239564305363695 0.6611944801677699 -0.04583887655286244
205 -6.2813917001672 1.5322781822512033 -17.853856307093004 0.8004393573960362 0.06592001190118878 0.5918863063234352 -0.0679852009570375
206 -6.009297835983582 1.6246386786526883 -16.813847467805903 0.7699219069445654 0.07399161364271908 0.6336964948656248 0.013200405766939715
207 -5.7469561909589775 1.7240711939004838 -15.776528010507297 0.7869198347923924 -0.020392455576866576 0.6154183385981848 -0.040019868601847336
208 -5.524188589781231 1.7098645418680336 -14.668897704849778 0.6988176878464991 -0.054265869128344836 0.7131086364810195 0.013606144817707723
209 -5.469866576036233 1.697055807053873 -13.484124243657018 0.7872366864256485 0.07703153035821028 0.6110939866604961 0.029810775629271806
210 -5.485119916835567 1.6566062855176251 -13.388743650960071 0.5942853863773465 -0.40468941692844 0.5160352852963854 0.46557377470549705
211 -5.34408120821467 1.713548991840616 -12.268196357229083 0.5423107209045553 -0.5034704458788644 0.49115608510772046 0.4595457454706511
212 -5.223044736311588 1.7305406952853513 -12.2341019672702 0.7287787352043461 -0.02330427163427067 0.15921393398299685 0.6655744806279819
213 -4.207732215940174 1.907878218670325 -11.98010734754932 0.7717356403881943 -0.06251177524261403 0.13711719481596985 0.6178310887260674
214 -3.208439941460089 2.0214871645044026 -11.615439410764548 0.7397205693417341 0.024302375279706794 0.09182651340573489 0.6661762268981466
215 -2.08801831831509 2.23807303619875 -11.480800034838756 0.7475982956535754 -0.09550569012971873 0.19658022130105127 0.6271615964661291
216 -1.1442392460158235 2.3822300550634625 -11.064351937602627 0.6397700189163388 -0.007724870640641482 0.24503045886969066 0.7284193321813207
217 -0.23767621811595857 2.6951142381510276 -10.664148854351224 0.5476686472046944 0.22067011889785038 0.2821579211477456 0.7561419569288366
218 0.6215169886538546 3.3152968026888647 -10.742053130774249 -0.06935491664283334 0.38531352035400623 0.3227934023237067 0.861700531499287
219 1.0438608966312326 3.8679510086430238 -11.527396088725764 -0.5686685106739847 0.37917269066730797 0.4022175946664531 0.609151214527787
220 1.4005423707771671 3.9481656450162768 -12.501550318057397 0.86000019646797 -0.058354174786332515 -0.43690149114277954 -0.25712164319106706
221 1.883488901771064 4.055770888239968 -13.278963123719649 0.9344411746278453 0.3365668743697432 0.07279603532618538 0.09079189103605288
222 2.8731171506227526 4.761239954228051 -13.130070800493407 0.9300740129614394 0.12361074377722306 0.3219292333238887 0.12666603004807037
223 3.805477086778037 5.098427557838443 -12.455365852763775 0.8763237116814432 -0.08406648774082216 0.3316857996443643 0.33907832177545477
224 4.80384549690833 5.114824855291266 -11.679230826598259 0.8890778782439182 -0.17524083351632136 0.12823822584651898 0.4029716294201546
225 5.804033236779852 4.781693699077729 -11.097038532389535 0.8127948286278345 -0.08085161231295392 -0.07151845604487432 0.5724619583755761
226 6.934865856244288 4.5337376607694715 -11.159394379479384 0.7831199429309148 -0.16599699484307806 -0.14191995217128353 0.5822601479258629
227 6.926527588657289 4.42665243567924 -11.121441518859278 0.1763022356141132 -0.0760055660421942 -0.2126458718093669 0.9580826732858212
228 7.786207844597324 3.943445344520543 -11.00320468986425 0.14222177527263422 0.06280456794102758 -0.011672891488849715 0.9877713786541553
229 8.857546372894273 3.8890256394078175 -11.279514471710282 0.05533530326357037 0.15584112334366793 0.014982277932550195 0.9861171734817644
230 9.840155830745841 3.8448112232728473 -11.791380933268586 0.167189431382522 0.06807551860921299 0.36016821934533466 0.9152553040401824
231 11.312241859826916 5.709782470182472 -12.123145912313323 0.21548936747883202 0.06515249684444518 0.2949046675066102 0.9286284088597134
232 12.662490533164009 7.485104219888951 -12.3589768464054 0.19425598559862745 -0.13870659619204626 0.11414386068688681 0.9643631428561623
233 13.545946362575515 8.354716448937172 -12.452980524134931 -0.5369313355311129 -0.1913902302865922 -0.07082246912004243 0.8185711322440837
234 14.371768416173765 8.666315648950574 -12.097472690093287 -0.2569334796543903 0.23710131790093278 -0.32391346890007133 0.8791178628303775
235 14.362625670974444 8.78263825881934 -12.121073281263284 0.6263605725794403 -0.59944701418704 -0.011771555634694578 -0.4981938787040017
236 14.615836080791212 8.1007083655455 -12.695790806576813 -0.522694904668141 0.5973520062891063 -0.10292010306893538 0.5994731600335605
237 14.829170921326066 7.345784772446205 -13.302447303765792 -0.5839516744380813 0.11212571714749857 -0.037423923635473 0.8031361748886962
238 15.828397317101828 7.187103771570421 -13.491044154193801 0.7153091896184381 -0.47729986937635055 0.16333626797301903 -0.4835688797941593
239 16.30055920152162 6.327252029504073 -13.818316259260447 0.8757709212980708 -0.3912288017265863 0.2420020379282766 -0.14628852226633815
240 16.81905959716291 5.522714823254939 -13.487936376047198 0.8953426026238835 -0.33430151738488073 0.23607546581924804 -0.1757057023522072
241 16.820972947391702 5.476510651728779 -13.448509874597077 0.5875601761340954 -0.23931049100058355 0.7659147663341698 0.10429812572431503
242 16.797882370165382 5.440807895770704 -13.40646180774203 0.47786412450390436 -0.489879100062184 0.5439490718516837 -0.48557569241681886
243 16.686350401870968 4.347051002068646 -13.40319337306451 0.4911990378974517 -0.5131014723639199 0.5170586126008753 -0.4775989691800573
244 16.726604144680174 4.314939106011501 -13.431142691997245 0.7619655612000186 -0.6430065292620264 -0.05984843714627248 0.0486749570384197
245 16.871876218407547 3.239458394175467 -13.44561385296488 0.7593498278579331 -0.650515845164092 -0.009597939163094977 0.011173794628300674
246 17.080528854460482 2.2228596259292943 -13.439272479780861 0.7912661132146412 -0.6084036088529076 -0.04390824779873219 0.04260343399536807
247 17.351006970695924 1.1845497904125608 -13.449631290019742 0.8281774807233306 -0.5589551706720136 -0.02230815933249619 0.034547411320873106
248 17.77426020775308 0.1702664610566756 -13.4443897514547 0.7934606091748432 -0.6066932555608014 -0.04643643294853776 0.013682581625507392
249 17.988532425414853 -0.7946438427184578 -13.486183982465732 0.804710611686455 -0.5763449044304845 0.12989994334832053 0.05825278786745179
250 18.29053447261836 -1.7094966610474929 -13.12574895305089 0.7913624130937422 -0.6062986838541432 -0.07314645008963837 -0.02823178950167547
251 18.106541518340943 -1.754894725831575 -13.346553063540288 -0.1498392025556393 0.9081533088886645 0.14831154853904271 0.3616759122501958
252 17.39241414335258 -2.024521398593066 -14.275323150683564 0.07936801828679045 0.9668396331195075 0.23818190698264768 0.046810476270528464
253 17.38274768999558 -2.103198540853052 -14.426630620676514 -0.5909745997337015 0.6917565242058485 0.31856285724385447 0.2659692457275201
254 17.239327052662926 -2.7539954771286816 -15.299730521859782 -0.5337516820515674 0.7757280496777066 0.21544666425751763 0.2587235391506787
255 16.91185636252762 -3.499943212881921 -15.952084599348103 -0.300941015224334 0.9105630469060588 0.2786796987013429 0.05144966954831434
256 16.062371762121355 -4.0174245511055595 -16.253330590108842 -0.369233806056188 0.8858330056965158 0.26719884274319083 -0.08701184356532354
257 15.289951086950342 -4.737831724249012 -16.23794617338871 0.7159150743528602 -0.6816704748023965 -0.1496387369201419 -0.019980453197035546
258 15.28457893772564 -5.635709582466739 -16.520096591338863 0.9146025944655187 -0.3341582515670656 -0.18786125335853052 0.1286409988811703
259 15.938269812062055 -6.246777512106155 -16.830358145803256 0.9394690452142727 -0.004587292020272327 -0.24579142788817987 0.238670156937966
260 16.779693777154222 -6.382386940426576 -17.23112550071823 0.8618441767274672 0.21776102632177882 -0.12689116020991797 0.4401174660438061
261 17.705734067078623 -6.165935169660262 -17.659097742629122 0.743368132949988 0.28822292997287774 0.15215305471958165 0.5841068476672707
262 18.463640955792524 -5.474641602712574 -17.78823170229162 0.44063685683187886 0.422442395530167 0.3724853052051382 0.6990252357864424
263 18.476720880032346 -5.5020191460844625 -17.707177675029158 -0.22143847798800523 0.41363483723117395 -0.24717724826848222 0.8478057736495528
264 19.009688891600753 -6.091035357331341 -18.224606560033155 -0.4984142566769826 0.26463151733479995 -0.15466942103580691 0.8109443624384233
265 19.855950829097598 -6.60743820416964 -18.44680390882871 -0.7794450238733827 0.025280285599875635 -0.081350880534137 0.6206515899885617
266 20.82295423395591 -6.709866099721292 -18.37548813985161 0.9000240548386005 0.10012954224883325 0.06628320129214822 -0.41897173258751863
267 21.77146493718397 -6.61351137663968 -18.089805312775443 0.9824339514695605 0.1598945372497614 -0.022364867414315048 -0.09357927475210599
268 22.690620165680503 -6.32155838755394 -18.01127412628553 0.987171414939816 0.05620225870810658 -0.03197413356788919 -0.1459847883322486
269 22.681324196525562 -6.341523046024457 -17.913496378566315 0.6668148789778162 -0.11343768041681392 0.7133553665319295 -0.18334102343869882
270 22.512250874189718 -6.874124940301465 -16.948250411791218 0.734821432234166 0.08150267763542876 0.6500529995015765 -0.17557298797533635
271 22.78450542927282 -7.019929527450957 -16.972673702543737 -0.6484955997584072 0.3209541279384942 -0.139624780880465 0.675978420822223
272 23.852880799621392 -7.627259234856715 -17.30138036114418 -0.6378606060113399 0.44639994473409395 -0.3169025412304748 0.541695224274602
273 23.916206311226112 -7.610914444766276 -17.240468964102543 -0.302733393498482 0.22496705230509503 0.4430441363926668 0.8132983530329602
274 23.929583174679344 -7.658000169247105 -17.2002882861964 0.5105927539028713 -0.2851199297821693 0.21865973960579643 0.7811463266113577
275 24.76434361383316 -7.661128796684035 -16.429447089520846 0.7225577978406827 -0.1741198334726976 -0.040820273238021655 0.6677770718314878
276 25.76417045316303 -7.920552079365818 -16.19959100540874 0.8533567791008851 0.16587379862075763 -0.3078586997937085 0.3866408041774824
277 25.89599860853095 -7.900658714981368 -16.099715434446072 0.906251250432343 0.15107070195391475 0.2825558034447647 -0.27576898310116227
278 26.714877308906036 -7.816383072731 -15.328478612413512 0.8610746592244315 0.2231851211696078 0.004845068262831184 -0.4568537602379612
279 26.765727698450352 -7.983067747970584 -15.159083515626321 -0.5712212907126913 0.3785335362275526 -0.44123544331507497 0.5794220245642555
280 27.05826618653708 -9.161791162202684 -14.682165198354717 -0.17653707572054114 0.7316819058623916 -0.22507229312089982 0.6187234538943207
281 26.893700683421475 -9.414748839237397 -15.430030422877891 -0.06661531823618735 0.8449448724770952 -0.2944322830613858 0.4415203195122699
282 26.309865364408044 -9.598245406493591 -16.0627524693475 -0.10384727142506281 0.6184299224022799 -0.49152328738330947 0.6042888657380532
283 26.159010436924838 -10.319309666228264 -17.01896400309356 -0.39617425657402683 0.5454128102331272 -0.4227932238809075 0.6056539562340925
284 26.171402246026588 -10.300802493816478 -17.0094944691999 0.2767871993472682 0.49861614651242503 0.5080312141790215 0.6455037336331869
285 26.12939756141575 -9.289005365231034 -17.31022635096497 0.2859173489968223 0.21833568953305707 0.7606593342028758 0.540350047199769
286 25.90541353755065 -8.253298057956751 -17.023550535609733 0.2765699848099463 0.029441323861924204 0.8483720041766821 0.45045221109538686
287 25.542938397041848 -7.309481579913885 -16.395901255773474 0.5868727896048525 -0.10951278326741383 0.5618585825400032 0.5726274638441483
288 26.021181568573418 -6.614587910428406 -15.414468359879884 0.5931383683975762 -0.20956644895953397 0.4647439270468455 0.6231226698477825
289 26.70463149790413 -5.981745950127376 -14.432020935184944 0.610533476144439 -0.3830487452287689 0.3114749759300931 0.6192785097635803
290 26.954130112667137 -5.820471864631018 -14.29808137431072 0.46106947753248684 0.34025185150937065 -0.017932153120855367 0.8193424511868129
291 26.98860277242152 -5.403826342155658 -13.405818078088048 0.6621825907581583 0.3742544727209271 -0.08349607178113058 0.6437982697571606
292 27.762281313160912 -5.204887911476834 -12.892784661606187 0.9175392266369905 0.03270854540764334 0.2182513448182475 0.3307843241822924
293 29.365691824490668 -5.001431967446881 -12.573946839986235 0.8887870224780227 0.1368410529758963 0.34369252486450697 0.27056903600996024
294 30.879600164945074 -4.665402447436624 -12.738388520890693 -0.09337234466694774 0.6801550186589956 0.6683037826888966 0.2864276695574117
295 29.38343552756954 -4.79851503248123 -13.740537118322129 -0.24230648187552695 0.8426392433567039 0.21548488095035123 0.4298987560788687
296 28.815948145099465 -5.3849295278405584 -14.433247440781583 0.10194585254311912 0.6740741601669443 -0.5794978330898517 0.44655719811537253
297 27.602543931639573 -6.423944594718059 -15.842594266599999 0.04202272208941964 0.773393024134693 -0.5086967990908368 0.3759320252954343
298 26.09684920429975 -7.39107468801221 -17.08344828283042 0.03747662717560707 0.7751401503548867 -0.4919800188195157 0.39459968424428954
299 24.9055048136878 -8.579741589141957 -18.475660992189578 0.18098868497869064 0.8540849240412202 -0.40618700403341457 0.2698039217460448
300 24.609446101595314 -9.73594225697878 -19.345535891901847 0.25019890110005544 0.7808007001353504 0.4833676091326098 0.30676787804119166
301 23.587982871550356 -8.54109851413423 -19.68709769901709 0.5212952344995216 0.503647218940545 0.45095096606162555 0.5208012898885983
302 23.72371218853129 -7.1331688871995995 -19.986968425630668 0.49960248582724953 0.5421303474496085 0.5208364768401404 0.43037356670937565
303 23.644005945164924 -6.798456394431752 -19.9990681783602 0.4794050525725945 0.8040325958851201 -0.34210461641136564 0.0816505465513576
304 23.117190947890595 -5.8988336830486094 -20.369828147219298 -0.07010721417551798 -0.4456680316991675 0.7506059359138522 -0.48275844167950915
305 23.05012056874743 -5.771837472388728 -20.374741264785346 -0.0833109307317904 -0.5305101808205634 -0.41237704946586534 0.7359099170008261
306 23.112165013542892 -6.202029034371507 -19.412589570531114 -0.10468795005369892 -0.6005019723809831 0.18025071789862487 0.7719763551930414
307 23.416341999400544 -5.734405113068752 -18.42218505347378 -0.23293204855465294 -0.45521045466502924 0.24472788214765848 0.823792671986897
308 24.052215511142247 -4.951889658578787 -17.74923916446201 -0.4115805255280528 -0.553628615913607 0.20430051552654882 0.694520068826827
309 24.4077637006155 -4.149917597229797 -16.977541485178772 -0.29264045191653365 -0.7005261903038703 0.16533617245056972 0.6295145531914457
310 24.37247834334589 -3.431083348391743 -16.007025283237233 -0.23089894424686544 -0.7475515574513947 0.22358298839768553 0.5812598332904437
311 24.068228786884163 -2.7449812360096937 -14.944399041034508 -0.37183168485586593 -0.6203024113916991 0.39188657831414014 0.568674798365569
312 24.44771304987339 -2.6977512085397803 -14.897332109964449 -0.10294963220306314 -0.06972089860543136 0.15545333995961233 0.9799870553340521
313 25.674817733205984 -2.3952806683132017 -14.842691267642326 0.48783045591627056 -0.1912867714189782 0.16368851465499712 0.8358450140610204
314 26.797070470145115 -2.2915473026114492 -14.312120413654677 0.8827868644320389 -0.44304334606688706 0.05249683958129296 0.1471190923234659
315 26.937386210687112 -2.1886735223651588 -14.280475348924556 0.2556295077442915 -0.00030761012336517565 -0.10430192771309411 0.9611319201970954
316 27.168525555175002 -2.309102680456793 -14.267278713113036 0.9483601367735166 -0.062344161800784975 -0.00045703154545778115 0.31100811499129805
317 28.314742571821327 -2.600844528042282 -14.185227065167801 0.9512229101614318 0.17257850828495466 0.051819169555561956 0.2504124743872156
318 28.137388219326766 -2.485645031196704 -14.397880510499734 0.2673736763753575 -0.058760315497214194 0.421479514500401 0.8645308330885019
319 28.565881229646106 -1.6560424891130447 -14.352597063973512 0.4542980259674336 -0.24826211842286194 -0.06464583475426375 0.8531120326236232
320 27.745860375478713 -1.0135129025786394 -14.866398393334212 0.405867043400564 0.23711717589422518 0.1672653946891741 0.8666427613017408
321 28.52042569803076 -0.38742245929932867 -15.246252163733795 0.5521077908772726 -0.22213534127028078 -0.01779091470956102 0.8034403280674617
322 27.61569188482754 -0.03615598902163111 -15.70882831838203 0.6066112784660129 0.32680948258992004 -0.08518112572040813 0.7196961127782623
323 28.247788603720377 0.2869837959736261 -16.426699159010145 0.6956665811700475 -0.023251400071105523 0.0906913463217368 0.712237642883512
324 27.26694108771911 0.19497546176836328 -16.727394897242004 0.743971991106678 0.11181453739981151 0.0625464119959722 0.6558133362636511
325 28.20688108989113 0.4219159624612326 -16.872666830712028 0.77785713853796 -0.048894610677165384 0.04111288300074395 0.6251858283131763
326 27.160581887157992 0.387034910963645 -17.122378734687445 0.7950276961595097 -0.03484564388435002 0.022323899980839702 0.6051598028052032
327 28.025902891080488 0.2976573032683489 -17.110366315089887 0.7929548760502662 -0.019343657486294255 -0.007028071962825114 0.6089326675976936
328 26.890127383708812 0.12503038122527507 -17.25877065657021 0.6311069241684759 -0.2413509694295584 -0.49330453930682516 0.5478178450190354
329 26.988690583485706 -0.8245479541261548 -17.632843843059543 0.6515887816701169 0.09389666335495449 0.09552305471564031 0.74665308023891
330 25.729163746546174 -1.4486196596490997 -17.401789738131356 0.7476144835172378 0.08815530591781091 0.15272002940793752 0.640295102816998
331 26.527160084726813 -0.6765637001692609 -17.483385156672824 0.7271452161078568 -0.33874146459728965 -0.38143006395458046 0.45937475024814484
332 26.344815243742847 0.4831573351912944 -17.461871474081477 0.9462815423716487 0.315400911396145 -0.0677757590170295 0.021907855825707263
333 26.99879035163528 1.4365097409913872 -17.601211107473777 0.9588625140473125 -0.21238348507195914 -0.18781070036753092 -0.014250447396956797
334 26.30776435591567 2.072841215633784 -17.233012690355913 0.8882575187798022 0.29607793574191005 -0.1256099914956462 -0.32796122687662665
335 26.985947360961106 2.8700207727889153 -17.24627071924337 0.8795645216501825 -0.26214702116936145 -0.043392338790207645 -0.3946673238065596
336 26.064731697249762 3.4860648317358502 -16.96659857550238 -0.7879786675887648 0.1676578683812153 0.08421747942841881 0.5864195381752089
337 27.00932983815701 3.425404949024065 -17.232903083810303 -0.6833624427524176 0.459944284240715 0.03356522262436382 0.5659862216166768
338 26.41347728182151 4.029553049939125 -16.70114914655613 -0.6307568267421513 0.42236832072827835 0.16551226948684922 0.6295685155824241
339 27.01168771619702 3.7888079149323213 -17.36750983914928 -0.6515908625733983 0.39201436066404666 0.20179063291999522 0.6172800250370664
340 26.376731473434695 4.079329536286742 -16.606688334824476 -0.6441600774425056 0.4891468894946748 0.27097584414515796 0.5218862012132203
341 26.722628392526346 3.714431372046297 -17.425505776406474 -0.64894603877668 0.4155597021277914 0.32964098184136764 0.5454502688735001
342 26.334447179879636 3.804035124941298 -16.539090162259278 0.7018322658668361 -0.42866582480361987 -0.3172551362068539 -0.4722565613985952
343 26.70605966287773 3.4238026787877063 -17.39711881772273 -0.5744916170509151 0.21612465994563676 0.3985332082498454 0.6814842589698544
344 26.180025838848035 3.033483608019162 -16.68646416940791 -0.53005230240978 0.5042262114477418 0.03729453037645163 0.6807419499363523
345 26.654634083973825 2.3920286026204582 -17.373831493632483 -0.14383116201640656 0.28653134801029134 0.28990280729387885 0.9017586959733428
346 26.038750531579257 1.8507232432996357 -16.923257388504442 0.8444237463995461 -0.44612302194322584 0.05679180916995963 -0.2910283082794555
347 26.530566024154897 0.7845517882969604 -17.358856182225736 0.912247517746 0.2921128963069792 0.10980800822951535 0.265361495899605
348 26.016299531504178 -0.06278627508975075 -17.576484071995402 0.6901212608779766 -0.35232822210795894 -0.285359707428123 0.5640632114993608
349 26.24524906403569 -1.2501937718091642 -17.702633999011912 0.6452033633122969 0.13623200595938798 0.0791571857107445 0.7475878546854116
350 24.75891107518673 -2.205339386372865 -17.087976044970727 0.7769605101420631 0.037927210768901924 0.04162634286922242 0.6270256294143076
351 25.94565224359385 -1.717187030680736 -17.45595198984218 0.7003527035304012 -0.19150073093235678 -0.25710943876800046 0.6377525360250917
352 25.301520806726572 -0.9869751631262692 -17.477984104979225 0.7580907343245236 0.055382422854253203 0.06883598485969884 0.6461368531189756
353 26.416712105383024 -0.7325884639333744 -17.43439994156737 0.7415193338316433 0.15327199558225968 0.060533477232114614 0.6503787135648713
354 25.520120433667376 -1.0215444604260746 -17.273703973708926 0.7651786450413336 -0.012465396563529919 -0.1100154173416725 0.6342261923070979
355 25.606308986810614 -1.0120260831819867 -17.23894282806262 0.9768875831310831 -0.1755762399548289 0.05579407055430457 -0.10840044085987774
356 26.546372793293997 -1.3929420301503639 -17.154653679875416 0.9905841630575065 0.13666493889816067 0.008031478929964924 0.0010980536500551392
357 25.438755548141668 -1.745987910988356 -17.150815019094107 0.6358417105291475 -0.03685279071641798 0.0936828374536387 0.7652259254196859
358 26.49177968539767 -1.7795503195691968 -16.941514639545883 0.3693767100964334 0.4845721881702528 0.5296369238180075 0.5901147086955425
359 26.679578246919068 -2.7594408157470567 -16.682195793578707 0.49243254731147923 0.3484781424197148 0.41521676967313625 0.6809318650101777
360 26.772696335405694 -2.74144604072773 -16.678419682989393 0.6536704783714338 -0.19305130624922268 -0.03400791768071646 0.7309511340685853
361 27.76812057723025 -3.044178232592854 -16.4328343999144 0.6143595202939861 -0.2768935839561435 -0.06468344187791332 0.7360084071088401
362 28.742923298180802 -3.578017153071508 -15.917607635732352 0.5061440633894829 -0.5606448640683156 0.03727844788248549 0.6542979755530927
363 29.128051830783022 -4.089737182978808 -14.995823128185984 0.43277889542209474 -0.6365860754558876 -0.030818140861448132 0.6375820248460167
364 29.32071145133054 -4.692966828697778 -14.01595802618247 0.5509619792264554 -0.5351507923852437 -0.39506008023409755 0.5039663281031173
365 29.274926028797065 -4.749519164502528 -13.905017698000426 0.1104682976279743 -0.7077012903057929 -0.17247983144381618 0.6761703532866592
366 29.116271968657376 -5.263447800632744 -12.819259101123464 0.12479000012200948 -0.6527592968022876 -0.28419408223639614 0.6910618495688673
367 29.13871870531572 -5.958790687292122 -11.875746704264175 0.20342316946961822 -0.6752749722094683 -0.44755608782922185 0.5498329512474094
368 28.783520228688825 -6.8242171575646715 -11.300676106861946 -0.22368923461713822 0.7449210067581996 0.4755795910082603 -0.4109499636490614
369 28.190883934924365 -7.748336406210994 -10.883203894032807 0.03809690870128176 0.7676176862131628 0.4067630453080834 -0.4938173127097206
370 28.144280467568652 -7.950422000541083 -10.98907993204161 0.1027684480553015 -0.01909888383147691 -0.5914035516827896 0.799572209232961
371 28.221338579368798 -8.931986835381945 -11.249043001640862 0.03199441355580715 -0.19490881348205613 0.018714307555146675 0.9801207510408951
372 27.261957452954096 -9.331432871608786 -11.7321182853938 0.6809731341186526 -0.4329192064607137 0.07494915730649189 0.5858661750818959
373 27.335744623957563 -9.917147668999698 -11.397574467957 0.6400659940912355 -0.04253747017281333 0.06695434928588767 0.7642141074011904
374 25.817189172232954 -10.20487710307394 -11.846135534441135 0.6770524972502331 0.02009806636889159 -0.010134403311543172 0.7355904278638844
375 26.321394935984408 -10.151713483812028 -12.014585113137432 0.6503103908323175 -0.1504279732682134 0.025321910569408655 0.7441952843703395
376 24.876798377730573 -9.82034338629757 -12.408353126308743 0.5670015432430825 0.06220016758950857 0.0278099333804939 0.8208940228294831
377 25.212607688332238 -9.426322325088234 -12.727169711279194 0.6970528256769906 0.07269336773147984 -0.0023531001385198092 0.7133214530794063
378 24.669158755413104 -8.900027308189928 -13.161931525451733 0.5314254059566551 0.2702696564759292 -0.2751495951888754 0.7542108796348568
379 25.354331770502572 -8.349869789224002 -14.180114045335495 0.4414628440031695 -0.06280804596603667 -0.21524524678699022 0.868812517441001
380 24.86794110719347 -7.303083491443186 -14.27404849160521 0.2371171018237803 0.18447771631388793 -0.06868057101872471 0.9513287714406863
381 25.024780422516848 -6.098723322393014 -14.150961438220074 0.25944989255861056 0.0728464425210288 0.6326131573536138 0.726071444285235
382 25.16970953391543 -3.999691670582214 -14.296769928730535 0.4626616131098675 -0.02874673939084699 0.6589985898934551 0.5923163979220968
383 24.847041680079396 -2.1432748338761396 -14.353294913491597 0.6408041710619224 -0.40457257635545146 0.48907790751770513 0.43184933158319966
384 24.672817186826034 -2.036680255809607 -14.209332025768953 0.1833954016396526 -0.09287998003529983 0.7241985439234743 0.6582369671669854
385 24.693781586651735 -0.9400908415846824 -13.588702900919861 0.44501572122891186 -0.39244754803403237 0.5782908344747472 0.5599336037993133
386 24.841484628745764 -0.7180752411766701 -12.298999160672926 0.346895336543106 -0.2961467784762402 0.6356007104376652 0.6228743436471949
387 24.942055937064946 -0.8532159379166646 -12.058699978877968 -0.26157922897334884 -0.6545739570826218 0.368768227464929 0.6059036524822065
388 25.012715128635875 -0.8009187561792894 -12.178454053223586 0.6124704041709265 -0.4643318891330694 0.6296239069822508 0.11335623716947041
389 24.79749972401682 -1.1650206643000738 -11.45181723716564 0.7271203380661345 -0.4348803461996528 0.5104072789224664 -0.1471716959296945
390 24.94865403999906 -1.9161098316060323 -10.878747903284454 0.6582548138805121 -0.29671911955647073 0.6768070771511676 0.1434940570576232
391 24.847649993749922 -2.025131446034268 -9.985766287354334 0.07456751988714799 -0.18750683055296719 0.730171901349465 0.6527862345006717
392 24.856292373104004 -2.0703619833635702 -10.082804797389976 0.5934954832135704 -0.48242934135431575 -0.49038441135707544 -0.41778962541392234
393 24.860890922373876 -2.2512767933970443 -11.197431578168638 0.6230690538763377 -0.4989138605810419 -0.42382365049983267 -0.4280694185511992
394 24.81583559711055 -2.2553448468807007 -11.30947703997794 -0.6410304346517824 0.12483315257947072 0.7404478752405752 -0.15885090468402938
395 24.67773585006834 -2.6784470378508636 -12.268425991024037 -0.5857093223826595 0.058909815249965615 0.808367388301174 0.004048317230548479
396 24.316839575433033 -2.733767591618157 -13.195522416814017 -0.5531344363588324 -0.0935017106363051 0.8168097939365372 0.13461606869698975
397 24.003651405487698 -2.29127214783509 -14.071847346466908 -0.6514853384835732 -0.030898013353946065 0.7541012821075718 -0.07709359788879619
398 24.148926243129118 -1.9820383893770797 -14.54831539063073 0.7065826213476447 0.09121419407261307 -0.6103590970973762 -0.34624087366983325
399 24.61961226535401 -1.545557918765092 -15.887017542790794 -0.5735127977214705 -0.4166012001975854 0.4777051397234462 0.5189646522889816
400 24.848663664892936 -1.4590763187746156 -16.35391737176719 -0.6698320880573075 -0.028793130688668258 0.7416159966734255 0.022397386276394454
401 24.488274201271967 -0.34471603264300327 -17.840686652511657 -0.4340742154713492 -0.2322281189996619 0.6289566629364447 0.6017168705933544
402 24.63530427636072 1.685817892403038 -17.568049212074865 -0.4728148996887227 -0.11042307308508403 0.6472343623875768 0.5876567839373011
403 25.058684353825846 3.3093482028145798 -17.407543585990283 -0.574833566689926 -0.023078420205841707 0.7499257086726862 0.3265657492743366
404 25.58841569356696 4.326342600866932 -17.419667363260444 -0.3587000405386114 0.3608801087715586 0.5635118866764744 0.6508104037159715
405 26.021254024562722 5.0756718604613615 -17.700063983070883 0.7659190083237485 0.4713451449824394 -0.38474525073641774 -0.20778093999599478
406 26.770019928144183 6.543533939565883 -17.819080769434958 0.714624594781307 0.3381378735188013 -0.6038042870548389 0.10195513699678302
407 27.103099197892295 7.028145995682519 -17.74148782000728 0.9308964686948278 0.3435028573318054 0.01112624983389705 0.1237487702606297
408 27.510306694579267 7.354617973741419 -17.744708182398245 0.5125021778302226 0.10864831517427398 0.31303607589788934 0.7921776798897592
409 28.548885926087625 8.243051587707527 -17.54728900777017 0.45122270343421145 0.06580662877876371 0.3473473124055782 0.8194006370994089
410 27.750236549627953 7.674395216776965 -17.561464304235617 0.49895976813818216 0.05620640270127203 0.624738350429733 0.5979815913363972
411 27.751376135104433 8.364431105537795 -16.98151292224097 0.3393181197865013 0.3681914483020294 0.2877639541918673 0.8163884967646644
412 26.98452484833707 7.597240696586456 -16.382608222752665 0.2716331762416183 0.3207481628040846 0.4929642897587889 0.7617888438703383
413 26.777075028230428 7.539819881225474 -16.17406714061738 -0.30822094419461804 0.7153162744651739 0.5259357190951156 0.34163444853372904
414 26.213991501007566 7.432134257195071 -17.111297284534707 -0.3585389639827824 0.8029878963205027 0.4329996600906045 0.1979180235106106
415 26.198908937798375 7.406807662640281 -17.1809882583609 0.041086455759596414 0.6592014570547731 0.45991631968186036 0.5935000598654313
416 25.85233949311838 7.887639774538083 -18.014713996497765 0.39523400224841704 0.4143043281631539 0.40896744403921503 0.7105544573415941
417 25.46682811329938 6.995756066430643 -17.839374607400895 0.4474098477585635 0.5065158774872114 0.07129403154213551 0.7336097430163316
418 25.93561545480162 7.497630749616222 -18.557111403549857 0.689274874587173 0.27828623172667444 0.31826096432414264 0.5883594811691845
419 25.193901397836285 6.6421054491083416 -18.802773235648477 0.678399548754596 0.2374127140058631 0.25717963341120165 0.6459627633512707
420 25.170174974469663 6.492341350211544 -18.88047440690354 0.9556756429590701 0.27843317263089484 -0.037560801523214206 0.08802397413429167
421 25.083139512623045 6.385209018798942 -19.003637581159893 -0.5708560875256024 0.13918921645618404 0.7926614614099757 -0.16259611604425367
422 24.68306679088364 5.6969811473070395 -19.97423921022163 0.7275598504298386 0.08321673149353011 -0.6465254775049559 -0.21386081122784706
423 24.4468448769187 5.091412236569 -19.275107467189194 0.9990005593393247 0.02368443958400495 0.02760402642454276 -0.025979751470337743
424 24.330736500720697 4.826189357795656 -19.489764087818596 0.5050910443449765 0.8597670556145711 0.015571341514198854 0.07376435674361437
425 24.261444931000447 4.492665765619053 -19.644848813239136 0.11919917708049989 0.6191878390296034 -0.16037850966207803 0.7593923293132162
426 24.163333659495162 4.173886871986824 -19.759177785175574 -0.22153969279306598 0.9590412297760829 0.17516676465460682 0.021833201028916973
427 23.480245162087737 3.521034910357498 -19.9421786370052 0.673484543199736 0.6896545498065272 0.13633956246122347 -0.2284878458694912
428 23.988834254013785 3.0996222516716054 -19.649883128093528 0.420732997868869 0.805838079175303 0.4095976671783433 -0.07640998427817787
429 24.178067562942868 2.296187335650191 -19.40756872967505 0.8668221934692212 0.3445626863702025 0.23980813542763313 -0.26904999210793396
430 24.26005277454557 1.30009893949385 -18.870491459454975 0.4732964826146187 0.126012531326665 0.8309778696419425 -0.2637935966975223
431 24.02597430924342 1.897215821265146 -19.037797997124386 0.31646442705980327 0.39367940221037934 0.6815423633310764 0.5294967437728766
432 23.868811693067926 3.2271447999049268 -19.31621885285534 0.30225504206274456 0.07603050682798204 0.9209617998960851 0.23386024611141437
433 23.910292316926707 3.6723102564306456 -19.520486348006365 -0.025308985672257592 0.11352591440998047 0.5597486947820945 0.8204588476525561
434 24.02794307122566 4.701424714415208 -19.80279710257421 -0.0019088447450888004 0.34393257643638664 -0.33768474345820826 0.8761710753118549
435 23.515372530953613 5.486843828524988 -19.45281174581309 -0.22800086713446077 0.9478198260350996 0.12866849953547735 0.18192745583890307
436 22.645695387224826 5.210415442367147 -19.904689323601207 -0.04426347874929232 0.906906727943178 -0.03061108555442652 0.4178802372709057
437 22.001650566375574 5.241688571518882 -20.637681399877128 -0.22643238989418069 0.8783334594329268 -0.24753800352440158 0.3405637145359875
438 22.610491183571295 5.887197131825884 -20.215234163942853 -0.25896499030068654 0.7672829373905713 0.49506053075365714 0.3148477388798728
439 22.579595513379346 5.883502985640812 -20.322523097287156 -0.5039139519988952 0.31033756337846585 -0.16999921629607734 0.7879477090492051
440 22.513857353758258 5.874643707390677 -20.30950528659722 0.28248507935469036 -0.15490774616069497 0.8516166293349461 -0.4134669113261325
441 21.960368235400455 5.044796004040642 -19.938711174056024 0.19802173729313177 -0.34511130358532044 0.8142294155388867 -0.4227481975931449
442 21.396307270423392 4.116758874407205 -19.925866644984556 0.2808563449414963 -0.4128532424281322 0.7871162510294168 -0.3621048481974196
443 20.73953199708568 3.2330267819669705 -19.874318593598453 0.26675292117632865 -0.5351907860209179 0.6575327066819979 -0.45832787526578783
444 20.255545275009275 2.1908256149812457 -20.062742538519725 0.3004534778251318 -0.5726843337062906 0.634444218692918 -0.42336850964295575
445 19.714183865044358 1.2167176304916574 -20.167076040556363 0.4034276653025307 -0.5478696749187957 0.6725015229837511 -0.2912501326307969
446 19.106081010752973 0.17585202687795434 -19.725512065090587 0.4660857565361123 -0.4272132698536104 0.7592123575693065 -0.15443278709264005
447 18.662704864206393 -0.5942769472122671 -18.82054525552958 0.12938022473504565 -0.31152780399119784 0.932789924920636 -0.12694148555332324
448 18.762665033538042 -0.8384257880847394 -18.55430710155991 0.13641324501488913 -0.18581534274584952 -0.4993844388888336 0.8351522419178643
449 18.988049917490116 -1.6358211397307247 -18.013494092111188 0.5243599570015139 0.4795106802291453 -0.40676801218022435 0.5741567097112947
450 18.60162736119635 -1.9179103833823201 -16.71753593152923 0.9826741673738786 0.16811613243499918 -0.0713583474324988 -0.03156632767449962
451 19.8671411732575 -1.445112290533448 -17.167217409260115 0.9941213303841616 0.011699961080750968 -0.08717258587808338 0.06314136249132554
452 21.1726940860439 -1.4706091155374366 -17.565412306966902 0.9884193354633459 -0.05852612221098036 -0.13901474270841044 0.016637656411206212
453 22.46851753988161 -1.5233440641092824 -18.037877058791217 0.9956975704400456 -0.03086444722179046 -0.06665905266463579 -0.05648278335331116
454 23.706984284940013 -1.6080412248401617 -18.207978528585322 0.9897570050410182 0.02595901845816067 -0.020978780849475617 -0.13880594759228002
455 24.828644100054543 -1.460337568372788 -18.21551057299905 -0.5620351581996736 -0.2707860497373524 0.30880736730098474 0.7179341237994906
456 25.44514829274923 -0.6118825891466286 -18.111543901296695 0.185120909588828 -0.30225678205528433 0.5224920021718336 0.7754825557039031
457 25.67973040779969 0.14458310077028713 -17.33927076973771 0.7365321442103177 -0.18380919188760578 0.4778185412358677 0.44206789430335763
458 25.705440165713622 0.1668435944999228 -17.31167755398824 0.7373055973891189 -0.6708504244191351 0.03337851363466193 -0.07229134763496757
459 25.91764586452954 -0.8061376018519216 -17.42759001084361 0.7682777520691004 -0.5982121019084242 0.21385660479281418 0.07846610346158632
460 25.95283235094849 -0.8334158149019485 -17.5674406881302 0.38365064451205216 -0.19094726977413726 0.777355402847 0.46051047848650234
461 25.945193141267033 -0.7470818924779539 -17.614660817533903 -0.35086862585005396 -0.5278769412643632 0.7398937455759865 -0.22537610239999167
462 25.24838590698334 -0.6603489669193137 -18.494460352040658 0.33523856249996303 0.07077211829992246 -0.39049743736122655 0.8544695225100863
463 25.27166248242399 -0.7338514839371835 -18.506850652226376 0.6420241309481213 0.6283322440710819 0.003501939773684017 0.4393077995650989
464 25.174922061651554 -0.7754286494796439 -18.545241840294512 0.2013262318113586 0.8932541810885423 -0.22876689570792508 0.330500262905547
465 24.371242367785364 -0.5817088040175135 -19.283573694556658 0.3491481255161101 0.8656934243124627 -0.1604137282515213 0.32083939493022956
466 23.732485237751586 -0.09062768794531696 -20.02946673346612 0.33825040300307074 0.7987359834608098 -0.21952470486802073 0.44656063143291197
467 23.683035445164982 -0.030113537695026754 -19.972285627954534 0.6582689576447701 0.3343719691038859 -0.6297916437594385 0.24132934162600575
468 23.579246683543058 0.15399960229090953 -20.884335239842315 0.7904128654197516 0.022011860763298585 -0.45032109423040184 0.4146973501914471
469 23.46603664014505 0.17313572293724525 -20.890267743257255 -0.007522460890518647 0.02924065979221195 -0.5087565440790104 0.8603808315239528
470 23.9443658632868 -0.7233140017544548 -20.915587037469756 -0.28379565150436403 -0.5403766238110919 -0.4727737851074791 0.6355612328807387
471 23.93762920695532 -0.9941552305188682 -19.895278834872336 0.5951444868154008 0.6502495900553994 0.4129763079658662 -0.2289739712388713
472 23.764248490335376 -0.29878572912507073 -19.15307469411218 0.5750280023390406 0.6271227175659471 0.5034957195374953 0.15017308029767681
473 23.76991941836426 -0.20538856100779332 -19.15641783125064 0.1742213824169393 0.11399532826858336 0.6774971746730285 0.7054428065773521
474 23.787756775606596 -0.15750342585430516 -19.14060363608304 -0.510759210754887 -0.4561975593840442 0.44250180123353916 0.5789654319095018
475 23.991789140308324 0.9239370897438849 -19.088308701893883 0.7341732530007188 0.37686275021986154 -0.38056758301919946 -0.41729176463235973
476 24.396279793557426 1.7972037392952767 -19.334020356300865 0.840518504400447 0.23378135795512736 -0.2831585851786477 -0.3983668360603307
477 25.117822871724893 2.4863158344977236 -19.565538474614826 0.961486240886737 -0.18186926655294838 -0.05708858356526026 -0.198011797869459
478 26.08647961643808 2.201696160568305 -19.74105407290881 0.9655817926183525 -0.1378622899382581 -0.1979378270566305 -0.09729546442156034
479 26.066303404024644 2.217488254162678 -19.73812953985072 -0.48852143401511 0.8083630473094705 0.14234782132397328 -0.29602886686383345
480 26.094567516261883 2.245257008703674 -19.73178548873023 -0.1287940947637522 0.9030274733990852 0.36128393689656446 0.1934615733962917
481 25.19920362693876 2.132532911809397 -20.07164251812412 -0.18393833934195894 0.9273406270480231 0.272486286686105 0.17876597079511228
482 24.36385323383363 1.8990514727212982 -20.467302320217673 -0.16420568534428015 0.8050359619126299 0.1699740741397054 0.5441161705448264
483 24.75373378943869 2.0365426041777104 -19.44676987470296 0.9582163189815168 0.2674912502601863 -0.07600993510355887 0.06702541933703594
484 24.81551198384814 1.9920437171548904 -19.462124280207497 0.9384833537128277 -0.32595896736754076 -0.06463029635826747 0.0939290753135153
485 25.565441196863564 1.3455069290742199 -19.531601914100023 0.9684722473400957 -0.20512283193169936 -0.13694573152182885 -0.03509980869312961
486 26.445570053186813 0.9170456294482672 -19.865621365831494 0.972175479032339 -0.11117444369385461 -0.20396121388837007 -0.030247384461895045
487 27.31764314638193 0.7481509255500248 -20.26022981672268 0.9921929787293521 -0.0018738049730319952 -0.11801152894295991 0.04028474713390866
488 28.25784237267027 0.7109634777661481 -20.489039538858776 0.9924251576336766 0.06432414657366745 -0.07273433382875413 0.0752623899821687
489 29.236217437955283 0.7984394936622002 -20.66492298685707 0.9513808185401242 0.0722244939610186 -0.03524452474676488 0.2973482538394542
490 30.264860729406404 0.8667699464092113 -20.80767260212101 0.9138361166821841 0.14920399040677743 0.06894619355748578 0.37133292809533164
491 31.242035805857157 1.2358614049221757 -20.770102314540697 0.7691344176491609 0.40376259893878974 0.19230093110321209 0.4565395527032865
492 31.236417365187357 1.2037782696547386 -20.831328779109697 -0.07539185492350035 0.8453195716877744 -0.1492184285178159 0.5074295522764211
493 30.746639482416782 0.9108617662010842 -21.711071625772373 -0.1344514092680536 0.8220115597073625 -0.015180235020766132 0.5531630634071717
494 31.07539624643084 1.0845994158077197 -20.738591637070805 -0.5937428261097963 0.6062340031401774 0.5285962134844128 -0.02314806621999891
495 30.764767515484607 0.3211795469511554 -21.26124684467081 -0.5711692408548318 0.5375862131857059 0.6080765968211137 -0.12251373021999185
496 31.04781833290872 1.0547160415480723 -20.65020482190624 0.6837723406743161 -0.5146436009016269 -0.4093058054491441 0.3163322743657367
497 31.123068986169383 0.03435234856677501 -20.816266903073046 0.8424897480594467 0.05504675741879513 -0.4558120671999965 0.28180886839712954
498 30.510882521864907 0.031366170957696574 -19.986115365807894 0.8057737103577796 -0.0010596127670826766 -0.5277032240396162 0.26880645873050396
499 31.00887342226801 -0.24532823591999778 -20.8359659973174 0.7337819152371869 -0.05954921031830225 -0.5590575153268779 0.381408818694388
