# time x y z qx qy qz qw
0 -10.879684330750298 9.869073422537877 9.132536190962114 0.0 0.0 -0.7071067811865475 0.7071067811865476
1 -10.781995465043702 8.8403584684766 9.176436039362857 -0.08739495718284421 0.02717686212893185 -0.7031620844617439 0.7051146166399115
2 -10.851826377577275 7.915238413199207 9.275077164107982 -0.2112249566415581 0.021767326059595346 -0.7422069315894011 0.6356406782991735
3 -10.95723617697288 7.078516967837256 9.538212709092575 -0.10030334588062922 0.01010748721973452 -0.6661796381843546 0.7389463899200105
4 -10.92976582198011 6.170848102677366 9.63989488476695 -0.1714806972362316 -0.08472877241638906 -0.7029902380957889 0.6849964457880153
5 -10.964315916138249 5.230005627192741 10.016069816922199 -0.15961855039785874 -0.15892034154296342 -0.739887249036004 0.6339030699773337
6 -11.104968775108112 4.354038191538988 10.430200946034336 -0.13329509259616346 -0.18745291252882892 -0.7207301475561548 0.6539433295614557
7 -11.17466887903519 3.533646646917184 10.963630193418966 -0.13566100553070629 -0.2092620235195209 -0.6173370954966412 0.7461235873598182
8 -11.2004546845177 3.52142837467198 10.951311629461035 0.5805989527807238 -0.1990413256519654 0.6727419661696878 -0.41316540715163674
9 -11.271220114220231 3.5679833698939127 10.938885142609012 -0.06311593945221178 -0.1723867250563906 -0.5776241988464363 0.7953926578227949
10 -11.0880048369348 2.6082522686331355 11.304221652056777 -0.008264370282724755 -0.2041419089766745 -0.5991766151498032 0.7741092720287064
11 -11.048835315590406 2.6276738850673222 11.304623480211516 -0.21875217978599223 -0.20949964511008867 0.20152458703970544 0.9314747572296846
12 -11.0379414188745 2.6201164874503027 11.391520223429186 -0.018303559137993402 -0.3093739702363839 -0.4369140220154281 0.8444281281609235
13 -10.646215298601106 1.8812764271287712 11.875952142195192 0.08062511196945492 -0.17776126411956647 -0.2642097625327042 0.9445071337374529
14 -10.66402581931977 1.9406629111480251 11.899888309220612 0.6546126302278592 -0.45773764619598784 -0.14721913741176157 0.5833395899309916
15 -10.031368181485131 1.183251832603683 12.233158545771632 0.5655625803683643 -0.4835790923070314 -0.22741483212002933 0.6281502394351242
16 -9.708040266485611 0.42541792421429536 12.54919566240642 0.6153040282915124 -0.4230579754937722 -0.15747390771250988 0.6462390196584389
17 -9.03454686432225 -0.3109219496009019 12.799403076455757 0.4457038959401848 -0.527952951817233 -0.26361678035611247 0.6731418208118468
18 -8.731851689224543 -1.0710209770149737 13.279473788508367 0.393054365399545 -0.5790849369286458 -0.3348288990752077 0.6309187824171916
19 -8.7874355191136 -1.1074973160049175 13.31979316665319 0.09871835857173013 0.8744983868202001 0.473995009686662 -0.02891345572414757
20 -9.71002332741897 -0.9683267502937187 13.512841902190296 0.10032437316052899 0.821935479433234 0.52331893929868 -0.2012321434813815
21 -9.71874590031745 -0.9137329168359909 13.510623202509223 -0.14886792663474555 0.9556941062690383 -0.08710603410780064 -0.23853648459744448
22 -10.495413331374014 -1.1954316723139589 13.908122643757995 -0.18962388381755402 0.9402419914438332 -0.1825524061466675 -0.21601481250540105
23 -11.261261528915728 -1.406254238026786 14.34968774297435 -0.20041822622747596 0.9544622169472521 -0.02700045763500576 -0.2193294013657753
24 -12.108957284165875 -1.7817151657911159 14.813383653552314 -0.20205330967641877 0.9213362636461664 0.06325012714244102 -0.3260573120722675
25 -12.844064044560861 -2.1844373372611843 15.402829425321482 -0.19380415324128494 0.9363667399033193 0.005077865969673827 -0.2926285937266765
26 -12.917056417897372 -2.2281613394592705 15.394841143553252 -0.0028001670213490125 0.6403436726787661 0.6741368031935115 -0.36809198647207
27 -13.646439286566379 -2.7626137149017973 15.860635742324305 0.1541852444368347 0.6866787390773856 0.5775796153334533 -0.41364357561589843
28 -14.183528346277736 -3.0211093409288603 16.603222804545712 0.31788322721275186 0.7157499916969657 0.5486926005525493 -0.29255535090214985
29 -14.83779455612886 -2.9633304628816037 17.353729017213915 0.34397913037746974 0.7249033123523402 0.5666278194165869 -0.18742054281366574
30 -14.8602203509546 -2.99730991335522 17.298764545716427 0.7168578772134759 0.6128155375229917 0.20718644241141618 0.2600878292583045
31 -14.655626073016316 -1.9956858841668665 17.202026484200474 0.6775774065821772 0.6130188969533236 0.1882923494859106 0.3600592745543119
32 -14.562772240100587 -1.0853588751117405 16.99196843079921 0.6783874779471477 0.48248022478078656 0.3677778124650611 0.41441856029671786
33 -14.333380519580947 -0.07060946438998128 17.11477136530361 0.7166249736896132 0.4545776215889796 0.2990607402947415 0.43631468763866876
34 -14.326637707114651 -0.07840436459318384 17.176579136612943 0.3068346664901932 0.5434290830527293 0.7784835887853077 -0.06708666875221746
35 -15.198447813986382 0.20589722683851336 17.731596450643917 0.25750792500723885 0.6060582842345832 0.7525827068880998 -0.0015145831373377526
36 -16.03914518545133 0.4796402157891891 18.1014736720061 0.36176461164687457 0.6308159477767136 0.6806707554998711 -0.08879711931018504
37 -16.7845419911908 0.8399060882436189 18.62763199337449 0.34820097062255884 0.6768947088718698 0.643021960861963 -0.08421635831601286
38 -17.51616359746267 1.2312323065782995 19.219416392116983 0.23198614758190214 0.6352734231349073 0.7219920163074852 -0.14607406880352475
39 -18.295721527608926 1.3297005722987048 19.746283805041706 0.1842034607891551 0.7385132601063572 0.6445870459818861 -0.07193601207131443
40 -19.12580140742044 1.4754487973714032 20.077765304713875 0.07927971754196364 0.6949989183680206 0.6941014656863057 -0.17004230410656673
41 -20.056434356190326 1.339951118480579 20.43807315947068 -0.009838595963590695 0.6787332333424008 0.6939738710337908 -0.24005138264215684
42 -20.03891384799585 1.4046021950643763 20.4627639083247 -0.15233351598163714 0.9304666931395783 0.012552100168010784 -0.3329694845596853
43 -20.751400828349702 1.0252294243806435 21.047826108854075 -0.1627448425245456 0.9056925711040894 0.026447687059715112 -0.3905580657568299
44 -21.37313829650354 0.7240277303192398 21.767301544476616 -0.14615256662519313 0.9192359029301366 -0.07640809592271082 -0.3575004684060579
45 -21.345756307968134 0.8028818624939381 21.70732420266628 0.5152605827000013 0.750926683529589 -0.3110969566247375 -0.27172473471830605
46 -21.653572432665197 1.7346877322749301 21.838992630119854 0.5076234540114052 0.704968519217291 -0.3724428725698215 -0.3265334937216252
47 -21.71308095016082 1.7639927286612413 21.680513511357816 -0.09946198222023199 0.7131725427077645 -0.6810339170938643 0.1329851201764761
48 -22.625646658987943 1.4668245703326894 21.634182657022926 -0.032730415099957784 -0.6950516628447843 0.7054135154120927 -0.13499510427433217
49 -22.555236185238236 1.4920589974806004 21.62849819625482 0.011051854752213265 0.9952137921523802 0.060718627772612735 0.07576683085378408
50 -23.536750680221328 1.4798956164671282 21.515703914321453 -0.021866292058676587 0.9900419400349808 0.11118121661145759 0.08353178626231032
51 -23.534801958523303 1.5156435854207777 21.603197599987357 0.6195102298867599 0.7807382115242204 0.05750210320357805 -0.05786560514486143
52 -23.713659281367434 2.4699666769247823 21.746086490157893 0.6789448674596374 0.7311794927000831 -0.011285566054671228 -0.06544503345472842
53 -23.717378579361007 3.449481958682113 21.777469312617733 0.6702969485236777 0.7170982244726013 -0.02477948436693 -0.18936238911832026
54 -23.747969691543332 4.393522904731441 21.942113982629323 0.6333267412303014 0.7481374684375557 -0.07128114839972807 -0.18467962812738253
55 -23.878787843475468 5.378128612393493 22.08830684684432 0.5566919023604894 0.8131189293816631 -0.14540433105721232 -0.08825708491266912
56 -23.925368248310264 5.415487464182213 22.09048281891151 0.16235995767013836 0.6272890992213973 -0.5969809324563599 0.47303424445476894
57 -24.424040253652542 5.009527683451232 21.295099366968326 0.16721010132422498 0.6341667311512502 -0.6015039920488514 0.4561428358150283
58 -24.415443854801673 4.9006273722766815 21.250890324768275 -0.2646518826863548 0.8239261381454778 -0.04937956900574591 0.4986649757462958
59 -24.423638578840805 4.854631806055513 21.236129901954648 -0.2614230450643196 0.9170599419411835 -0.2450442465378892 -0.1749639152362859
60 -25.246111137776563 4.513417870113998 21.691909862762575 -0.11270810378079876 0.8658039482724209 -0.4298715321505344 -0.22998015641480032
61 -26.156014742284192 4.502758418341817 22.183111754487214 -0.09195956625811794 0.8592938817106756 -0.4301496116739336 -0.26101489345434414
62 -27.064744410626297 4.562441752955544 22.73733724245632 -0.14732280107412826 0.8911323888448067 -0.31995256315780923 -0.2860234521226701
63 -27.828464291824197 4.523939823114982 23.371923000171087 -0.12181814572585489 0.875334925931415 -0.3073981037177174 -0.3527825288294616
64 -28.48997842365835 4.528118933177236 24.10519720354891 -0.10113493075984108 0.9353744699119385 -0.23494129681070608 -0.24423127127799654
65 -29.329406346362685 4.475739439053151 24.591804036605595 -0.15997098771133883 0.9360447010308484 -0.23648578867996234 -0.20567953839685843
66 -30.14129121939109 4.275433802978158 25.093186704476302 -0.24021717828793215 0.9398474009933564 -0.08833807387949391 -0.22622766144898868
67 -30.181448965650226 4.298873593268166 25.083977852588504 0.07078495099474662 -0.4995809653889574 0.18547029629428982 0.8432135666165583
68 -30.198306621364978 4.367852765646169 25.076789858704323 0.050117721500988595 0.13674256886350392 0.1594918820103891 0.9763974720496481
69 -29.23157830511318 4.683096986423661 24.863028367922716 0.17802965817955302 0.034476939154573005 0.18488760415185745 0.9658847526004277
70 -28.327343852504548 5.019640903998967 24.829541310071193 0.35690499791683483 -0.048530683055605164 0.09309340073362919 0.9282226101555534
71 -27.37442585808042 5.180058362384483 25.00634696894614 0.37921553741068964 -0.02698165835119034 0.05327348370790492 0.9233793923586151
72 -26.3746343757219 5.13887978982687 25.064929131242344 0.4690464331131504 0.055251048991109906 0.032187215813474904 0.8808556909661137
73 -25.39785125005169 5.240364134689555 24.92388934349789 0.3440099228454371 -0.03679484153593539 -0.005825880207752933 0.9382267165989395
74 -24.3498988378172 5.236630159093936 25.046284000505263 0.4352354842981333 0.0306137324839744 0.09739342280696303 0.8945095828358203
75 -24.329376899048793 5.215972857263715 25.05855551929663 0.2381378743786016 0.3789989337072923 -0.6114670442820963 0.6525015055860747
76 -24.27361095928282 5.168345353882609 25.0588414914923 -0.2634038781231292 0.7590589582923746 -0.15432230437857591 0.5750065401341771
77 -24.51673682608593 4.553911282143757 24.261383476745205 -0.20857831191219114 0.8093542735768364 -0.13967316735876686 0.5309728373116102
78 -24.874863665119353 4.034007982189724 23.425330916103018 -0.19628774247926173 0.7665024504488124 -0.2333830052493068 0.5652233969583728
79 -24.880623518580286 4.0552888566764596 23.413324670716896 -0.5505558114639733 0.7624012085803348 0.32557197525992176 0.09816101335990761
80 -24.84894269708937 4.0513219720869 23.290905210019666 -0.22468970164162527 0.8268043230076251 -0.34392518403639977 0.3842194909392664
81 -24.86038036499416 4.091632416021265 23.234116453262992 -0.11496826751917133 -0.7271828193123944 0.4451261671597282 0.5097549804270756
82 -24.898330154768036 4.051459949392822 23.219815887770313 0.6400808532528817 0.4457600717256262 -0.623874550600305 -0.04873402166346635
83 -25.02051323943929 4.687062203583164 22.464554191615186 0.521434687003203 0.6046758985568728 -0.5985479942999132 -0.06490934766165773
84 -25.01138751679924 4.663615788049493 22.440506616217583 -0.729599286570205 -0.4542328587735635 0.09626462549385555 0.5020861608580488
85 -24.401132479969174 5.379514852517066 22.73961531264824 -0.7521286677094136 -0.3967937253615272 0.15470497394079977 0.5029150800695513
86 -23.795266772255967 6.141344436255878 22.83329817887733 0.8190804397448114 0.3787708825637252 -0.1542553775390216 -0.40229980145363914
87 -23.134352003027725 6.8806638631328365 22.88184660500303 0.8923548043571955 0.22759747970301633 -0.1481222389101989 -0.3605025557658318
88 -22.258910841802997 7.375576177765464 22.801408970844104 0.8680926711478834 0.30644008210748463 -0.3289880662123055 -0.21041968222383364
89 -22.310448104992197 7.392144897599293 22.724461701026822 -0.3601603481342611 -0.014444310152712483 0.47263046058351776 0.8041743177101791
90 -21.7805344565275 8.150629567390038 22.397846525098206 -0.3028125855039263 -0.1161991759541118 0.4899745567939276 0.8091521632317417
91 -21.33913839925863 9.030099973617876 22.382053081109703 -0.28383475974593175 -0.11706964787272345 0.48145437678279396 0.8209349607512263
92 -20.779241503466306 9.874786557391415 22.34294464451843 -0.22264532060149775 -0.1843385954163548 0.575104465720518 0.765312483213556
93 -20.59865695745258 10.825660713086721 22.342871482065554 -0.16929074546386588 -0.16510181927442744 0.629178060216721 0.7404167754140147
94 -20.403996821703323 11.762946501495966 22.305586042097797 -0.2935129257215061 -0.09287175348635134 0.6450015772666488 0.6994268833568724
95 -20.333342347266623 12.673417962273408 21.9768059221324 -0.27077354150097177 -0.12148246688667928 0.6937575744412642 0.6562195725270034
96 -20.341921365020216 12.77335210097772 21.953407718869084 -0.36438997105319065 0.04528791359157058 0.928825127227931 0.04952612349453073
97 -20.984807824787275 12.85635468158088 21.31510633680771 -0.27857301825658487 0.19226119937728875 0.9406603339778022 0.024307216915819763
98 -21.84955248421698 12.727233749424977 20.88074815950052 -0.2098994297696646 0.2009953824557122 0.9510106689546581 0.1054599125178166
99 -21.843450526422668 12.787166429035837 20.86990241136259 -0.017304430700121894 -0.24663838248184872 -0.7362110398898611 0.6299709276698187
100 -21.920952576975157 12.740349631789229 20.797065515394305 0.4103113955597672 -0.41869443222229386 0.6686517231767858 -0.457432403959932
101 -21.8893255901861 12.719145222315616 20.870130649679272 0.030918221026529975 -0.1548931164080267 -0.8275776350218301 0.5386719262312084
102 -22.28337534347872 11.816265144194816 20.97746166687554 0.15332455376765664 -0.2668226733205449 -0.7215056785395315 0.6202634908240513
103 -22.41322946861455 10.878977343177642 21.089508702395065 0.1527873440904708 -0.26842833863309445 -0.6831540382795611 0.6617422568393116
104 -22.4122170966383 10.796240528703727 21.05378864479845 -0.2818323359734276 0.09018442376408797 0.9551186304318128 -0.013627395648438274
105 -22.424274134538308 10.723184579193495 21.012999305139875 0.8422447881070168 0.009873252533133195 -0.5317481278155716 0.08814853575425032
106 -21.99715742957241 10.637979032810275 20.101838375946766 0.8141642604712372 0.20121612645628006 -0.543945638732095 0.027780740263486415
107 -21.738510003359348 10.960463571232289 19.178642900558575 0.8154544432736842 0.2523643051482845 -0.5196454994575027 -0.03626104419059322
108 -21.388914227478146 11.38505962338014 18.333519991277708 0.7622740331387693 0.35950997859129846 -0.5360948222668273 -0.04788752691816345
109 -21.26469595312272 11.98304263210194 17.55263904432381 0.7240636308480903 0.32296010673202136 -0.6089513454551313 0.024635072784697926
110 -21.169919023165626 12.471687386021841 16.597678455406342 0.7178998599871399 0.29868187478652203 -0.6271765792013073 -0.04537033398378236
111 -21.146071664453498 12.491392069127535 16.599174333737896 0.31590913168542606 0.6422726132630855 -0.4978218730246842 -0.4897557488260475
112 -21.41153753059759 13.273343553446587 16.943788661993757 0.3407819291305755 0.6936800518645462 -0.4144679677879401 -0.48051219141763646
113 -21.74942919610884 14.11762072787117 17.315004095085982 0.4201479757459353 0.7502143298338508 -0.36349429148460255 -0.35850528287132116
114 -22.128562939425372 14.968307801973873 17.491336320093865 0.5011374138910208 0.7331598015624542 -0.2760253864507304 -0.3676247867136378
115 -22.362492558349587 15.952794842202469 17.653986697393904 0.4998073785292901 0.7168630841616978 -0.23356499615983223 -0.4263183030350859
116 -22.47343836580689 16.761811160892826 18.07524553792116 0.5892686854930351 0.6039960225090794 -0.22690002580824697 -0.48627934294882325
117 -22.366453504260704 17.643382947919196 18.409456994169837 0.4946699011114794 0.6323901793270597 -0.3272870288998785 -0.4982645389137569
118 -22.363563888525967 18.648856998803964 18.62093849362348 0.4866044372606784 0.6383492519063559 -0.4465368119674947 -0.39538744262649594
119 -22.545324122241432 19.61030401237562 18.715986732294013 -0.41241528792606713 -0.6382556569417744 0.36269346705516153 0.5394411882885766
120 -22.676197871482675 20.394999315468677 19.043624691735875 -0.5081124222827215 -0.6182854284070063 0.3135904500061679 0.511083090119877
121 -22.74222338912995 21.278335468366112 19.379201261440944 0.480505543705501 0.6961772269188281 -0.3402489531343402 -0.4107095580563921
122 -22.90739265172408 22.175327207436652 19.683122448230566 0.5674972831610727 0.7346526674539475 -0.2777118375453856 -0.24720118748656209
123 -22.870421529124346 22.154553321427446 19.630101370929122 0.1966966625783232 0.6665003028965244 -0.6174308269429524 0.3686013335704754
124 -22.845525724357994 22.157836471267302 19.708599019493533 0.4633817450647438 0.8177583931592974 -0.2478324224832251 -0.2347928004100063
125 -22.905964025155626 22.148708697377245 19.668947741524995 0.8763875041578338 0.21482144851560664 -0.42461329337482395 -0.07416359553746954
126 -22.939293143247777 22.149097211826888 19.610857385431075 0.38641755845295583 0.8450700494411182 -0.2176611687212417 -0.2985995607628147
127 -23.386953430836076 22.947431199504337 19.85661564897377 0.39855581545058083 0.8149846921131357 -0.30733591728923165 -0.2872243853431787
128 -23.969596010421533 23.835099517224098 20.162947465595433 0.44255857979596314 0.7992526216189936 -0.25317750242280934 -0.3181796702353792
129 -24.015713939362428 23.86863939005593 20.192455042717857 0.2306761112559757 0.6942839468659795 -0.583916417103599 0.3518521715961333
130 -24.688752460288164 23.79835776182038 19.44625323489836 -0.26799831025838255 -0.5623386013512942 0.7234426490795431 -0.2976288571723099
131 -25.403375945891394 23.645921299451974 18.70459832190393 -0.2685663386702778 -0.5710561059157673 0.6884655892360612 -0.35746633137598427
132 -25.446281476182183 23.727210146052983 18.762486503928574 -0.2659108031366163 0.1227346882482249 0.9559439433312601 0.019970435251432377
133 -25.432661676408646 23.693791419068972 18.84025805335699 0.5200681548874588 0.09057884610868687 0.8305492751129802 0.17751757242277935
134 -25.860603205052467 24.115070276336404 19.630187077391888 0.5453434274719177 -0.013294107490201714 0.812079718842283 0.2072446454417079
135 -25.83834291718967 24.083597980152618 19.556279069318993 0.42265225620509106 0.6165495609049413 0.6299936068151037 -0.21057009437421942
136 -26.402457547592444 24.38885958045684 20.284233257328157 0.5562795522085878 0.6544414239733516 0.4670258504791961 -0.21011029809728465
137 -26.39918404205321 24.33684069746581 20.166941799863185 -0.15686136241739967 -0.803718640054822 0.11158242909625167 0.5630099662758785
138 -26.303646052546295 24.32552597158975 20.09617919641473 -0.48879648197334635 0.7008414440161091 0.3403850889836853 -0.392475809136645
139 -26.52165357534538 23.44589475129022 20.337160757467288 -0.580459678389706 0.622126231962753 0.34219379450583365 -0.39865890215727734
140 -26.49606629476019 22.500722341903323 20.453336194046198 -0.5627915544761193 0.6334456725125287 0.34806924281719925 -0.40107361966372895
141 -26.5491349161688 21.478517158483836 20.573415262418926 -0.47510537469564695 0.660019592483271 0.4472833393159275 -0.37227225903083216
142 -26.795907899004472 20.55031083797192 20.69361988459468 -0.4508083032724873 0.6285284311894928 0.5456742900492731 -0.32243364288839105
143 -27.185959344360946 19.703587595962173 20.55784519576847 -0.45310080947871345 0.5316486633584627 0.5632590027887248 -0.4413486727932321
144 -27.33137738438513 18.74231311854711 20.491180896462875 -0.31650322398219843 0.5558903097927338 0.595612594318628 -0.48585729404470995
145 -27.575150880834023 17.79054678622109 20.726502999402246 -0.35424407371914635 0.6410400282047787 0.5246849105596634 -0.43391769162489724
146 -27.90964071690498 16.821684182652348 20.948934549396483 -0.47728697577223994 0.6040654509435007 0.4818368254899758 -0.4184917530087749
147 -27.85805793667093 16.776787572545228 21.06855800898516 0.7341998281564937 -0.0498328925201771 -0.6763165825698231 -0.03260636899631797
148 -27.76781687435826 16.62524079856069 20.038552177336655 0.7019672152300118 -0.08313155307370755 -0.6979787701008747 0.11470313907756151
149 -27.75988576960059 16.337766183390535 18.996439611530104 -0.6557732774384217 0.017672515218122437 0.6635507232015335 -0.35965195473159645
150 -27.738851319941276 16.325903536030033 19.01998660780879 0.12244677315300218 0.2428673566391144 0.8884700601469419 -0.3696527925581473
151 -28.39970833364387 15.648942634864742 19.43209796812858 -0.05888858372788889 0.4150832592013789 0.7703158596080945 -0.48047008135109487
152 -28.933906413649616 14.898969184593895 19.73530628535398 -0.15276851697846772 -0.448184022126271 -0.6893926247670559 0.548206778002341
153 -29.18642402018415 14.354102650052281 20.464597749352112 -0.14081466433427695 -0.4866488020927357 -0.6004756932445106 0.61868660527981
154 -29.362706101613295 13.822730838205542 21.19923729781268 0.1146288621283412 -0.38728899773972003 -0.5443712255783049 0.735205702480129
155 -29.248232229723467 12.908223453631106 21.58375608160943 0.1469440740338052 -0.3845675442354984 -0.46863728146963946 0.7815973013283579
156 -28.963461322193492 12.11830078297605 22.167836915533968 0.14792860819726786 -0.3899610772043474 -0.5974250207288253 0.6849312591418264
157 -29.09846941188202 11.247290431860964 22.52124071872783 0.1716811024029105 -0.3872714473182675 -0.6863289434094744 0.5911844099840354
158 -29.129759770077136 11.272736014705401 22.569409105285665 -0.33557337156478506 0.2955810409157829 0.8942799943032432 0.01690125252094781
159 -29.073998756916303 11.275671629777866 22.568797998084193 -0.22046381258624578 -0.3852789475484647 0.850921663677105 -0.2808703654728856
160 -29.81594420339456 10.994939533926864 21.94984747229563 -0.38283552978844304 -0.3872269119206083 0.7577554825509513 -0.35958156860440854
161 -29.790598696767105 10.976033933539211 21.923964678934276 -0.5599076703141408 0.26130393420629444 0.7857806692584756 -0.02779198646025522
162 -29.708167148484968 10.913735149736102 21.978283986769526 0.061952085238905566 -0.55569346450372 -0.5445029672751048 0.6252065508861946
163 -29.940432196845013 10.143432086128044 22.516692395297184 -0.0482597316014558 -0.6615649005583131 -0.45365080777675243 0.5951502543547522
164 -30.217756552097576 9.66472008571992 23.394277647727716 -0.08533333081304093 -0.7126844451458817 -0.4188927360139973 0.5561726171020724
165 -30.212771657430576 9.626533909911446 23.46828804495272 -0.5214187444812635 -0.5556913165356441 0.0913546902985057 0.6410803180498768
166 -29.84354238744501 10.346499097762436 24.029308958067265 -0.46731707900956027 -0.5554116557873017 0.060407913480412107 0.6851886778621817
167 -29.49139372791197 11.053513018766875 24.747977292000197 -0.42745833296775365 -0.5473765644877668 0.1708985782049629 0.698893372549434
168 -29.490800782048357 11.04329353088944 24.79634444083637 0.6988398078551992 0.11709320549397292 -0.5995966662166055 -0.3720160507908064
169 -29.168948952397635 11.649187597856207 24.095489297937622 -0.6352807554915505 -0.26588159518688925 0.6628853209572341 0.29378289654502593
170 -29.169271402518003 12.340737606446325 23.41690704714485 0.6164709485540847 0.4348873455361745 -0.5829299134175231 -0.3017105936561832
171 -29.17279885373116 13.220346913308877 23.082352918044876 0.6854176114622925 0.492784777549363 -0.5100463403456632 -0.16498057950239772
172 -29.20409941768166 14.08995592133469 22.576056141031493 0.7016451077377636 0.4536652429096175 -0.521572186624865 -0.17275544652130956
173 -29.210179768713232 14.097233943667558 22.57047760125006 0.6573281556974608 0.6790631482570575 -0.05471944157323438 0.32217808603395404
174 -29.262751784141283 14.952093557038394 22.050147311935433 0.6920121226068762 0.6797247853724466 -0.02311149289996954 0.24199028329964506
175 -29.262696757051046 15.909839198520906 21.733847460231665 0.7203215093471443 0.5958877675610293 -0.04691211762551654 0.3519288917705891
176 -28.949610320548228 16.783013112314546 21.18630637531739 0.7625442064965509 0.5500972530644408 -0.09526930702297129 0.32686863485024925
177 -28.64329047858999 17.516605093704847 20.765284767290506 0.744089527195802 0.5589694424853019 0.03066297246898558 0.36461448134237034
178 -28.214713001862147 18.394292389518835 20.357131677383908 0.6915425290841986 0.619926769057976 0.0472245065665106 0.36773574405096904
179 -28.159683611931936 18.477673636443722 20.33666241904612 0.9489274175994777 -0.1308257012005212 0.24177658036383898 0.15480787196052645
180 -28.13411853941828 18.486172762662257 20.28523033957922 0.5340248165372461 -0.09487844120431943 0.8151403864698266 0.2033758271349415
181 -28.42228294164434 18.69140183098805 21.27390748443609 0.5878268355945282 -0.036925224910069006 0.7801221908556935 0.21096328224309083
182 -28.6656604811912 18.978320952381832 22.2135534165503 0.4249689004123585 0.03572548051792472 0.8357865159544767 0.34581212163941266
183 -29.101039697940823 19.54372503865412 22.895709120073672 0.20273480819643191 0.08344690995634232 0.9250588468500234 0.3101634095582512
184 -29.805612878447473 20.128621961957915 23.256659119096714 0.3174505600442025 0.0384379478954211 0.8575068030707084 0.4030257420769361
185 -30.32372048619328 20.86761321301807 23.78004378973445 0.35439544131217116 -0.034070015347360066 0.8724587378950074 0.33475193188693253
186 -30.28501597230142 20.854673182068314 23.823621243037856 0.41073482196194666 0.5894052223644992 0.6797764264028066 -0.1476563577512793
187 -30.334678517121294 20.88922516255324 23.792698079516434 -0.16372926485388267 0.6786667467619585 0.6277556580129087 0.3442775166965273
188 -31.069582249748347 21.219234460071206 23.08877712907344 -0.1838987296409649 0.8305606281585942 0.4476119594672743 0.2756697914736187
189 -31.778221396059074 21.141096513250563 22.526238559055376 -0.20944217920869584 0.8988119367266768 0.37076385351179075 0.10394826066385504
190 -32.66054566268436 20.88329469352767 22.22781427747306 -0.17672114526410593 0.8745137360933833 0.45156845370285426 -0.009016308609891421
191 -33.57308163451982 20.585507705019154 22.003991979795657 -0.12863890963776436 0.791294511114814 0.5966217612977905 -0.03670833083508052
192 -33.53783250038153 20.620728946491674 22.013026752696515 0.6950400679962204 -0.42864837611086926 -0.34968232793319276 -0.45924083340720917
193 -33.16342345527969 20.409288485325554 21.13110933181588 0.6525017398200876 -0.5555536539551165 -0.2985949325930425 -0.42005081042492326
194 -32.99648931760875 19.955049491493437 20.282347399617905 -0.559750756224005 0.6619967929515126 0.29440095376632486 0.4022032016904453
195 -33.10269594405993 19.489655923789194 19.38487993420922 -0.4677073066868486 0.7059473904562688 0.0791158113672107 0.5259551744886902
196 -33.077314805686875 18.93978273765877 18.536236302786627 -0.37206808260008856 0.7574700513933414 0.21228027912214845 0.49268808210498194
197 -33.38732574670084 18.526827703223244 17.537008666520222 -0.4361686797403029 0.7448972966181688 0.1293870296822778 0.4879998943181674
198 -33.38612872161409 18.585094668739924 17.54341740148827 0.8702528188155614 -0.23359084394037163 0.17591298235824068 -0.3964214570487129
199 -33.41327449219065 18.608466078382943 17.67167099433743 0.3721306749305805 -0.5173260330660773 0.7573365484294856 -0.1425969449207818
200 -34.16207630082096 18.03346722309131 18.10511923066612 0.4938080652149126 -0.4422171406432876 0.7319501726936131 -0.15762785269034763
201 -34.69427946555778 17.374574840285618 18.61259466474452 0.4331320304001607 -0.3973758550185402 0.8055631577554841 -0.07454577759156934
202 -34.7110620320694 17.492047880278832 18.608209727401448 0.8496459671378633 -0.17573449612404043 0.3113108042904856 -0.3876915017515936
203 -34.70747649149862 17.567529059860863 18.62393596220752 0.8503191767344818 0.37313680961658646 0.36522091188449096 -0.0658779516151622
204 -34.77444719451851 17.52383008014986 18.55264731287799 0.48555729384470075 -0.07842208666043907 0.46557071060810323 0.7357499603410791
205 -34.189442424025295 18.130447552466684 19.150987886976583 0.33914934845641176 -0.1381130564735061 0.5288785241238456 0.765630465560064
206 -33.77257141903433 18.854611169907727 19.82052556959258 0.4140004308945563 -0.07446952979550882 0.45383145919522566 0.7855539058498086
207 -33.19428984089818 19.513891467624056 20.327439503222898 0.4744026167654409 -0.03720181383597236 0.455729974132973 0.7522422302225367
208 -32.54886282179943 20.138640739278678 20.75272616119944 0.5693331503548048 -0.06350633351816336 0.44295616983250713 0.6896495784943744
209 -32.52060653838223 20.12896807092918 20.664207033999364 0.8802371303262928 0.2689128179914095 0.3875449958016647 0.0517432792151819
210 -31.97459432543436 20.63437628852361 21.35833754600083 0.866006384092712 0.2530099928361318 0.4151239952320559 0.11700835362615437
211 -31.515660702291463 21.126184100392347 22.017603758470283 0.8659995411069652 0.2853599842582851 0.40664466036435526 0.05704905243556314
212 -31.516721870112413 21.093990770400413 22.011109840559858 0.3244312954408034 0.08852029916215587 0.9187619937952728 -0.20684508679729358
213 -32.24623609372821 20.810818349140142 22.618330431780794 0.31479672204324727 -0.007105546819599425 0.9202712744304474 -0.23227853205447457
214 -32.90891959011363 20.45475226943009 23.193628403458316 0.2531770339570358 -0.0789221378844693 0.9313586988444373 -0.2494867926669863
215 -33.70936905942229 19.91206587180642 23.609662063651722 0.19200639739427158 -0.1245256159419863 0.9169555325542497 -0.3268324733745025
216 -34.36298714231815 19.312401820909717 23.928259405425017 0.38943725383258737 -0.14586287146790447 0.8130636970326554 -0.4074187926716945
217 -34.70710792812566 18.546309069818104 24.378035476619246 0.42144388010239625 -0.1281106561134197 0.8472771605113985 -0.2968065514609958
218 -35.129771937481706 17.906772869142127 24.95608660959796 0.42907768888738723 -0.20001588525389966 0.821455620444701 -0.31795698794800736
219 -35.52976835980463 17.152700541043224 25.536146929478193 0.5058939795789014 -0.10580854382773769 0.8253260093759068 -0.22740451122727717
220 -35.931822218216794 16.637358467994677 26.309904547433426 0.36103326038281935 -0.18376387719333562 0.8732077560069024 -0.2709133388846227
221 -36.56475121104348 16.083657562414448 26.839148713273094 0.44807466429768295 -0.271420730767248 0.8257567017763907 -0.20901136714463428
222 -37.022067381850114 15.56724637583305 27.439443017817133 0.5464573556965093 -0.24743622202152402 0.7654534649753904 -0.2328962588666101
223 -37.319975873769906 14.931792239227061 28.154169030696703 0.5341689439150717 -0.4500215522425891 0.6764299197340906 -0.23363797970869316
224 -37.58273276659678 14.307768668782053 28.706737618535218 0.6986691428834909 -0.43160209129683 0.539793108066985 -0.1849444891150744
225 -37.50651396279703 13.426191887099744 29.257413330981603 0.6462790437514823 -0.5890200850980938 0.4306063245696542 -0.2235104699993237
226 -37.51943907353094 13.392227334088807 29.23677278707537 -0.2961745968188013 0.08663514755494084 -0.6807235699643513 0.6643721703249942
227 -37.47850459578919 12.434963414940556 29.483577217069858 -0.20910387070397887 0.07379381519779356 -0.7321219627899375 0.6440710175871737
228 -37.59155805179957 11.429414147427142 29.714792514988066 -0.18695114364076035 0.0334169118518461 -0.7648956138650049 0.6155219571906231
229 -37.79194169436665 10.400669553632614 29.886258719591396 -0.2669283241780364 -0.02039790642330065 -0.6435277390594722 0.7170810583372395
230 -37.58868744820227 9.413465886581465 30.26361035633833 -0.2503964866478405 0.0037853836306269996 -0.698653396463434 0.6702019859380414
231 -37.62540946533386 8.544519715956097 30.695150113323646 -0.21446374289666859 0.08192240910773342 -0.7531483237157057 0.6164913822211626
232 -37.723123108705494 7.607557496584799 30.90324911073153 0.43510145346929285 -0.08973737836475344 0.7938273305628305 -0.4152976009617934
233 -37.96712669665883 6.879165328119634 31.562227748493285 0.38036109196084283 -0.22392901322120448 0.8669289097073041 -0.23155021544761822
234 -38.59693026831255 6.236776775702588 32.05842699526247 0.2529026016920179 -0.24950115546116394 0.8974301188164999 -0.26155043361072017
235 -38.6248945758685 6.21833657212486 31.982942867792012 -0.5268164541512241 -0.3535033004083913 0.7678002121299141 -0.08934581405507969
236 -38.59963552742812 6.262844936559202 32.02756956022751 0.22343868820456875 0.7937356554956121 -0.248960638362708 0.5080132501760222
237 -38.533383302387 6.276572527716292 32.031489284099 0.1694094090803997 0.9556898502895994 0.08689238391552617 -0.22451520168119987
238 -39.42132998556575 6.50897452680849 32.51453413077901 0.1559295704921148 0.9240678643831179 0.08718595026253403 -0.33790998969753383
239 -39.38678595638437 6.502620467283825 32.54448300863207 -0.5727895129697701 0.7563059778815614 0.26532881858330376 -0.17179656481331954
240 -39.60594304908104 5.5823193053439475 32.48944067324014 0.6991568681690389 -0.59499390173654 -0.33574811002060034 0.21079643546792903
241 -39.592206986145456 4.477487220621619 32.23860542318595 0.7175892676571954 -0.5836017001618166 -0.34792135507396255 0.15305368076248574
242 -39.398162055153016 3.5589601521653096 31.907389579060673 0.7270014762010263 -0.48040296467510313 -0.44580218958918294 0.2047980783366647
243 -39.251093251032636 2.6486783631639934 31.39010925166655 0.6357903370491981 -0.537741404101233 -0.5420474252047337 0.11309031107491108
244 -39.443857759421 1.837465504561958 30.815453806646765 -0.5296103601921269 0.6934401073293105 0.43984239578239653 -0.21258492608057067
245 -39.45871993236468 1.8498668634046982 30.882297656657002 -0.10736359771748313 0.651427370146344 0.6866294110832598 0.3043936450467262
246 -39.49420615595619 1.7795619102129347 30.87164636261738 0.3794128433741014 0.30715602754421606 0.5174231192380938 0.7028331129819924
247 -39.199732527600915 2.8046090400111887 30.92913255620249 0.4082883933944499 0.35028581363912703 0.5675464321800112 0.6232908501673144
248 -39.0205349542149 3.7963782836165945 30.935043178031243 0.3256164892941719 0.21270274829216151 0.6361258408306913 0.6663897938865405
249 -38.814553612556935 4.786060871049458 31.139809753217513 0.33503814925406933 0.34653070037126715 0.6138026097992095 0.6252297725222996
250 -38.81619661512792 4.7628110546120155 31.114338013771718 0.08288909267268027 0.004323880529782429 0.7532559221971251 0.6524693234536189
251 -38.78718828859594 4.7566055449142075 31.08819557854698 0.13459148639530522 -0.0012781482948181462 0.9906422977573401 0.022612740234137563
252 -39.74042470764848 4.7400434169194865 31.410887063473268 -0.02140109834192875 0.0676633612678025 0.9938294672705612 0.0852446626857938
253 -40.79426394497623 4.92618901762696 31.46884658337364 0.09159665879487497 0.01296474292155339 0.9920756894578462 0.08501643326635594
254 -41.75842066063527 5.031279364918858 31.661013179719134 -0.02816708399770385 0.17384846596691364 0.973303392337431 0.14718638770099085
255 -41.730181315188986 4.964351446291724 31.595799412974063 0.6058352128209427 0.024495970484517775 0.7206231648737046 0.3362527272508444
256 -41.824304303853694 5.45905030191659 32.431937016200585 0.6141794877236633 -0.12154228648722393 0.6742566966522888 0.3916489965192047
257 -41.867421744439326 5.405867353075382 32.41376253846067 0.9577963282636278 -0.2576771466687576 -0.04262025646861496 0.12005080336220254
258 -41.0011504842196 4.886683176925211 32.44563309419642 0.9475608464882099 -0.2967564663366533 0.0946300909463953 0.0714785826482811
259 -41.010849966238546 4.847756501782671 32.409256670947826 0.5790821605012284 -0.2023130204100103 -0.1058342860321683 0.7826444895748451
260 -41.079507276390935 4.822843700467244 32.4101753351777 -0.3482782975870331 0.6295717845004147 0.5464697761218048 -0.4286168211540768
261 -41.38072685272941 3.957071142270583 32.61176896571191 -0.3924756299943643 0.6330205679325013 0.463031543905856 -0.48046813607470373
262 -41.47582626664338 3.943355548719361 32.61562842310929 -0.06346885069813633 0.7494590397683524 0.6537545257598555 0.08299320905389469
263 -41.59411924533827 3.9580662418512107 32.6579636503012 0.5259058885628725 -0.4717018893662105 -0.3392805992427912 0.6211352501031451
264 -41.66604652153904 3.939329753210249 32.579314696378184 -0.10775666068737813 0.7718677112167611 0.5896349294320137 -0.21198912342902929
265 -41.676709786062716 3.8220355814271794 32.58258788698676 -0.5526512078447936 0.4357489026863322 0.6386951979579824 0.31107552198905336
266 -41.857070659805856 3.729112523458523 31.557020198111076 -0.5333129907626217 0.4152386574893963 0.6545062840327065 0.33878553005098955
267 -42.09716498068609 3.7431352013810404 30.5974040932107 -0.6281464504221888 0.1511033822891639 0.7200993180336448 0.2530944030401694
268 -42.0981712685414 3.701810705258729 30.472748442852456 0.7347242843918168 0.3887571863365339 -0.5463366104932229 0.10278318943976741
269 -42.03146613615603 4.161296365743183 29.564631634434 0.6749442675740808 0.3413713813096205 -0.642268912576285 0.12412276032108746
270 -42.12607477507783 4.149105872550824 29.571109474764263 0.8653523452295113 -0.22754382029939266 -0.2900079723188283 0.33953571894701173
271 -42.13633299622083 4.172326528986714 29.519108471448195 0.4489206391616422 0.08844992209708699 -0.27051988564185964 0.8470335663290075
272 -42.089609025408414 4.185073964603986 29.537480363262663 0.6260893740260769 0.6514990561809902 0.011645503236710911 0.4282819839559894
273 -42.09199203632638 4.17045214684842 29.57130807638307 0.8596235605503738 0.07480213497656639 0.4472733180618841 0.23536897352785954
274 -41.425048832315355 4.532594005247418 30.322340243194848 0.8665816418263644 0.09198995525990017 0.42656220759377994 0.2421131744319697
275 -41.393896862571715 4.533929589216499 30.342844906696644 0.26204945060596246 0.17596865869486342 0.9450010829936889 0.08566253402158465
276 -42.30883590056332 4.756168628978599 30.84383884439388 0.18001178025038095 0.2604487935911223 0.9274307123355133 0.19908404934815868
277 -42.99100768028875 5.204253140003926 31.150177473386083 0.2407836581806638 0.26633628236525875 0.925830580538215 0.11800826576669163
278 -43.84127350500893 5.621725538935239 31.544110763325428 0.25453144575867087 0.28586335506825883 0.9220233870424914 0.05804101218803262
279 -44.70736294406283 5.947710615326632 32.01938161414364 0.3187650157793424 0.14869714913193224 0.9286389566778146 0.11793095732491753
280 -45.516791681616034 6.193317644970091 32.609186618652174 0.1937852653053524 0.20323823445390318 0.9597288052880315 -0.007881072706314373
281 -46.49807360594995 6.284650652119651 32.967190110188305 0.28802231601899747 0.17981456948545227 0.926220185565345 -0.16378654989684666
282 -47.33728112552093 5.961937666784895 33.541861906442435 0.2886970883475537 0.10703750186532385 0.9435325474058811 -0.12224277630945886
283 -48.220274290968206 5.837505110991376 34.161866412030676 0.22547420115860944 0.12960851040688273 0.9654923402380939 -0.01369523944896739
284 -49.037227959686895 5.883266306595901 34.58707883118296 0.0638342419805967 0.00554014828575647 0.9939953382936576 -0.08870041577248382
285 -49.850567266062214 5.8147271776413385 34.65203814753852 0.026333752789105484 0.07645655628853397 0.9947655712403495 -0.06246908626994259
286 -50.89134940953434 5.756171696344796 34.807577856798325 -0.022721060507532975 0.13993399742157955 0.988826266032843 -0.046096045151137036
287 -51.82437596596917 5.630144564836705 34.786745065862 -0.1370757163501179 0.06220889984565956 0.9880191461506219 -0.03403626899192481
288 -52.740059786212264 5.579448806265227 34.586763344751155 -0.06056802426522981 0.027116017160351762 0.9973604880013434 -0.0294668122417084
289 -52.67089498110235 5.587728812165448 34.617141922760894 -0.08952142580395488 0.06005467144937114 0.7769035660303134 0.6203226578551821
290 -52.82577040439435 6.5627820174192735 34.37598415556245 -0.11133697981537709 0.006006077815111853 0.7368394593888119 0.6668100292005755
291 -52.896906880482476 7.529765846278074 34.208923267867526 -0.15474150958051783 -0.012956084642228404 0.7261426899132039 0.6697790672819677
292 -52.86104893059128 8.551324346617552 34.01941856990508 -0.2629103615496454 -0.13277657830842876 0.6421629946022552 0.7077253778168509
293 -52.676564179052086 9.567614555441173 33.87508926969001 -0.2979257094822904 -0.22335358661496532 0.651816436503336 0.6606729751395902
294 -52.64150803885258 10.542906445648542 33.790910947545 -0.3367121486430512 -0.24547116445841238 0.6229923009563 0.662004100685778
295 -52.588756099554175 11.541984043280616 33.640362936012735 -0.19658458818189328 -0.4731195035776532 0.5103471433191445 0.6906940193238816
296 -52.61758141700925 11.523336293989084 33.71565060060002 -0.10753312242129769 0.7677548282094869 -0.5577778482726928 -0.2964338430740188
297 -52.59837866512957 11.45102931086324 33.71070984342592 -0.1536638025975013 -0.3611357391518306 0.49387799435799745 0.7759207049482948
298 -52.33211394799589 12.314044903954695 34.17937070565213 -0.010039644934364563 -0.5489731802803884 0.5115396298317919 0.6609499678296238
299 -52.367498232609925 12.901888866404319 34.91826926288909 0.03802754097575894 -0.5100685533405774 0.5298607712848306 0.6764846931556039
300 -52.35888406980976 12.914059343417337 34.837381397070175 -0.38633632325007006 -0.7485719216917401 0.08856193037006252 0.5315459602719979
301 -52.33853504518594 12.947651278118478 34.90088573437682 0.03537586027175222 -0.5753448730292693 0.5580994723420922 0.5968683310081422
302 -52.59342115376346 13.558052601103595 35.612587066878525 -0.15349962769448666 -0.5092297350351229 0.496390623495107 0.6860898557476646
303 -52.666586688484436 14.373385130108893 36.14160184663488 -0.1067812650186314 -0.4394307224719532 0.6612107311076221 0.5985806300381937
304 -52.92296926808857 15.250579667087262 36.53685633543561 0.06204340199813063 -0.39314861753947955 0.6125394408996728 0.6829203570970851
305 -52.94857323436433 16.081860585469556 37.24201090623474 0.11821678080648193 -0.413263220596353 0.6194979400102906 0.6568566095892528
306 -53.07857485574879 16.077018715321945 37.29610067652931 0.665943260102536 0.19622828254721195 0.6575729224130608 0.292595090802502
307 -53.042809120173175 16.03830719055089 37.321238141272325 0.6525464467686632 -0.12249228361881527 0.7180340755109044 -0.20882011796912844
308 -53.03291175639102 15.989013346693213 37.32182242877641 0.062013917172325454 -0.2927248401409853 0.9516243863647228 -0.06983888112894748
309 -53.01228370183853 16.01680221012833 37.35912283998443 -0.018160417733260673 0.5010156713554613 0.8605249169707696 -0.09027936395677523
310 -53.9817461589863 15.911381072466865 37.36493859614843 -0.052658223778407204 0.46146504956588735 0.8683965592057156 -0.17367940424048653
311 -54.96613456984166 15.525165802196138 37.52859034820527 -0.06639613501865173 0.3710769034103446 0.9180744617551095 -0.12260818766722242
312 -55.82985436457707 15.187321550868525 37.45586569795915 0.05693632227786209 0.252542095006081 0.9527654930179723 -0.15880384368657818
313 -56.657439190700025 14.957540999864475 37.55200068931653 0.0579232089013937 0.24475875302042105 0.9637198559388678 -0.08934256521738056
314 -57.654095144142616 14.710322026238433 37.66522675161167 0.08494719995413096 0.11031357059580864 0.9850519391910705 -0.10142764149021515
315 -57.772249456564666 14.692859985343807 37.547291886373685 0.008216184405229544 0.7626505569525386 0.630630081510095 -0.14353509183601265
316 -58.60630545655469 14.543359383945258 37.71244811149192 0.0791921788509083 0.7361171985059526 0.6313771488636817 -0.23070102896467967
317 -58.579200662870996 14.575319733545895 37.705915601338795 0.19006538160144923 -0.36796008365032506 -0.5762299508522567 0.7045846800048575
318 -58.51911861020843 13.62438729986793 37.95886060242603 0.19403717293973327 -0.27148845314203 -0.6777057665172737 0.6552545225767914
319 -58.53088032270142 13.567037701908532 38.001419900220405 0.6216892123429979 -0.5831536468607739 -0.1731720859196629 0.4934022457058287
320 -58.3082890051662 12.65659311444542 38.340335781659434 -0.5552703505673453 0.6374781075173415 0.23527809407506714 -0.479521343284457
321 -58.20444431916209 11.749154614636813 38.66933355438876 -0.5047308368901535 0.5841120682659527 0.4101055997065268 -0.4856678608757079
322 -58.25436959739162 10.795266897591453 38.76531662327886 0.5157095596282438 -0.5839765047612311 -0.34711123535229754 0.522042988926297
323 -58.123289646713715 9.765886911221573 39.02131221710083 0.4334857789363209 -0.5167762912170234 -0.42024132437951395 0.6069839977954129
324 -58.049710414087215 8.754677112583085 39.298130082266646 0.416967308206699 -0.46915273500410387 -0.49861990063707357 0.5978395853518771
325 -57.982249997627775 7.767872514686628 39.43978102041584 0.4374267186191498 -0.5523512927220939 -0.4439200785303842 0.5536252154155314
326 -57.99598265397495 6.8176664079080815 39.65035986730277 0.29990033949385064 -0.5030282658216364 -0.4970487244977266 0.6402850268678272
327 -57.93821947778374 5.8647557202389 39.987286805577675 0.25550260230227145 -0.4960021299158061 -0.3284929690766996 0.7620975505818961
328 -57.66410368236256 5.095429510109912 40.59619244236007 0.19371870236524602 -0.4434050299248789 -0.31646103164141726 0.8159151054145845
329 -57.25886037587395 4.403407144417274 41.184235391259236 0.05149090886169993 -0.41015438054725734 -0.33277198062729757 0.8475758841141466
330 -57.212486840044605 4.4861070070175595 41.3351291164362 0.6387032358746797 -0.41566047713231635 0.0790294412182778 0.642681018588596
331 -56.55598119869746 4.044001252738871 41.89380400021824 0.6282263462867591 -0.4120718732179587 -0.14406674518700882 0.6440288829431904
332 -56.58587639410309 3.984682550398382 41.85890035834604 0.09166671338391481 -0.6752126733490542 0.41746514744052327 0.6011721135238037
333 -56.844944669582745 4.3680456025532575 42.73635113487262 0.17950030960205432 -0.5880878847001694 0.48960561414968434 0.6182383208074027
334 -56.99793189668206 4.8130730848838335 43.66252269799198 0.11262953276698524 -0.6128565893085148 0.500573165987913 0.6009558176627149
335 -57.16860195266547 5.25153728615559 44.513604838889904 0.12631680070426982 -0.564384143754033 0.47864640240765705 0.6606150358575501
336 -57.233572290467 5.824419807355033 45.40119396791781 0.0797993079683042 -0.590901306653254 0.5189547170896804 0.612497932938248
337 -57.46813686043865 6.468285900878186 46.28799932935415 0.1470653425445612 -0.44245472448944373 0.5471564782979549 0.6951441505585737
338 -57.51101819317988 7.084103656586826 47.196305243964055 0.2076120836432864 -0.4842711459686471 0.5210552659326038 0.671476052999219
339 -57.53727301926653 7.614291612317678 48.12809553133715 0.28597423581220077 -0.3094851562326375 0.5625605854971786 0.7113109461890484
340 -57.54306214045477 7.673804163205823 48.15861008067653 -0.3217089028692271 0.18609467101969362 0.6053438109071965 0.7038686140389431
341 -57.52247140982096 7.669795601871513 48.17026180084691 -0.20499059061926656 0.4479605063160797 0.862445894675337 0.1161779725088336
342 -58.451958457316806 7.6789508375882445 47.64679814858347 -0.1510225771934234 0.4926112139895432 0.8199807276483454 0.249315020235233
343 -59.31124886409644 7.884832775282591 47.107121196128936 -0.24805194817560416 0.44581564497950865 0.7703074317415903 0.38255078395092457
344 -59.83202912385076 8.343953176691537 46.35764118469088 -0.2780451182586075 0.2995255077471035 0.8064435667663963 0.4273454762162454
345 -60.349248732457795 8.889864892757224 45.657716199210576 -0.2889217358313794 0.38794414829449425 0.7554611110045123 0.441929947082193
346 -60.78359917662471 9.390704841294053 44.91979083160412 -0.20805014515519396 0.3778056380412881 0.8142728634048474 0.3885070667151225
347 -60.850423419493694 9.431277436972834 44.91255988427863 0.430526850519942 -0.027416209441223225 0.6220545062062143 0.6534088871065323
348 -60.625932966532574 10.206672309950182 45.511256082590734 0.3491189854200091 -0.32090267410482215 0.5966214094366864 0.6474413499101362
349 -60.59978482662838 10.785611537572105 46.31304005095452 0.4361476826861755 -0.22695206934612636 0.5965930340176395 0.6343064786588718
350 -60.47531142788493 11.353294718239168 47.09709685474146 0.3906300622449067 -0.3450720402865946 0.5364587598875421 0.663735971921748
351 -60.245853094387044 11.818144691091156 47.96447780056735 0.308474328397087 -0.23746287191672794 0.6538608833202438 0.6487841847985321
352 -60.249486876078684 12.544449352337892 48.642943600729325 0.26290747341722825 -0.24862365613308146 0.7465958201121774 0.5582657247435258
353 -60.22568001597847 12.504632312682979 48.61153049997937 0.6160325785453963 0.27952847793938707 0.7079506970049065 0.2029125496411374
354 -60.35758202640649 13.067677820211314 49.39108415908986 0.6332823741472074 0.22008437253469906 0.7117174258382276 0.20970123823833575
355 -60.356110925444845 13.00258383376177 49.46180618768419 -0.03165273573046716 0.2277683506102123 0.9665555295294858 -0.11353453711120717
356 -60.40788017199981 13.054832360478539 49.373121539196134 -0.12282268034264746 0.8001691300477768 0.5869989785802955 0.008726491718987673
357 -61.370359268829404 12.900679053770057 49.20116696344811 -0.21404920778616227 0.8146857141097226 0.5380417062588156 0.031324849524777126
358 -62.27275348431138 12.634272574487822 48.948599679305424 -0.19268289605257163 0.7765347909883669 0.5987221477019486 0.03740066583114493
359 -63.2318003796184 12.3809998183039 48.66997726332889 -0.20637386608599526 0.8509661801138743 0.4827194070755237 0.015759496558444004
360 -64.18361371277037 11.993344743112608 48.374551597534584 -0.15000327728690901 0.8581380211125081 0.48980561959364244 -0.034476202499452116
361 -65.15773266328928 11.691880915223155 48.32597098923364 -0.19538353621568486 0.8420264879577578 0.5027818259819139 -0.0052060364645797035
362 -66.07884735124551 11.402048164790417 48.15183082856146 -0.26161024942407823 0.8236968117498165 0.5006332970325881 -0.04949688486904212
363 -66.87772532020557 11.009515875877414 47.97445318769097 -0.3273968516210865 0.7898908449727922 0.49095765019944926 -0.16686623471332837
364 -67.6271829955712 10.365975480037896 47.92312336123433 -0.4207396799908542 0.8214725983130582 0.330908398936159 -0.19662279475049235
365 -68.2314362224993 9.592280886267801 48.00796193056784 -0.5162054007811177 0.7791240102313698 0.29242702443813895 -0.2024455390065435
366 -68.6115999003707 8.677281880638796 48.091080232611695 -0.4602981861561723 0.8300637060471715 0.27594798526320596 -0.15156692631886998
367 -69.23540481354051 7.809950134379075 48.13201592748834 -0.5834976798114964 0.7788429007865031 0.2294309701689223 0.01719370455755373
368 -69.52773205435462 6.867280123067796 47.87647419767994 -0.6674541794185093 0.72791035619972 0.13845818157736983 0.07403217995067313
369 -69.56375677851048 6.843326234473226 47.87540171272936 0.9819712289041596 0.0089208976933616 -0.11894714057062516 -0.14664413025713335
370 -68.52075475668349 6.97074564749374 47.591511022880866 0.9755697603031632 0.12680808928539147 -0.06075780047908513 -0.1687952634251335
371 -67.59601476159307 7.23190696230346 47.51368903323816 0.9756850441418434 0.15721797344474653 -0.10393975698065439 -0.11188266345890356
372 -66.67858611377098 7.583203482528402 47.29382997855434 0.9582049609523559 0.23056829622800845 -0.09007885442418041 -0.14341308715188647
373 -66.73862993560871 7.526876609317981 47.242050518339944 0.5560631189642111 0.7720382443159031 0.09104948751899024 -0.2940420851917979
374 -66.91149424695439 8.352024274362602 47.76565610733466 0.4356896486933235 0.8249313460481753 0.1770182672063646 -0.3135719014897382
375 -67.30197445773923 8.936488418402739 48.31955312912187 0.4019586005480203 0.8269009739908 0.2122138638591772 -0.331103214488325
376 -67.75431735305006 9.424834248251592 49.01275505738406 0.3694892868278764 0.7960110387073611 0.2449821144906759 -0.4121017553409989
377 -68.15015864329445 9.855477913239554 49.746661813329304 0.4951204079343271 0.743648130211245 0.11536394853615574 -0.4342054806867502
378 -68.25079621782244 10.52109674093921 50.55646973294552 0.4613721875437484 0.7280221626556582 0.12782428434349252 -0.49069378187964485
379 -68.28192147541323 11.019955336765511 51.29993868012793 0.5504900939687908 0.7440043305006957 0.030610288270676463 -0.37746685005498093
380 -68.39278742298397 11.745396586668964 52.01234547626573 0.6112976575541353 0.720899917497055 -0.03706532316013084 -0.3244143101661845
381 -68.41973517673043 11.677709015787226 52.00430003016266 0.7137508800956985 0.60422045667552 0.2896014064128318 0.20398124007160914
382 -68.3564328501528 12.734449566807799 52.140771006884094 0.6943532112241966 0.6219200625240071 0.30670165614874745 0.19241400159135166
383 -68.3843241073757 12.685460614325677 52.214040707719576 0.2772724175583557 0.4477621706313629 0.8018805110092975 -0.2821642980185531
384 -69.12330615808744 12.41166803565772 52.87852761327855 0.16504166035352966 0.536632056066184 0.8018906337113351 -0.20434945146969064
385 -70.02532426263302 12.315972484769787 53.403004557387895 0.16013570569061225 0.39945012726445883 0.8854855251804696 -0.1752470721217475
386 -70.90454526746792 12.194410257381909 53.8157162659817 0.09448483217944698 0.5284971242997014 0.7928212942045323 -0.28844029113634245
387 -71.69499597438727 11.773658899199324 54.299454749345344 0.1372499338986241 0.4464668754884945 0.8230301116184204 -0.32318913983259817
388 -71.77933858583026 11.755330928765773 54.280810655313495 0.7271230862980602 0.5522452654378929 0.4078102477881256 0.0028259463551600934
389 -71.87889768338613 11.712060966199394 54.24541982372902 0.6781252342190824 0.4336588459349127 -0.37472499720245406 0.46007319909915967
390 -71.5264382696043 12.022634399453304 53.367054546177435 0.6122786920187806 0.5280613143128301 -0.2912215585587981 0.5113277378126116
391 -71.48125381378415 12.122804933109702 53.40782168041297 0.6150533943954802 0.7796638634726987 0.11591534516371145 -0.019930248192140895
392 -71.49500194025343 12.038651088538916 53.35613512774269 -0.475867148585609 -0.45293423682967027 -0.511570734826781 0.5538017851842955
393 -71.40849775269338 12.036226654070633 54.321450149069975 -0.4041950312130642 -0.40272498391571 -0.47977983871894286 0.6665210202473633
394 -71.17149491617853 11.72539456636644 55.21770024369596 -0.41509587416996824 -0.3352812134422722 -0.40394393764559217 0.7430418685371109
395 -70.6938557565541 11.418973697545523 56.05509431793235 -0.4875586803354103 -0.29869015443029545 -0.28911436160200277 0.767778360460534
396 -70.05838980289997 11.306849274299282 56.82747807746365 -0.4828104945360574 -0.16746989038694277 -0.368174059619535 0.7767211365753502
397 -69.47808565380754 10.90250443591189 57.51478770349303 -0.4256744692930918 -0.06655555113795171 -0.4711848661439915 0.7696469494005916
398 -69.00811024727997 10.261532469760958 58.09916864503056 -0.4281726480112069 -0.008096802877625719 -0.5151239554962305 0.7424620769791204
399 -68.53923970591738 9.522853085843654 58.54253111710172 -0.4802555341680455 0.06008528032615012 -0.6224525973503422 0.615058651708034
400 -68.30176617580267 8.687050157974955 58.99075347605256 -0.4056079732361272 -0.011822272583652541 -0.7429926792468966 0.5322633600988843
401 -68.3693713510588 7.885495878054088 59.573060450904464 -0.393700984328417 -0.07654059921880015 -0.6524014571172317 0.6430500838670148
402 -68.22636157020462 7.134766971612775 60.14604359227387 -0.38729696135906877 -0.07714878682430443 -0.6656794861810975 0.6331823987535025
403 -68.0244865670894 6.379522745497493 60.72790191419599 -0.39200791359007947 0.08379980910423032 -0.6516217672098302 0.6439693006465327
404 -68.00390504235202 6.291816250391102 60.71201288654106 -0.02472362513695871 -0.2766903508253481 -0.6368389084999083 0.7192130398851777
405 -68.00355226493575 5.418344162296239 61.041013420661415 -0.06757063295835368 -0.2787098067624916 -0.5125289723133511 0.8093633953394744
406 -67.81432523636018 4.592401492686239 61.58466568193551 -0.058662784385534156 -0.31765181406142734 -0.48845041266995354 0.8105998995276109
407 -67.53364506236744 3.844381185089381 62.10308536908545 0.03879218004938678 -0.1822668341996707 -0.6292678204207371 0.7545170495759393
408 -67.33234910164266 2.9268129055556056 62.321563811106635 0.017734287498133886 -0.024096034292370686 -0.6749357947514146 0.7372696583622512
409 -67.2281680949608 1.921164814449094 62.33471266570423 -0.007711039402981398 -0.14904870981808482 -0.720425743643447 0.6772826366212823
410 -67.28626451977729 0.884052880574818 62.55846864218404 0.04451905723657599 -0.08056965843062754 -0.5568736666778485 0.825480649708948
411 -67.37287285176626 0.8325870491781787 62.531736176436745 -0.3988930311971169 0.3750537637688337 -0.41645496607620813 0.7257990666676777
412 -67.04021940219323 -0.10514112048505042 62.41750044025909 -0.3978325727396899 0.2592073226979401 -0.4639111784371145 0.7478818265262052
413 -66.98454906447975 -0.07497986382157545 62.47316235785903 -0.7398728448428694 -0.24482404593204937 -0.06650267682301124 0.6230784492926675
414 -66.14436275575017 0.1705432450686028 62.88955500928776 -0.7753863844240289 -0.24667373483301566 -0.16766143043504927 0.556612673353595
415 -65.26104029356219 0.2800802117485222 63.41768537694066 -0.7862493455369244 -0.32213687964967125 -0.008117982356315974 0.5272322977348727
416 -64.43357759583205 0.7321535090401647 63.760343876557585 0.8192566358330623 0.3332763198907063 0.10960226063565812 -0.4535777813199782
417 -63.639046679369805 1.2390821615764578 64.24748072255844 0.7964470435453305 0.3574410003044593 0.09774374326522425 -0.47786420537821417
418 -62.89524417622144 1.7257739199488493 64.7902258191866 0.7949128298341495 0.3724451670461651 0.011819310847806496 -0.4788094552116756
419 -62.17775634860052 2.2174352506171178 65.26216710167728 0.8835533677734058 0.2588564748566197 0.04920838364902809 -0.3871760667961374
420 -61.25411918118076 2.7276651444755 65.5310400452938 -0.7733486389084576 -0.2864021211739102 -0.07122905794509053 0.5610990367036607
421 -60.59055144688869 3.145956490952025 65.97920561270968 -0.7774814863450517 -0.09724907721059303 -0.10722650706638782 0.6120193065212236
422 -59.61876190112952 3.1959919163015824 66.30887648650456 -0.7721317036466865 0.0056917103637912515 -0.03691082836973732 0.6343641126402568
423 -58.656069398098744 3.1328297378618495 66.31961403870157 -0.7357439260436538 -0.10454326206099789 0.08244769361988177 0.6640436427406549
424 -57.679134693626345 3.470722766748058 66.3290211142932 -0.7251200269961505 -0.035436357854205534 0.22686214407728364 0.6492139697940803
425 -57.62816276172476 3.5040644908371372 66.4053894605401 -0.012026942606267256 0.20444288726985932 0.23832131586631228 0.9493478861302945
426 -56.82157403724927 3.906336469234116 65.99238398192374 -0.026409968374898323 0.21692127108468845 0.25167167275259394 0.942819730836893
427 -56.07207603899842 4.440019376950407 65.62752672779098 0.0012404084426323255 0.31934945425793876 0.36928774280265086 0.8727204308756472
428 -55.545135610107735 5.081931266430454 65.02292943209108 0.03258423296380728 0.23069990010482996 0.5638314591294328 0.7923445649146315
429 -55.218676728726074 6.054741305559185 64.67932700987302 0.07729774890667457 0.28364485895106933 0.5735588711574817 0.7645919652475717
430 -55.026663515524604 6.991881594846996 64.2462954982896 0.10878253485069954 0.40672138275930975 0.5949563663082592 0.6846685322892268
431 -55.1579167714447 7.899937775020802 63.792742954299264 0.003990229295660654 0.48764484471729935 0.6496124401740571 0.5832583141815613
432 -55.160525382859696 7.961843796289558 63.880781812313444 0.39223526491222005 0.31905271844145566 0.8583661928343448 0.08697320744591507
433 -55.86627941210754 8.393362329370461 64.4249813629079 0.379086851481917 0.3924321827542531 0.8373136565253545 0.03458296644881868
434 -56.5328282812547 8.749968335310719 65.11115098469485 0.2153450376582085 0.4962934922420317 0.8406063060943366 0.026463606493209335
435 -57.460064019192174 8.97942862850226 65.43108109878315 0.1685171781391716 0.4458215631107603 0.8734387923059429 0.09974853699490994
436 -58.4408463407124 9.252776243605487 65.59824515189936 0.30935304092181265 0.49067794523282454 0.8139788209492838 -0.031214246435472506
437 -59.277368297684255 9.438696870600078 66.13844753104253 0.1929502350451708 0.38944442833848786 0.8979605342313646 -0.06906607702080811
438 -60.245511363448706 9.513896518136841 66.47979338057439 0.013397017201692512 0.45226627037007977 0.8884324777785525 -0.07722352649223735
439 -61.311201069978935 9.382675021612286 66.69190491222666 -0.02418490811845054 0.42470522912721026 0.9002648658878064 -0.09254042262339177
440 -61.329228457515114 9.326698729159459 66.77181416785793 0.59217560109601 0.4379845786571509 0.6551133378327014 0.16829759629535418
441 -61.307431789904996 9.295519863776986 66.80630374484518 0.07835663958252241 0.49814682106517577 0.8395313583353217 -0.20223026496458
442 -62.18840751737675 9.049882540365548 67.10682449991556 0.02648465052835253 0.672571952479071 0.7283378702730299 -0.12833346699527914
443 -62.19557295163049 9.106032103619379 67.19391414977581 0.5818881136344709 0.4745583517908121 0.5683228971722716 0.3364664597047093
444 -62.10071961067937 9.052097061034212 67.18819584895184 0.04224019625484456 0.5980385903094452 0.7904918538719804 -0.12525270169973693
445 -62.15546727252559 9.189281930512506 67.20380066318697 0.4276672085061941 -0.18750372629529366 -0.6504351655824875 0.5990636082817761
446 -62.097329106485894 8.296750980445298 66.83279486113156 0.45870883495859327 -0.06673952521997353 -0.7080099741784232 0.5327794261870592
447 -62.118747578119255 7.51031617260642 66.14396891325656 0.5537369462577144 0.06167667035850787 -0.6518446595849411 0.5144608074997189
448 -61.86753680906977 6.818229498200049 65.45737693497033 -0.6092526914269891 -0.17262328444044592 0.614412527717172 -0.4706480696254452
449 -61.65695069508111 6.508744563378931 64.53415001208569 0.46976609139232706 0.13970292899817338 -0.6559526272827534 0.5740462191915917
450 -61.65270559689639 5.864898494345124 63.672254819944335 -0.4953994473093202 -0.15923853530243776 0.7048868257338368 -0.48203427200483345
451 -61.6113542817546 5.400930614395552 62.84022219250559 0.6300040472050609 0.15681548078488822 -0.6178499796333214 0.44358224508939953
452 -61.38166392092698 4.952398999770713 61.969470569105695 0.6775678956308712 0.12143025820645212 -0.5718625802106203 0.446239429630685
453 -60.9704958087358 4.611795427292179 61.07941906348555 0.6936373608446096 0.2515012366353718 -0.5737484553232405 0.3555658161657262
454 -60.81216364309354 4.576947196774568 60.1086845132032 0.6724544019973595 0.1825616558326308 -0.5764123819153031 0.42687830236350555
455 -60.43649352620006 4.3841998578423125 59.181892956869824 0.6365624511847104 0.2547519399658368 -0.6029242046814681 0.40788735973865964
456 -60.34570290754976 4.198973010292399 58.19645667333747 0.6402915851806392 0.29438324704972596 -0.5891487422628542 0.395308675965278
457 -60.433808221078074 4.197346411129635 58.215185197667054 0.28423137227284606 0.5450121538829613 -0.21823880042178484 0.7579881959016316
458 -60.138669059652386 4.100792817297805 57.20484162024811 0.29043996677686784 0.5364864132217173 -0.14513502530509487 0.7789497920641856
459 -60.149646417798266 4.236954898335567 57.24511053432171 0.2658490380498244 0.8989008540754375 0.145364057263409 0.3164977636040297
460 -60.8489346601223 4.851832798270622 56.81426917043783 0.2616048312946589 0.8597918222178852 0.22979686347378575 0.37351617933919806
461 -61.403262420445536 5.546455879560354 56.3578475996195 0.15725319146912886 0.8732533712921423 0.23662128515371658 0.39586658195897856
462 -62.03730578803468 5.973290586901295 55.73140430506655 0.24004587963365615 0.8706004289767422 0.3016002321404976 0.30572891376056427
463 -61.428759258129034 5.495680830856562 56.0379960169685 0.19840910574700896 -0.36417474659742266 -0.11338711737294442 0.9028587609982135
464 -60.59907542690149 5.163821692892135 56.572921134866256 0.1556240462644017 -0.3485871403975084 -0.032321145025404674 0.9237009826551176
465 -60.562478773456995 5.0930583609647355 56.54646103639719 0.20089235017978235 0.3449174921581127 0.13918699650276975 0.9062566784565728
466 -60.598532149583725 5.151691121076285 56.55795645622617 -0.26591673094015994 0.2858466233415223 -0.5000600566202399 0.7729941396306382
467 -60.220340634706815 4.1241718938553324 56.40982830512744 -0.26442463976774616 0.34212648044347954 -0.3070602285480216 0.8477871768947038
468 -59.71074049231356 3.3712232383206144 56.03585042313652 -0.29640931029266265 0.2854764232260108 -0.1931199912836949 0.8907016343986898
469 -58.90551934573934 2.930986962670688 55.69156589620971 -0.3322671111539788 0.38069188852376906 -0.13719577264256577 0.8519680585718017
470 -58.91001887493015 2.9216337104547248 55.69564580058376 -0.09222973093581918 0.9006948603466246 -0.281419039404754 0.31787697232921136
471 -59.69055147208678 2.484199561500528 55.08347340571968 -0.12721430559287136 0.891025596249793 -0.31522603387752557 0.30086949803206947
472 -60.55002645495516 2.145907359451594 54.58717985368192 -0.24484155262314072 0.8167037986597973 -0.37273432869010864 0.36621938722530945
473 -59.895706676627135 2.944958740493699 55.02712171651915 0.23364134322783475 0.029644403255103032 0.5442376152303524 0.805194603967712
474 -59.525399884621294 3.810431308106833 55.16695178087582 0.16888794052940365 0.0038726846139844383 0.5390590168293931 0.8251528599190244
475 -59.02953190018484 4.6468873344880155 55.34743313572267 0.1196523448045612 -0.13903200539595464 0.629394288878887 0.7551266430109519
476 -58.859515178749206 5.510799057927779 55.64528521449455 0.11573024193923241 -0.041746814958773644 0.6376926844804189 0.7604023636875686
477 -58.738957398705516 6.481636970280514 55.888920456979555 0.018563656793435204 -0.16037748536156754 0.608905145986972 0.7766395406017774
478 -58.5827046260595 7.474364053105496 56.163703445277896 0.06556591034511901 -0.19647378606340163 0.6158316252387753 0.7601648322214709
479 -58.66908332105237 7.518500702737009 56.196204066267825 -0.40762974875329555 -0.5518484501306712 0.21976807664461986 0.6935439917608874
480 -58.416822392654375 8.296625331493082 56.792983933017325 -0.4203869269428015 -0.5351973978911956 0.17148434726853135 0.7123424005265774
481 -58.04798679384526 9.035499382542916 57.33265416707912 -0.4487487452647143 -0.4895254549776936 0.2071681919741492 0.7183806322461573
482 -58.12174521462369 9.013124008644922 57.25668702488872 0.7660156371049877 0.55627395749467 0.17557985906652274 -0.2700945038575158
483 -57.788283201629724 9.788394217118299 57.88436343177527 0.8469301405522507 0.47995921011826337 0.12078984087133283 -0.19431497108837417
484 -57.2099589745748 10.545658914372526 58.264201654989144 0.8132366447868228 0.5391802904456756 0.12405105101141292 -0.18039432007064857
485 -57.182047806884235 10.506121171508957 58.2183107682408 -0.4876134217119445 -0.377441310497912 0.3206876729239918 0.7189788762756407
486 -56.693368209850334 11.33471551714285 58.44818510096562 -0.5307693806895641 -0.3385459582217712 0.3062616889084726 0.7140548134429524
487 -56.7212175901382 11.404915747769312 58.45709104009162 0.03595895199089387 0.7918721315850789 -0.5376770137889413 -0.28731326080365094
488 -57.66808319770517 11.690541985174075 58.91282875526881 0.013070521640197152 0.8076317091592317 -0.5187819323769114 -0.2800455149861698
489 -58.555058881216276 11.911710070890352 59.33437335692589 0.0032212815884635313 0.7904184715638035 -0.5282564334779314 -0.3101183703762875
490 -59.3589615429906 12.251072928774873 59.762118253212876 0.046070440032206186 0.7053376687441895 -0.6456151175563889 -0.28906298204439984
491 -59.427676355375624 12.272779773053399 59.75507933080028 -0.4786544695629205 0.6392420212199323 -0.409153190737389 0.4414217978119215
492 -59.57755319265868 11.22334930850434 59.53566285421546 -0.47584713370681264 0.609863542359938 -0.433167017551719 0.46260382612830625
493 -59.65631962700202 11.234564835351998 59.533775810175094 0.015632241426567422 0.1427445107409856 -0.7954147466185247 0.5888081338968463
494 -59.8877956604501 10.309196532926661 59.2763486910793 0.10894709315279616 0.06307912437024096 -0.7663064628678595 0.63002060278152
495 -60.08090270825751 9.364238512105679 58.92835887183899 0.04655522797286951 0.13659797971955281 -0.7216192250271605 0.6770814550378198
496 -60.220852476863165 8.400260393177714 58.689932375515475 0.04898651203088367 0.011946674073252304 -0.6887661912930012 0.7232279947218363
497 -60.15256722767067 7.459687139726197 58.562912825615136 -0.09598980895352555 0.007351994699950961 -0.6625726973926949 0.7427848446358918
498 -60.10669285643165 7.449263724778009 58.633405904257295 0.5987997783462813 -0.433355757306752 0.5647493745144628 -0.36701465508486
499 -60.05739491311233 6.613712397381996 58.932523897769556 0.6189724813699826 -0.582391661059261 0.38263490100947906 -0.36233072318641124
