# time x y z qx qy qz qw
0 11.910294337505363 12.394963266894138 11.894981124138436 0.0 0.0 -0.7071067811865475 0.7071067811865476
1 11.87418557872377 11.443337674718979 11.863442084004094 -0.106805908563449 0.010591373469256192 -0.7132464541627808 0.6926469637038707
2 11.8263578326816 11.453731194682495 11.883462584728584 0.5940274712065886 0.5119911693967437 0.4865796450449624 -0.38501513598763704
3 11.844914812379512 11.438317627635074 11.914429693777004 -0.10155351096437257 -0.7730322225049909 -0.029627097471069723 0.6254840545331617
4 11.828128556901213 11.487554130169299 11.856055730084401 -0.5530633101956995 0.5567290019707133 0.43573919717300813 -0.44080057319278854
5 11.851880361620545 10.530942331542885 11.923318803371512 0.5654601794075179 -0.4859976493368687 -0.5135247159195486 0.42468039333503776
6 11.855348089743458 9.550381506168812 11.705639093135064 0.5725144346967321 -0.3961498749643376 -0.5058291538358666 0.509342091093316
7 12.062109214148395 8.540434587969596 11.572048316996328 0.5994166789141806 -0.4185410647971057 -0.5114659461516118 0.4515812308380801
8 12.186070026873695 7.617405978431718 11.39608320256197 0.6553642358588012 -0.45232294744467966 -0.39361913343630694 0.45930996871940183
9 12.492658801599369 6.620839379572299 11.247014262845868 0.6110877861294883 -0.4816587463801875 -0.39673832851412205 0.4870064356521866
10 12.753447902145469 5.712599703070432 11.200185912846807 0.6567292259234074 -0.40073955427647445 -0.3913485590812025 0.5049364700250931
11 13.100386879335831 4.78645878151867 11.13582108676478 0.5830724952492804 -0.45749478571009844 -0.43876825141407017 0.5081411298870507
12 13.270726788362996 3.8443244361672644 11.091291264477851 0.6200173173070535 -0.49714896213616466 -0.3089702612001626 0.5224546041334142
13 13.568108595580371 2.9237989887542737 11.275668841207334 0.6846833079755165 -0.49665804139293057 -0.3283983842789801 0.4203499243516019
14 13.569017724947408 2.9120557935871836 11.281990824366773 -0.18928084979264212 0.7280168448798449 0.658793028757181 0.012489144642909436
15 12.662129985581624 2.694243237794269 10.979841888853496 -0.2650662987039537 0.7724119437501491 0.5770810280330357 0.00985563431939773
16 11.814469855312279 2.343460996746302 10.631726415808833 -0.36742781427393306 0.6921149201802927 0.6211490853740601 -0.012147110795408261
17 11.014664835359456 1.827293582007793 10.181765656830812 -0.37089849127698216 0.6499837502814372 0.6523896505513808 -0.11976300510585154
18 10.369226680049039 1.176740390551199 9.922634509193587 -0.466560981658729 0.5450777190481035 0.6793511984902404 -0.15392556545562566
19 9.78975371635972 0.4583652239221435 9.423144149438558 -0.5018469367609413 0.5652517576457917 0.652849243800351 -0.049274409294409495
20 9.79686145947178 0.5017395176863508 9.45578809593935 0.7755837572618214 -0.38651250585270314 -0.11235839024222173 0.4862648562597105
21 9.79382044531651 0.5637335003175107 9.447064922216336 0.20518494053767034 -0.24619679249990364 -0.27260906174804056 0.9071772588596813
22 9.81252981998293 0.5941280052253266 9.422991485105518 -0.0181122134159887 -0.7639439197695487 -0.3900748677084805 0.513715128017973
23 9.341453855821731 0.24190200551200558 10.282635314622848 0.02325843092781726 -0.7332530649478719 -0.3793499769238998 0.5638196370677101
24 8.959852637072364 -0.1872549255070053 11.142696290848402 0.11531302649168275 -0.7635406850231937 -0.34771461888723976 0.5317923204106487
25 8.524140562576891 -0.7088585630791417 11.941965511534365 0.0313917032905379 -0.688177382559295 -0.3538781069202141 0.6326110468059519
26 8.569939478393282 -0.7011055079761722 11.945085834508555 0.4244608059686607 0.24687305336289003 0.7594091180261714 -0.42683077580984147
27 8.588922812689294 -0.6932787522170961 11.976204223840535 0.5375588530539341 -0.3937421242145439 0.7446515536807911 -0.038622308620042206
28 8.19554144519948 -1.1540371649406125 12.780485510718089 0.633788923650434 -0.36565015945510404 0.681540673876748 0.010671035568751229
29 8.136274877808683 -1.14196130802727 12.718535608483906 -0.1933721424146423 0.7178699026798057 -0.5321040716679126 0.40513611821076456
30 8.16674127621318 -1.1453350665291715 12.76159201965598 0.6864158970188856 -0.29486619878980574 0.6532872800945363 0.12289373782944482
31 8.086340747714296 -1.393228125073627 13.766340737241384 0.7174905300359598 -0.33190902379389337 0.6123731551597724 0.006546607714486012
32 8.121860636910847 -1.4077508799843201 13.802731215788837 -0.19881096131151707 0.7495450092517437 -0.4472633024126498 0.4456590839230416
33 8.069660860092736 -1.4327165308248124 13.832388423120364 -0.14949936802061375 -0.3155479821756806 0.8545875752160341 -0.3843949611957376
34 7.471356892628247 -2.014514461695948 13.381960550500578 -0.15078242829315455 -0.34093265127143096 0.8019058553945929 -0.4668796265622638
35 6.978677781377684 -2.6777949233715956 12.875465984102911 -0.19546751443191424 -0.4278893078942438 0.7559459668808097 -0.4552459622536284
36 6.472283336212831 -3.2542157097990523 12.176400215546185 0.2412540508788267 0.323431718876684 -0.7548568371063259 0.5170875763667716
37 6.17246438846222 -3.8915560150815667 11.48638557916384 0.17590966856403803 0.28514329473520517 -0.73753898537027 0.5863321030203227
38 6.171583961642248 -3.8918731515184257 11.49147412195265 0.13854217707841712 -0.3484128363908338 0.9267191596063156 0.02462031330082504
39 5.231999301599936 -3.931778201886471 11.69848782159847 0.08741392041931839 -0.41993956593733256 0.8982544337219 0.09564799933212824
40 4.251228799408414 -3.897486362719054 11.9315685452605 0.03113115045679604 -0.47902765947860565 0.8527598556103702 0.20582512379460893
41 3.3112383673950725 -3.5071729369212776 12.189195072296583 0.0476711676921258 -0.49779009073750635 0.827814400431836 0.25427505534773653
42 2.4937509126835744 -3.1281694201593835 12.479064373064267 -0.08947290023417905 -0.5428025058884592 0.8037399227677553 0.22663224897215473
43 1.6533799772351896 -2.6215716796542994 12.60140243498963 -0.13505987031053643 -0.5986216709576057 0.734007788715492 0.290935547151975
44 1.5839753201205853 -2.6415547638991415 12.581612606559698 -0.6279189726282465 -0.10412158672455789 0.4144125435757468 0.6504911242426971
45 2.1353674507609424 -1.9801864855874085 12.17549826027914 -0.6745078024229414 -0.15431676421122167 0.4115083002200086 0.5932002019588265
46 2.8124014847815473 -1.286751941743482 11.834479455878391 -0.7089109362339358 -0.1765144917840527 0.4007638990682008 0.5528799289916361
47 3.4663831886236913 -0.6256313811519758 11.470462540303284 -0.6934516204707433 -0.22767594523535709 0.3416593390875263 0.592078888360295
48 3.497975642486832 -0.5923692939560055 11.487580787684326 0.878710978658465 0.4612331485988082 -0.12285060684810827 -0.0062231033868680894
49 4.111054894655335 0.24717067789506475 11.308569293122009 0.8600569637456514 0.48555829852360083 -0.15455620857157648 0.025446733374957384
50 4.603748883253963 1.0557495447856384 11.072333577615908 0.8918549551360286 0.43106288741712967 -0.09145344438371945 0.10205779539688865
51 5.205621900400912 1.7532504000854283 10.828396948341254 0.9112808744076458 0.3846510510407495 -0.02990073954771769 0.14393291022758709
52 5.951455893625431 2.4175763286737513 10.666736022125383 0.8797249505720208 0.4282702315151881 0.04564566554415982 0.2014574231841887
53 6.544115654536333 3.1947542284142334 10.619795488589332 0.9011489981383671 0.40799377381577057 -0.030837838539528466 0.14325010085857776
54 7.206205032182351 3.951746154440847 10.447356364394661 0.9103227774346448 0.354088734703611 0.04319756709658067 0.20992279303735956
55 7.929762160576641 4.677258339781063 10.40373917882412 0.9100665404541987 0.3796132457408792 -0.05977983815023238 0.1552386760911506
56 8.611561563477249 5.294529631803543 10.165398155707491 0.8625019695936211 0.44886589901122953 -0.11787052110216352 0.20178279759947165
57 9.183027676555003 6.044205033675866 9.708628050662307 0.7958608492447636 0.523263622480847 -0.1277884802014818 0.2765335320633297
58 9.546016545915162 6.823337595613417 9.227611589384525 0.8059466438868162 0.438017683149429 -0.14822738504957186 0.369620289996842
59 10.073199382368395 7.409952117249996 8.69675191646998 0.7825371892389351 0.43463851621161703 -0.11735721876959825 0.43006068279494647
60 10.68586251010133 8.015084635132123 8.094839411938358 0.7694185500349839 0.39223046479227425 -0.10278513240536641 0.49354389258434817
61 11.347724116834797 8.51391211580423 7.5690029661943505 0.7752456791229335 0.48560219186485293 -0.10250872613243549 0.39073854343278885
62 11.821441741197535 9.199544643695209 7.054113005430167 0.8260937312318062 0.4032936153076247 -0.13740417594907794 0.36884075087139256
63 12.491937840144388 9.789140324812504 6.500885778890496 0.8835987795725541 0.344897660996513 -0.0719142981748811 0.3084268696061381
64 12.490270154251187 9.777857221961558 6.449497967815801 0.8612884365000185 0.10974448877295197 -0.3126628924882472 -0.3852016251214416
65 13.30514530913002 10.242815276285274 5.995103943385959 0.8443421107807244 0.0801504274254757 -0.39852541424895205 -0.34905558746933923
66 13.95917488915691 10.708524998134449 5.3449651207287125 0.8167133312827082 0.19786308156879256 -0.4250808480377367 -0.3363566679712491
67 14.546696153471732 11.321321643502406 4.717160413022327 0.8554274967389174 0.2744418355457878 -0.30715007368321784 -0.31398138314499147
68 15.235372894123998 11.981146548877346 4.402583388491058 0.8767404444362943 0.23479487386891024 -0.2750557218869016 -0.31708344351575185
69 16.000152200577954 12.494795381872372 4.0742854235251995 0.8284337766978629 0.29300934954306984 -0.3425736933412169 -0.33239474023669535
70 16.011998653653414 12.522332767504178 4.0341318776894095 -0.363634099184816 -0.7499384697546647 0.07436759195398071 0.5475691689266702
71 15.85110643918494 13.158202503850836 4.776188038064671 -0.3499734193191954 -0.762023869054735 0.049943440714241075 0.5425346822927579
72 15.613710443072737 13.740484102909265 5.611344337775374 -0.23049701856692853 -0.8089588232666539 0.08643259618624843 0.5338409435471293
73 15.305482495708423 14.227283054386119 6.457606730035671 -0.27507464530884596 -0.790813010480796 0.15231576664376717 0.5251177288896575
74 15.01102872646022 14.79250967733666 7.235924815863481 0.26907023906613303 0.8390327847869953 -0.15215152039160104 -0.44774446656993694
75 14.564646250488428 15.357574732313726 7.86882748354258 0.32266072826417813 0.8732690874215979 -0.11545935238016024 -0.3463528451418198
76 13.995791149047152 16.000920995056514 8.48137975951801 0.3322299361737297 0.8471772155069413 -0.21218770247323526 -0.35621680751339396
77 13.46204917657128 16.74499070229404 8.914469123265073 0.3163489353456115 0.8052831325016381 -0.2728376906777774 -0.42071608260163285
78 13.47440875893011 16.74275074999892 8.862465879071843 0.4391256099232293 0.7501073375259157 0.4896179436521148 -0.0691516460628953
79 13.44065627343536 16.792386628923527 8.827752688173387 0.84367033032355 0.23215808379746936 0.22514783454547557 -0.42852240368354383
80 14.172303354194408 16.988081382309694 9.401908976350885 0.8752460336691354 0.20672749970180995 0.2542332539223342 -0.35577180047545404
81 15.035878928680363 17.169899045612883 9.975688189214074 0.8496291866674986 0.1406547515959259 0.30710114883887096 -0.40501280275820706
82 15.029574809347041 17.239417073647395 9.987984979664274 0.39284905242882295 0.7294317019316067 0.5538535078756369 -0.08273636465779279
83 14.363390495789986 17.734890926279174 10.4695277894578 0.4040163881100237 0.6897542251001493 0.5667907084805129 -0.19939448306104493
84 13.761860466391944 18.05562351714204 11.132150430723582 0.36045647536778397 0.7391282721495256 0.516417262801625 -0.23890110371274545
85 13.772102206859035 18.109498351432315 11.135774931024311 -0.2688063718703791 0.7747214633476917 0.46643033204612994 0.33165122345263737
86 13.129711815033671 17.95930432692106 10.39654238116426 -0.37281910589306544 0.7434158316711497 0.4907459218683101 0.25982158430625074
87 12.565445016093845 17.662108696763216 9.590432764821548 -0.2735827048132552 0.7247982045383043 0.5750806508794272 0.26287318484244004
88 11.89141505517324 17.513402990791572 8.900789928885047 -0.2992818172779152 0.7321320754313035 0.5231049379514239 0.317449589482042
89 11.89873719689715 17.463823067702346 8.921253862050055 -0.5318344502309291 0.7890289710715009 0.17429488516891342 -0.25339039713724076
90 11.538585364213931 16.51154465542756 9.173709297124297 -0.5074546379605406 0.8156952235758156 0.12234938818279906 -0.24932252176494435
91 11.551447129056585 16.48902587379572 9.107863209920815 -0.29529059261413376 0.748215222412439 0.46172855325828926 0.37387723917069987
92 11.52940615893793 16.498136366750096 9.11560553091082 0.15292194811159587 0.25859576596460404 0.5334893952690887 0.790653004007672
93 11.766595298494416 17.414556354319775 8.867070708641519 0.13049852807974432 0.23317121024865642 0.6140227647625789 0.7426825467408772
94 11.945022815768349 18.353813592019492 8.712574480188122 0.18698969104412066 0.24317377638159918 0.6647912298592686 0.681141681756253
95 11.980017201803188 18.331947471309842 8.675668922149423 0.5553332716450916 0.7446202167314036 0.26179894474098886 0.26192938508563823
96 11.795282655029782 19.258598624305524 8.590518966443144 0.6165783722798185 0.7317264018446688 0.19894064747521722 0.21173143947549347
97 11.646978665610122 20.267294329451452 8.489931909524374 0.5529528880557907 0.7837354529580347 0.17059366365922332 0.2256094973327755
98 11.310460322692569 21.231382390346916 8.29050768100009 0.5400517441502473 0.7794512115995599 0.14159722101009947 0.2841657076046832
99 11.121064015775746 22.12628628518632 8.022936881540655 0.5155013880321055 0.7943679795236156 0.01858559776268875 0.3207684641612141
100 10.821232250215308 22.905468896564486 7.5461794124470325 0.4405931859562145 0.8099864764775464 0.058528442475490015 0.38258851764504703
101 10.842139309807035 22.959220770234374 7.549967669190673 0.2650740808750353 0.2826811974268194 -0.3113153829197718 0.8677037539547184
102 11.466983221764801 22.57742415665424 6.9462862336298725 0.29185340089726935 0.21900989842406518 -0.3584856033470541 0.8592696485794648
103 12.136494941110033 22.028173722476048 6.364965400520429 0.2523611476869064 0.14412772526147774 -0.3297219980861369 0.8982340752427426
104 12.856006606675722 21.48806375823506 5.87348641244278 0.23758005989788675 0.21701092656464654 -0.2758355738330861 0.9057464927332824
105 13.617433521165228 21.049766849887227 5.306412821751527 0.17522855360606024 0.3244037846630094 -0.2568721010309898 0.8933497983485353
106 14.283289017910226 20.633529210139162 4.647647558480422 0.2667201019074523 0.34041435180482477 -0.18604267850982073 0.8822508589379047
107 14.993750031468538 20.5022949426456 3.8870046358412864 0.3811500563126787 0.34624958028189035 -0.12242583205608125 0.8484384352284099
108 15.7328104756352 20.520307407641678 3.19824913042192 0.43866327067957805 0.37033474239727104 -0.17007172559428962 0.8009384006798667
109 16.406065092853133 20.605995378046785 2.4302096001330216 0.4844734933345927 0.38030579915097446 -0.07774327676512736 0.7839699715589467
110 16.41560110734168 20.55048934763986 2.4281213452968755 -0.2038527812107319 0.36159829465226556 0.22411828003560688 0.8817378938500398
111 17.02399651643735 20.787753278138478 1.6554757776135727 -0.15898121042610738 0.45769172512077955 0.2281334497069693 0.8445107391929436
112 17.501525508348735 21.04004569624439 0.7896336990705681 -0.1504243113882689 0.48771980063139025 0.22369256896221504 0.8303394228907396
113 17.954882301503677 21.3120342932124 -0.07562160259805939 -0.11985122783901044 0.5553697929519633 0.26386399307700065 0.779471532141768
114 18.177954963032636 21.54700408248852 -0.9692799953022112 -0.10044780064151837 0.4865997740179368 0.17273600658176477 0.8504664433721997
115 18.69097130395671 21.811784405000665 -1.852216904502365 -0.026905475327677664 0.5722331342568775 0.14735575398052947 0.8062949939226781
116 18.668968562093127 21.80505525216576 -1.89283487084846 -0.4988622466671914 0.32378062434083205 0.589180087253131 0.5469637930759359
117 18.735704350898846 22.08316996318469 -2.9019701995867346 -0.5414609032294938 0.3742083202367015 0.5234318838427807 0.5411167030468792
118 18.694636693674866 22.111375888611633 -2.957637960277355 0.7516163760431965 -0.6256610498377171 0.010271402535394603 -0.20860386446471507
119 18.863762901021964 21.198390160021518 -3.167248393737036 0.7167826475700524 -0.6565759943491407 -0.12093870634683589 -0.20125712184679692
120 18.997537942730105 20.330253330990203 -3.613152550265423 -0.6723184041324495 0.6976132997715353 0.15376726247366893 0.19411150516653866
121 18.952091141982393 20.337681850959697 -3.561539616749904 0.6053337827857387 -0.4746725838412724 -0.5508142038500053 0.32382196096750715
122 18.897277150377384 19.46178699892497 -3.922135412686824 0.6643132842110385 -0.43519302200774795 -0.5395276533065663 0.27965122086988353
123 18.910618511198045 18.587227125621208 -4.381362043470284 0.7264550406581478 -0.356689779504034 -0.5049648514325371 0.30007661341305386
124 18.856887399338632 18.54420452177867 -4.362638318621647 0.30809072219494166 -0.7489130638244366 -0.12765802775315124 0.5726366716170628
125 18.83277714992268 18.531505992291862 -4.436212866860979 0.3746958150768653 0.7470309052340979 -0.29398085148990044 -0.4638136821464844
126 18.78493225660717 18.58690135273373 -4.469108241806396 -0.006224752219774879 0.9034843226115229 -0.40733777025762785 0.13324140563857745
127 18.736304617037984 18.549722496858752 -4.446382425053727 0.6760954250928167 0.6095755896892765 -0.11342631644384223 0.398054075926268
128 18.996805678572926 19.263601355002997 -5.103377671838368 0.7033213434207263 0.5676834392830413 -0.1033812839113151 0.41519502741421427
129 19.36499685899403 20.044329857182333 -5.709435393662046 0.7278191319908326 0.5060705698889993 -0.18889425079758507 0.4224817764305973
130 19.773450644447728 20.644581164407363 -6.422015623485748 0.7406575118234062 0.4945325825751438 -0.056712700190267105 0.4512733590499754
131 20.248990359477705 21.37315400229464 -6.956349620010282 0.760756279076795 0.42096845587732895 -0.011247203688958587 0.4938713834700953
132 20.317903858095097 21.390532141601472 -6.945795036642547 0.1744830890408964 0.29214557033743405 0.3449770175876206 0.874755665718898
133 20.859719730172507 22.06444576301146 -7.342229851641948 0.25125884049268926 0.2944940571015405 0.33502550240327184 0.8590111513511214
134 21.508986817384155 22.766348199802426 -7.709205366117412 0.24411055290249373 0.35711846743635084 0.2562169628587159 0.8644242628021301
135 21.467972974044077 22.806468021987826 -7.722555916702604 0.00538816206998535 0.41461603046873197 -0.468233905255228 0.7802701615192631
136 21.436906637447844 22.821834213414522 -7.759301621937713 0.1915776383694237 -0.33901393277759057 0.8799491913786014 -0.27213412584902125
137 20.618867653305358 22.23712213739823 -7.603447485775245 0.3127836974367985 -0.3493780920440395 0.8577603362279279 -0.21059086640114216
138 19.84276009351729 21.636785330609776 -7.231010295289789 0.27339863156323513 -0.3432548465431601 0.8550595352187574 -0.2762290531704878
139 19.815288844340767 21.660540807249465 -7.211369686426909 0.3677157706590492 0.01645321849334286 0.8071417307419119 0.46155891292963064
140 19.50015862862035 22.430949553934074 -6.640065671514563 0.4688179557587323 0.039055498454077076 0.7857160656068819 0.40166485612503905
141 19.563320238748087 22.428300464086593 -6.634871093657256 0.2961861054377689 0.29848528739868063 0.2886859627542635 0.8601399531824909
142 20.210058265082797 23.132275191785514 -6.983468733851057 0.271079696268602 0.31016986118571516 0.30477265709636936 0.8587340001242384
143 20.833863864506682 23.79629609837023 -7.3681372845064566 0.20047059683888782 0.30569022061334555 0.4038607333072577 0.838606902497796
144 20.78772490329467 23.786423215725236 -7.315714566953327 -0.3974895722940697 0.025755434053703764 0.5609706210998603 0.7257070068540193
145 21.183617194519744 24.602553162026528 -7.851467079023866 -0.41219934699727007 -0.08801388138302266 0.5825972509215561 0.694928556211043
146 21.470079750356266 25.533189072553537 -8.200427000505412 -0.4531950539889417 -0.18461502068534402 0.515953222775486 0.7030816517908143
147 21.877002862590274 26.485301763497063 -8.357460830879077 -0.35967721998426794 -0.1946412485346468 0.47754928428463855 0.7776205777064362
148 22.329654164595603 27.315101009440824 -8.458460106263184 -0.4487034681293852 -0.19804733769843358 0.3906890962642515 0.7789765591976736
149 22.874894133048194 28.085583861842196 -8.516371668202037 -0.44176856727301833 -0.21045509532056403 0.4846458090457785 0.7250293963678436
150 23.29492074443282 28.97115854959316 -8.570313921405676 -0.45212910134448914 -0.2800786472059043 0.5246433210278499 0.6647440205053395
151 23.55917517431008 29.945167935682118 -8.667858358082382 -0.43329276343223916 -0.3394432955033832 0.5730548485888542 0.6071604160383492
152 23.685596743050098 30.9842040845853 -8.749079111823084 -0.3787454555096102 -0.4544813065470667 0.5367159080875484 0.6016100530541743
153 23.70078512922455 31.92193664735979 -8.591681183102976 -0.33709232337052025 -0.39516864216622216 0.5900381156492902 0.6181144973661455
154 23.69318392653228 32.88124217986769 -8.568779380919269 -0.193474256679545 -0.4224691420063299 0.5932244820883523 0.6573980908899401
155 23.634809459720753 33.77773150381978 -8.1959405005829 -0.1875062914384126 -0.40854997015838124 0.5213785784663392 0.7253224734357937
156 23.770248446838714 34.685540776770026 -7.737482857919576 -0.13913137038502588 -0.37949529196789 0.5690804124877508 0.716081887266925
157 23.89675362239093 35.582818058349325 -7.35762327925053 -0.15780201161649163 -0.25099620033958414 0.6459263834859711 0.7034760405739582
158 23.9027396666002 35.62817860867756 -7.407661749318678 -0.35979731030018525 0.6756140322264123 -0.6184396475920608 -0.17783131683066464
159 23.24558428482208 35.323430259043626 -6.7762570361020344 -0.3709745729468748 0.6534607643854494 -0.6400349504214944 -0.16038128904153195
160 23.285248724875803 35.3047906416301 -6.822806707089587 0.36019282942389347 -0.12604223219243246 0.9036301719203508 -0.19449162894776625
161 23.305194218175536 35.258306575403225 -6.828467222018281 0.27099397712265355 0.2260801948477283 0.7830359585746657 0.5121569070508656
162 22.9942522426323 36.24187343710807 -6.616202771931599 0.16127170203096228 0.2165200383016477 0.8114254522337212 0.5183620806011813
163 22.93509227967475 36.26414904544898 -6.583751096841031 -0.5465932700753472 0.46364973212246363 0.6827233577937277 0.14196316329936848
164 22.585683063663726 35.91301908732261 -7.407466811932542 -0.5842445354103072 0.4203508625419204 0.6827798660806917 0.1255990831108635
165 22.546540752466225 35.94260465852136 -7.423238869319196 0.0463851985414464 0.28459397939068587 0.9140844732325338 0.28513901179257295
166 21.743169956384286 36.5024884213695 -7.51847698148457 0.003680876303369248 0.2248256475477598 0.9217360255630724 0.3159787627888312
167 20.93297701371346 37.162700191946314 -7.654677263802103 -0.059666010426576155 0.20012284336389788 0.93483434281818 0.2871855954803885
168 20.127417135874808 37.70856446691213 -7.915237239964667 0.044063800103297766 0.23006241795750024 0.929943428006388 0.2834340947587859
169 19.22481900147614 38.22846212333204 -7.968730942516381 0.04663000940916158 0.1824941172650031 0.959030849192165 0.21161609032378192
170 18.315899918619568 38.65392356971599 -7.931742551588889 0.04416796422291875 0.1526901426073994 0.9407130908008428 0.2996561230525078
171 17.521298973488168 39.26593383577163 -7.972347202048597 0.11473359278156019 0.19113153618252005 0.9208797084174538 0.319821045569127
172 16.741736422246827 39.95942356529624 -7.909862944598679 0.18822764481608706 0.2548166554805218 0.8918434593000755 0.32288398833076853
173 15.993277862740673 40.60688245072714 -7.772737812508252 0.23567133569465343 0.3177511346650098 0.8839774754605624 0.24915268577594524
174 16.08310011482184 40.50680470198602 -7.760903874247367 0.8517036334010554 -0.2556721627977923 0.02455717673909894 -0.45675990530293276
175 16.91531800707953 40.035485173497065 -7.980751224494385 0.8606012637044351 -0.13990153868254646 -0.0034505664986784436 -0.4896745020678769
176 16.95106080740713 40.074365477001315 -8.005172186861138 -0.5960755396774309 -0.1695180726080603 0.6435302576949251 0.4492509115055977
177 17.08241949080728 40.814719931314066 -8.636756684901037 0.6635361121209816 0.1939712403527773 -0.608295169162875 -0.389964066293916
178 17.25169935153385 41.59595741930269 -9.26708987479428 0.6874758063494726 0.21953900985048144 -0.6285869690083133 -0.2899276827606391
179 17.20773328477293 41.58762214700205 -9.316830472882817 -0.13414292115014587 -0.29320933760483125 0.9465807763371034 -0.004335310333551426
180 16.191548882043822 41.693947790650476 -9.548684336403477 -0.1363498376353409 -0.3225479134898298 0.9333680277745304 0.0787127055084277
181 15.21148540180832 41.93343709421485 -9.728937562217839 -0.05448773466728242 -0.3464544032362264 0.9259771590569856 0.13988114295290704
182 16.1085830740635 41.603939908877166 -9.750617635984836 0.9495303214073934 -0.08881964047982227 0.1470593552391961 -0.2624438725320881
183 17.03750812679905 41.37754464677523 -9.564739885235 0.9407655227901532 -0.08620368590507846 0.10212160108967824 -0.3116092653574801
184 18.004478480430496 41.180341611241566 -9.378080151515388 0.9679483863014383 -0.06492514746541421 0.08583733979122993 -0.22691980473418402
185 19.02241972604889 40.9941377553832 -9.246270112487043 0.9725698262479275 -0.09591750314339746 0.16300997647573764 -0.1354086896480111
186 18.990563617999445 40.99465483530482 -9.235211344441835 0.7304197228475294 -0.30408286026027764 0.01980373791282468 0.6112515476757069
187 19.73924114996238 40.55603278064372 -8.835702910805574 0.7670512815438769 -0.22405687594721216 0.028778489760077606 0.6005019952921067
188 20.650979600252775 40.213386132560316 -8.583219471868944 0.8276235592466559 -0.09977679434005324 0.06249597047396271 0.5487969471176379
189 21.679325881249543 40.141195953990405 -8.390340108355625 0.8308265897873924 -0.03064999909693649 0.12331354647477227 0.541831638531219
190 22.672400842396357 40.22983333573712 -8.163377320411863 0.783757765468439 0.03581253123357155 0.1555708003955496 0.6001990950833335
191 23.64894308442104 40.522726594064274 -7.912059870465557 0.7941994183837742 0.16512248081707873 0.16808220885951877 0.5601162568901166
192 24.517421947914332 40.98259827580284 -7.7762559518637335 0.7623744343837505 0.04578315781609567 0.18176334580981277 0.6193958430426103
193 25.459506568944043 41.219840014818566 -7.516821149961092 0.7636460751792236 0.03529305351547774 0.2959649865328885 0.5727161591779198
194 25.397185213310124 41.21203581642099 -7.495504044568828 0.03987231718135034 -0.11496186307442695 0.190081449308011 0.9741986506816834
195 26.251750172564538 41.607682979830344 -7.320407646907476 -0.009572361195521701 -0.19547656302372565 0.15595777898735275 0.9681810029033341
196 27.16988901421814 41.97207722248279 -6.981688650439041 -0.011421327296113906 -0.13899283730650122 0.06799575175851877 0.9878902379328776
197 27.153909399651248 42.018327867503004 -6.994862259875568 -0.17701548052267094 0.574600093698704 0.023426584314403788 0.7987186282566147
198 27.477950667758794 41.85646332236025 -7.873435698461417 -0.08630029538679755 0.5934840187876985 0.06331532585769065 0.7976967769593207
199 27.7756119952077 41.81741616678115 -8.850237668234433 -0.09759247037945133 0.519153178817776 0.19137484470470606 0.8272432263022065
200 27.724846772309522 41.762879318712066 -8.831948585515203 -0.12934082138588404 0.9584329518663828 0.1332070386738005 0.2166405168653202
201 26.853625551626152 41.631699215913414 -9.30864273935359 -0.19100737426125436 0.9674051964351492 0.08557435015086959 0.1425496386678949
202 26.840290428954148 41.57679928850085 -9.374236769179534 -0.12680764279308823 0.7331989239749909 -0.628994071230971 0.22517907977310933
203 25.957603108901534 41.05106284050749 -9.605432987908362 -0.14453236858715768 0.7402388930673727 -0.6375469875896312 0.15713247352588647
204 25.01004149639495 40.59646347780594 -9.651143965986964 -0.06060273530406869 0.78752718237135 -0.5898511442539797 0.16794008789499362
205 24.991482306881235 40.635550533107214 -9.619934703704999 0.6139252435231514 -0.5176518392539008 0.5334559483599306 0.26562590205305425
206 24.996251284245638 40.56948123950208 -9.594379327992065 -0.02164605645723407 0.8390404678433849 -0.5097702273790656 0.18888318304946947
207 24.02025091115655 40.28951885249192 -9.871167239856849 -0.012903489635195154 0.8356097884901821 -0.48957215463573817 0.24881496486334626
208 24.041256013473017 40.348890306078935 -9.852753298701636 -0.1497539907256991 -0.260145699501413 0.9484945384545957 -0.101272246022544
209 23.05322848190366 40.184874260008655 -10.176046193632226 -0.1033924453750334 -0.3295525864218203 0.9379216832002253 -0.03174919219311342
210 22.050873195577246 40.163125495356745 -10.393737143360232 -0.060854666157303054 -0.4159618073038075 0.9071495273970299 0.01876750955183111
211 21.038117412378277 40.237466194687485 -10.418665025390952 0.04816224829605608 -0.49688708274080723 0.8653380383391513 0.04442639134285315
212 20.992862987714396 40.1952808013352 -10.384393228440633 -0.061484618384625746 0.9467353303812378 -0.31542997877223883 -0.020390792082946776
213 19.995338036582904 40.08021472804122 -10.235420065859179 -0.14262989566905385 0.9357256267255812 -0.3183985850577761 -0.05192884924258099
214 19.10596363230297 39.8067206961937 -10.0473450049855 -0.19188294459981697 0.8943119058889357 -0.39787036475186593 -0.07131846471440494
215 18.17701244975124 39.54249745448149 -9.780265043715215 -0.12246575080930078 0.9411141327012297 -0.3147365567169952 -0.015723516612254258
216 17.20253734887053 39.37894436493869 -9.654343600342619 -0.17593814863218746 0.9552677241646496 -0.23276857209818688 0.048250749927229664
217 16.27801158987129 39.045747828613884 -9.689813532348243 -0.1720469121061637 0.9310959718151475 -0.3168546365012369 0.05534700201464143
218 16.31633416245221 39.06761585041296 -9.763026182855953 0.140687739692174 -0.39552720496450233 0.9023440706806463 -0.09767480811732439
219 16.290967934686492 39.07375068912605 -9.811465606139215 0.368660817597037 -0.0577716082388005 0.7358496516877995 0.5650459565036519
220 16.19987581157299 39.83558056634492 -9.251783673771627 0.3534347725765502 -0.03795912630838926 0.7853308759899142 0.5068514392606307
221 16.13085068344083 39.832198319299614 -9.266513285359876 -0.04506640213272478 -0.5275195538413284 0.556774758014303 0.6400734399676101
222 16.133295434059868 39.881176965990086 -9.317680688515098 -0.447194527122305 -0.37630285296820454 0.8100928424849204 -0.04650595998954729
223 16.134456218473 39.947549311386574 -9.33824233246979 -0.014135750292911104 -0.48401105000938527 0.6012689730914526 0.6356171064642747
224 16.074912542921794 39.89508298792804 -9.372898605154349 0.36741902318366504 -0.33825548151100293 -0.034373565757446815 0.8656817825319182
225 16.099624169448127 39.82254262224667 -9.363588589046625 0.858584912017055 -0.33009530157235534 0.22268498169533385 0.3229248204518662
226 16.818226517880507 39.43241169002685 -8.751062514307733 0.9051124315920495 -0.31783932019015676 0.16433229452434905 0.2296618159271339
227 17.567216234017835 38.89569533262013 -8.319219791320455 0.9066207978852984 -0.38702188658954684 0.12836405906639337 0.10851477541096417
228 18.240877675300982 38.287068134889054 -7.968091311132274 0.8959213879182231 -0.4264980460048073 0.07454427904533786 0.09933495802775698
229 18.87292266398755 37.49358748161339 -7.790169900365139 0.9219306538149956 -0.35550367006355404 -0.011405148033239368 0.1533979554164197
230 18.903883177609515 37.45541283072523 -7.7687989119852885 -0.702881821380842 0.2541707069191516 -0.14949307517750177 0.6473068958311375
231 19.757244300769507 36.9445501702725 -7.905260586830015 -0.6497560352056896 0.36697848924573434 -0.1582184936118717 0.6466148710197527
232 20.45115276263168 36.272416057190384 -8.181522185048237 -0.6306246551717322 0.3833328028101331 -0.2585403105037074 0.6233180684240655
233 20.46916108556542 36.30338627978348 -8.176377262005104 -0.2486506927600212 0.7438436978108477 0.3048504188645708 0.5403106590982073
234 20.234505584792096 36.28373629579211 -9.092102783024883 -0.23696918421769983 0.6931197218503629 0.21109598291494697 0.6472010065740356
235 20.181975811147115 36.28715052576218 -9.041438793420335 0.406087374950535 0.6195417344720556 -0.3124503701653431 0.5946728927205948
236 20.24304799009909 36.484543945405754 -10.065581459657782 0.40964184091194816 0.6496806422179511 -0.3947992778695315 0.5042243106943931
237 20.234448641573426 36.43706387406341 -10.025815857430105 0.03135465676967603 -0.018727993450573164 -0.5793312632180814 0.8142735628879969
238 20.58612035274446 35.48477968693077 -10.044103012416132 0.10648548950292536 0.0360807240484665 -0.593939594275989 0.7966145744516189
239 20.818901549210775 34.58420445121645 -10.219714459275787 -0.019088325495082527 0.02728275430191881 -0.6627057230993846 0.7481392996754118
240 20.845200751746244 34.573633399958304 -10.206292247724276 -0.5664171845340077 -0.41880691250445967 -0.45281027428704335 0.5465667375564853
241 20.794708954686755 34.59806195137741 -10.217776815876585 0.744540054875608 0.6667269156888841 -0.02350675861499909 -0.024140399359353484
242 20.835043795142983 34.58929653464889 -10.172059431362936 0.9969109217227884 0.011284683259580763 -0.07756720018352141 -0.004959791249692242
243 20.88184785879042 34.54276811066139 -10.212942915427499 0.707351567798101 -0.03762037929708202 0.7056674340118664 -0.016490578225744793
244 20.909355623928256 34.53809731911431 -10.249045611509747 0.5820330159575186 0.490889854544576 0.532095389489049 0.3703231231304577
245 20.864397454461393 34.57055999141924 -10.204010708037691 0.05265612460671812 0.7823844212123866 0.2098960276230579 0.583991102306892
246 20.536085250520557 34.855430930520036 -11.105704480645995 0.027584647026477914 0.7704585324217588 0.1586433176980524 0.6168184780117142
247 20.27757668847475 35.03257199788911 -12.001810817312437 0.019511295563600043 0.7587208215662465 0.03531333509718816 0.6501653579141093
248 20.075606296265924 35.157097936214186 -12.962107436369314 -0.0428864840771199 0.7467065768093902 -0.025922299298795477 0.6632631996667444
249 19.914910811610703 35.11597346515489 -13.926323379264414 -0.055070475453848924 0.7351545135471507 -0.14296089645213028 0.660361466191162
250 19.954415596504514 35.09740806528926 -13.868271806570144 0.6122638514770036 -0.5863691937405235 -0.3921448124367161 -0.3571086541734962
251 19.956607664117108 34.67998548768569 -14.76336133685178 -0.5978497551779284 0.5986312663851054 0.3834747863391602 0.370355728161439
252 19.959173678667707 34.18134698982357 -15.687447400138801 0.6239519934613711 -0.5687430109520201 -0.3084391386549936 -0.43827000250368076
253 19.980476845090955 34.22445048525871 -15.709929529834529 -0.018666706297798836 0.8649219282645856 0.50101671671494 0.023320841649564977
254 18.93124613222124 34.26293601816851 -15.736654894340935 -0.0015273902403872411 0.8304983060493136 0.5541887802451378 -0.05608053654058856
255 19.971077994837636 34.28597425590127 -15.853781971001565 -0.7986843886978809 -0.020097137359830024 -0.05998143425248831 0.5984158920560589
256 20.966362676581117 34.293187867478245 -15.708935006752473 -0.82974666491562 -0.12153385817132928 -0.06572554379423466 0.540768107669408
257 21.8774719630066 34.455120330417714 -15.509412605602206 -0.7852336102515459 -0.14846201031645723 0.03412006413655397 0.6001691678580621
258 21.829457421010698 34.48760430029635 -15.489298866983384 0.6131087161131766 -0.5725377023830827 -0.38937983482240035 -0.38037037977428284
259 21.92575596311313 34.039238565864814 -16.38964971271235 -0.5959312215724258 0.601629191178789 0.44887124187486355 0.2853469882344453
260 21.781335458958157 33.5958281074375 -17.30122760356021 -0.5429201097992126 0.5963714979759733 0.5492528280843315 0.2188609641276104
261 21.485984871857408 33.19697176087895 -18.169541409948913 -0.5815247469546138 0.6458638028405613 0.4403098074678016 0.22542446696702403
262 21.226929841895494 32.70790081309492 -18.946925245066417 0.629334371235455 -0.5899739556340104 -0.4748279963169084 -0.174377047712426
263 21.128677032573627 32.125261688740075 -19.729062074550676 0.6271567922026707 -0.5513434885953191 -0.48446651340464664 -0.2607430017606283
264 21.05385942909079 31.682580171148494 -20.58417194466264 0.7097901306999803 -0.5010186108356661 -0.46287095361685504 -0.17586586438256374
265 21.08656865146215 31.11620227608934 -21.428489001643406 0.6221965896989592 -0.5633574706398077 -0.4836950085982542 -0.2480703583631808
266 20.982589756047457 30.664370420996065 -22.256770375083004 -0.5495160119019712 0.6385732612740123 0.47904469942008643 0.2465208279369968
267 20.701047206043143 30.174424591809373 -23.09604422700921 -0.5677111231212156 0.6707886856093126 0.42014806823662826 0.22632326592731677
268 20.459930711891058 29.61712991635319 -23.934506156476107 -0.630800264150511 0.6454044672900453 0.40834984013417436 0.13709306478480646
269 20.315960192494984 28.937913929020276 -24.63532592640771 0.716649707014875 -0.6011276404440401 -0.3322258980941813 -0.12118048508397794
270 20.321708867490685 28.17745808978607 -25.229217238874554 0.7765683008277995 -0.5375007848080464 -0.3028271367117291 -0.12779008471369485
271 20.598443150015527 27.459278334999127 -25.79320021413316 0.7325792746809533 -0.6183030707251279 -0.263377334752524 -0.10798749269457839
272 20.733366965906182 26.61769129629778 -26.28963313807192 0.7704949009012406 -0.5857626034040995 -0.25015016891076347 -0.025390414182413452
273 20.626508140221507 26.957682810379612 -26.061843722977482 0.7650002486505569 0.1822062305873345 -0.030666207446252435 0.6169563135430303
274 21.547410955111456 27.207027222547474 -26.323357550595706 0.7970685034393524 0.10873123215828726 -0.09284923688982129 0.586718279233971
275 21.577405268391 27.16816468584399 -26.394483217857786 -0.423221201644665 0.4229033639499863 0.6292395572794336 -0.49607876269097956
276 21.567876936651793 27.208429060129028 -26.333367383544257 0.26163882045712455 0.6925631637098008 0.668502836942577 -0.07074849045600376
277 20.751304242366427 27.45786813294528 -25.851627990841436 0.38344452556157727 0.6097153513897845 0.6922350640874599 -0.04503445507962541
278 20.075002692311426 27.894460560183255 -25.342206359341873 0.482778832943381 0.6192074702883347 0.6160343847585461 -0.06331148391965068
279 19.589168630457525 28.46324017105223 -24.631058551195686 0.4462497291575815 0.6760042757044221 0.5864122250131903 0.000317507801905052
280 18.929107886734265 29.041075130224584 -24.13470113608671 0.47410343629896134 0.6323446220784744 0.6017189604428682 0.11532780784139764
281 19.44823265956238 28.259903999985866 -24.50334224676224 0.8766713867109001 -0.366024944569313 -0.30047553525973203 0.08477896192921679
282 19.421180468737745 28.277362182092237 -24.54425250555112 0.840429245059272 -0.18781183354059833 0.39375058961703374 0.32150563355477696
283 20.048156375045462 28.20215984104872 -23.750013978046045 0.8267507831325146 -0.14624642649307926 0.4815029942344061 0.2514955106380215
284 20.025829702223483 28.17298401625634 -23.698367791607822 0.43059780201219877 -0.39889697476918784 0.16942219984402812 0.7916835571251073
285 20.683972923227408 28.039774875454523 -22.90316220658872 0.39244915165455685 -0.4299794875802898 0.24047210614351097 0.7767074544464689
286 21.15083860530931 28.094655869407937 -22.038108123204008 0.39834613879211056 -0.4571216770573862 0.3264942506651524 0.7250942217093301
287 21.483466018377076 28.15823754454518 -21.12494975230917 0.38932556527258094 -0.3777240434524458 0.2882612093810697 0.7890853099565869
288 21.47663383990775 28.197856970909964 -21.066360823433104 0.5517889194355012 0.013378149141860321 -0.3621787287444051 0.7511168896775167
289 22.240429488067758 27.707717056826855 -21.5038421428375 0.6236504013651136 0.020579400040199782 -0.3739027019307899 0.6861730355092462
290 22.9139797188656 27.200091715329176 -21.94775328010691 0.6286739115673468 -0.06826498968391534 -0.3343644344276497 0.6987914059917629
291 23.662960936899108 26.661475851203893 -22.26099953432075 0.6538605095766877 -0.16008079873007114 -0.3776949196552734 0.6357571230907714
292 24.269451066843235 25.96537561473341 -22.493109548327816 0.6034469528277013 -0.1396770432597419 -0.2883401603506081 0.7302068546913018
293 25.01480642464741 25.367555874167596 -22.57056956999 0.5633038933138464 -0.03037060176670154 -0.2860633797290181 0.7745541253545828
294 25.803783933530422 24.86935871420283 -22.810824650420045 0.5350210211516405 -0.03262603045674393 -0.39167869159774976 0.747847478842288
295 26.50512693237856 24.323006411683366 -23.157136357241026 0.5091865485711198 -0.07445208502681919 -0.38500340619461665 0.7661320532440428
296 27.265327079404482 23.644975269625345 -23.424365070078462 0.41365614249518273 -0.08509878699025125 -0.4365811761077533 0.7943825708669365
297 27.262532128920494 23.655747161243763 -23.382952002229047 0.0356347956100202 0.5955935195886839 0.6484011826584519 -0.4728365754601871
298 26.764730270142028 23.065747815100796 -22.782303955959 -0.05203149192396674 0.5232546982639666 0.7138292212379783 -0.46254198458046214
299 27.30289013233777 23.7069530167763 -23.222020599411717 0.45566476871504924 -0.12613960222602563 -0.4524189332537758 0.7561584014845276
300 27.80794397637608 22.863558483986857 -23.454750922235274 0.44749775733180963 -0.07926042304804708 -0.3482623700050371 0.8198639302711883
301 28.55316703874294 22.285492008887054 -23.645995257815937 0.4236248534406575 -0.07440713654866968 -0.2603116209561066 0.8644324274188314
302 29.486888227090144 21.80376988427616 -23.74403490946179 0.3489570321597173 -0.029659182363852888 -0.32036043782331236 0.8801809543982676
303 30.264656438911516 21.22888370101561 -23.91091214004911 0.452188097696123 0.04989476327855801 -0.3604074381143963 0.8143358738574371
304 31.000296503584806 20.68228446186426 -24.325504740506908 0.4815593249917448 0.15750901256351432 -0.389601150976054 0.7690919780058141
305 31.580888018258406 20.27149142008229 -24.964191482115023 0.5008431336374293 0.13503433261670728 -0.30834823345178103 0.7973977999907991
306 32.325098258993336 19.935114359034717 -25.44643440496385 0.5770770922118516 0.05998599630326929 -0.2503087689715257 0.7750672422879048
307 33.16198118236986 19.625472398764202 -25.87149884193038 0.6547627038794979 0.03744541208126622 -0.18724480694515874 0.7313159542868894
308 34.03707730980857 19.381362698622357 -26.137044149276395 0.656764944421963 -0.08274070867878067 -0.1749616700268933 0.7288361934805034
309 34.92951039128162 19.062404513728005 -26.235019592986614 0.6756159235149202 -0.13310577203332638 -0.23479398496798118 0.6860741665209015
310 35.7181903982822 18.54599630776747 -26.373766322257687 0.6643280570339336 -0.2062795789738457 -0.1938620901566817 0.6917618505930887
311 35.73318671744048 18.52399752607784 -26.350786585216365 0.9547049164631399 -0.27071906308310467 0.11694253216262133 -0.03967562899197292
312 36.566484897851765 18.003382653147582 -26.18991464143925 0.9754225310413029 -0.21683544813633196 0.02702822441233237 -0.028332833490677396
313 36.60943669312268 17.97765194269803 -26.187461006010206 -0.685928852421302 0.265238583133778 -0.15779235107803258 0.6589777518053618
314 37.419761167194956 17.459247227104427 -26.36946559877914 -0.6790302808383503 0.24507417229999465 -0.060005188653202396 0.689388065686343
315 38.27003279951512 17.07254292126822 -26.56334577097712 -0.6038875826633011 0.2991757355650539 -0.10024348996289466 0.7319596365061688
316 39.04113946304178 16.539972263528902 -26.856793899736306 -0.6628823345312298 0.35173028688828195 -0.14741932100081234 0.6443138673407344
317 39.008901927973405 16.548494290909336 -26.79601069445865 0.6902000588568561 0.2163035442705408 0.5909612435351781 -0.3572134713716013
318 39.181064066689196 16.39990144579875 -25.874499337945768 0.6202548424221048 0.2847400808197371 0.6141785926138048 -0.39622174751220385
319 39.171506441501016 16.43123375034984 -25.825248350172295 0.6925613823987092 -0.24147140937873482 0.6591755809352585 0.16594530292026924
320 39.16471766520656 16.494263723873868 -25.815733627620297 0.05687140658234651 -0.014883704451420152 0.9621971172285846 0.2659338753377407
321 39.23358214057254 16.50415174926656 -25.77519226035988 -0.6602915018701095 0.11163193615931057 0.7016396526425532 0.24342399476443377
322 39.20443510458757 16.517461916512083 -25.735665206344763 0.9487298762758368 -0.3157882721119714 0.008707015359399307 0.01065724831752173
323 40.05275133913181 15.94739222847512 -25.737213228152083 0.9423003061827177 -0.3159312836596648 0.09785422525573714 -0.05178906808112889
324 40.79916626951538 15.384002161618525 -25.53424059886198 0.93452049695564 -0.3138422636039409 0.04169287036995545 -0.16259206286301847
325 40.81239444591793 15.31971991189359 -25.537254933692125 0.6582041037006825 -0.29402260629630117 0.6697910357354596 0.17803941503703946
326 40.82683927109968 15.266943974680467 -25.598851801258537 0.9030735028253144 -0.3952174300499445 0.025882904503699393 -0.16610691356468543
327 41.45540026111955 14.571544640296862 -25.734122482731713 0.8762125852385907 -0.46848415619633205 -0.047168915864263944 -0.10270927046136336
328 41.43286086066174 14.514655807039052 -25.74978649989629 -0.4378294856965439 0.4117453934094457 -0.28931541822532875 0.7450286311531278
329 41.94865107171109 13.713862507312061 -26.05910555500217 -0.5065133755190454 0.4132252382475956 -0.269675813870734 0.7070813661161475
330 42.53018302082225 12.908014091947724 -26.38943467602291 -0.5996183748428918 0.3570691101418813 -0.20769519767438124 0.6854357446152439
331 43.17195251777021 12.142266042095581 -26.659339714470033 -0.6529862011994809 0.3345459166478723 -0.09854973132895349 0.6722916042553986
332 43.183881830019075 12.197827910426222 -26.59878031115747 -0.4442465096546193 0.7390892603240137 -0.44195538431808223 0.247118478074074
333 42.65851431649631 11.288358563348563 -26.586973604851504 -0.5014186829688031 0.6453636568947458 -0.4790769188624634 0.3202660777268181
334 42.96957210217125 12.290854709720554 -26.69291568574129 0.7580228168457801 0.06106403055449685 -0.17491765316383542 0.6253610220706811
335 43.93636628443869 12.20267958820729 -27.00491724960567 0.770529349628258 -0.01850127616032773 -0.17721574176353036 0.6119941217144961
336 44.85335445965334 11.913323456296835 -27.27947038211373 0.7049189979999346 -0.08550819771508517 -0.14337245347789648 0.6893633976111696
337 44.8843868409152 11.864740670749773 -27.31327120413706 0.9765394322035982 -0.20039013286560892 -0.07743622078861685 0.01477036599254943
338 44.86202377235526 11.922500504910634 -27.25307922414212 -0.6104912935631535 0.7813604596302056 0.12920510715623887 -0.009069338167982322
339 44.65718133111813 10.98286402683941 -27.352856661231367 -0.6111750870000646 0.7624869772010415 0.206522736922313 -0.04926440665833528
340 44.92180603150476 11.944898548137116 -27.12766912530934 0.7640195532901508 -0.03583993381536306 -0.24540730307423053 0.5956214208138129
341 44.96255679991151 11.913287362540293 -27.09597955929803 0.6057943981498931 0.5251590419839234 -0.579560442316722 0.14605074972207716
342 44.77957921450218 12.323904358658167 -27.930221528291245 0.6436423106925666 0.4851680052775297 -0.5581748877307254 0.19691972285209888
343 44.645398185676434 12.748631864912214 -28.810214446747008 0.6589764058546682 0.43957057315593767 -0.5414901659577034 0.2816313333301572
344 44.732761878258465 13.054892886520824 -29.81446627465147 0.6599362188865253 0.3745076521148625 -0.6037185346269701 0.2444425013311567
345 44.778876389520846 13.24443533684037 -30.778918010609928 -0.5650600935535417 -0.4185965503571762 0.6712641219604443 -0.23428294276581005
346 44.49362903374304 13.380832347549203 -31.73651729170483 -0.5725161371195084 -0.4569511651585054 0.6104224963923117 -0.3013391466375018
347 44.38139522942936 13.535420148833 -32.75525744991763 0.6611548304123716 0.3633307431858329 -0.5929791482472481 0.2814974085535887
348 44.33907947591073 13.570174692970653 -32.79998041905941 0.18024040887127704 0.7274981129692989 -0.1340240984218943 0.6483035027502327
349 44.198665550977196 13.63097807046482 -33.83836394250069 0.07914843124825958 0.6856234734853245 -0.1778048028321427 0.7014566490715445
350 44.16058205497538 13.545973253151212 -34.86061769590153 -0.04063149067456986 0.695152971644318 -0.1748882713473361 0.6960786740913529
351 44.138293401051676 13.61371966587083 -34.84960643021989 -0.4185667470844481 -0.3042943552766813 0.7252426340214607 -0.45412547316738927
352 43.91410441856666 13.153933260698025 -35.71262516480869 -0.4987848423295592 -0.2917707243296594 0.6808065788590624 -0.4500954650611813
353 43.862152193085024 13.158302915743155 -35.72169788629936 -0.20727464277495478 -0.6151576329265976 0.747960537245722 0.13846784405684837
354 43.0164166995127 13.570291433813395 -35.86341388482883 -0.285953884834727 -0.6051386151573146 0.7315164193413314 0.13008212954688722
355 42.24787833009483 14.107813014008675 -36.171227615299216 -0.2736090929439337 -0.6107197187887836 0.7318821376239464 0.12848356302636665
356 41.41230167461806 14.60320527096297 -36.44791181179327 -0.3429219032340607 -0.5990551360042173 0.702589948472611 0.17293026517805557
357 40.709183754707055 15.223677493088847 -36.70693679544625 -0.2805238392152485 -0.539509414105111 0.7823831758937664 0.1345828139187221
358 40.733749312258944 15.24121312134077 -36.771336049307045 0.20271055772653593 0.9256255855617165 -0.2858246730843177 0.1429334159529138
359 39.91432507173329 15.535201776201585 -37.20200862433164 0.2844827966914835 0.9249142583852934 -0.20867535831040918 0.14162537857388607
360 39.961741764130835 15.536388986464695 -37.169735657408715 -0.5143487813944141 0.8350980260669449 -0.19318832294813643 -0.027108851205083193
361 39.433056735622486 14.668725182328595 -36.885974455235456 -0.5545639154083418 0.796731315240488 -0.23150423242264256 0.06390512821780449
362 39.78074843531685 15.558141380641107 -37.057285574858234 0.6355607187985276 -0.23031868992719268 0.14323858804641632 0.7228406329786601
363 40.637483804177776 15.492073471424153 -36.50483711810286 0.5714203018238124 -0.27322254155826403 0.14654670997949049 0.7598370504537226
364 41.42810088679116 15.46521205280714 -35.89571654829916 0.525887624251959 -0.2423354133835855 0.23693301184629714 0.7801144159520957
365 42.13079196925693 15.602206904557645 -35.27449622287876 0.5115795084754164 -0.33578581648025624 0.27026031616417956 0.7432991682126225
366 42.154839788804146 15.65623708374256 -35.230936690660116 0.04740665742136199 -0.6705640947211603 0.6871307964539438 0.27558605238199974
367 41.25740723238112 16.021518669380853 -34.81636173267263 0.11984716087018345 -0.6294386755107536 0.7402850866313466 0.20352297736089847
368 40.38040136471998 16.15650220451623 -34.440259434630235 -0.11348641298996057 0.7146299913741138 -0.6835419502032064 -0.09589166703997055
369 39.41113469755884 16.09761933757449 -34.12168583118116 0.09233008803950252 -0.6606340810022983 0.7447569111582819 0.01936257066719953
370 38.40745993196457 15.953431486065229 -33.92478815585395 0.16570059793621283 -0.6191116462732803 0.7668491253769586 -0.03444561221642354
371 38.4165048405066 16.00281194987381 -33.967902222206256 0.7122737674764663 -0.4323816583060046 0.3597553910772004 -0.4198669316775506
372 38.43554953233609 15.957970317513162 -33.95543216418032 0.14478069810740632 -0.6601990126016773 0.7369906169285851 -0.0045435420683220765
373 37.514028053891415 15.798979560438399 -33.77583840552904 0.2102140239996239 -0.607644173419328 0.764568708175285 0.044869957684442394
374 36.60706278684183 15.61908754111229 -33.40707125019085 0.23236473722332615 -0.5403193558220344 0.8068526354449033 0.05523085455441452
375 35.749243519239734 15.5108264592038 -32.995568584644154 0.16174778080007265 -0.5384452885608271 0.8215799276660969 0.09444971725246532
376 34.78931571224378 15.466274298327008 -32.553273723039155 0.05813843743874324 -0.6040092559261908 0.7856361040154142 0.12070067487447111
377 34.76594643807134 15.489357206765233 -32.61019582435339 0.09460579452619318 0.21528223243966416 0.9715455189295383 0.028330349200038765
378 33.73177345343192 15.609878937758753 -32.499130280317125 0.017247766680861833 0.23630231129835705 0.9705661153402916 0.043187358947179094
379 32.689401049208044 15.714971174527408 -32.48561230608095 0.06040330753297904 0.3067737102769961 0.9494411156886583 0.028335471794865248
380 31.66542935223045 15.791200294075923 -32.43229819618864 -0.04452284029841191 0.365127617500469 0.9272790814086265 0.06966379843338177
381 30.729658716588315 15.851359868513269 -32.59834071558195 -0.04116201872459418 0.34660349412539954 0.9337470021522962 0.07929843659354066
382 29.754673427515485 15.96699552975449 -32.66303731088849 0.06980231518933307 0.3276891533986728 0.9418201955258655 0.02687331089929836
383 28.701471366523442 16.073436221134493 -32.60582480110304 0.18125340620028202 0.36241613944364287 0.913717820778268 -0.030356030764487254
384 27.77194539564193 16.170376022809727 -32.218810805535234 0.17781030691412897 0.4118026197989185 0.8906020719935825 -0.07503363540831738
385 27.78176442682425 16.15684881002393 -32.204966426968944 0.7389632057057961 0.3772350351006932 0.5448863819188158 0.12135048292039834
386 27.916462568207436 16.849686983212628 -31.49356861230986 0.7656275641418622 0.4352174276775022 0.457449356327534 0.12304596729475187
387 28.179240631707923 17.638575339752613 -30.862563966832987 0.77210423084832 0.4023266590460138 0.43778876726235216 0.22434195190803305
388 28.137287323248493 17.713386633150975 -30.852318043006306 0.7958274857550851 -0.3153447692718179 0.5139404068177115 -0.05551168930674288
389 28.413183684314273 17.14631135205442 -30.083215710899776 0.7386616390692061 -0.3166397047142582 0.5912871900106678 -0.06706518691056405
390 28.299255585394725 17.732740355173412 -30.848917872253917 0.29455013587367973 0.02226066772783238 0.4986011976113868 0.8149487872680088
391 28.34505083986852 17.67334420134719 -30.843001936202384 0.2788900990136918 0.21002812030122667 -0.15239703281605305 0.924599181128628
392 29.218517403724704 17.435151171768098 -31.311086394769664 0.28330884537122625 0.19182215291227397 -0.24342645956836464 0.9075703380832442
393 30.01075457599575 17.13106547472053 -31.790665910445583 0.3473010206883505 0.06674055305418043 -0.20149982883237325 0.9134142097577508
394 30.923904387632984 16.79540793760361 -32.124424877685804 0.28374190028981683 0.11566548252766434 -0.09032027221948867 0.9476044948172015
395 31.854061739865188 16.666362500924123 -32.408897402114086 0.2858499941489733 0.057099163595461085 -0.19907348346548392 0.9356277115085083
396 32.790784722685466 16.358555035769015 -32.595130470804506 0.21339433029299976 0.1802676156225046 -0.24845269873390713 0.9274900015894605
397 33.61042106454153 15.912950626122905 -33.06935716367039 0.2617129027022006 0.1200959249413623 -0.355480793775223 0.8892225428027589
398 34.28572970261085 15.304153862295081 -33.43756663323896 0.2551374847291988 0.04406172783118253 -0.43388818180410277 0.8629626143219175
399 34.314149575942785 15.28221975319348 -33.489032463993674 0.21058475052575704 -0.0553947753737248 0.2998125570026264 0.9288153273772166
400 34.31032241115359 15.361453716444622 -33.498896640078904 0.3046862228760651 0.11836528336565448 -0.3598766471328407 0.8738677040214439
401 35.03080148657327 14.779615798433165 -33.92362865737414 0.21334931834085574 0.08693031844151235 -0.45307124762275364 0.861191983634724
402 35.09739502651683 14.79064890572007 -33.97766267826466 -0.011792308575731991 -0.28697512518683765 0.9283054807065063 -0.23612529189545883
403 35.126557161951055 14.807871841734942 -33.988432935766866 -0.16335726789687985 0.49107892133687653 0.8295479291613872 -0.20977637919444467
404 34.24703268615701 14.287187410191027 -34.01429725175219 -0.1486367831166737 0.5637239295922535 0.8070951565831611 -0.09338011635138442
405 33.35333734656398 13.992468869258158 -34.15304495869883 -0.12768440830474734 0.5804473107603025 0.7835476147461178 -0.18119256809447087
406 32.40155014667837 13.547216241393876 -34.12970506755646 -0.1650625882138899 0.4965760295611903 0.8361161208999315 -0.16454914526860065
407 31.492728883492823 13.160988150132429 -34.24509665547317 -0.17099174819425586 0.5017011574303716 0.8200917708170093 -0.21565541523625126
408 30.663767716054547 12.605653499577928 -34.299092908894444 -0.09993546405674986 0.5102096377513957 0.8090692380419162 -0.2740547328976918
409 30.714043554297444 12.594403276582678 -34.33384490325868 0.6372003176729558 -0.03111032781948725 -0.5172829322256691 0.5704614541653675
410 31.159502834926432 11.963771562303144 -34.89141915642602 0.5973557900563875 -0.03185834270801444 -0.6182706581474927 0.5097965274105737
411 31.414532631914362 11.317650627693043 -35.53574884166717 0.5830783994830115 -0.10235375960973596 -0.5847437639544498 0.5546332287795858
412 31.74160578522953 10.560806912003267 -36.09073304099129 -0.5636576653056908 0.15167387167971713 0.6549668540090976 -0.47989946149297474
413 31.88256901621959 9.744303701818831 -36.652064102900496 -0.5276100217181247 0.2963556262152119 0.6420718477474742 -0.4706854046211052
414 31.83439796474712 9.71345861478285 -36.65328677893918 -0.6369217752663372 -0.17313070791993238 0.7403884868231106 0.12720573393721102
415 31.708821930043275 10.143245266590482 -37.56367740422721 -0.5896556872577451 -0.14341831269346667 0.765609340110272 0.2134940195993058
416 31.541890710454897 10.664698844353927 -38.34717158181101 -0.6417448793270433 -0.14884936320841086 0.7457203187080244 0.09954186654855886
417 31.440130879203494 10.975943867695301 -39.26897180453237 -0.6229124314426554 -0.2176488361834501 0.7357814682847866 0.15242938624449023
418 31.21521002678293 11.519155177526391 -40.135980643194635 -0.5573613523512932 -0.11015174029774076 0.8138735554223582 0.12175694148049993
419 31.208669136642687 11.558753600080198 -40.10511704193716 0.5068012029567929 -0.33353158787398535 -0.5888362252471546 0.5340235204637438
420 31.308835929986643 10.589516965127961 -40.38628957531073 0.5183084034206215 -0.2519022892558251 -0.6397155222352394 0.508591866060144
421 31.33149369509546 10.607344613666326 -40.44637629273123 -0.004865743963344444 0.5396733006086077 0.8160279797851216 -0.20694779378797
422 30.449894971739184 10.224003922802266 -40.24604269187279 0.007261020559543943 0.6103835271871103 0.7561603708528999 -0.23579805103236506
423 29.57485138278105 9.873445686712673 -39.96104395681948 -0.028025366218561554 0.5189399736915332 0.8002436344053964 -0.2992089706993914
424 28.686700014398607 9.385997794629445 -39.69439878423353 0.02875615276639728 0.4616417361515332 0.8270238733495944 -0.3195176114565647
425 27.91699070836112 8.931704916774452 -39.357109423084104 0.04480273334662843 0.38175009184322056 0.8626568458088913 -0.32875940874964815
426 27.94343510674086 8.946093182915494 -39.29546494727864 -0.21398433367424363 0.9144818837793012 0.3029454212608545 -0.16173330182288942
427 27.063142669801156 8.418294912772053 -39.17181486910117 -0.11944952582301277 0.936142622190046 0.29669133944966414 -0.1460926103379849
428 27.029363826463367 8.398602602733748 -39.23221966961272 0.5603043254599733 0.788601197739724 0.12981113414181106 -0.21752306371309946
429 26.752377260395352 9.26886932493098 -38.77378946115826 0.5828070262437453 0.7708339696106487 0.03628747629076707 -0.25462556925740626
430 26.619940874083063 10.119478832107596 -38.310930995620105 0.6551156296974887 0.7412299088077631 0.024110258103036995 -0.14429286007665745
431 26.567065177966835 11.091035956929105 -38.0822732185075 0.7092964140130741 0.6784782786902399 0.014333889492743194 -0.19068393226942698
432 26.66422398650982 12.029027381868092 -37.868662078200124 0.7249558052286542 0.6481841819095858 0.12224901885582325 -0.19837218599456397
433 26.812019373535623 12.946151158643135 -37.42941161501558 0.6436406348768727 0.694619343800505 0.17179467211127017 -0.27150928342808495
434 26.834216308072584 13.781142203539437 -36.85495781157521 0.5844078390506566 0.7041197635838432 0.3101417106650269 -0.25786615809862495
435 26.699141375513733 14.400391573510644 -36.122455381692895 0.5550340070018597 0.6989935016621902 0.33365775492226657 -0.30334442188001737
436 26.458617774502244 14.906471994522507 -35.32289260602688 0.6256685058307317 0.686908443231016 0.22225740128773694 -0.2954612648086094
437 26.397711969106094 15.618928273061172 -34.64653977732161 0.5736861456212303 0.7433569625284353 0.24038689629195326 -0.24600563545145912
438 26.196700757030886 16.33479360486433 -34.022808747229654 0.6322462925266797 0.7146161522344295 0.1449773569459639 -0.2618586384385451
439 26.17525773379954 17.149788380063416 -33.51127665138289 0.6771010394627428 0.6867769448774508 0.0030907124732742013 -0.26431431637290154
440 26.248633872871444 18.04714321926411 -33.14433484409332 0.6832837722222012 0.683920256822168 0.045659889764343146 -0.2515781059488402
441 26.348329149213917 18.934384224136494 -32.7857100815512 0.7426528798002691 0.6373794171903475 0.08427506924999033 -0.18738167298156064
442 26.54906935714545 19.889125640656534 -32.399655572729465 0.7577134631207173 0.6026160939760757 0.09294711747745495 -0.23256178628325427
443 26.566531839747043 19.8892514932922 -32.44929372413068 0.949276777817828 -0.11598638967614511 -0.04402169703773016 -0.2889339832827104
444 27.563588280737452 19.682461602727923 -32.57201221472652 0.9633501754873696 -0.08639276176453375 -0.13676522912647882 -0.2139813127474742
445 28.48979532617036 19.585660476003568 -32.86448755155852 0.9501662127162301 -0.06176610320420263 -0.22033852617014207 -0.21170746465968765
446 28.460497159917058 19.57972973027197 -32.798959230726354 -0.5831643505559179 0.0722522330731869 0.09912928124249953 0.8030394390420549
447 28.457932228387286 19.515486053737273 -32.768536031116525 -0.36834542590323527 -0.4917582893708315 0.40082776617200433 0.6795826174327877
448 28.50209605577185 19.535080514185054 -32.801423509889986 -0.6150301142322827 -0.09400572857532509 0.7785715891416263 0.08201927922098429
449 28.478255906073322 19.534426546159526 -32.74449724028643 0.6034475020846948 -0.34897550841900943 -0.5879490300611883 0.41034515325703985
450 28.59084156727506 18.60475449502943 -33.23512652615192 -0.5469437733120996 0.3932616031953016 0.5871974312440073 -0.4487727676985566
451 28.61465737774168 18.611226154439137 -33.26680292140755 0.7228827590632082 -0.679335241402188 -0.12269805057033681 -0.02982171732869617
452 28.606199632059997 17.634285444107885 -33.529344573928825 0.7709564732573956 -0.6101771990118228 -0.16488081879429323 -0.07825738139196639
453 28.782827420157705 16.73475922858233 -33.918443216261 0.8300982990450201 -0.5495929252084404 -0.07172725904026203 -0.061152520749063036
454 29.143674013628047 15.88356847235107 -34.14534916819013 0.8463726942570512 -0.5224048645732571 -0.035883173113225156 -0.09725645363461949
455 29.61610404286711 14.96200859677066 -34.267831256652514 0.882053331562252 -0.4582026057705021 -0.061754485585400185 -0.09065691289215612
456 30.18333663650844 14.163393117668003 -34.43428650526979 0.8981193202577482 -0.4369591728167066 -0.047899004978873366 0.012411816673369432
457 30.78023622331985 13.427685833174767 -34.50399286728779 0.9008358801732019 -0.4273166908925818 -0.023010368530362806 -0.07325084038618837
458 31.407761470543328 12.683625313289644 -34.55765726452015 0.8584472510054432 -0.4934680057562308 -0.13747987994720762 -0.025630590041335624
459 31.87183912405409 11.888620456028178 -34.77924903640421 0.9013701150900394 -0.4272023481307112 -0.01582966202099107 -0.06913386416566455
460 31.86817835321258 11.832384023930349 -34.735560160228424 0.9373645821486134 0.3345454674783082 -0.05819424331097507 -0.0777200126642955
461 32.606647174272915 12.50057102394761 -34.75554128690805 0.9552111396512615 0.277532632210828 0.02101647655294667 -0.10052673503882735
462 32.59601656632972 12.46709933786177 -34.78237648946165 0.8390812009751484 -0.5150960278204646 -0.038251229105323546 -0.17075029653155321
463 33.04013477843894 11.537008061320247 -35.016057383587956 0.839306570280661 -0.4667968287230223 -0.0671171041236213 -0.2704819700310944
464 33.62012402708011 10.83771366074438 -35.39856583454202 0.7741682101326001 -0.5152690780807866 -0.14371780653425023 -0.3383881671673026
465 34.05044192961212 10.091636095100489 -35.98748646672657 0.7796368758419749 -0.5047846375590959 -0.08620059201778632 -0.36045564144216163
466 34.03387843168866 10.1137195289519 -36.04255386653378 -0.47090040934365096 0.13947814947888357 0.5861442733431703 0.644386173908888
467 34.32239342937288 10.754042011532352 -36.73936541839839 -0.46342488488162575 0.1655648226359936 0.5284306086277583 0.691799651230948
468 34.70890468591615 11.329720961278996 -37.41054625548804 -0.4558652176015504 0.18034378854370328 0.5788939340450557 0.651571050953489
469 35.02164782867299 11.926539311945165 -38.16296714647732 -0.4867324229864521 0.18717814489489953 0.5767377683041068 0.6288318035047531
470 35.24275617248651 12.463461509051818 -38.98480736747307 -0.46731918731350663 0.275139193836104 0.5256285778270994 0.65545846501157
471 35.27215891453064 12.42769348026747 -38.92992890332674 0.09997486402148352 0.4929308395852856 0.15435070967296252 0.8504117075705648
472 35.74743045351672 12.840718135741152 -39.73088916076074 0.04535234212311022 0.4821719510468808 0.23555232094572964 0.8425962727099334
473 36.12010905509443 13.29417902149224 -40.486248889752915 -0.009231709122772859 0.4978932299637043 0.18767169705704687 0.8466383178351369
474 36.597486341871914 13.573993835565243 -41.381284445812554 0.08112285360666321 0.48967952918141616 0.1664845029321797 0.8520070138248882
475 37.11892420968001 13.891444057873684 -42.191440103203 0.10739718810426281 0.4899450009703962 0.05121628629731791 0.8635951783268171
476 37.639086635076495 14.030317100012658 -43.01496709870688 0.10531614760546446 0.5265239581941284 0.10835516141125628 0.8366242821581692
477 37.633893621746736 13.982681455426224 -43.03679131474024 -0.32001158054163115 0.31256489841015384 -0.5802877372783218 0.6805600007093432
478 37.75832005055872 13.01627851959405 -43.157985302217966 -0.17978551670430873 0.34510499252294324 -0.5707339636298099 0.7230784569315489
479 37.93032255631432 12.021441627210567 -43.474281353081174 -0.15800647282816727 0.3741260087989171 -0.6446751113718042 0.6476555294771625
480 37.76408823072551 11.028782904843098 -43.75400927448525 -0.04552508138182949 0.39458929034783224 -0.6140777834187886 0.6820082366214044
481 37.663457825345446 10.180771950343477 -44.26514568357218 -0.07347661012408156 0.27312424624253095 -0.6969128385001063 0.659027184122814
482 37.54193503473694 9.263842958525796 -44.54906614389357 -0.08408189697045951 0.1504727809731523 -0.7277566530158173 0.6638210834097301
483 37.489554960946116 8.215375256832537 -44.60295650610518 -0.042420973134365735 0.0712378649801904 -0.7384718685362389 0.6691673385723419
484 37.434764836541 7.206291860891348 -44.673915663269206 0.022537156405266295 0.05440487884040958 -0.6809246859930711 0.72998202563129
485 37.38360020834182 7.2123832407444946 -44.661112759535555 -0.4165658240568011 0.5090585434116751 -0.43930548161160166 0.6118357683508368
486 37.525571345739635 6.238094073131522 -44.86597958606126 -0.4467492266862707 0.5415680035189891 -0.5021630942797474 0.5049271757026549
487 37.56473281012851 6.2746490005035005 -44.813954760777925 -0.6383374281772459 0.7519294686620072 0.023244307828291417 0.16305552458998013
488 37.553823732963835 6.315674360239803 -44.75700610289123 0.9816857946702399 -0.11672416332299355 0.13525993753889903 -0.06613032236560985
489 37.58019261951473 6.325590992316905 -44.79203914116834 -0.5488371996703016 0.8339234354997037 0.004648143999985173 0.05768731870860034
490 37.17941550377807 5.474796004461119 -44.911392535897754 -0.529197696947333 0.8349750411546406 0.1266603470075609 0.08199777247199072
491 37.18793199570355 5.476897254053054 -44.87405613029486 0.9502574647682158 -0.21587076846620495 0.026090094552809487 -0.22300194828816716
492 38.05481904109064 5.095680653209661 -44.939609596256524 0.9260363421233022 -0.20893981036969697 0.0029798532777081856 -0.3143118979358124
493 39.03588431843649 4.754380034434244 -45.07631942221605 0.9097631117607601 -0.12490089503041038 0.04462385868724777 -0.3933694931433317
494 39.96286238947955 4.497075605131338 -45.15369497600696 0.9334634875528404 -0.10618630034754366 0.10365204317836495 -0.32653735003692863
495 39.96319892819307 4.472086644614201 -45.15053291379797 0.5957093428686902 -0.3268789706566293 0.7124109271150297 -0.17536016733716625
496 39.793524502295014 3.874447312071701 -44.42030236473751 0.6307831015293851 -0.3417215940732497 0.647808057444769 -0.25628841503009947
497 39.77323417366093 3.1479811254624632 -43.80824124344778 0.6312738289119804 -0.42137820721407127 0.5837244433456793 -0.2884432936586307
498 39.74778508183429 2.224166652948167 -43.31856455965593 0.5941460681582433 -0.4960185094894285 0.5681254297244615 -0.2796240047570676
499 39.596684155921835 1.3342812222964144 -42.90481939907997 0.6257126991016966 -0.4775543591125601 0.5802341215188935 -0.209174129616113
