# time x y z qx qy qz qw
0 -1.8697891733976328 -0.5450432680526595 11.073927075647147 0.040081079753032905 -0.08636225952797871 0.7091269816997834 0.6986229247601368
1 -1.9435483815131 -0.2718025263523713 12.128935087631035 0.4834765277164985 -0.39418453131524916 -0.3228740701263421 0.7117733749298474
2 -1.6551539050142383 -1.932817624977631 11.912893405591582 0.3941884934341449 -0.006007349194559961 0.0023529562543961346 0.9190069678716472
3 -1.8408142142038624 -2.9122157943821754 11.70986586036322 0.1328855405503267 0.22098484082744038 -0.6727262795755217 0.6935030540708493
4 -2.3557567106701476 -4.70461960437154 11.36277111334901 0.36849398516638265 0.3869466690595859 -0.34133119245700394 0.7732900330767032
5 -2.5573263033569753 -5.612619226457656 11.571952975474401 0.6090559993252813 -0.5963968464067084 -0.4570797478266138 0.253849749672468
6 -2.8179050074447547 -7.062947429205815 10.800086450735547 -0.5137909479148043 0.8532583104297747 0.0108307641398258 -0.08861045125424491
7 -2.7383531510569488 -7.014289771352728 10.395955512234465 -0.13283324340385574 0.8988020602179874 0.004180704651370478 0.41772324295319113
8 -2.398711976402388 -6.0482326274170735 10.54601339581689 -0.5174423227872104 0.8490803646159174 0.004347268607826664 -0.10628771456724766
9 -1.5982321496266785 -4.192370707335254 10.069219108661798 -0.3250255174236674 0.5864239245159355 0.5869530907891022 0.45381875566345325
10 -1.156793218030019 -2.5944090783453877 9.491672383326353 -0.4119776178544969 0.7723328362297623 0.39802857589006135 0.27449897129707923
11 -0.749975677267261 -1.3353230519047736 9.190464197060448 -0.045148833711626105 0.1939045612182995 0.5962531897924885 0.7777176464601414
12 -0.2847357963628822 0.5767376566877777 8.597719369746931 -0.039012224485334895 0.1806495789339778 0.6477240889216197 0.7391192600672374
13 -0.03868558406475685 2.351683651156126 7.943386585888174 -0.0816102398617881 0.37108988189913 0.5652141984291025 0.7322328715620041
14 0.05153385878219321 3.8596732575636143 7.16419767647432 -0.311602944821678 0.3780183479117427 0.5324330567215314 0.6903048410164174
15 -0.10431293495472929 4.96633045832928 6.12783060904583 -0.4495380902844753 0.560480724750131 0.14463095427361647 0.6803372322847383
16 -0.04631039185038126 3.3755944273127807 4.589737629205903 -0.18427942627758787 0.47269878571528323 0.14855807477618788 0.848838883094367
17 -1.2016156096553732 1.8298659620764361 3.4666340640292233 -0.14530256079512324 0.006649071444414252 0.391485959947759 0.9086152644761634
18 -3.317378641128889 -0.257494811407193 3.0486814254812784 -0.15697297668149565 -0.1994747293742823 -0.2911768335139931 0.9223802732916461
19 -5.032818420582915 -2.3038018590986384 2.477470470267373 -2.526982515670995e-05 0.3119572360451264 0.902344179410974 -0.2974183318554144
20 -6.108817157289494 -3.6952647258185953 2.1728019227364603 -0.6629426903392883 0.1747933520199922 0.6793218983277206 -0.26167925379697793
21 -6.497943169251718 -4.683381346328547 0.9239689125567765 -0.6176584274116188 -0.11964082186906316 0.6941573528384641 -0.3497566443832014
22 -6.747059380511294 -4.93190038672133 -0.14374384309426533 0.6581103212837155 -0.3298302912183833 -0.5645936414248669 0.3732784538079457
23 -6.620079222777964 -5.021978502279739 0.19710082526498907 -0.5675417424146134 -0.22829138385156675 0.6612701385803869 0.4341672701828145
24 -6.213557189467458 -5.0857032774533515 0.35251547364502467 0.265480156234865 -0.5612801290885056 -0.02148301831723228 0.7835964415819431
25 -5.397170023359998 -5.3875217131418935 0.7280146843301325 -0.24336255520072475 -0.3585321387913776 -0.1413116687706738 0.890090099062506
26 -5.1854582541263765 -4.240117103069472 2.402348097394695 0.65305658429341 -0.08610540082777209 0.5340223550044652 0.5300217750383439
27 -4.231170090377795 -3.73430077311754 4.3639105288990345 0.7107230086048175 0.2572630481675315 0.6547415988490475 0.0014027914528075857
28 -2.870356627943233 -3.3385138922039213 6.602125904116935 -0.6575557200368877 -0.3417312774680258 -0.39848400970718867 0.540417156513856
29 -1.384623145946172 -3.144851617422011 9.37536811615879 0.6837304336524157 0.5782589731453796 0.30719130247357007 -0.3221222714419517
30 1.0941015418249243 -0.030757736116373363 11.187270465057525 -0.44215416063659685 -0.6604181252517485 -0.16704271896831832 0.5834760732972537
31 1.4718862670169655 0.44048481397184375 11.556789371735677 0.8465312725868485 0.1968530125284018 -0.4355567766974569 -0.23435867866137353
32 2.1967250032196315 1.1732507277016149 11.008659842208104 0.8219845394496164 0.2357789556458856 -0.5064129706097388 -0.11088554539955488
33 2.557792026573013 1.6528187181100118 10.149519134691454 0.7135063984006489 0.6385385832189346 -0.2848223110536492 0.045313886482490524
34 2.576870015034172 1.7148333975768284 9.961685730182928 0.3759839391400182 0.37083532106511274 -0.5590059144736252 0.639241448705257
35 2.8156772686981983 1.2267272017272202 8.870992141018547 0.44243700502580685 0.2292107063412972 -0.5799782537411523 0.6444665808788542
36 3.164262985149676 0.7505545882849479 7.818192567182488 0.20512170476370528 -0.04450081542147804 -0.7802546525906275 0.5891921934074941
37 3.248637499119312 0.7197403820853565 7.485948354685672 0.8823539983723355 0.036000674565954974 -0.4441797106282433 0.1511944365820327
38 4.007421939270197 0.534103614523838 6.3538655279042064 0.9143846630583933 0.020812964038272805 -0.4038902664565635 -0.0184434582759341
39 5.0156090602419106 0.5297443687947472 5.3427424738006435 0.8197884903877293 -0.05041323323250578 -0.3782888496537318 -0.42696941713723346
40 6.146123803137119 0.7656774861639878 4.583321767976803 -0.4887833785985555 -0.0964683182849686 0.41004064868033746 0.7639707709087168
41 6.9025819938793935 2.0559301049446224 4.493072005871865 -0.47737169909649835 -0.39128844722375633 0.3543897737059766 0.7024368300876387
42 7.004267072925645 2.6008016984453586 4.682297938922066 0.8255395125178625 0.545789797925695 0.13753984037350306 -0.04099758605125268
43 7.534243956341063 4.146053390891713 5.4673589064278545 0.8593777126918812 0.4973657661271727 0.11805192858763064 0.01268793797042525
44 8.267546825785816 5.681504268875566 6.351646351870794 0.8776643239902865 0.20078482381580656 0.19004135588080942 0.39150360403821616
45 9.388721904290252 6.674459852561502 8.257313113749463 0.8695933208670268 0.20327716998724293 -0.046550774907299405 0.4475699652802491
46 9.396696511352733 6.231588618034918 10.439825104237226 0.9132956386564647 0.05948604197610636 -0.2857098267923291 -0.28411684584936964
47 9.404597198652008 5.859994027126196 12.019762326668033 -0.41722740439223244 -0.7071362617849074 -0.15593092084396537 0.5491494771168761
48 9.511735901930393 5.472935961286012 13.067391884075144 -0.015976697121106623 -0.23042493392060903 -0.45766764718925457 0.8585973559783627
49 10.172284408801097 4.398066582837552 13.442663620804788 0.10472671807136674 -0.14385712772714765 -0.5886445600045175 0.7885651674409564
50 11.088591403859038 3.816100281927275 12.57473819488519 -0.1375460769940452 -0.2159722358889593 -0.6100791803951588 0.7498269558218366
51 12.128426411751366 2.4246437533570298 12.669930113632162 0.5965749184225401 -0.3114856286697574 0.336041488212215 0.6589015010162486
52 13.333522794006836 3.1183685611184484 11.415358199419481 0.5412232964297101 0.4658069051211205 -0.08859279147479683 0.6944440854683293
53 14.63137868481271 4.008903051102898 9.585740262526802 0.35223409236286407 0.47836576463225255 -0.06239577907452846 0.802000066183783
54 15.772966225962584 4.545623452794308 7.925448644586255 0.08292932766528069 0.4969572447596996 -0.045729266134938634 0.8625920575292776
55 16.80345495257895 4.756426450218815 6.326425320478905 -0.24401446113091307 0.5154529705218368 0.07206309686473301 0.8182738465877232
56 17.71259508184725 4.725506788056802 4.765512876775408 -0.24505081496446676 0.8941992863384254 -0.1461042104973743 0.3449801357644233
57 17.01923869620552 4.198353180861638 3.7690219056769125 0.015752031531287885 0.8390650579480977 -0.44993782589806924 -0.30541390744252517
58 14.399636640675217 6.067004881252742 4.6387521094413 0.1312283933269501 0.9655104931225172 -0.024406149182850993 -0.22354627336908317
59 12.094216620030203 7.250430258264055 5.953804464097025 -0.01637802695583469 0.9703104047434646 0.14226142838642428 -0.19491322344331052
60 9.883102834951533 7.670732539192812 7.031517112206413 -0.10417214471553231 0.9752363477208134 0.17222183572969013 -0.0916617130945659
61 7.577727694699079 7.306169658621783 7.87870928114489 -0.2634810688712172 0.9640246593533265 -0.03255199792423901 -0.013211734796136397
62 5.392174861459419 6.122009002378333 8.606606591181142 -0.3635384434603535 0.9293121543136602 -0.042004762418487177 0.049541093099499105
63 3.3076349411541437 4.4241249445753175 9.153018333785038 -0.47474138074943756 0.8764343233122006 -0.03597731876165054 0.07203562215407616
64 1.1235239123766338 2.303371072115905 9.37535278787954 -0.6081694511161193 0.7721478446994435 0.0718056365520223 0.16959237958847354
65 -0.8120144097720324 0.18048282798516263 9.394597220010418 0.6681456687113168 -0.6239339786278406 0.0006935268841084686 -0.40532366661274705
66 -1.8594786526414295 -1.3568497033870819 9.243911539109044 0.7409328760172827 -0.6295597610223536 -0.15577864990045043 0.1743731423511897
67 -2.6279076315771177 -3.345628131938564 8.783860941082272 0.7486401080908005 -0.5534648183509856 0.19421990016019655 0.3090199245797396
68 -1.3401859286206457 -3.888293367920796 7.1216130262088955 0.5205843750958664 0.4623392951807282 0.2868129134853756 0.6580065631860095
69 -0.339210255439861 -2.2794427742554975 6.376747694479484 0.7897110837039923 0.5080085964245981 -0.06771596916326919 0.33719166323332345
70 0.6252586447633007 -1.3160342565937806 5.632696304191453 0.6416060373131277 0.6921558802403188 0.17966250600128278 0.2774586712817488
71 0.8180838543682217 -1.2405372260274636 5.368879824558216 0.9546570126773819 0.05591795253472904 0.2875043358790831 -0.05333317523782437
72 1.5039138730388661 -1.365039089048691 5.764333279525791 0.5470298966587464 0.40558695605282735 0.7316231024398016 -0.031387086798279604
73 1.2637645836430846 -1.6458644369662108 5.7232125249686625 -0.21663893426883232 0.33531746000801366 0.8156347697068693 -0.4187716509242969
74 0.38298898738458637 -2.857703501797659 5.543723274872689 -0.2433474330437885 0.3337203088259918 0.808986563072954 -0.4182744590283911
75 -0.4880131270908687 -4.3337007810192105 5.427161942740945 0.021186403252353363 -0.4888061758622269 -0.6662295333222561 0.562812462269079
76 -1.7902249734442734 -6.048132965638181 5.045436952526504 -0.5539997948830905 -0.402238916880125 0.26996936415436984 0.6770558495683213
77 -2.7688836157327024 -6.810944515488665 3.512883112196446 -0.27202552303386834 0.3978292858001121 0.8409235544260009 -0.24613319522052116
78 -4.179286541217523 -8.242528583469724 2.73422706784221 -0.24506724073813177 0.7436873901546233 0.5686312631578027 -0.2520507881391473
79 -5.104415608991487 -9.733828617470284 2.1594651684812765 0.4853310390585741 0.44927840840017946 0.7105291301034214 -0.24031448051709625
80 -3.3674420914627223 -8.755043924824278 2.2078301110481275 0.7273943526307824 -0.20920770762792892 0.12443925057291265 0.6415952491616211
81 2.1494790358781466 -3.432807063876836 2.5648320691892197 0.3822455404649824 -0.2964024501545735 0.33533616510170994 0.80844516864898
82 6.638076304888306 1.2968497748894268 1.1959664786439603 0.4067091471183753 -0.36018811820730284 0.35794248548273533 0.7594269986239415
83 9.075196744019806 4.021862113221641 0.029993466371295407 0.004178863454077592 0.4331008002074762 0.5834573780717267 0.6870107145696794
84 10.72291337258247 6.080199728543171 -1.1621628721571788 0.016389136391753434 0.5372367037772692 0.7433645698227308 0.39814223169004986
85 11.451162053466755 6.719684803472043 -1.7260501591886024 -0.5955601087955987 0.43293790404248006 0.37349576315062333 0.564246260920898
86 12.189159340715197 6.787996529967981 -3.0097521826224924 0.7084298983602367 -0.4893011064674055 -0.4646433925172721 -0.20692516548046452
87 12.69420813406066 6.225190416528291 -4.390499184414041 -0.5706270485376383 0.6184830575140718 0.5247953961043964 0.12827030549935559
88 12.712713425719281 5.505914336363659 -5.3912339382081385 0.20601251607177037 0.6618900274173959 0.7207258790593344 -0.0038264972660228573
89 12.209071853464641 5.620000926945291 -4.960340229132776 0.004639780424983822 0.9060659660659922 -0.20730991346180544 -0.3688435133697852
90 10.965802756474341 5.720416237482455 -3.9204879725799855 0.003943819020766561 -0.7296937054165283 0.42019563411921346 0.5394137295566184
91 10.400197088911357 5.604721978509189 -3.6586172449200993 -0.19384591153682615 0.7997367962169678 -0.5491754797143921 -0.14577761089256727
92 8.919607038127406 5.002738317523749 -2.872981615882075 0.22338915805382822 -0.48684915358057634 0.8273234309808919 0.16914823756659048
93 5.58641523035498 5.623276335278866 -2.5666221039467167 0.5565297755392868 0.3182539490989412 0.6334853123712917 -0.43322672104911286
94 2.8008035767343 3.918871462814271 -1.0033870205466628 0.2392424522419412 -0.6616460916433982 0.691740872588509 -0.1627331055709496
95 -0.324389772133392 2.1449908115627196 0.11719155504885806 -0.21784442456805247 0.8253871979428825 -0.515661172226488 0.07330303960010491
96 -3.3332646704370656 0.12469900046480034 1.242401049605518 -0.28249657708006254 0.9460441098740839 -0.1490984451714233 -0.05445989127848388
97 -5.561454375994684 -1.6384371517042018 2.1440290188465485 0.3438754315260153 -0.3553313064457013 0.8384498734872033 -0.22910949325962185
98 -7.975206550784206 -3.8030858842881914 3.033981095995235 0.4832072583047725 -0.4930252913293065 0.722121242095094 -0.044471556598304915
99 -9.187592702331266 -4.99972819798121 3.6752529883424283 -0.09302171677051504 0.8298203956915181 -0.48727325413009653 0.25555791303128333
100 -9.880349333143316 -5.947819720007588 4.52580661043483 0.7981982510273282 0.48791851087813926 -0.051426179219476904 0.34952886417327494
101 -8.604017849777186 -2.9074744316499355 5.429823810564008 -0.6902861026975969 -0.300614344322872 0.10929733427299462 0.6489916834064287
102 -6.179485659981138 -2.448920162994046 6.91734122518654 -0.6167515520872963 -0.4538646892503134 0.16046529181414665 0.6227963206158394
103 -4.476548239298212 -1.263127318312339 8.197199680444678 0.7066979259506889 0.47066666237586086 -0.2210890585308269 -0.4797609431611907
104 -2.8260865557715427 0.4846779589651991 8.144078213691893 -0.4322388157746337 -0.7228354239636738 0.1455860955897538 0.5191177561709193
105 -1.8979123859269855 1.4907963965893352 9.337876735282046 0.5774092906184126 0.5986068747623592 -0.13592071458115887 0.5383250690266335
106 -1.2678441033582593 1.8332642854019576 9.753193352018785 0.5682158267289006 0.018480762193490707 0.2836620976158582 0.7722208557528802
107 -0.14138310090685485 2.4706320997242823 10.593339968034051 0.42417720784678636 0.05116852356610715 -0.06716451465485987 0.9016342975455991
108 0.13187629551251787 2.5219566568741874 10.916463817819363 -0.3261679744703047 0.061102713434478026 0.033328209017488696 0.942746064072701
109 1.691636102526825 2.498477372413588 10.670092330055466 -0.10513256098796928 0.12267396491206323 -0.10164779139694301 0.9816139615230564
110 3.115209515293121 2.153049707012006 10.29823421947206 0.14547895366400743 0.24359448760467525 -0.07314354160113885 0.9561106745411243
111 4.844059406437317 2.2342684934506085 9.529072370851296 0.09594380084372611 0.4549281738818772 -0.13630128124376084 0.8747897486936329
112 5.506989658030891 2.218667559367392 9.140053693479619 0.7641292932217884 0.2815852974788421 -0.24945864921660288 0.5240100436204895
113 6.4935538049034935 2.12822184104085 8.110865785858831 0.8366360280195193 0.4158088721537054 -0.13751084733545732 0.3289892176395291
114 6.627742377686357 1.9443828794986346 7.848029603589579 0.4493385684895176 0.12758001139145056 -0.7033348727687013 0.535852823365317
115 6.571267502753778 1.1087512624828288 6.847732870170381 -0.28290753047834344 -0.15628637865768194 0.8525045918669983 -0.4108209073189858
116 5.855549097046771 0.20286632862024903 5.9533935563572635 0.22008405922370328 0.043688427013216756 -0.8068030112595055 0.5465557878600523
117 4.994634779648585 -0.616693038958086 5.3012816191139835 0.049762846610607044 -0.06394299571427435 -0.4575211223231228 0.8854995059425407
118 4.278359808309508 -0.8026064871149432 4.777933643192929 -0.1645701888220418 0.1801237657603742 0.6312512486785324 0.7362023791058901
119 3.5915949401090077 -0.17875845319330996 4.331157906916969 0.29054341823784846 0.4569243975306057 0.8113045291477636 0.22043043810754778
120 2.319694861196579 -0.19238761740266255 4.268668392349323 0.08220953487686358 0.9891314688294606 -0.11622871893122318 0.036761591943359956
121 0.3149910733565005 -0.5476511245016172 4.122668672789958 0.24879807895088774 0.8933231356537552 -0.3688644165205088 0.06334298257167328
122 -0.7106184890359198 -0.798835766728041 3.9162414926388136 0.6455824524662654 0.559050172055314 -0.32880622702317275 0.4032030099879594
123 -1.2798157153032426 -0.2683968898551474 4.068607314858773 0.786876742496864 -0.0414178590167492 -0.4940204924869191 0.36749599463800137
124 -1.564169850434919 0.2145711358159216 3.774540541901855 0.06679194319790181 0.71286564121166 0.6968302635519111 0.04229654479873497
125 -2.94518414069653 0.4829160890462289 3.6235910791010384 -0.0998083928824348 0.5817115846363852 0.7956504253188553 0.1363463153149926
126 -4.122558570815834 0.5890090502945339 3.071644043042751 -0.2356010372020822 0.5299999276950867 0.813959410565093 -0.0325930339954981
127 -5.1247259761612405 0.23660686657902052 2.5378504820323924 -0.09719978006773992 0.3976915768825567 0.9123335923018133 -0.006405371895281877
128 -5.26521694002209 0.13421400769119263 2.3955328284543103 0.6840031902992333 -0.18452126146502654 -0.6622869824117119 0.2438595756902214
129 -5.828705758491539 -0.89156908019907 1.6225386627800178 -0.5040047087887336 0.6036177396727522 0.006405799231128354 0.6177247312576631
130 -6.058578557601136 -1.7735011760804245 0.9243963423532651 -0.641924802971066 -0.2070434696675015 -0.30094357807366057 0.6741650479035695
131 -4.751480829424351 -2.5745709556133507 3.020923832068191 -0.5948645639902994 -0.27504328649249815 -0.21653410336463136 0.7236023238935263
132 -4.258097833260725 -3.351066127858122 4.496546646097674 -0.6124920690351869 -0.2647266304247956 0.3588890103749542 0.6526652700619329
133 -3.4318519588755905 -2.4541811819041746 4.772195110488561 -0.171761148641653 -0.03521937402213898 0.12047248289269584 0.9771100676875957
134 -2.335568667085904 -2.2554813794516386 4.837613359096391 0.42280219113671264 -0.26660016950233706 -0.23618657912614682 0.8332937997081271
135 -1.947287797387639 -2.085060182104098 4.16631687344396 0.5377652186976319 0.5793712337235504 0.06612653165929001 0.6089046106767891
136 -1.5673005717325919 -1.6838934945829078 2.47149670629722 0.8495316731159405 0.3726266540510003 0.1818790241773968 0.32613698598574276
137 -1.4172581437518552 -1.522581149198388 1.2613774039411236 0.35751341579177803 -0.021943591833969104 0.14912778058953574 0.9216634642659752
138 -1.293970903512338 -1.3958743716031445 -0.015125519238982449 0.31257062378639106 0.3376913532220544 -0.046314603253373395 0.8866335841994294
139 -1.17386514840468 -1.084775486576095 -0.16652768944653007 0.6678519826478025 0.006490277471452925 0.1603561746461597 0.7267857337789405
140 -0.15421707010097221 -0.5786941313699693 0.009413340891908891 0.33502883979856113 -0.2818250133130642 0.03972235274892657 0.8981940063629968
141 0.7707265805285828 -0.7264299804888181 0.520485912016374 0.20730694760284235 -0.37690727757769255 -0.37877118403826343 0.8194492807531268
142 0.7801006705597276 -0.9178691139173486 0.5043747370712559 -0.2765507164983888 0.13134174939693724 0.9147834285227577 0.2635153220777276
143 0.2634851501187531 -0.14841287182629265 -0.39393419255258216 0.173418694447852 -0.06502940299445689 0.9383952969045493 0.2917385814554015
144 -0.6573009177450948 0.529547088854775 0.310355834722575 0.6211959608693585 -0.0594718038677361 0.7808574345384622 -0.028988785250912415
145 -1.003151697970277 0.4068196018535806 1.6114100608339352 0.611364320579572 -0.06945797363858475 0.7533184990041893 -0.23220787342029542
146 -1.1125308337471864 -0.08888000247883363 2.6694832185973243 -0.441872623748375 0.046638089626271806 -0.5245414521372923 0.7262435803278675
147 -0.8253117815059162 -0.9158353315179875 3.1393702145780047 -0.15140622484362337 -0.014828627212968131 0.13553253859378428 0.979023594136477
148 0.13921269540766582 -0.6211180839214532 3.054957174612306 -0.49408143668873 -0.1743954288631922 0.018822441165581152 0.8515371301474717
149 0.04318554532026891 -0.6061892356232654 3.1203864941553197 0.8634508832061389 0.10607467306805225 0.48793939455515484 0.07152540293625227
150 0.05142107684349895 -0.9527970471231721 3.863939330499039 0.8272558766999856 0.1761905501687955 0.5244181621724845 0.09792954447044552
151 -5.3628805575410325 2.8653600376908015 -1.3899118751067672 0.21423050367117913 0.834398456067473 -0.4786092626691799 0.1697577140994634
152 -5.9687500946841965 1.9633753882653258 -1.8724586852336778 0.23216699783228426 0.7671674129827486 -0.5896851517339902 -0.0991164335484352
153 -7.030866330559989 2.5491620003682356 -1.978462529119401 0.12582012185125083 0.761600466766699 -0.6101070031476579 -0.17861542673651212
154 -8.329170565822503 3.19009765597386 -2.0114530030150175 -0.05519247871196408 -0.5409867156585942 0.680066201523192 0.4917287111003117
155 -8.56033889850711 3.7152136514224634 -1.8235907079939357 0.48521512740003925 0.28363547763682045 0.45668803926237295 0.6896036765872011
156 -8.703086285901565 4.527237664432692 -1.638264085195341 0.27991273533739147 0.3748040454324275 -0.5685650277346598 0.6766864838021452
157 -8.739654309756679 3.8684313639952674 -2.6569114505566396 0.1090053197367764 0.2918436362968335 0.918872275461517 -0.2421133486825934
158 -10.076573120966167 3.0497651467944293 -1.9256452750744877 -0.0006624678927719455 0.5493599895847382 0.8332245483522825 -0.06276953881367478
159 -10.966043095755452 2.2300781450924316 -0.5078805364134709 0.19201057949392591 -0.17459643554587628 0.8803150466824168 0.39710633417463387
160 -13.032809804280348 3.4024072102059546 1.717029399018418 -0.4754319365247889 0.6344069905037644 -0.5927879958138869 -0.14175555068921114
161 -17.255859155549267 3.564588434980587 6.773487472758501 -0.3872882572705794 0.5999752099097914 -0.5027867693902861 -0.4870759877063318
162 -12.559534092680869 14.345753385583013 -2.663193301528561 0.2866341972302696 -0.1524079890379153 -0.0353891548686973 0.9451773640821372
163 -10.072804999532893 10.842818940936333 -7.345288692273629 0.02448617328637922 -0.3121105763210696 0.46519497916631575 0.8279982166797043
164 -6.511665784440252 9.74258747687759 -9.185217199671678 0.34068706663682996 -0.0849360369461214 -0.16868328951310824 0.9210125623971239
165 -3.581397814118761 8.98077556357449 -10.02178069917331 0.2772643290138771 -0.0985813018681226 -0.08270640101179184 0.9521375268364057
166 -1.6409815667899295 8.474906064271302 -9.744491602577648 0.2526294115112304 -0.1132138514982334 0.08062761129365592 0.9575281680271889
167 -0.9207477362000496 8.772272975172285 -9.781767588883142 0.36851393003202587 0.07475950466046473 -0.7322739571217001 0.5677881220636788
168 -0.5692241812758564 8.915930701204855 -9.190923487429147 -0.2918732868728526 0.5575026933173002 -0.31785327252360046 0.7092037989887193
169 -0.26203020798482046 8.90660847803265 -8.605937524780478 0.7381108371634061 -0.11142251813711855 0.6309359899962691 -0.21141710205503075
170 0.2522728770510921 8.502697617067884 -7.156270548898288 0.555071320966534 -0.33508832153078477 0.7242374403322998 -0.2347163723200133
171 0.38562452705175776 8.18655241594971 -6.473152828885262 -0.3494562767170654 -0.42823348373914233 -0.4976469614496544 0.6684638328493232
172 0.9217740542200109 7.70437550181069 -6.420344781175273 0.7905783285270469 0.2474912432022531 0.5507452488803425 0.10204735095686485
173 0.4299879213673149 6.890752859660347 -5.6853730532624684 0.18314881491598997 -0.38702732364552456 0.9030318595827475 0.03463846020215242
174 -1.8201575009051858 6.086463786298467 -5.22714985431337 -0.1679363291477422 -0.09354023657414474 0.9508181729181482 -0.24288354316961974
175 -3.973950528839325 5.074211307754911 -4.637446194803329 0.8078155176151052 -0.03421300580100499 -0.5410149560117045 0.23144411227325196
176 -5.662304727415701 3.9244116627951704 -3.6249046887056577 0.6308844882562102 -0.2424196697866998 0.7028650767126129 0.22180656012836908
177 -7.215219342053041 2.5302063661212 -2.8208598329053665 -0.12100824387498398 -0.46243734510702056 0.751301133844467 -0.45503330982322704
178 -9.514491329272431 0.827445800177961 -2.0861934744116164 0.16506583194051372 0.7734723657205061 -0.381819220858017 0.47823409871723604
179 -11.424124375368248 -0.021908221615977497 -1.5272767398463067 0.03943801326242811 0.76322797356587 0.5530927101009172 0.3316868365034577
180 -13.173292848937935 0.7926863790138965 -0.47482660189131665 -0.06740699292148686 -0.2164478212564012 0.9629984354657708 0.14574172796120416
181 -12.237074233520204 3.2353894347476646 -6.703688066278804 0.3527127843708447 0.8624920286435025 -0.31887061103473663 0.1732706717425549
182 -11.810456649396151 6.175482533861421 -10.93856514131203 0.707789500090931 0.5571688969326861 -0.24182263726475473 0.3607196362248171
183 -10.513563903621138 7.832948233695752 -12.807657706105433 0.7062096728353711 0.5725885125030262 0.038534511275739106 0.41463886067766403
184 -9.683796929682627 9.238966463401585 -14.135138357100507 0.3397710990733334 0.7358967878441256 0.4451898996712213 0.38054890763990745
185 -11.44400299005374 10.720422242011706 -15.196050732831429 0.24858165608771582 0.6634547573110534 0.6119894720436985 0.3514311189489304
186 -13.427580687835711 11.851892821022188 -15.932584743279968 0.3676082500010629 0.6787685992544488 0.5385480091216359 0.33779195530449413
187 -13.44659110812213 11.967373187835346 -16.049557173395485 -0.042695163869702894 0.06034132407469984 0.9972342032230259 -0.007745418851695258
188 -14.553381690262041 11.988028259966072 -16.22250480357023 -0.027453857707493357 0.0825050731995059 0.9541623825020146 -0.2863797241625202
189 -15.433876067947716 11.363625379854414 -16.24640615375823 -0.12204601811309503 0.16407840225817188 0.9618968550405851 -0.18148688007174213
190 -16.370861330779654 10.868069634685973 -16.485005212763745 -0.2604914945846216 0.45478099680572953 0.7569455288141026 0.3903228056388649
191 -16.016861581106266 10.532547283413804 -16.190173578079985 0.5247961558224747 0.7539611314376031 -0.04559700857034857 -0.3924952482829795
192 -16.053295679099598 10.344748516400763 -16.253584122685513 -0.48490602560241275 0.7807621727469705 0.2932662497518631 -0.2631947619128844
193 -16.447030631365124 9.276584482782706 -16.11852971875313 -0.44985473807831017 0.7830595037285256 0.1596699795373017 -0.3986903885015132
194 -16.787815161866348 8.07724466436423 -15.45850827023781 -0.4402233374695082 0.8288576616537022 -0.013558811220110595 -0.3449848525710393
195 -17.768183957270995 6.973334480632177 -14.357694147307612 0.89735556963494 -0.39045650366083196 -0.19210130674925258 -0.07344241512464407
196 -19.219867518523333 6.066606281098418 -12.098610481339025 0.7312252281958196 0.4395078022187452 -0.3103298187928082 0.41933037214926805
197 -20.586071792941834 4.937732934698527 -8.5227671653132 -0.296322089706783 -0.08972087994090133 0.790172403830644 0.5289337908272966
198 -21.650704797671043 4.198101225409572 -5.259046575757643 -0.1849222573924644 -0.3412545659723293 0.85281344600113 0.34936843910632526
199 -22.393021795132025 3.590990187128596 -1.8875994318825657 -0.4102709185006772 -0.3490331261939886 0.6888792066054406 0.48507637435616346
200 -22.73101442140231 3.5778327876244616 0.635897697614416 -0.5969628701707195 -0.21209966194327876 0.6352363750492829 0.44172821152302555
201 -27.800688732778703 5.668963647053219 -6.343466942621557 0.7995625265928719 0.5928797859339003 0.024262391281842995 -0.09276131666099849
202 -20.40835512963125 9.73140471446593 -6.257489614894244 0.6051953097708457 0.6228924882890086 0.4509249042164598 0.20593765032619593
203 -16.979955428946944 10.732126135219156 -5.013540990580081 0.11590525198245841 -0.35515641958679967 -0.1899648640620653 0.9079335001039719
204 -15.753446383239778 11.196551127989137 -4.177878160769751 0.21865699471385716 0.1265383448413037 -0.22936774724153988 0.9399827671148385
205 -13.943895725105738 10.709254097905383 -4.270273363177658 -0.01907376694517461 0.07563593714779632 -0.21794936503392212 0.9728378439943658
206 -12.323754985253052 10.220847527561967 -4.444962131113726 -0.13629568228689598 0.0560343014768846 -0.15013204123275842 0.9776216109739148
207 -10.810145208630852 9.659335979300225 -4.715049206769212 -0.10219638954428004 -0.013590540862622482 -0.22276887764743003 0.9694045710202112
208 -9.303830766383806 9.175428397669032 -4.886714499765161 0.10710444208819953 -0.044690171113568065 -0.29729346674521484 0.9477067171448282
209 -7.888713858850755 8.540019765309859 -4.806569107698492 -0.40092849909271255 -0.016685823625261043 -0.08243975288249268 0.9122398856933877
210 -7.231537315152956 8.606816063231747 -4.775452348005502 0.9818363812198442 -0.025543622852852693 0.05976703305057276 0.17824911109176417
211 -5.619974344395963 8.948115144429204 -4.661218440385483 0.768296226767559 -0.41874123153469406 0.33924636758016274 0.3453818047193635
212 -4.73356844260854 9.334431148863494 -4.6971770631475165 0.9064675259479997 0.11754909047771837 -0.10008032482513844 0.393042954793072
213 -3.087378155353255 10.135000349949625 -4.51222818908038 0.8018824520694092 -0.037317606210330874 -0.38437203810469306 0.4559057640051581
214 -2.3028752448671526 10.35367475301485 -4.595217187372536 -0.2773058370551753 0.4724363383503719 0.8223449675467869 -0.15379900289564932
215 -3.1265095654614843 9.697687083748942 -4.2095007835694185 0.6186467100291443 0.15849076735038795 0.6478763937148575 -0.4152265686367296
216 -2.7657328436375437 9.378696891020516 -2.9619489295394557 0.6605850536474303 0.05035682923030644 0.7478394732332592 -0.04275159554558305
217 -2.608250891525807 9.327930836808273 -1.861472899766576 0.07568485789390189 0.21256552073343976 0.9625132620798942 0.15051884267832774
218 -3.6275123492971324 9.080912222986157 -1.6678417545146746 0.7600145182217106 -0.46559793017638323 -0.4329875754892733 -0.13460408232891916
219 -3.3477375879813973 7.85325321836797 -3.207754084546765 0.7849822955217902 -0.35445494730041693 -0.5074299194934981 0.026064590048997863
220 -3.2050592097774646 6.612873894708856 -4.930562156494001 0.7566701737737939 -0.30684800951038044 -0.5566106566285879 0.15322899238769166
221 -3.018766598559159 5.522438678953067 -6.841779680902988 0.6759000184352016 0.013415144097480949 -0.47721972277342717 0.5614628528978504
222 -2.616231856136673 4.4397748081310855 -9.230189918247133 0.7108384469536129 -0.5720053275430752 -0.3786636670257554 -0.15534617751822272
223 -2.7639405057475694 2.810852889811681 -11.76475015857076 -0.32063462777741863 0.7350112841428232 -0.019621598807685686 0.5971321801016815
224 -3.743485974296453 1.1429236154992723 -14.46393497513244 -0.5619494395112158 0.5437333184032879 0.6208881192774655 0.055361080474214584
225 -5.008787669954725 -0.422114330504453 -16.41750016563455 -0.5484848369847591 0.2598799701815959 0.7576819234662222 -0.23988515491530824
226 -6.869293216783223 -0.14717061959141675 -16.987867248505104 0.17353755746764948 0.6779837589953696 -0.507084622879193 0.5030784470896554
227 -8.407970042399592 0.7672264229097294 -16.68397032440965 -0.10962052881901199 0.7301321316646179 0.5992138671425478 0.3095692998286399
228 -10.58476687140446 2.5268599280865236 -16.43562395159468 0.18324687376457977 0.09868409994887177 0.657012799548701 0.7245800251883618
229 -12.04319544230317 5.672120632023659 -16.3788892812953 0.21607397541933682 0.2958441402384181 0.6727878846876161 0.6427633655169213
230 -12.473672536495389 7.423665025864061 -16.175590892255105 -0.09202135094300827 0.26644067008425976 0.4130271933746388 0.8659965229888299
231 -4.783490345602014 13.313943787095061 -14.830866349700086 0.13549239295727591 0.11273083177769315 0.43225311816910283 0.8843589841520854
232 -0.22749685044728207 16.602699949591354 -13.534486406669785 0.39148416742637127 -0.2971590921797864 0.3160999353654184 0.8114908819274218
233 1.8442836208860809 17.950749603932678 -12.304808402326659 -0.4702812715980602 -0.16061884631352913 -0.7049349149215521 0.5060670682010108
234 1.9045095146409743 15.424591506681022 -9.810916618412271 0.4998745195905483 -0.17885407459742164 0.6910530823809352 -0.49049191837972966
235 -0.254631944884975 12.904530400254524 -9.576681829909711 -0.5510255343251084 0.5953664508800883 -0.5655130295273867 0.1486763704256091
236 -3.529659421973059 8.56520123686552 -7.97892663665314 0.36691197034048606 -0.3281900589375696 0.8217574314096524 -0.2870219767864947
237 -6.3898801104066525 4.9900562272309985 -6.707640230519708 -0.4783983494399166 0.6481091216990146 -0.5664651984241601 0.17380093382364623
238 -8.602762294625874 2.43715822973506 -4.776869995492763 0.5902659486774204 -0.3698060605103584 0.621069328355651 -0.3593083311274792
239 -9.927958605162278 0.9821846716196274 -3.178552831382045 -0.590187204867884 -0.013633227657200736 -0.42248249876221927 0.6877512170498229
240 -9.507792897287556 0.1788203138978638 -2.325626469484372 0.44866766464110075 -0.19142809349009957 0.7327664961963686 -0.4744532366633658
241 -9.596206031005353 -0.09495159997539074 -2.439221181751744 -0.148178071048201 -0.3862751938052746 0.9103553289924363 -0.009375973880345787
242 -9.47405156362281 -0.4119343409434121 -3.010612985778478 -0.49146921455030596 0.10133186486310011 0.7756035980333705 -0.38292156250381354
243 -9.217135247058154 -1.1129122726421943 -4.712536677451033 -0.34035221776807334 0.6955183025015196 0.6257212380353567 -0.09427402090321292
244 -9.712946840492123 -1.4718508972489022 -6.606951348774257 -0.4875843746975571 0.2543753533776342 0.834346513248288 -0.03769022386800263
245 -10.032473782759597 -2.319184782446071 -10.083051579972096 -0.20720465473298805 0.8412827611236511 0.4108936457153723 0.28368284897730234
246 -10.917572586173229 -2.726640610883296 -13.763174697875609 0.3545486947996955 0.6520140533666983 0.16615000779461983 0.6492819665892536
247 -12.528820257655392 -2.69882795142094 -17.393116084939344 0.7037139060938635 0.21696813062563483 -0.07255746338164609 0.6726417941003634
248 -14.16314640153156 -1.9008837501141636 -19.993222053439744 0.556137781427104 0.1280117280220062 -0.10271277471191508 0.8147231747465747
249 -16.313330924332718 -0.7346296056270605 -21.82887222421656 0.850861709421657 0.23981024069389684 -0.15921271993273814 0.43951872509599704
250 -21.352299748174968 -0.05329624231676844 -22.231221552715724 0.6583454011662584 -0.2377785779852406 -0.4887668394672788 0.5207203253683507
251 -6.578250699863961 5.613732544235615 -15.402894866265724 0.5417263184127883 -0.25419640617495226 0.7585580171331143 -0.2578885760745182
252 -1.0567429254691065 12.81501573453786 -12.006940104066386 0.4951372229498001 -0.19508389182766134 0.8397865457441257 0.10742422066779334
253 4.991704828707816 14.860111342746675 -11.128282881635524 0.7035831885400431 0.08551715816814029 0.39425055513280727 0.5849991557601978
254 9.114957988917155 15.969007079624248 -10.792779415304592 0.8581594696920197 0.11937459694821687 0.41732475303830496 0.27413879820791454
255 10.512029841280025 15.951283806401502 -9.451367493932592 0.6608720517619727 0.10832384065073636 0.6456689875503215 0.36691366186384633
256 10.79141721266923 17.983682083868537 -8.185354533589555 0.010398351950421703 0.4534826738544835 0.5391303204654725 0.7096364113722607
257 11.062747100456185 19.69903033054913 -9.096830812935925 -0.32741430180770115 0.5002724092605932 0.4499278713356285 0.6633945297481478
258 11.59028150511528 20.66011711058124 -10.667926804243358 -0.38504909520449143 0.4052458345175919 0.5438140275007174 0.6259227679049478
259 11.470261683074346 21.127480643644777 -11.681355823099832 -0.5773118622706548 0.28077874030139843 0.5646552005858384 0.518689519006998
260 11.466152956195227 21.435045440739497 -12.590539869775924 0.8249464696407276 -0.17466787766534306 -0.2989358743219876 -0.4467569784374201
261 12.257273615798548 21.475934882798853 -13.19601162837515 0.9487943144388741 -0.042522663646453934 -0.1836437527946345 -0.2534879563694895
262 13.35942536218476 21.841961721213373 -13.576101667940117 0.9451323236161845 -0.2382257087388064 -0.2168752852032967 -0.05420805493424206
263 13.479643384980923 22.129286719361478 -13.601556542178933 0.8820868478881951 0.43141812630752435 -0.13129560753692895 -0.13624484033343057
264 14.322511274249207 23.25866179334937 -13.940695032438326 0.8833818858885312 0.156522637132703 -0.22210016343550038 -0.38184895593803914
265 15.427684205267909 23.994134245874957 -14.45541673731658 -0.7187373976666455 0.14677270318741667 -0.19675719522900617 0.650508211262588
266 16.512878534953593 23.471367468104905 -14.370296291798502 -0.5472587523874614 -0.1358218720308477 -0.5863436690570628 0.5816024232842034
267 16.81555829066481 22.47330457558424 -13.233951547420425 -0.35148125616648646 -0.5444003900937838 -0.5340356326403987 0.543042433792918
268 16.36617273062397 21.907389405324352 -12.142160160849905 -0.7072122283655554 -0.37254224899033805 -0.10313848139256993 0.5919675585904016
269 16.37185744609902 21.323030865393946 -11.93174309454296 0.6175074609707479 0.044552753266940234 0.7347795035758917 -0.27712572768792376
270 16.002699481276064 20.33351318956055 -10.74532765500453 0.6834688664897223 0.578805533969716 0.44385912373162667 0.029043771543632708
271 15.538871647927955 19.197758421087464 -9.952728139128856 0.8870254342166372 -0.270558452398566 0.3653399580071591 0.08068902014404454
272 14.99732191378423 18.36345898524222 -8.70368758304589 0.918216908506697 -0.02390636608367314 -0.3934952604109747 0.0383102418052514
273 14.324836865874598 18.083751215466197 -7.82660858140741 -0.11646532564524568 -0.06486302697301996 0.9889302126697177 -0.06515865347957811
274 13.84215504333065 18.000117405781648 -6.9065360518470325 0.527792068509206 0.34454410398656504 0.7532952721316569 -0.18780608566008086
275 13.069438303284393 18.014639909272912 -4.990033666452583 0.29430214144132066 0.7992931384557252 0.5148357576721148 -0.09726700870711286
276 12.065607232666677 18.035617274946244 -2.9815366467642894 0.02258341505941735 0.932603257379308 -0.24506527896610972 0.26397757998553883
277 10.844581653552662 17.73856664202324 -1.4129801228521468 0.3800274403738759 0.8300266830057564 -0.367618634085307 -0.17745813572388053
278 8.677363808748254 17.624680043055303 0.7947449057512137 0.8747090152901303 0.2498909834814472 0.021704720075323248 0.414689691300975
279 2.962031580176906 17.352970006191242 3.815258218203994 -0.10777680863522496 -0.06519238072279514 0.9396535021477158 0.31809654024782036
280 -6.377196961751357 24.320016166872577 6.640389567515737 -0.08898413292170529 -0.45726600370805653 0.8845218084085038 -0.024714295271895382
281 -16.084079549112257 18.381305229978732 5.837265974708759 -0.3917409971338457 -0.5500846200642521 0.6008312383625555 0.42772388867243144
282 -25.004663911084727 21.250186012205575 5.395187900827619 -0.3352021253338414 -0.3740658986123291 0.47690888096929557 0.7212989379720733
283 -24.97149801146222 19.750594132634284 5.479858051932866 0.5148418074660883 0.5637806418913841 -0.5032232190114394 0.4047909249987646
284 -19.645961669752094 17.654908481786666 7.964892951752587 0.683464424270501 -0.023048019176947872 -0.15694863962365124 0.7125393280997878
285 -12.246822282716822 16.485894330994793 10.545974111860849 0.4401947959234621 0.10375253761816369 -0.14618932189505626 0.8798253433173863
286 -5.8494136125777745 16.48451433807878 12.086521067386967 0.7434280493571814 0.2652146889509657 -0.05962442626754644 0.6110816901085193
287 -1.4362798588266235 16.404915772838873 11.679308099873873 0.7062979478624205 0.41005079662776206 -0.13356829073639984 0.5613920775536718
288 2.459448350900323 17.520165277974943 10.240575103439692 0.6342354949231027 0.5735443695254352 -0.2528454172295286 0.4526161598433529
289 6.052888700179399 19.420462785058895 7.907716104235406 0.5870557623716217 0.727659397907673 -0.10840226607818935 0.3378258148987879
290 9.402384944290095 21.711683947049195 5.376877632341006 -0.0325767488701739 0.9523314653887655 -0.2560257257232893 0.16264797333935319
291 13.25464513895808 23.642339746531913 1.4894659763094338 0.4754315458055264 0.789825148006586 -0.10593434541487887 0.3727183860381221
292 16.210067887343126 25.025026924464 -1.4107945532119954 0.937936220590609 0.18410238355225636 0.1910148268395062 0.22337254621384298
293 18.651445911830585 26.15216633201663 -3.4330629374936406 0.8908238378123191 0.10374237479432905 0.44227402240274083 0.008006170436837575
294 19.459421214643434 26.21477452194647 -3.4237917022400506 0.10268246633518284 -0.07934053442686835 0.9587634545725686 -0.2528517923216223
295 18.508687165555223 25.409010551628278 -3.3949197287691764 0.20749170498236705 0.15935132784245626 0.9477228269979034 -0.18269042083661127
296 18.000886265395863 25.032885188512825 -3.0349232830242765 0.13528964272684355 0.7392084430212067 0.5545619684257824 -0.3573914010055755
297 16.57179058210591 24.518936919220145 -1.2213989909169916 0.08707449608231935 0.7591271081108608 0.6308444072032928 -0.13483100445957535
298 14.959138183971431 23.956393133974228 1.210524612408194 -0.06622126453675228 0.7745856181083147 0.628234352512618 0.030878190781917166
299 13.273776413955444 23.391152216801927 4.111541973211372 -0.10532053144148058 0.7501159991063645 0.5612150475484234 0.3335734461056003
300 9.76167085548401 19.32823834491142 7.134875112625321 -0.21217396981179942 0.3990817951356301 0.8665543634344186 0.21165883524765544
301 7.620883189858332 22.643660778968812 4.161119073547343 0.8498972273309591 -0.33225462570200764 -0.32737045135117737 -0.2451737226068344
302 9.60641800893739 23.626550933032245 -2.901504848645277 0.9539232826727578 -0.2560576503855883 -0.14809541135622778 -0.050324940030482296
303 10.765859292199377 24.04481616855244 -7.6634268091434805 -0.1452285478123746 0.7014328979021885 -0.3544160008969453 0.601073919704609
304 11.678554648490751 24.086585897134466 -11.24178401085669 -0.1933765557003583 0.7498703749391016 -0.42830938404166274 0.46567263183056945
305 11.952723818212146 24.11700086504579 -13.222165674372745 -0.13848918446255343 -0.40125233177210073 0.8582413008232925 -0.28851201291365924
306 10.192791939325964 23.26567882656758 -14.527068434700299 -0.1339356948547075 0.6877118545198824 -0.6769593670091822 0.22547649592615654
307 7.8350744230449605 21.52753008327307 -15.077573116904203 0.1759284083180067 -0.5264529546515422 0.8027617478757728 -0.21787624430577127
308 5.142544033117274 19.293701510917227 -15.11864625392775 0.28210947011610243 -0.434361278847096 0.8368293811821248 -0.17737280823020551
309 1.6005387702052276 16.146803220798617 -14.08706507855379 0.28264276675705596 -0.48312791059768034 0.8226985413368749 -0.09933578652034024
310 -1.3076521041482176 13.89389706865712 -13.089862572882025 0.3160029142921031 -0.6375058946595662 0.6966978359140783 -0.09132643574477071
311 -3.6016473338382013 12.818124999553111 -12.35066684056291 -0.22325185613316426 0.7168802086855611 -0.6528873466421223 0.09989738596506179
312 -4.343637882589029 13.693901537879297 -12.35885394862479 -0.09885096616831017 0.003093576751115044 0.7976959114834214 0.5948950740030619
313 -4.603959348668809 16.057554446404378 -13.347721359153207 0.16264735895263047 0.3628749689933671 0.7812532644123353 0.4811558275121133
314 -4.931645200395252 18.756442471509164 -14.651060526903493 0.25946404537459894 0.5609439485351498 0.718281501931855 0.319518355876719
315 -5.196665972239513 20.687012562375408 -15.288909830931603 -0.31257968022515703 -0.5389473957262415 0.7226572266279296 0.2993262116031078
316 -5.449770360085675 22.54068138908011 -15.596896291910394 -0.08896714017723822 0.2685578307467217 0.8965153061393856 0.34091325197343497
317 -5.663626848517737 24.6919530622739 -15.697077321147917 -0.49038474733665827 0.15336075471841332 0.8576195160075896 0.02218207056764094
318 -5.061046535776681 26.36698692229269 -15.5707956819093 0.6046151500779441 0.7049405961195393 0.1002077729342699 0.3570121545303563
319 -6.6544258332533515 25.284215228553684 -14.353463265848148 0.7043260980858334 0.6421111218479244 0.23935520713116548 0.185275847248317
320 -8.292212369555378 22.379266002395187 -12.896326182427618 0.7256732436388859 0.6805146617254928 0.09844416069911367 0.024635053633053627
321 -8.911769802164379 20.544715336876468 -12.201805497257656 0.8217887523112483 0.5133888208065599 -0.12345504634677563 0.21413551031318248
322 -10.318070358249742 17.859818080875588 -10.6386534590131 0.7664634600707512 0.45471886879728524 0.07294749110430247 0.44770880969406485
323 -10.483438585613063 17.41061075709003 -10.155193369035867 0.8608637761704908 0.42513950036461157 0.10844600880112353 0.2577002663605875
324 -10.16416891855674 15.256824174037002 -8.546146314936772 0.9671131966750647 0.0866152031249823 0.2129851544880925 -0.10875290971849502
325 -7.940553636510574 16.71540509676496 -8.166601675268096 0.7782131730292483 -0.17365434610653432 0.5688413109036127 -0.20161346287269788
326 -5.7767227330099225 18.420414781774355 -9.142339689075452 0.12246129166010138 -0.2384172210617442 0.8601928167391474 -0.433853407012676
327 -3.5007352597282844 19.956334558399 -10.235339822796245 -0.37319647081811363 -0.31561283929548134 0.8704309484704713 -0.05884635745349549
328 -0.9590312292385909 21.67980875864716 -11.324605546129224 -0.6242863803242494 -0.36548784278035085 0.6880256792160349 0.05749623344816871
329 1.8260108791273562 23.462778156492465 -12.4961531640398 -0.12887360654958777 -0.39854995829022233 0.90303243484096 -0.09529924399999852
330 4.882075015517402 24.880951039128973 -13.287949655007953 -0.3376947500145669 -0.10314047875668361 0.8902787063095132 -0.28762496857244585
331 1.052602240487684 24.265562610355676 -13.983377746552351 -0.5281647427046967 -0.1327835113602939 0.7871302386274005 -0.2895453869652974
332 -0.4928055789202099 24.746515734022218 -14.11179216432248 0.031529869590112926 0.10904546284712208 0.9871751113787908 -0.11225085224780809
333 -2.32002336613841 25.014275817283227 -14.04570934852288 0.2183627314171217 0.11995312835658833 0.8476929604692756 -0.46834347363484935
334 -2.164308730167365 25.593653782760537 -14.39565699466202 0.34099950035525944 0.6331521137360309 0.5860945138442375 0.37327062899556757
335 -2.2725257982812703 26.804715930788845 -14.766273361821463 -0.13389183741823737 0.6018810463366381 0.78677161122975 -0.02833043763208481
336 -0.4745634224169236 26.872157283676874 -15.19105783611888 0.23011075368488187 0.14322374741876667 0.7544175627147466 0.5978211607842627
337 -2.564299507884926 24.459259894938747 -14.732523939297138 0.31413340463373696 0.15857501053809575 0.8994782548860832 0.25906184418618267
338 -3.0514669547750404 20.995949838723664 -14.535564755610594 0.3510236280127663 0.0213174259950011 0.9168713775436249 -0.18887788903669547
339 -3.420701025821711 19.530729929485354 -14.39333650988133 0.6913642935725397 0.25352046956747565 0.6512148796206585 0.18347197509124058
340 -3.3330228680978884 18.562025554918556 -15.383995362810179 0.8328705313749145 0.4533343929965814 0.24575527648355644 -0.20104464721593415
341 -2.6556508578521454 18.979268110210274 -15.730954263643616 -0.25550587015863896 -0.13128309368729937 -0.47514856576540854 0.831694258773886
342 -1.8011257770439983 19.929563388633593 -16.795779871316775 -0.09271701980072687 -0.18582302601014455 0.38563859840994097 0.8989750990211692
343 -0.17729526248591335 21.436693812911535 -17.508119419633573 0.05034755968025644 -0.18420605732418752 0.5669644788688204 0.8013017729796486
344 0.7545467215386668 22.407135423641446 -17.713542295933426 -0.2990318158836149 0.013239524398591733 0.4702983909725718 0.8301952249511296
345 3.189940815148005 25.05172111017958 -18.44050114709035 -0.6214564122312263 -0.07430277867378196 0.5773713009049654 0.5243218531296948
346 4.85272066500648 24.131561477270473 -15.65093955455664 0.23968688597777515 -0.11755090132608302 0.872290152160319 0.40968508971139045
347 6.03055759975273 25.32704925754197 -13.47378568227849 0.5926050242947222 -0.11072731136102149 0.7784146936249374 0.17501232084686436
348 6.304599924525232 25.765898087653834 -11.839398812356205 0.8719716793330967 0.124489435001238 0.43455518247862385 0.18796160351269026
349 6.810470196966674 25.661874750072656 -9.338568015033905 0.8865741517878987 0.4091036037059062 0.2156044908867547 0.011628341492770332
350 6.365502195891201 23.340749607188627 -9.76730723579918 0.9234717999217614 0.32635477143233316 0.056808987381666065 0.1935591301522139
351 5.751748413481711 29.396642975888852 -9.621150543260134 -0.014636524068370196 0.7238104279081544 0.4625665814864864 0.5117776805474358
352 5.022541522849871 28.12055051771888 -12.88707633371187 -0.43107786633560674 0.3560468438688729 0.30419084264104074 0.7712784512612089
353 3.954111925184612 26.065173982481365 -15.254203498813395 -0.2908087688099555 -0.10815286460907372 0.6872987473871423 0.6567751896198231
354 3.20712758616108 24.770574731582524 -16.090061113390277 -0.6257378727458925 0.09675686492831105 0.7055057676885067 0.3183580303038402
355 2.710470533187558 24.60551055146671 -16.848679049695093 -0.22136926189171996 0.6347240811127741 0.4416870965380725 0.5941662221103001
356 2.0278649192293994 24.766780458916752 -18.275578858895894 -0.022993094578501534 0.5981126832187467 0.2676948952638699 0.7550311111631369
357 1.7900382791290954 24.217461133615526 -17.749467819700108 0.1095561223067257 -0.15687233796381977 0.8905109054332406 0.4127697335698792
358 1.330045919811911 24.4195525417527 -17.56441841526137 0.27533942584333243 -0.1248288196220271 0.890476522110741 0.3400845923260776
359 2.1990479504127576 23.36456153749446 -18.068539490575546 0.5107388021562448 -0.14145894458442004 0.8449817401610689 0.07170147671727951
360 2.453174924199111 23.04345962455126 -17.97765863278659 0.9508982710604698 -0.18591299911069414 -0.1614506661003334 -0.18751671197958544
361 3.4057354954667645 22.387837126589382 -18.244969418295764 0.8294016598391936 0.23449470752953702 -0.4820325753905153 -0.15732042162101703
362 4.012706727518052 22.891445833589227 -19.48290497363241 -0.33180381656208524 0.23455111214684543 0.45457212282344556 0.7926261339731986
363 4.481425068436881 23.89278212310603 -20.34501988298589 0.1856906505751994 0.4864586279087012 0.26234667192495953 0.8124353570297398
364 4.9898721935712365 24.84758100345295 -21.074800515459682 0.30251885509824444 0.4235226412086956 -0.15948629206462278 0.8388534063453135
365 5.042411010538778 25.109065520093548 -21.19443804919122 0.33317742733701167 0.2321161255069687 0.24660462655720936 0.8799437847688355
366 5.780898388681612 25.806053735360468 -21.59166521207003 0.2836425106610498 -0.5821949420153297 -0.005064609188411939 0.761951655534281
367 6.017748764070219 25.398253070522504 -20.595717866175395 -0.189856729968999 0.85173862653774 0.11904863243829876 -0.4736276567765584
368 5.492729361860678 24.814159936024172 -19.742156487420182 -0.11052505081680647 0.9684791439464931 0.17576048572312986 -0.13762489796900637
369 4.655238804578643 24.368044663462847 -19.43124203986457 0.17603550243807775 0.7420915571101678 0.0876502595674686 0.6408034447043297
370 4.549674821109191 24.097660519576888 -19.29151321514208 -0.2860446246418488 0.9138842351416769 0.10439556673045074 0.26850631858495244
371 4.103427856545655 23.64928378458046 -19.509319821642954 0.276334214333584 0.4333930094209411 0.18485335976015868 0.8376390253319637
372 3.7664076562401743 22.41453223402791 -18.479800677473825 0.8770619740003206 0.030773570019112777 -0.10442998290245992 0.46787782574292963
373 4.95170915422021 21.096320675558975 -16.649429157881894 0.7176746711274671 0.35746336689612535 0.41551413320065483 0.42954745123196325
374 6.080037198231847 19.098452093838233 -13.9902805314386 0.649315249815107 0.17562260418336054 0.580665567724967 0.45866535264399666
375 7.015896330221578 16.471684365332 -9.540676100524909 0.515591469742172 0.16444141104240512 0.8189909105673023 0.1907310857506739
376 8.041150815096724 14.508216105714567 -5.140141541159896 0.8988980456308323 -0.06792211446388384 0.3868535022932627 0.1941990156804672
377 9.511410403505137 13.199910012192031 -0.2993603981499958 0.9842737897770317 0.07035977228071529 -0.07993378761136953 0.14094395624029488
378 11.034780684125677 13.96152898710269 2.32122662347952 0.9490214250531426 -0.07849571404380049 -0.09202219882971358 0.29108190014049506
379 13.057812997187757 15.625790092806316 4.069073015235037 0.848899733896267 0.25255569884040563 -0.3914841594072362 -0.24964978210943925
380 13.161263370850953 16.04631464305522 5.658411127201159 -0.2582957872626957 0.04672496832373189 0.27255259638705814 0.9256430985105242
381 13.894837398996357 17.45192622923111 2.5712677399026864 0.1080089352586292 -0.01444903666694134 0.9798170632104845 0.16758227198983844
382 13.635730959653262 19.621686683040473 -0.38025566785915355 0.3577025312684939 -0.24063984825353238 0.9006253000318213 -0.054912944732740054
383 13.267478151382534 20.95177535941267 -2.64339453644862 0.6630491049582694 -0.4507604182888963 0.5776245780154359 -0.1533974464929133
384 11.893010246039545 22.422642041988343 -4.187805039675843 -0.39480453333176035 -0.3083984931201583 0.8330873167554448 0.23448938688801943
385 8.451455810093575 25.375108784359902 -4.839558707773708 -0.5143140020798 0.08567883292365586 0.8207809868092641 0.23336412866143127
386 5.840283764286635 29.083537387758494 -5.2276059480681925 -0.638361439655499 0.11164973393723339 0.7451806380499911 0.157273093528775
387 5.087799251944462 31.29124596113903 -4.946876748812918 -0.31208305029916067 -0.581895639529285 0.6682526773194035 -0.34269519061145937
388 -4.02547117333831 28.232386764690798 -4.440209560428871 -0.29813870673233445 0.4927773771005169 -0.28553441916642797 0.7659986055060388
389 -2.9566197315194898 22.85721429054939 -4.050602600694965 -0.3005123390509185 0.5623737580790694 -0.3179433489618071 0.7016695213226243
390 -3.536534473101792 18.997533482515127 -3.1339204674332404 -0.2950554890914651 0.2358336486293855 -0.4373060801504914 0.8161422307383438
391 -4.3781201105324135 16.76450535460189 -1.828975190055216 -0.22103898723834278 0.5140926434115931 -0.22975364384508262 0.7962812212093382
392 -6.035702592030361 15.584912829862688 -2.403536498438703 -0.40019965831911325 0.8601665193611405 -0.2105460921102667 0.23584769566078198
393 -7.103335728554118 14.13271812277413 -3.032954276122324 -0.5969305590538692 0.7345267524343991 -0.3117261352125533 0.08349355814225992
394 -6.814858436563708 13.63273967099672 -2.809441167184831 0.7145446606007543 -0.18039385044216807 0.2081436176576988 0.6430864803103601
395 -5.7423876519653945 13.610377958693533 -0.700946552104472 0.9654501547280123 0.239108005216149 0.037566697452309776 0.09655104256162991
396 -4.230374912092532 14.259131351485998 1.5246365666589958 0.799335892462345 0.5976762990749886 -0.04920806010684634 -0.0377324709762221
397 -2.524383163957978 15.378607772904124 4.324187067458026 0.5215260508648091 0.7671478566851778 -0.36896567870023955 -0.057957503344829374
398 0.679547647561929 15.844001560571812 7.71324151950244 -0.2297643587041628 0.8639627730045074 0.09496093159282867 -0.437903057539736
399 4.516326373546144 14.83097507731574 10.369738913412588 0.21986334252755235 0.9468703305086643 0.12160483694658576 -0.20077089292579015
400 8.777598318391552 11.701881660622977 12.154454348572813 0.7160166080464592 0.6615091839218816 -0.19010269299126756 -0.11656235544169984
401 2.6509225219831345 18.968516299843344 9.83110576696338 0.5665067966681111 0.23401400426896193 0.11389020097733056 0.7818801169336541
402 3.289177123375442 22.618004797360044 0.5579717232147126 0.537858661694221 0.34227003024762587 0.17034317986510414 0.7513604245022728
403 4.252300276988218 24.32614349143543 -6.616807803984112 0.5690604088726245 0.45747913706682075 0.28571388664968345 0.6206856411887186
404 4.804843567520249 25.091963021297726 -10.71593464383463 0.7956288092080148 0.5795519433942062 -0.08626431964020453 0.15379470089456088
405 4.874861233822867 26.38342900556966 -12.905371660194408 0.37155061494642266 0.5157060063961868 0.26715526478816104 0.7243103754577858
406 5.033698261886197 28.01783449581846 -14.703635758624399 0.5591096257276036 0.23355019163434684 0.26553147075277317 0.7498958410647232
407 4.977802100501326 28.722952341297056 -15.211302437616393 0.3705818575172528 0.7783360295085243 0.3746607131407499 0.3413084559117057
408 4.722571770858636 28.990204923515417 -15.205940629756816 0.48040605064820996 0.08290998865079437 0.8282200134742544 0.2763830124360405
409 4.0468627701226065 29.65060536561896 -13.963919026561339 0.5401319593352805 0.41437456871669626 0.5828884470157354 0.44361271582436285
410 3.526462053222853 28.865961479505327 -13.147343172469823 0.7791903127271101 0.12178233895090292 0.6147914060389045 -0.007940121698203403
411 2.8868574660131068 28.194960901006993 -11.29191464506529 0.8621178676912756 0.3328001289371078 0.3171232635383121 0.21314242212591783
412 1.9849316889659907 26.984388462772934 -9.85279420642753 0.7441467689629877 0.24668867156201427 0.6159253702107278 -0.07762875688617868
413 1.4765324993051865 26.114436819844645 -8.824338021429613 0.18575603539312657 0.079207260980829 0.9222072712426156 -0.32977970524304706
414 0.5247278068171788 24.960195297141244 -7.5713146057474825 0.3256195753595305 0.1301931857030513 -0.7418569644823705 0.5715504096649503
415 0.27738866229827935 24.370641252887587 -7.199932080300538 -0.0021104701896079636 -0.44840521050406323 -0.7134343341792873 0.5384605500150792
416 -0.02190452086701819 23.062095016408357 -6.95696142406737 0.40110838918415503 0.7405493759493663 0.537791994473119 -0.03845065133025959
417 0.45455237259033526 22.069279733980604 -7.451713402214355 -0.22481047640504292 0.6384132808836707 0.678447856528625 -0.2856523034417874
418 0.06858801750685953 21.208552637054815 -7.593189044121006 0.4178887916192449 0.7284756184246918 0.5427473563939348 0.010841509450509936
419 0.8659931325392057 20.191602595046113 -8.290709348235671 0.44495758188116846 0.6656410676426897 0.47518696693940576 0.36487267072897
420 1.1190704897412571 19.873665896295492 -8.552061004191179 0.7356693851795307 0.6589567353967843 -0.06759471603218435 0.1414126265554529
421 1.4199605000223205 19.59971674331685 -8.784817969314133 0.5916612512528414 0.2870052934411947 -0.4998072323514728 0.5636999696574553
422 2.1574860700615335 19.004773039718653 -9.481326089733882 0.37760001916284075 0.6886608317884322 -0.6088520156731363 -0.11164097500221729
423 3.481254634047214 18.039297585792337 -8.901560552750183 -0.3706827818450804 -0.48412805074481474 -0.03446687976989087 0.791849947859155
424 6.35994849661018 17.406756889886573 -9.369805019291102 -0.2666341014005978 0.7624467667407286 0.4976231328870015 -0.316152497179178
425 8.635844780306563 16.697935834762028 -8.2318751585969 -0.22302729675420543 0.9059026098103908 0.31345647647913766 0.1770432822631745
426 11.741231750369415 16.04499665116756 -7.144203666733627 0.6835109331733684 -0.28033864270678227 0.6398763872074339 0.2116158281701816
427 15.573459955504099 15.85657753082562 -5.239985223650152 0.7761228800929597 0.20290031704172923 0.5866054981961321 -0.11116980627239681
428 19.146477618897624 16.843080143742917 -3.1065429097264463 0.3832648490449838 0.7095330769617887 0.33658445644919216 0.4861910857476342
429 20.775842251361127 20.198391293659814 -2.64408727325378 -0.3794903113782136 0.49772248592748425 -0.5169268078126384 0.5839915289941019
430 15.415945610924913 21.480034447602623 -3.113848915204697 0.3637190408965543 0.7885057198346758 -0.273951583209374 -0.41342196256895714
431 13.636690263651733 19.767602408158105 -5.672511336368325 0.11993756707792787 -0.8064525722997461 -0.24731345012382772 0.5235315520791448
432 11.567725918955826 19.630260530308014 -7.992794988582483 0.19756511450026806 -0.5985317742597805 -0.45772423091512204 0.627069588775515
433 9.623611184788707 20.681812326301284 -10.067279036325258 -0.3939649646977403 0.1644779410546179 0.9042362570841422 0.009767541737988121
434 7.886296770563157 21.82853858945188 -10.876395198028296 -0.47473639083511365 -0.05069057868092916 0.8355714394727688 -0.2718017549377627
435 7.676283069958928 22.6697102058015 -10.782467597347955 -0.7092342833361275 -0.1764436332295044 0.2002120000751287 0.6525101766711211
436 8.692982216988995 23.557296082150145 -11.075698568533149 0.9486164442560143 0.20725776958757905 0.018217782673744343 -0.23840967058219328
437 9.994783696999672 24.258082802893483 -10.976683794314898 0.9171499150456367 0.3467487983902932 0.1480476029297228 -0.1291635065079613
438 9.273728026922951 23.751397047511844 -11.385262799183579 0.8908347061107149 0.20905845947146007 0.04543709709764762 0.40080363910448064
439 9.32950779084734 23.864702341438882 -11.383504511784468 0.648145766443908 0.7499958266255083 -0.1292164825455835 -0.026766137631463422
440 8.745362546659099 23.67431060898866 -11.183311183882678 -0.24893631338445088 0.9560736410776236 -0.12689134526090645 -0.08861428334648437
441 7.203903008628144 22.948957927324177 -10.599897144885832 -0.23423767085895988 0.9650850814157129 -0.08260258513376706 -0.08318841330747409
442 5.686992145294896 22.16913644130842 -10.019503986224427 -0.32534174170309305 0.9336865746237013 -0.11836011954141859 -0.09150417244693587
443 3.918586004789339 20.823422314156087 -9.056688593827593 -0.36328619542533797 0.9274298684631839 -0.009977572515104585 -0.08830304265680494
444 2.678688719653817 19.53211867257349 -8.291940631477358 -0.39222192138312856 0.8957358259766783 -0.044166164394406494 0.20461828943447638
445 2.258169325706762 18.647010813900735 -8.466889564124715 -0.040904533541688576 0.17750169112874084 -0.0009646062332943234 0.9832695654381807
446 4.032622428451322 17.858198494785555 -8.217860849423134 0.06510558956750659 0.29416755859600907 0.2727025471809591 0.9137067529780809
447 5.662897126034233 16.962191741669265 -7.231017736055067 0.08603409134764846 0.7819615680433453 0.2870948102272272 0.5465444274437073
448 7.637207262508181 16.66000284611635 -5.532678731387355 0.6748315069764936 0.3205237384112132 0.3488771336364773 0.5658195082641897
449 9.22716799162289 16.8241770975594 -3.771502862758588 0.4521210274712363 0.3029375774097556 -0.34313617195913776 0.765554026966543
450 10.10688523383029 18.112291615746244 -2.7645579246024923 0.8448764568151494 0.4002930029445686 0.2196176480574102 -0.2787783585123307
451 15.369381523167648 20.40465365575041 0.34956239361868846 -0.3121213849053926 0.2791287691083182 0.7538069834774193 0.5064014247624974
452 14.038648375657074 22.429126210791605 -4.534311646136563 -0.08524240108010266 0.4512918323138368 0.7165027122168747 0.5250650231454952
453 12.28161200705212 23.582581126771476 -6.7716784279634155 0.0841508402080046 0.6417203056250331 0.5135872839256131 0.5633309748546693
454 11.49455731942436 25.025879483188227 -8.189271954075299 0.14110706053324495 0.7845310627589925 0.3614922580617897 0.48365603107508254
455 10.761755470141805 25.763867615149707 -9.115187110743571 0.02761115447590565 0.9193365846206601 0.3561088168740025 0.1650587134056441
456 9.476551004522513 25.95892156991745 -9.513659916147063 0.0940477618511431 0.9109093070988736 0.35692938860482115 -0.18439269042353365
457 8.390139548985255 25.974090336434784 -9.08096551352319 0.4770094743386514 0.7894723353143941 0.1793340349693984 -0.3421033426700106
458 8.257596364524664 25.83862449346692 -8.890852747810031 0.8705579256635867 0.030964787853195272 -0.34003759212264417 -0.35432261559340844
459 9.048669218690732 26.39205631899825 -10.21980938547768 -0.8415596931134726 -0.06385920386530548 0.003363469817867293 0.5363655209642331
460 8.523263519798723 26.649744728317327 -10.496871823102202 0.2560648670154578 -0.20299675766218464 -0.7913049318775577 0.5167781003924714
461 7.092379326484061 25.84217911127182 -9.703613424315888 -0.29242080505770324 -0.19574389037135614 -0.7733464214452637 0.527361085585103
462 5.6813480210316625 24.4994593405855 -8.57190915205759 -0.3955345684949134 -0.2519165494080819 -0.4773635352859949 0.743111372836619
463 4.91588465513526 23.879903980753657 -8.215398123424531 0.20322151267052363 0.3503580942398598 -0.5940375904962761 0.6950320594518618
464 4.268724765167775 23.41264470854064 -8.108408853439547 0.043408341431492296 -0.5903648488271833 0.7704208627743119 -0.23672083846909084
465 2.7582957274161597 22.582676740816993 -8.339476375377597 -0.33681321128685937 -0.5990391199280026 0.6241475501453163 -0.3716837757370077
466 1.6832300103169948 22.04426297973385 -8.463840583612898 0.8917302534459854 -0.008419530038061744 0.06326466555968221 0.4480444717823424
467 1.1609973084145997 21.765058704717923 -8.285906765791278 0.6724948099537078 -0.19604108183025143 0.5720545523267476 -0.42669920785302173
468 0.9663668498400417 21.007986780574512 -7.697716972087068 0.1936631060605793 -0.3091896669042973 0.8750835460517619 -0.3180017903409547
469 0.4632238737787691 20.927496122749528 -7.763931497185399 -0.04834212289140678 0.8715231968835854 -0.4226886699314893 0.24381272476988627
470 -0.7686268910914675 20.701614926266657 -8.52084787368536 -0.2686529884017595 0.7997184200626734 0.2563632877637975 0.4717561712603267
471 -1.6171663334966075 20.54926212641746 -9.864738001649412 -0.16416859329194114 0.8636811530101048 0.21038637787713174 0.4275992410136182
472 -2.603621885621378 20.93805933594736 -10.847936872755794 -0.6093387582115412 0.6958409447810312 -0.15312784821721348 0.34794183336848894
473 -2.388711105816426 20.136918412909917 -10.98404225742318 0.8009324461510654 -0.4320444251852035 -0.22393198202093265 0.34885426584325413
474 -2.0646325020121052 19.646215143284603 -11.042443970734256 0.3235780553588562 0.09556485403659555 -0.3421165498988368 0.876995363185269
475 -0.9502604582700017 18.81093256141551 -11.433153950349185 0.43383916880300266 0.1907101981943924 -0.2991311363532832 0.8282111803042561
476 0.08716593925278883 18.52629094240065 -12.022405787388315 0.5430532717856424 0.2545543257524336 -0.20944996632883153 0.7722861845510927
477 1.0246438577958774 18.61384832108365 -12.723828925501103 0.8518290526714807 0.06779276447614925 -0.38393110385693 0.3498404116174812
478 1.6676386447450295 18.67620895998585 -13.65217764095532 -0.5590809693252876 0.5415667148197286 0.6138613348741699 -0.13156072622240586
479 1.6536297331558545 18.97572342653878 -13.831672643242074 0.4809498486746726 0.6722105006077999 0.4497981041605873 -0.3383813697973964
480 1.7450079217049026 19.419913810949666 -14.051502087878399 0.8049585501627436 0.5649243606334879 -0.15916931473381912 0.08699039331963472
481 2.188891331995986 20.637680664799966 -14.71903797347579 0.8137668168715272 0.5805721762765261 -0.026815023625679897 0.0006858573283371129
482 2.601128479555246 21.7130218845097 -15.198636795461303 0.5354360761052933 0.3702649907799922 0.5929159407248942 -0.47398600426802895
483 2.808850094061173 22.22779742243866 -16.033913892603724 -0.18574920086625388 0.5646099593014087 0.44177668406337733 0.6719718667125701
484 2.813541426516442 22.157044703253028 -16.042843546892108 0.20554041487197294 0.5620765176117086 0.7900378325334229 0.1329035340750706
485 1.9330298758883004 22.610059539582423 -15.853534744634597 0.11848012106330537 0.5663788556681285 0.8116818754454199 0.07968679839404319
486 1.0269632495155305 22.828561427754618 -15.67493808803457 0.12303558733382401 0.5523064507758124 0.8197660673105631 0.08833698866850849
487 0.17162577769249637 23.11528146950282 -15.59211922990199 0.13050830328477256 0.5933235811565091 0.7926282151174113 0.051722561973789334
488 -0.5575149440851068 23.19657795753463 -15.466305391003143 0.10644292566382269 0.7009283359108375 0.6910417456776623 -0.14082143737428537
489 -1.457306461777858 23.113430433850674 -15.092565378871061 0.2566841397123373 -0.26811725208165493 -0.06211074736584751 0.9264818652396687
490 -0.29119247979415686 22.894988010360162 -14.764516161862286 0.5713880905404987 -0.1024847634842227 0.06585540333612397 0.8115883125658616
491 0.9372534546078825 23.043711589010464 -14.593071830065865 0.5822984697384893 -0.5595598790099355 -0.01717630775709437 0.5895135353784804
492 1.350443051079679 23.250650549664698 -14.505043481693457 0.8303255221300638 -0.15933188846244845 -0.32461800141507957 0.42402361936065086
493 2.354517034159515 22.869400218440997 -14.655913438944282 -0.19489850471093434 0.6552911433726945 0.629031960847234 -0.37003632593494534
494 3.444056354897336 23.234185085867107 -14.60267004469789 0.740950730197356 0.24691024864720598 0.42107357177329313 -0.4612205456037934
495 4.794208209754814 23.23338389114949 -14.094847260123784 0.269442882506569 0.5257968168134183 0.7838197920284968 -0.19121917822182855
496 6.2255665059960394 23.277804192164325 -14.22670278582423 0.8134394972874631 0.26277874230972825 0.5029446318406778 -0.12771144876432125
497 7.147419578158789 23.079551582750895 -13.873087926949754 0.4303454321380502 0.7247024882928547 0.5349698676548026 0.05844957828301583
498 8.729339283958113 22.299850338577745 -13.895076914113194 0.7352256970661913 0.5287184588498438 0.42396037651125384 0.012552481564015578
499 9.012819268297966 23.08779732325374 -13.29901319597946 0.8102052542014109 0.3774542996063947 0.44836071193903343 0.008268601005968202
