# time x y z qx qy qz qw
0 11.910294337505363 12.394963266894138 11.894981124138436 0.0 0.0 -0.7071067811865475 0.7071067811865476
1 11.952493705721746 11.364784229628835 11.797757265200804 0.025614264681562037 0.06962177097587906 -0.699102593716586 0.7111626269073392
2 11.848829480464376 11.307628981868064 11.86867989393507 -0.3348172095166462 -0.4771073651106617 -0.5546899322777996 0.593788748123689
3 11.85610908156244 11.276730482222929 11.869969721099348 0.0357942521415875 -0.6717716641267379 0.020780774669863 0.7396010831482996
4 11.925460475165462 11.309712792618484 11.815313060355738 0.4658246691579452 -0.4251123962298703 -0.44142338817720006 0.6383041755665942
5 12.19067310762042 10.323666337244404 11.909254149348957 0.3158552554424545 -0.46328585078186013 -0.46290349197466285 0.6865289762219603
6 12.407220216637453 9.395917081542553 12.257417588020587 0.31422671210599956 -0.39967126178534823 -0.33049640065392083 0.7951707898664059
7 12.930100878826075 8.715793392694827 12.726212200760752 0.45156409216023535 -0.42247731204424344 -0.27909567204485425 0.7346484855529237
8 13.45914289287499 7.889680356379181 13.164701444274682 0.45324129121877565 -0.4237010784651158 -0.32599204770993956 0.7132873985089847
9 13.997133808404516 6.980246675114016 13.456580276768019 0.554927902007557 -0.418584816731062 -0.1830704975860484 0.6952172089996844
10 14.547906363014135 6.2147925257746115 13.812974551744976 0.44607329626894954 -0.46920790361246323 -0.25712551907499703 0.7174601208316492
11 15.035144411909668 5.432701124328551 14.260957002220087 0.34952779902692227 -0.3661837906375606 -0.2706816400308623 0.8188230571569813
12 15.675426725966027 4.706989278071413 14.70862948234781 0.21623349992078866 -0.3614701563336208 -0.38906964211246864 0.8192723681283469
13 16.151996187291537 3.8363965716514787 15.04230578116978 0.18471855466335538 -0.4101595668355034 -0.29204390763455007 0.8440133537509555
14 16.068750293091632 3.80774772895613 15.091170953293377 -0.009917293599893571 0.9312645431748701 0.2888896109830067 -0.221789969518554
15 15.244708880389679 3.682803222793444 15.437871718683029 -0.07197376585876225 0.9192566563170382 0.21708836309714535 -0.3204053986010984
16 14.415952018774913 3.4499995805045223 15.926497904173313 -0.11676273049719003 0.9315541681909789 0.23761249990040598 -0.24922599459914604
17 13.599139476544646 3.028653258522768 16.343544875148556 -0.02098162058249141 0.9600837350281877 0.24417692823090092 -0.13482069964133328
18 12.586904070865316 2.928282711702399 16.69150412339422 -0.07237041880469094 0.9250654131021702 0.31745372513037534 -0.19554957521046407
19 11.676963657966844 2.59920128903411 16.965317270318927 -0.21952191129335324 0.7938715707955033 0.4859320987230039 -0.29231499273121453
20 11.622832650374837 2.639531155892972 17.00100842542435 0.4915880644423039 -0.41257113747839663 -0.1501364743995417 0.7520540342771435
21 11.620744883339436 2.6935287880612933 16.98194714497697 -0.17766884478639183 -0.297962406929963 -0.3527877316258669 0.8690184129597297
22 11.625672091402654 2.851129956457174 17.04961994136674 -0.26373611804922403 -0.7997825346101536 -0.1307130117164536 0.5231684871405178
23 11.295712585362455 3.1855506211205835 17.974399058334612 -0.3685308243426725 -0.6949895799255449 -0.21869115112629298 0.5773635732562985
24 11.257342833715429 3.519003046020544 18.94727090762036 -0.2803788376137238 -0.7956328251308582 -0.11245887590746433 0.5250801045767166
25 10.90305219634664 3.873865256991986 19.86762172045436 0.1613632085858207 0.8627471622933065 0.09498543038525789 -0.4696882124178369
26 10.9240675729261 3.939874799260584 19.81438999932357 0.39489096559637504 0.5658589617454559 0.677091941144422 -0.25575625884813713
27 10.938845016483482 4.056652270006792 19.832309468816174 0.4488975999713736 -0.09401845388348601 0.8868887437772719 0.05549622717331144
28 10.387641588819498 4.079775078277027 20.6659456759655 0.3961382551432433 -0.02339023902402038 0.916369186876927 -0.05286674638168086
29 10.43615359059007 4.054414420270431 20.66088548579821 -0.32765600840881653 0.29724640103607347 -0.510886194199047 0.7370762605060053
30 10.384879016467108 4.032329182647854 20.62115294975796 0.4790967385331173 -0.08685883099697628 0.830101472132471 -0.27175982883471367
31 10.000129110919305 3.61016965337928 21.32193202388175 0.49871248273477337 -0.08308243518748373 0.8038665720002071 -0.31333959684098567
32 9.99455845113117 3.649176361828912 21.37969274093741 -0.47554131018358153 0.3380766032102736 -0.29365495297357547 0.7571865300338965
33 10.009167064444128 3.670177492750767 21.44964682251666 0.18954324901818487 0.055466684085272826 -0.4274198858633789 0.8822182524051239
34 10.63251425862594 2.92991908053762 21.247010038542268 0.2783050203934603 0.08814834354436697 -0.45341091196763583 0.8421370019556537
35 11.262390380291842 2.2684290011419668 20.933503189711526 0.34357294690426937 0.09517994212503987 -0.5231410026693294 0.7740942449719662
36 11.606874360016016 1.4870454871799959 20.42508788094637 0.34342390068483725 0.12572702795665322 -0.7055234762229385 0.607033247341443
37 11.662989434519792 0.6752972257347468 19.80211415373758 0.42221891782965143 0.1680750238151029 -0.6118265860149666 0.6474181032698888
38 11.626449865062478 0.7105308277653832 19.86344191882224 -0.230350464667014 -0.3069601343274179 0.9049558842440294 -0.18376339933047234
39 10.758342707199409 0.5243835826712039 19.289436723398897 -0.4206296373936709 -0.21421761940290263 0.8644568222158713 -0.17290437301543066
40 10.10794145360486 0.3669370288865823 18.469443876877328 -0.5104010063944969 -0.1534438684730303 0.8305068952201231 -0.16187677069717876
41 9.712044999557873 0.28775611855189054 17.574993972124936 -0.5994884798034326 -0.12391933203558007 0.7136505166469923 -0.3405297370572877
42 9.659908044884641 -0.09995355990655924 16.6733236345999 0.6605595795049517 0.15828923837385803 -0.6071109772608873 0.41233702262663113
43 9.827833199208005 -0.427968851027915 15.718211836157778 0.679153508565797 0.17057043260333 -0.5799892053773786 0.4162556437695435
44 9.7997096201601 -0.4441619758910211 15.73584707450676 0.8421408830272288 0.5311637776942647 0.036408447412171 0.0856632906017031
45 10.15410309486958 0.33453888801018533 15.678400459888119 0.8561232014275211 0.5043529013652978 0.07824216726460022 -0.08098998779871601
46 10.651158213535446 1.257770980842151 15.85993920243639 0.8774632019680684 0.47397497825045226 0.03509444498140815 -0.06460982213158165
47 11.21680189212237 2.085849263516151 16.040688519253784 0.8636050221951688 0.5028128150440162 -0.026133532995246875 -0.026128090630198806
48 11.190266334781544 2.088799529570433 16.06599321209758 0.5120533126779377 0.3883153360096031 0.379738471199868 0.6654406797649851
49 11.568933378735045 2.955853982494768 15.9014204325729 0.5363136686382183 0.2783916210923972 0.26492956034927634 0.7514506518664423
50 12.251442021362696 3.6674025370705565 15.682883013248553 0.48313446201995824 0.21526774971653814 0.2807868979977954 0.8008742756846662
51 12.978792957252761 4.387451867446971 15.624842951972123 0.5009356663523411 0.1721848419416186 0.2651775499057402 0.805665380544345
52 13.821077426435062 4.959935717683733 15.574184972472294 0.40659045135743793 0.28155400371462946 0.3923764561412601 0.7755335353956286
53 14.325089684634284 5.7656467503748665 15.394592262374916 0.36614374686261786 0.35596608081294684 0.40850081840812713 0.7565408034626843
54 14.740900890221724 6.718807761630026 15.203725573348374 0.30761463671855394 0.47397391899959984 0.3858296293131472 0.7292855795425766
55 14.981586301709822 7.5201911206691054 14.77547796560997 0.31555140732157055 0.6211203299620605 0.4964477890303209 0.5178575458676851
56 14.777485400611518 8.368024417475699 14.462609270918561 0.41430450843758215 0.5888898347909652 0.4662232823270275 0.5140003772220153
57 14.601529217296696 9.37525391795018 14.252246597202893 0.4041774830388566 0.5133308240025154 0.6174051956746791 0.43811282985914035
58 14.271693411670162 10.360102173295774 14.335964135146263 0.384549733155211 0.606411328905794 0.5510491691937016 0.4251254121266988
59 13.895141043194236 11.262587277250832 14.176167533696248 0.4016277731173611 0.4876934209148497 0.5407839588897819 0.5553404080963806
60 13.85410353892072 12.25004099213995 14.099521068767604 0.4527784610758617 0.5687420654015104 0.5554439884425447 0.4037401440674877
61 13.521953933674764 13.217698504459635 14.215627638675699 0.38859836243399043 0.6230904990744425 0.6076899231523752 0.3024276772649004
62 12.990815392574646 14.154960439029567 14.361056521492426 0.46587929935985556 0.6045578121381008 0.4849431388318126 0.42696192138258837
63 12.813181907726829 15.044645766711339 14.366404352586716 0.4357190601172401 0.4576670212451061 0.6656815205020412 0.3969356516833307
64 12.773318090984532 15.097300042383013 14.423201767364207 0.6859046706173988 0.6769350283910162 0.26089353350427325 -0.05681825708472663
65 12.770113249902751 15.992690918309663 14.741333219881602 0.5900804282871142 0.7728338577627619 0.2104820260023596 -0.10114461517038276
66 12.4937794819978 16.852063945955706 15.167426368702339 0.6105327560790451 0.7455882228585503 0.25658209937622684 -0.07425349802428108
67 12.255267598872813 17.626287883937728 15.602522427336517 0.6351197869682316 0.7462085639778946 0.18565585615527472 -0.07298998782523664
68 12.031627058773832 18.58419500791723 15.926983611562493 0.6941330108671535 0.6755034169477434 0.23616314536939345 -0.07811187928642961
69 12.04475386458228 19.569022607144454 16.29675357098212 0.6579040567463195 0.7041985828485351 0.22688276073245595 -0.14067985254921667
70 12.076791558720279 19.481397127542166 16.433996171664386 0.060839552788195035 0.9457206712751854 0.25909373357490245 0.18649771570065424
71 11.225378398640693 19.69955283844046 16.090493797767234 0.04621334761786192 0.8843889158723373 0.3519489112580245 0.3030718328192075
72 10.537043174468435 20.111955098152578 15.574982930920624 0.08002670035026387 0.9055704430994289 0.22017742946765684 0.35363794955967015
73 9.732330601849618 20.474750304152323 14.97251905512102 0.1736561778357644 0.8421917160224488 0.29068567223664277 0.4195932379328427
74 9.167590901976375 20.98244112164337 14.413926269184275 0.11837052687405551 0.8308138418239285 0.34448792907900405 0.42079073815874524
75 8.531538744409136 21.43646363041451 13.840142744880097 0.10468521623637676 0.7907249540444089 0.5115624486117846 0.3195292063698175
76 7.744695559327663 21.95609181542963 13.500868428078341 0.027530110684144706 0.7966700711881006 0.5365068340382799 0.27698250433752425
77 6.91918426851451 22.292944053036134 13.04233730292889 0.1337334008871844 0.7475348476924454 0.5990684912663521 0.25381877736770475
78 6.956537892803581 22.268862968007806 13.071344452919048 -0.09717081448501101 0.23196188573900953 0.9273967166439179 0.27692389989815397
79 6.916191340903602 22.19745345833332 13.073207575176635 0.20389255687713148 0.22723111089017783 0.8513549647401739 -0.42660118554216225
80 6.360541714485949 21.62037028279879 13.542520881215243 0.2029144409568021 0.23595179352609222 0.8830166458410792 -0.35133187152687784
81 5.68172761239136 21.066422034279732 14.152016460400958 0.18227319479070633 0.286988915896998 0.8274745459903831 -0.44687774653820506
82 5.795382664072007 21.22494841933531 14.207165651586287 -0.0052943626388402675 0.4185525937646414 0.8581664708484587 0.29721373502690107
83 4.934978622715686 21.72414780876126 13.910613150232113 0.057870892038403045 0.4516887313507732 0.856849883673167 0.24173648188614114
84 4.106055591090354 22.243907269877344 13.84357286378765 -0.006126614361180902 0.47406496999754516 0.8388450160282929 0.26751431345292315
85 4.1035832543737945 22.23514220609927 13.810107598935135 -0.4144672989648846 0.41419043849994097 0.4245633784797435 0.6902239320668657
86 4.441182360515063 22.559578572773646 12.905535434687845 -0.3719319168713867 0.4156315547793933 0.5030126032631589 0.6602237354431143
87 4.53372502272932 22.854447683225537 12.021261823304485 -0.2781111839448656 0.4589473336841084 0.529094788928523 0.657328090528401
88 4.607792690154751 23.346457700170586 11.121064034772763 -0.2947080840462977 0.3763174523683465 0.5873403920037177 0.6531183538698605
89 4.56871492697282 23.35956595955198 11.14566547422953 -0.6245615300579477 0.7283318662707267 0.2758726649778986 0.05787797909626417
90 4.362475815204612 22.504149879065874 10.660229548003885 -0.6669613826205473 0.7354896846289621 0.028465639128981098 0.1157892278506771
91 4.279258445415223 22.56403893998265 10.630651641849333 0.5761460962703746 -0.4387242859728498 -0.47520833187849904 -0.49975365727853877
92 4.306773840125673 22.486975533658878 10.644914639693255 -0.028520754517784287 -0.11553526630031247 0.8488450701956647 0.5150730196847514
93 3.846338741002515 23.383312867836885 10.68697297872617 -0.2631854327486271 -0.20270542332583372 0.8594599284622383 0.3885518893415608
94 3.298707774072912 24.137144476912525 10.364705957670907 -0.2256224217115487 -0.1689138784322486 0.8109437396443439 0.512769807638513
95 3.2948956894630115 24.26478347176036 10.291076203599872 0.16088649011287243 0.6039315830276155 0.6714963094360944 0.3980890437259277
96 2.659192066423667 25.044009927241436 10.031246596667033 0.17595859948429396 0.691334293317415 0.5727037028332986 0.4038637578588409
97 2.1062930448614674 25.664300239386073 9.60741624581125 0.03389740358252635 0.7006563959198999 0.5541513943439768 0.44816047687577887
98 1.5622353388837027 26.070723851831236 9.064421206115837 0.11614112368164022 0.7813114926538707 0.470576683341679 0.39321899233390456
99 0.8626557779433868 26.62848387573443 8.606360133879328 0.11155655992466351 0.8219329588831729 0.45328663992342677 0.3263626312957058
100 0.0848921530624277 27.024112291125274 8.156390377892935 0.1610660002910808 0.8407821159498421 0.45081735354489266 0.25279812260362733
101 0.10374491919980924 27.056060359445073 8.179639662369452 0.4888489275757239 0.3289332805462669 0.22596870413113143 0.7757369191358837
102 0.7619947711327444 27.760602637856273 7.887538313602694 0.4648335754261506 0.3003566140866602 0.35375978108323414 0.7540355885625561
103 1.267945173993727 28.504088237072988 7.801334705635843 0.5618085595990043 0.39329851613452105 0.3069921685844462 0.6598812226419956
104 1.82175539835912 29.296090926409786 7.5418373362970295 0.45821522897782513 0.3320071244003265 0.25825013647063155 0.7830178416186476
105 2.489995391445376 29.94675407907134 7.3534967730812735 0.4062082574470432 0.1526046594932033 0.29868656369068947 0.8499958859626603
106 3.2318380847030865 30.644756104969268 7.360592041921042 0.4660810043368542 0.1614523932645351 0.35070949712360905 0.7960555701286238
107 4.047876199151581 31.322920699497114 7.369679405047868 0.5444440162928773 0.09263158992404419 0.40132124281194026 0.7307129133516831
108 4.687639748218801 32.05082695621512 7.626995583034538 0.6613200041232332 0.016854856462222553 0.3755914933865011 0.6490784205747268
109 5.453130736961361 32.51383554073047 8.130535342257344 0.6704061808222717 -0.13055068371459363 0.5023718129537638 0.5302213059152711
110 5.409454906064592 32.53774163165133 8.151895136691497 0.09355126393674791 -0.4139396189481438 0.1977354631525802 0.8836304880959783
111 5.9527555676868555 32.79697430301111 8.889255024415212 0.009326936917849747 -0.41264974740264215 0.1872899301878844 0.8913785258051057
112 6.584122292214137 33.164824081851975 9.553255152098982 -0.17169630273657213 -0.5092196865800017 0.1813957721789972 0.8235965421622055
113 6.868592961585747 33.58802964817304 10.286026200238696 -0.20057061405582666 -0.38549078396986836 0.12227478298882005 0.8923100143428863
114 7.57709797664185 33.90193961938278 10.966264579031415 -0.235152000812923 -0.2929146107922239 0.05495352485702863 0.9251403555158033
115 8.365222241915845 34.206201427735394 11.501924749996949 -0.3333754815390002 -0.3909817866533504 -0.02310915048635037 0.8575896442808721
116 8.35753024493148 34.152893918588575 11.435726600852341 0.7867480381065376 0.2707421578210456 0.38950131030324925 -0.39498726281485314
117 8.976045684443633 34.11966361353848 12.297050002248744 0.7876394153318992 0.04989378655705178 0.46980349804939037 -0.3954989692770127
118 8.985643062342303 34.06511083247599 12.353154200015148 0.0677355069694871 -0.28927812137823905 0.9316666991623285 -0.20911057185000081
119 8.097802405085277 33.67673411321491 12.429424047033129 0.06213306286607183 -0.35446421009266066 0.9198777609757772 -0.155947142084931
120 7.188439686327775 33.41375499080296 12.464382011645453 -0.038337230102279685 -0.28120209882646685 0.9491921254160711 -0.1359777388096895
121 7.3183656584371715 33.41002490684733 12.412558972144422 -0.1239262411422824 0.8705604657038896 -0.45223666018447534 0.14916020077407563
122 6.298034348880174 32.9868535230532 12.258544442307821 -0.16690627016043302 0.9065633069373464 -0.29571782947550546 0.25067156365701065
123 5.500778423090727 32.577748583474836 11.908102786122841 -0.19157540931347158 0.8365008505159927 -0.28951654728074394 0.4239638645958322
124 5.416240510807714 32.53862125014982 11.982576256498035 0.4299287390279643 0.7688650579139861 0.09188050480716214 0.46429061471574923
125 5.39473401189397 32.456706664609875 11.990121044561892 0.8908328352539974 0.32450733002014664 0.30067727701400887 0.10346510273498322
126 5.377353143126857 32.44580287255022 11.944886531525455 0.8807187401671493 0.1645577610247741 -0.285005122884597 0.34062783787359185
127 5.300824063628203 32.364360617956315 11.893642148260609 0.8115283346452146 -0.4513096943924283 0.13450738769885218 0.3459032877406749
128 5.828357195126209 31.71738542272308 12.473587286862148 0.7757456743683045 -0.5043182089481137 0.15793634079686228 0.34487375237603696
129 6.3211126401373 31.018580942318057 13.035787725931858 0.8123636009960636 -0.446707134112838 0.1837688848492303 0.32672176705979233
130 6.872898182137379 30.471424185555875 13.758765222143555 0.6945738874218494 -0.49807176315602486 0.12806001213988427 0.5030827635181688
131 7.361393963642112 29.9810379147772 14.533147667520561 0.6430952216411909 -0.5966591588303366 0.05921165996335223 0.476361588932742
132 7.4182246956899585 29.97787893638762 14.593448477218377 0.009170221351105269 -0.44823559078277164 -0.3849582759317249 0.8067266501037791
133 7.763895894982984 29.367170581149487 15.252884721700722 0.00542206408682166 -0.4086748359211093 -0.43933829493561477 0.79996083798456
134 8.094674877714507 28.66192312255417 15.86877520359722 -0.0321558522041049 -0.46129721145264385 -0.4088548781661112 0.7867709784141868
135 8.144415485325643 28.639662123272508 15.926688792908749 -0.359504254174123 0.30505301145177555 0.8686352866260894 -0.15222381634593715
136 8.215560809816099 28.66141454851171 15.919403022404932 -0.43901458030562335 -0.030761716932835744 0.7578180154245949 0.4816967620280935
137 8.228698287863654 29.426478245031117 15.379270513345569 -0.474958993104781 -0.12656259406936277 0.7811268189906801 0.38501526892426907
138 7.992084911466814 30.107606046394665 14.71885286341582 -0.4487819997539329 0.006212684128564795 0.8265968912338636 0.33954925806912273
139 8.014971254067918 30.074125978741026 14.733092303524602 -0.23073008973400744 -0.2635707881606986 0.3160215427926306 0.8817167628046154
140 8.695606431252473 30.70280270811061 15.037538485149494 -0.30692923360413676 -0.22396209607621742 0.28603378351028547 0.8796704495270461
141 8.766542233294167 30.674919535136716 15.026026665577609 0.05919413998355828 -0.396808710734311 -0.4995289895256646 0.7677953435001081
142 8.900984024791967 29.914648813966497 15.588574077133318 -0.07687693673697947 -0.4141775771870472 -0.4658862459208562 0.778136798394201
143 9.155722958270953 29.275301049765243 16.208695395406828 -0.08767613389218186 -0.38283939992397015 -0.5194790568344402 0.7588731112129188
144 9.159886397194587 29.225237801914226 16.300082062865084 -0.6436219786414052 -0.030279163913985992 -0.5618345594805472 0.5188215961346345
145 9.485548335207168 28.72495453125369 16.984698426319216 -0.5966696847665064 -0.04614867721517417 -0.5196439222519103 0.6097751888512494
146 9.897809261125813 28.1236244572238 17.654097566908458 -0.4855028280223443 -0.06692697196560272 -0.5689048141940519 0.6604203939860214
147 10.355749095012095 27.500220422948054 18.288925730332245 -0.5824817738679234 -0.18062508519203174 -0.5781693335931803 0.542042233966565
148 10.614677396727377 27.09518341113824 19.114028095793863 0.5226600201756302 0.2788407213154476 0.6780321439500318 -0.4351399398088088
149 10.520697943269726 26.776229765803972 20.05119108299617 0.5587395922982372 0.27346805648914324 0.7451147156870848 -0.24047733894278864
150 10.27726323150406 26.699466420415245 21.05835737232577 0.6831942446720177 0.33939850171807506 0.629244112538545 -0.14868129645027767
151 10.247183723755922 26.956725548935587 22.061605845695826 0.7319351152477143 0.19613332744931947 0.5421640031175741 -0.3631265601061147
152 10.628944322173833 26.744539889367367 23.08346662763819 0.711722601005629 0.10642475391478433 0.5604003822587104 -0.40997088010766153
153 10.98613335783358 26.465049624676354 23.935359296807224 0.722336592526289 0.02296757238208256 0.5869163013711598 -0.36500903125975004
154 11.317545026027737 26.05926607664618 24.793029150470318 0.768368802465391 0.0071042501636688635 0.5718624980568934 -0.2872841735001115
155 11.633085289530166 25.746272581298463 25.71825309172523 0.72262972552994 0.14800528780255942 0.6263949490486022 -0.2520517454202685
156 11.745957391280927 25.66800969347466 26.671518056555964 0.6142354854326405 0.14093281931203627 0.7219792147439873 -0.28565490080470296
157 11.732948067482635 25.44734957880382 27.725019483391495 0.7468222209206795 0.14094842919702286 0.5904867822391787 -0.2715059311448206
158 11.800565470438146 25.37653889847089 27.701912109169502 0.9283159755710859 0.3152432850369775 -0.1917704830958072 -0.045554391136294434
159 12.538528572861512 25.99894902167602 27.303807837774407 0.9394811123035435 0.28680474076511125 -0.1782769084007241 -0.05775486326391598
160 12.474426450712118 26.035119932314736 27.29615636778667 -0.6702093564089422 -0.05474407886434882 0.35365075391497897 0.6501950850833706
161 12.511630692624532 26.095735884456083 27.289094234871474 -0.28762647456464957 -0.6861295340644838 0.015403677532484433 0.6680269458131459
162 12.56927382805885 26.55435148091494 28.225504393629908 -0.4219620733137733 -0.6747006831105137 -0.004374496468693151 0.6055640846975587
163 12.49209536748282 26.556738582678793 28.17058240238442 -0.3315277261007481 -0.29504603384136535 -0.25305814167681867 0.8596503833954954
164 13.320047287220703 26.239620582020635 28.93527814749529 -0.2502935639003399 -0.31287174513382005 -0.21758595309311365 0.890011660588526
165 13.323424549140439 26.197768818722306 28.968603223881555 -0.4178029491991654 -0.7410306441335046 0.05354223224090697 0.5229220873726996
166 13.197858472057396 26.895518782678316 29.735577671240367 -0.4590761075575003 -0.5866080991249253 0.13452453670530812 0.6534854355952532
167 13.468442989290907 27.526342193508583 30.31945934313962 -0.424152520588684 -0.688631827494958 0.06330729661084993 0.5846990949497397
168 13.49617143257488 28.258771469422985 31.08384176781339 -0.38381400427354867 -0.7332253655231269 0.041241533114543795 0.5597914874516592
169 13.36097692300051 28.870635121732157 31.751445875981045 -0.35665334672930865 -0.7645834285512595 0.0829592094339153 0.5304039409937314
170 13.121325071029954 29.512390248268577 32.55695252277703 -0.35938727347636856 -0.6508356996579869 0.20561110200101865 0.6363786250714631
171 13.175999026077225 30.228341696456276 33.2175022818267 -0.3577152386607704 -0.6832053039034903 0.18548206806514347 0.608988278355408
172 13.192579835768715 30.95044983643388 33.85710733105314 -0.4289207165108621 -0.6505780738044055 0.17925125190844768 0.6005365746746911
173 13.290433955105177 31.76812142204676 34.40410192185228 0.35097881703777933 0.7563895032631929 -0.24058615518377302 -0.4967968309861791
174 13.280713442715811 31.701562206155874 34.35812813892016 0.3168972178510288 0.06585186399835714 -0.5925179604724782 0.73767347237362
175 13.490653416687556 30.878449952083674 33.8762153062435 0.34722957633519014 0.07468392661384438 -0.6002245274769217 0.7166480649794068
176 13.464346998542021 30.832788314970106 33.72776060053876 0.24770270229790928 0.6070285306277206 0.637757613976994 -0.4042585312552285
177 12.855123504218858 30.66689330877791 34.53160039154986 0.23539362093925625 0.5815331628509662 0.6257481562697057 -0.46351727977576024
178 12.426450503032168 30.29239764018184 35.354935646453285 -0.1308207045678228 -0.4883059773681949 -0.6328206441652028 0.5864991458145594
179 12.393506248457088 30.32801729772582 35.41628192219637 0.5352558382722125 0.7476925116518384 0.3466869390702509 -0.18510878394440494
180 12.022288393914264 30.980244137383266 36.051316414186104 0.6242662251939558 0.6900759940677201 0.3592518045979399 -0.07088683507295417
181 11.814029870224088 31.793166227243564 36.61259872913597 0.7213928917179572 0.6346282006855323 0.2715088150050774 -0.055877598802969664
182 11.741476876684716 30.877481752881028 36.089855951571685 0.2401498327080171 0.09242333597340927 -0.6426343006616572 0.7216696892837887
183 11.94849622275028 29.9742204361784 35.593743027616284 0.3161199590369387 0.17698845365695742 -0.4173955533134735 0.8333811917992524
184 12.435316119191805 29.425844455153918 34.90090245794044 0.2822952142972649 0.07538794347969832 -0.38028145065063595 0.8775033266340424
185 13.060767990843324 28.73348379864403 34.460905286534384 0.19846347120478036 0.032475609868190876 -0.5691132199034941 0.7972877324354837
186 13.041603023069023 28.750169163437423 34.44956725359646 -0.43971255062537384 0.43120893349965006 -0.2731462592225213 0.7389877194956387
187 13.52632722547736 27.983639887464687 34.041275802173494 -0.2840168005894039 0.4353412234736421 -0.2368245605643284 0.8208085060724843
188 13.992303752390015 27.445150923678884 33.53238046740367 -0.3501724134481479 0.4589094912186446 -0.3170099695640164 0.7525197930462459
189 14.380993327481129 26.620222411676462 32.98763865527082 -0.5174307513213697 0.44812491554602213 -0.1912832261442253 0.7034630090130749
190 14.970705685744921 25.94611031327487 32.56397716226736 -0.5349645494452534 0.36155951617609183 -0.1297358877554918 0.7524999976927849
191 15.666053411255557 25.421392795036077 32.16302232619624 -0.6194506376895099 0.33012505043793505 -0.17703715149556112 0.6898957932396362
192 16.39565139855523 24.688145406904308 31.921609098296393 -0.6155340248099195 0.3062528495679989 -0.09315155028912593 0.7201734826495026
193 17.19507347060703 24.22818892375351 31.642021231708178 -0.5716240611173268 0.3140265540299051 -0.1483717361573368 0.7433835376341708
194 17.12152403905651 24.175467741465567 31.654219979773785 0.8690941992187272 -0.39685379194719733 -0.27337850391897417 -0.11156403675249804
195 17.740849512412936 23.488442582835027 31.011388610083348 0.9471111660713062 -0.228956769088949 -0.17067034234198583 -0.1463928660702743
196 18.55824015894485 23.0379046594414 30.53521518492659 0.9273502137297529 -0.2993132311921425 -0.16127409793895184 -0.15628127227111197
197 18.64434785311548 23.031744863471555 30.567075871943395 0.846450335927684 -0.12080624451081276 0.4855466730674824 0.18213211789303724
198 19.039227728610495 22.983893917407134 31.421591230707662 0.7904168456384317 -0.11590039588687975 0.5503104092034046 0.24283072681733864
199 19.307814197094473 23.083718347333924 32.3338347403992 0.7572462541049021 -0.1385960935644185 0.5937047123501243 0.2342732336952566
200 19.29263253566047 23.088566199559413 32.380598493483156 0.01684693506518201 0.05013066036928005 0.976780995070633 0.2076101763851493
201 18.376318193953463 23.51531905771052 32.3063726256905 0.17973664477492204 0.08862377803179683 0.9699379667942678 0.1380612366431126
202 18.296766247254407 23.51014990461212 32.21021992934402 0.27940648653346645 0.7643708580356973 0.5782410148251292 -0.05750248205773223
203 17.544478697174974 23.95235776037678 32.63296278128686 0.26090624939815826 0.7623841397369582 0.5920892182184866 0.011345050548359228
204 16.62147240117582 24.476099092794914 32.93351529545558 0.40584678230392457 0.6818775304447389 0.5995493765226282 0.1042687291543449
205 16.642223970364995 24.51000592491794 32.92599041235623 -0.045700630059654496 0.892261683218913 0.35888927534790427 0.27014631056477206
206 16.690069650877334 24.499762909749098 32.91757333595146 0.5287116074583544 0.6923635692953681 0.4902689688615704 0.027075121842622212
207 16.163016171512833 25.26594831708423 33.31722216020087 0.5262004728032048 0.6634879698491386 0.516064439753688 0.1287410979790987
208 16.098591645296022 25.25922439189348 33.26244850670778 0.5726937566183872 0.7832105918614789 -0.06015134846599376 -0.23448847563160427
209 15.794365418048724 26.202951145520146 33.58129876320765 0.572091333365572 0.7861974261713034 -0.009489368246303953 -0.23348461461069625
210 15.633934359589638 27.07603682754401 33.92946779194558 0.6946210014430061 0.6985755530816006 0.026257313866513855 -0.16971863321263822
211 15.64823345395359 28.085940278717526 34.17886308655908 0.7073202344974452 0.6891229712258076 0.15454102083507076 -0.030408703994868502
212 15.68928367033419 28.065631235633557 34.19668197589568 0.48872553523690887 0.4962674407964279 0.6185482151078471 0.36368129454187786
213 15.420931170025762 29.022350637822225 34.37382858843508 0.46914522406821674 0.4514781612367288 0.6147397812848473 0.44515753387552814
214 15.284858183035311 29.997037094373823 34.63850483952736 0.41832577105324814 0.34849699202203127 0.7344139491419722 0.40520309368265395
215 14.943882736675446 30.846725762283167 34.98221086759703 0.34976373264037575 0.29211999380138653 0.7559452202938554 0.4699766637460027
216 14.6674674696848 31.743574402598924 35.139795633141084 0.1734331524728823 0.2382020512222473 0.7822137722916015 0.5489283549373031
217 14.390196528420583 32.75374820220465 35.11489472105528 0.31690086146604585 0.2753863873596223 0.7091619237972913 0.5664146427267018
218 14.538496074006753 32.7813564974384 35.00667770352023 0.5108582457092157 0.7722469484441838 0.3721315558739272 0.06462668591532676
219 14.593103830112096 32.683339001434845 35.058812777323844 -0.14303667709013676 0.9414518580969702 -0.018568230842562893 0.3047361624358864
220 13.871910924938664 32.38668025247265 34.47340437543481 -0.05872953204938663 0.9296245971847591 -0.006942436632746659 0.3637317046229736
221 13.903544043213268 32.4073363090729 34.619492255524605 -0.20587251798663372 0.709379204351747 0.6659380045540026 0.10451901674699064
222 13.940323670194301 32.47629985276149 34.59690284047937 0.35648304558031446 0.5890460831863054 0.5547566160988437 -0.46710774666153315
223 14.01746236476912 32.55479645032515 34.56224365633687 -0.12830119422464292 0.7229355060127449 0.6768516937433517 -0.05267677271228858
224 13.980207845909737 32.48207418923267 34.5468563069102 -0.599697151618599 0.39209895981632326 0.602269689116454 0.35198430877393566
225 13.941665327254347 32.40320909032899 34.43216624611606 0.012888332405678788 0.7110685522913506 0.21226138045540616 0.6701943831436133
226 13.822531014387307 32.65544355883004 33.44772186903996 -0.0668717394070842 0.6945702934779786 0.20193303722969172 0.6872578310661706
227 13.649711559562592 32.83684137359581 32.56464358658133 -0.10202740208980109 0.7322221732214097 0.14576490996178723 0.6574143969290246
228 13.478810580908485 32.843736603372676 31.620268676426868 -0.19533111866442365 0.5429707363882754 0.21195541679579472 0.7887353388800323
229 13.795108006746645 32.93682185464533 30.653364478460514 -0.2914208671614328 0.6024345921015813 0.05721172989493318 0.7408598102102102
230 13.716854116771913 32.89078392486507 30.670426470705465 0.42314134294460726 0.3986316650583818 -0.3625296229333136 0.7284342605888643
231 14.23546311251427 32.6553074877969 29.780811311656812 0.41692738246278677 0.5394556067966844 -0.3227113911446707 0.6565185176930052
232 14.480512700496146 32.6574710001307 28.80598182511091 0.5937674870157654 0.47528049371602327 -0.3232763031407285 0.5630639888002946
233 14.613273171381099 32.580370814487225 28.82090147882447 0.6960401797868033 -0.09464624401417515 0.11485825238022858 0.702408526768093
234 15.581452329824103 32.55538398817354 29.11411642353467 0.6904389043726669 -0.15421189458519152 0.14155643538123824 0.6924410346731869
235 15.545025786457098 32.51526832953032 29.13499232901491 0.9819800621326421 -0.009957524892638873 0.13912436874726455 0.12751633343481733
236 16.500115740588477 32.56244797348277 29.369107798974074 0.9067455162529232 -0.020237871326441333 0.3881493724141777 0.1635330609200283
237 16.49659932602471 32.53642950908652 29.391667678806087 0.9120633782602564 -0.020136490034627894 -0.4059025117642185 -0.054571666174597994
238 17.157971415888227 32.52427344444518 28.590095286462414 0.9434205845361879 -0.07512310792463928 -0.2980986359896613 -0.12430334891000895
239 17.87403311431028 32.41874595972865 28.063463863053787 0.8739476630686758 0.07729574975210353 -0.41555587826472706 -0.23990448375695564
240 17.855820330484548 32.435992125791195 28.04261129478558 -0.4059317535075833 -0.08866392952029191 0.9092103831516025 0.026355232224265047
241 17.813844044839804 32.480198374733966 28.02957684170496 0.3512978870360037 -0.21251161840805058 0.9115608170245765 -0.02203368945765121
242 17.812149981593254 32.54961137443582 28.114123753824114 -0.09136662193134372 0.3141808968012056 -0.7158034743625015 0.6169018484107627
243 17.824134614310527 32.54259977858541 28.062227978262673 0.36967464610712514 0.6889238143756387 -0.5009633522850254 0.37116081915935173
244 17.873120919836303 32.54399240702483 28.020219102201793 -0.18257818720998495 0.7817693366478173 -0.5866660893893056 -0.10641808771541539
245 17.917134708742164 32.62310625730119 28.03585258224078 0.7148600152664454 -0.5078259123434744 0.23282301972329214 0.420572755671004
246 18.373522773909862 32.18569699386194 28.822618051785053 0.7880653996846536 -0.4330482686492169 0.10715241853185352 0.4241939203271972
247 18.93344774030557 31.646716205133263 29.417461322582078 0.6257403940691499 -0.5481755181877082 0.29598281204225424 0.4694110517077556
248 19.250857020821275 31.284456866619028 30.237385169884178 0.5441879736286709 -0.5014744186015643 0.33264953881469456 0.5845743247633384
249 19.48799439137362 31.174989595062286 31.192172824722753 0.505568006164874 -0.43003294635070266 0.29255825002060654 0.6883911145128814
250 19.43862568832255 31.083045225112865 31.187227900832173 -0.16992988674413012 -0.4796021786466516 -0.17313528311474086 0.8432850986287441
251 19.9265244639901 31.06790323479682 32.03493422990303 -0.21200044157202427 -0.40087325089126374 -0.13417692857537367 0.8811089611002805
252 20.617953403577584 31.129018051286828 32.7932986563577 -0.3081886726818257 -0.25411494044089783 -0.04584762512961143 0.915610907725169
253 20.646645813260626 31.186202264593323 32.780574673299405 -0.32315257342085324 0.07151765857889686 0.5155156257650838 0.7903804643302528
254 21.06323366919656 31.982504828347864 32.32301884765197 -0.4585264285041706 0.02550372670775994 0.5449272563043048 0.701539278746306
255 20.544771638815217 31.2116467970284 32.833057167749644 -0.09278413149387472 0.4114089966475084 0.8118156483195598 -0.4038429095129813
256 19.941023733361423 30.531964943078886 33.08943635248073 -0.07388918608350561 0.4549225294482171 0.8058591298553289 -0.37172159368156765
257 19.24399323510338 29.903426936986545 33.29135006030897 -0.08716501221493267 0.48983559930481746 0.8083271604379373 -0.3147547426133584
258 19.236989187206593 29.878863654265235 33.397361625120254 -0.2791562571215513 -0.2593883435763925 -0.33908356429328984 0.8601231352270091
259 19.864118480232136 29.50084332192067 34.047465073516506 -0.2574797494754179 -0.36456576134071506 -0.33702409868885447 0.8289817496007411
260 20.396206185738777 29.17503567985926 34.783413942655855 -0.2886237871576258 -0.2763910693507685 -0.20860291145538298 0.892630445146403
261 21.18001659841901 29.084566603259997 35.28806352140765 -0.299553237804756 -0.17402823203971846 -0.15520962508614933 0.9251443154743124
262 22.08527143769939 28.892343094484534 35.663737748384726 -0.31273111507920875 -0.10447565843164566 -0.04317587095979819 0.943090626940726
263 23.09818972806442 28.84945895420841 35.95229744578456 -0.2998106755502501 -0.12741286752486275 -0.01428376659440172 0.9453441140807252
264 24.00006853078661 28.83782080057003 36.17739509872273 -0.15812216004227084 -0.15017146822361718 -0.07725289224699182 0.9728709592102153
265 24.93055133487634 28.776907675533007 36.55845688057075 -0.3526159222248412 -0.29476018537460386 0.002708890998928621 0.8881278660311305
266 25.79492369025961 28.961311591976422 37.08153187470085 -0.4255191128548031 -0.26665060981991606 -0.05729103624749429 0.8628723393663841
267 26.627647899964643 29.031410848321393 37.55355626629245 -0.4332174151896825 -0.25392318285587223 -0.04086610450770193 0.8638145923096454
268 27.536433203065464 29.24432184567265 37.996395480001645 -0.3677707393908515 -0.2573207896629978 -0.18425298958963074 0.8744035282879414
269 28.335054636899912 29.0863906012365 38.553767040253234 -0.2818353571137859 -0.28213572534616393 -0.2192227930432443 0.8904547326923797
270 29.16923421384166 28.835342024033608 39.18433081890478 -0.2481885974991842 -0.3573979134728684 -0.21237330173977642 0.8749667034949237
271 29.85738417033042 28.706257735512974 39.92774629823323 -0.25904599494583713 -0.3377030443864159 -0.10424353455839118 0.8988799206887653
272 30.560999656164988 28.694672762468443 40.60847705624662 -0.058577404448119895 -0.46631706257968625 -0.119934189800151 0.8744900656680757
273 30.306451773330714 28.728303835295446 40.2699298098429 -0.28632143920785136 0.1056122475309755 -0.8097246977499447 0.5012105350799777
274 29.974601816667235 27.794964229236452 40.59266289041609 0.3322447245976193 -0.13093105194393065 0.7912547939841968 -0.49637319993220147
275 29.91421786619292 27.85062344941146 40.64891323348901 0.838106521143932 0.36840828397195297 0.33112800832803335 -0.2284885940644869
276 29.937958130347866 27.827055010563672 40.55884911362693 0.8688879759081327 0.41170105898323345 -0.232666192036535 0.14629547647678573
277 30.538689634104667 28.5242248965478 40.04202458560713 0.8365665841996829 0.40091768561585955 -0.34017254091253546 0.15396104042908412
278 31.031218751035247 29.093411200720887 39.283624556434596 0.7994516203966038 0.4120697302610457 -0.37276909803296115 0.22829551813280352
279 31.3635216612779 29.559343477699866 38.48865088114623 0.8091762118997246 0.5150187189465794 -0.2210617545503435 0.176412238536217
280 31.764318360395194 30.343760575519582 38.0209670863388 0.7519975845744381 0.5862456749142804 -0.18977178235156678 0.2340989364811799
281 31.553530645736252 29.482585506868205 38.68062938860253 -0.36552520097742847 0.7305610229878251 0.40888473185685387 -0.4067987158236132
282 31.542792283326857 29.484345261825 38.71270935071432 0.5379725290565972 -0.20464997603309737 -0.01898756468373079 0.8175227322083968
283 32.455573485918926 29.270571670911743 39.04227483710362 0.5736846277448197 -0.24040801729064712 0.04573331061171207 0.781663864722017
284 32.443748177247485 29.342797018287413 38.99597307109459 -0.1223031570944736 -0.28387103882095915 -0.11300358547412247 0.94429304813359
285 33.18981998059618 29.112090364256296 39.489439520003415 -0.248254832034317 -0.222569043725008 0.02214263294314089 0.9425191048213791
286 34.0685491784404 29.25057046286769 39.93318810115892 -0.13538906488226468 -0.25726158641894664 -0.028893534839478336 0.9563741113748283
287 34.961530597702904 29.26810607750306 40.4802180210387 -0.09337448167730084 -0.09572834757521893 0.08164741798808003 0.9876492235494813
288 34.94756377634949 29.27890986015193 40.47316583158823 -0.11093220424985366 -0.1737990005264688 -0.6800938355541174 0.7035341699715499
289 34.91868557378929 28.42732734853491 40.81057214418941 -0.14118685368064904 -0.3108515792106896 -0.6948041614233966 0.6329966392633604
290 34.739873774697294 27.633139710377474 41.45353138499165 -0.17783396766190243 -0.3627974844358923 -0.6444105808801283 0.6492211244886819
291 34.61889580929361 26.941630480660514 42.193413138412616 -0.18439743253731128 -0.35017989047474896 -0.573149441194279 0.717545363889577
292 34.73335629930093 26.24474574334591 42.87602331439767 -0.188686604031333 -0.38561120277743843 -0.3626580787854688 0.8271520317591516
293 35.1726215434065 25.80750127613779 43.77167724950023 -0.38355622854917637 -0.43647423154868775 -0.41963140272867344 0.6973409141726015
294 35.41266642746339 25.610762263508057 44.67704021915184 -0.43277679765978144 -0.3911448555251303 -0.3548032482417793 0.7306330135168073
295 35.83207311193945 25.476798073873592 45.520820465377085 -0.5007622375198669 -0.48862131392169794 -0.2520144873594234 0.6685619576497723
296 36.16167821663607 25.618634692113424 46.55955240143975 -0.38737634177807506 -0.5689747586606071 -0.1991497925597331 0.6975289628116917
297 36.253915548604915 25.546952089467485 46.5453514049478 0.2973110931390825 0.935018485492403 -0.15297636877940468 -0.1180880022652759
298 35.4253552577385 26.091560122925998 46.69846017291489 0.26317802016905006 0.9384447613120402 -0.16627181590579082 -0.1497078585154339
299 36.240268355979595 25.480065474129432 46.452298858985515 -0.3119257873981038 -0.5142697612795892 -0.014097904637881308 0.7987679042590082
300 36.68027824906907 25.72579719205053 47.262141044849514 -0.18407949260608425 -0.5706997554964756 0.02158374834614783 0.799969168959329
301 37.06998526521671 26.025574933616863 48.181816628901394 -0.25369505051921387 -0.567593262631636 0.10147950569735902 0.7766457490263161
302 37.464364704923405 26.451338786428423 48.98130211065494 -0.4411089495463742 -0.6221825311491717 0.024859963934638706 0.6462923291793521
303 37.76855544281699 27.067592206246065 49.68513344376447 -0.4745952823677344 -0.5583922580293594 -0.12927076573034216 0.6680168210866053
304 38.07046782300037 27.432889200877813 50.64453967399555 -0.5625045058966683 -0.39071093341697055 -0.10829593571934643 0.7205592534004784
305 38.77969778818922 27.668402373827863 51.356084657092836 -0.655598645053468 -0.37753576620912693 -0.05786097767936747 0.6513902586767251
306 39.451145494179585 28.11932082625057 51.87440467056058 -0.5248177572463744 -0.3816707314550343 -0.13442105637046906 0.7488823365747861
307 40.14462584736859 28.387984665127195 52.62575818788421 -0.6408174649957421 -0.39703113402266804 -0.15340655945555856 0.6388941091363354
308 40.78602722415604 28.668034329691782 53.28586804013181 -0.6779822301012547 -0.3216729951042722 -0.27657428284831415 0.6003109577165108
309 41.47681543169203 28.649893141507103 53.949316295738306 -0.7187023314804437 -0.2338425704245312 -0.3723995710588309 0.5386122635598048
310 42.075000324727206 28.557237795205047 54.77456120055987 -0.6135320145149086 -0.4107794516665737 -0.31050078550540555 0.5986885429455877
311 42.07601312482082 28.561898972412703 54.794437306161846 -0.09437298632996774 -0.4569669959522106 0.05768289402863151 0.8825800744397404
312 42.64011190086528 28.80938690766624 55.644486597096986 -0.10374375438986429 -0.5603745862580928 -0.047378012379362386 0.8203492429716429
313 42.63489482751438 28.78312191086721 55.66269921147759 0.6431192051456307 -0.34347366043101857 0.4181755024558771 0.5418051141404447
314 42.944555830246685 28.74869796535081 56.651672312307475 0.5992613190314688 -0.29061903024959435 0.4707557938091342 0.578632381883851
315 43.415854643679744 28.94407884373474 57.51007392927948 0.5007777216352747 -0.3599632693569898 0.4995579445823346 0.6083502101851219
316 43.72232856855818 29.204788459942225 58.48282799411024 0.5472074804416229 -0.5167413956059383 0.36166606397546247 0.5502181036502269
317 43.7350682980751 29.20179548443332 58.49917804525582 0.7630104553883772 0.0067231828944236465 -0.06089931374377117 0.6434758094639806
318 44.7325727364142 29.229355925894208 58.452684345442734 0.6913957797197887 0.05207984458555404 -0.09203904666423626 0.7146946057322296
319 44.65129129446675 29.209630675081808 58.4346122684325 -0.034881027703471186 0.15279632174858782 -0.0037797084412632656 0.9876347056328826
320 44.637117626578174 29.20417373666195 58.48633978173487 -0.01670492000072949 0.8960923744543032 -0.08362077306050592 0.43559955051099497
321 44.70716172866492 29.16681472064722 58.53152733917259 0.1435647049512555 0.9546241527034873 -0.11738423208103824 -0.2330297076043144
322 44.717134020736786 29.172249477402048 58.5056948886669 -0.13459112278804636 -0.5131129450382624 -0.13198296259213457 0.8373654118043191
323 45.19914011561423 29.159065060663576 59.345995285287934 -0.13759545441950827 -0.5586731735459581 0.09981641379745719 0.8117810416730556
324 45.559949907633616 29.513112524967266 60.27145305551418 -0.14675185301917937 -0.5378365570122193 0.1476688860539483 0.8169391848040248
325 45.59924753718258 29.46410290672025 60.28735834479006 -0.19969575126736572 0.207187707331346 -0.025084236564998363 0.9573743478558918
326 45.6952874948235 29.480244483931276 60.26587556781665 -0.18435538853166744 -0.4926417698276017 0.0849285544896422 0.846229471226786
327 46.22363359015823 29.851643672410376 60.99053725339596 -0.29539010555002715 -0.4383323305878264 0.11106638578556023 0.8415899901098641
328 46.173759024735986 29.770594739398973 60.945987531367386 0.3204310582447249 -0.09627077857245854 0.3070720326806899 0.890933578248439
329 46.98176630751836 30.22862254711565 61.198854351962794 0.18095791673208605 -0.0712295392381086 0.29124525438823023 0.9366732551473033
330 47.768168470592 30.75783080417464 61.432705596396914 0.2391993542649953 -0.09716771909522565 0.22727748056138086 0.9389819221447832
331 48.67500947585945 31.111267830056487 61.65929463016007 0.09346460805636563 -0.10845717127525427 0.18285911626063628 0.9726581890058907
332 48.69978620159119 31.10160415599277 61.79378581411627 -0.13362297025156905 0.5802535181339699 0.08979852738096776 0.798365192749852
333 48.939737862480264 31.138919369441922 60.693556915816714 -0.09265364282734757 0.6423737225538046 -0.022359041837628584 0.7604415666514376
334 48.806996254021456 31.29497256442579 61.6157313466337 0.9663234383858255 0.034689803436640555 0.16837798997507097 0.19147971813139178
335 49.7850695067729 31.44648602683372 61.86231777548291 0.9660852073776544 -0.0843001888050626 0.033434257197233405 0.2417746899474259
336 50.82080433810194 31.251269906430576 62.03775019578822 0.977539383765339 0.03386641290916645 -0.15900410194631642 0.13411754109210375
337 50.76187029086281 31.241355826734946 62.04266075395119 -0.7991063963639143 0.03615079653384338 0.17783398694005473 0.5731467179433625
338 50.807846552434526 31.255688675192193 61.97229000224226 -0.48243422071249864 0.6360063391603654 0.5779379101495767 0.16953150517025578
339 50.3536303255589 30.770960057985732 61.191760253518325 -0.44381351306829403 0.6560460888648659 0.5899802521239393 0.15670480849949447
340 50.89652769109891 31.162207632606677 61.93540120088111 0.8883457837285713 0.2233510631304557 -0.0683104869927226 0.3953349826374866
341 50.912774503489324 31.199081155754826 61.95537142895313 0.4747354153116552 0.8009025630509399 -0.3128186805993344 0.1879517039438486
342 50.48121145429253 31.944374700864227 61.382580224543894 0.48557951200464916 0.8340002894038395 -0.14213967605286396 0.22011898438622832
343 50.04167570669733 32.662981491583096 60.84792026518524 0.4509387687121557 0.8390586384810722 -0.10688536791416127 0.2849742903991654
344 49.61326274600776 33.3784191361439 60.27784381028478 0.6029436371208826 0.7764409757929376 -0.014755083571522856 0.18270377410975583
345 49.37076326221822 34.35485525463921 59.95697402271408 0.36003508488284075 0.9082588109883827 -0.023180700779274952 0.2119040467446431
346 48.77213512726357 34.967536591817186 59.52889488031712 0.2935759740434896 0.9228190075427481 0.09049722566836943 0.23244026959320357
347 48.12635892816231 35.63912755565263 59.1527346145586 0.39332493400020846 0.8699525006909666 0.08112543600524401 0.2861761808191302
348 48.10061345829877 35.65993035096917 59.19734903643303 -0.04405965069229719 0.5714927601306492 0.6300832329756263 0.5238796539493621
349 47.70067753760445 36.282506504503495 58.53000079140225 -0.17127601759823793 0.5158274277272534 0.648211083643038 0.5333000859200077
350 47.349537371334726 36.64471089780468 57.823753511501295 -0.028579349407243437 0.49525939261545593 0.6664736656881806 0.5565197280939683
351 47.37309636757194 36.60479684503188 57.85155368828738 0.27499742434118307 0.7808254009406077 0.1847094903871645 0.5296890729593803
352 46.98062558299517 37.219773239282084 57.13680360379699 0.3787159131406201 0.8118253490975128 0.07111328699792765 0.4386989401732324
353 46.98328047896051 37.2007815068096 57.18375981818571 -0.3382786613957951 0.8395843502239763 -0.29973927577419385 0.30136694022671723
354 46.29705377820366 36.51729176806145 56.85095946140325 -0.41247133624669746 0.7323932755746732 -0.4284402609781543 0.33152138609874765
355 45.92688434993416 35.651278210686534 56.740342641117294 -0.3535492210646761 0.7496512131556919 -0.4508412265297449 0.33131283609289053
356 45.37307686282976 34.73733370323867 56.60802710338927 -0.27623537423988426 0.8279883485839106 -0.4648160641813745 0.14857772076181258
357 44.578299173719735 34.262310088547245 56.65537031078635 -0.33436565333304435 0.7233849356276819 -0.5994381168977176 -0.07475151361824282
358 44.58358058643396 34.24171429318121 56.620331660343524 -0.09846380912661658 0.9701232245457743 0.15003393953315147 -0.16326550302298584
359 43.656606898843016 34.00948602121377 57.00507367529417 -0.14180582887065463 0.946841033824549 0.2488535404386988 -0.14647552346890633
360 43.67268228023467 33.924599613834424 56.95876641744528 -0.6256369981062673 0.6352474012375351 0.43160539258971087 0.13695207522712738
361 43.459097845554254 33.32341552302381 56.260879329134745 -0.6301897732741126 0.6464516115039121 0.3808757404203685 0.19973691197160484
362 43.6195389328166 33.98685673011752 56.99482051996495 0.9183104191220334 -0.002443855518843027 -0.08293838838861571 0.3870674688392409
363 44.59331601017469 33.86290904217485 56.815660414408754 0.9068492569023112 0.21368978014924805 0.027401696219216305 0.36222955450901734
364 45.49434489451704 34.3041387019774 56.705186176627606 0.9222251961345618 0.238426806231903 0.07951854454629745 0.2938199223297522
365 46.30012400819284 34.7390966259822 56.84364823460585 0.9374304794457075 0.22524830537343682 0.029334084998338346 0.26386892312262855
366 46.32535084075485 34.76814500168119 56.82898947143335 0.8862055624969007 -0.45388997123444164 0.07304854485421106 0.057336769241308476
367 46.92798876816863 33.95023458259904 57.03132958010677 0.8985088564474374 -0.39433979907135186 0.1605573457223122 0.10676748797498892
368 47.52722243741772 33.321955915151456 57.432358256775615 0.9385620614800005 -0.22543246299195605 -0.061691696228422174 0.25392045210311726
369 48.38401489253421 32.75866529299694 57.38005682252507 0.9391241250252318 -0.23782787792974852 -0.1685145159051732 0.1818973232465775
370 49.28361588281402 32.203260795540594 57.154285218789404 0.9150085103909865 -0.20372694179522485 -0.17746018535828004 0.2996041416793787
371 49.23477556120355 32.268746513765045 57.19255025753346 -0.5064312466716159 0.36018012425466556 0.7832832474540049 0.016279580597617666
372 49.18965324029625 32.29695370937956 57.11132056349549 0.940561512503035 -0.23642559325647788 -0.07111453186984106 0.23321600161279282
373 50.09717225778692 31.845315400923855 57.06964546998463 0.9722842947004974 -0.18152395011593908 0.0341424659175291 0.14334084496099533
374 51.0349472339012 31.45245343294558 57.2347108951353 0.9581063509130128 -0.18942176855776363 -0.13350774346092908 0.16830714890511883
375 51.86965745652962 30.98987249388032 56.940313622024725 0.9614583667419321 -0.17224734902145664 -0.09682587576448526 0.1911894598545031
376 52.73217479517484 30.60286447194112 56.81780543384687 0.9525866399062426 -0.13764328268577067 -0.15636136990532315 0.22177498101668097
377 52.82114209010539 30.66655929065679 56.84555977338522 -0.740711722705734 0.047117809854557526 -0.024479832141230392 0.6697214298939139
378 53.81322728193581 30.528932147430424 56.85052062311219 -0.6947616742926161 -0.045328098052210074 0.10180941197556771 0.7105536032519135
379 54.75408861921944 30.68098943814306 56.734929794359246 -0.7490109931798846 0.01880936683262826 0.13717251391044838 0.6479293489590698
380 55.657219369066006 30.854045068676577 56.45963953460056 -0.770434346151804 -0.04450474265084899 0.06614227680380287 0.6325151740238576
381 56.675854097242116 31.087773017782503 56.42144850092562 -0.6299744584216983 -0.11019646558106785 0.19556097137962544 0.743468107710603
382 57.53319243809063 31.571031789114215 56.336697921121555 -0.6101294752805749 -0.053098609808786966 0.12248920435127313 0.7809730826652195
383 58.45623790865956 31.76712952682285 56.31879251722762 -0.5422611532794629 0.14147873222231958 0.20638139081745246 0.8020868603194079
384 59.3508755819545 32.027358636716926 55.82721024457475 -0.6763162503796671 0.039058704649920534 0.1697577971908383 0.7157185461872362
385 59.29783095109361 32.018557363039946 55.804038727627315 -0.31380822227813093 -0.4034989230356316 0.6216984630475433 0.5934678085490787
386 59.21911608249815 33.04904471288269 55.883566932407646 -0.3150072967376542 -0.3644807540732656 0.6026014023365354 0.6362355953687745
387 59.194775824041585 34.100675940411 55.93419299740587 -0.24657750744084278 -0.4754541297149639 0.491103772973675 0.6869934406763049
388 59.1298735361403 34.07575746687042 55.97378317371685 -0.4823513182653371 -0.2665679020981279 0.8328833429104155 0.050834008705439936
389 58.652500004841734 34.4464190605299 55.19295116890414 -0.5102777426948182 -0.19020771863072003 0.8282357291731274 0.13214849981984242
390 59.0559148291112 33.948863412889345 55.97553619528681 0.5991434553659067 0.7385068875394741 -0.04378371577888759 -0.30613344015568206
391 59.08167334540266 33.9881689604201 55.9745685006338 -0.046841592417918645 0.8981394314978771 0.21321048526872244 -0.38169715191483766
392 58.462196363592895 33.70131331110111 56.654370743153954 0.03882901675227055 0.9276849237889662 0.16286442857154987 -0.3337186952191526
393 57.69663175322336 33.637572869152955 57.30686064325805 0.09089652875859129 0.872128170184715 0.3198744923347642 -0.358901915547236
394 56.982897417205315 33.48197116849319 57.99091509886323 0.17964258950868606 0.859219371010682 0.34149217796632775 -0.33593705497077114
395 56.33094537731529 33.53461239329959 58.77466814305693 0.22803203008914208 0.8461954351178411 0.35183709855869943 -0.3288849873693649
396 55.57751466321794 33.6779600670934 59.46618343475131 0.17530814100773293 0.7904862000503758 0.42550453507374925 -0.4041590205080195
397 54.882946047829066 33.704524937495634 60.30161184093431 -0.1737717743411873 -0.7425832306820849 -0.3550121907037654 0.5406846219412793
398 54.547259465487556 33.59847606305753 61.25904360853247 -0.15449729094758066 -0.6211285827628582 -0.47661778712904995 0.602632023507768
399 54.50659575093996 33.57325762140566 61.194069200875504 -0.5290727716507723 -0.32088425629117284 0.20278205576687594 0.7589431692960874
400 54.565288594916254 33.530896058950475 61.138035792459846 -0.09079433615583825 -0.6033894766497242 -0.35972612647636854 0.7058857144897462
401 54.65761457661627 33.16415522835675 62.04766519269462 -0.1870789872699354 -0.4983285129805552 -0.4336609140790203 0.7270545765434611
402 54.64162548837021 33.0899717796654 61.95181521618884 -0.31100554152107884 0.4389530530512863 0.8059197986088066 -0.2471619885226591
403 54.593468709940396 33.03087234313834 61.91580592633083 -0.33918927242501085 0.9033609169241413 0.260973227112613 0.02797616800410714
404 53.7897612325276 32.361165999248975 61.64175184682462 -0.4014457447419437 0.8930288231634932 0.1834781925482314 0.08761613942103215
405 53.038752379109376 31.662541353338828 61.25469811989119 -0.39188570201627754 0.9084010604273571 0.14093327466914832 0.037025964682798264
406 52.34074376232858 30.993484198279717 61.03379309223941 -0.4987321076512016 0.8347391954680857 0.20344708650435983 0.11439424522225657
407 51.90659926856943 30.271802684059093 60.63124710127717 -0.4795667970875036 0.8514713281072676 0.15788296640736874 0.14172238165119758
408 51.4567042212155 29.52227928068967 60.292801985653114 -0.46967805518635547 0.8440194481776244 0.20959547423448657 0.15199813405012866
409 51.386135115899606 29.57899614629487 60.23906730746094 0.37368512463794357 -0.724335318442933 0.2186961593911646 0.5365349606018726
410 51.272837569365166 29.24582674329352 61.10568403539408 0.43298214541875285 -0.6166436027946869 0.2277987900682652 0.6167534678657232
411 51.44340941245251 28.99952952670495 62.062517235597404 0.4888949771141777 -0.6848797145601851 0.1952160430941877 0.5037977515383869
412 51.392001784106554 28.603376466481023 63.05828801304848 -0.5752323818306783 0.6478801723054467 -0.13338471389681666 -0.4812146166997969
413 51.5142503234464 27.949989221684813 63.86568209359015 -0.5718961686021717 0.6997420667240307 -0.12596399092189806 -0.4091807490412579
414 51.39535354296739 27.91014349468404 63.848645770747275 0.8895471908519031 0.011439596467514064 -0.3224234056925824 0.3234471801418956
415 52.23249277514085 27.710764518732006 63.240505001065095 0.8719601755659374 0.0443966739524346 -0.2744636352895037 0.40296910610200665
416 53.09909105854021 27.50746936829365 62.72518369666194 0.8466304571140822 0.058240760976320124 -0.3744457156308052 0.3736512931777873
417 53.860789230863645 27.288047491685276 62.0178008261016 0.8113994262073402 0.06468475274592587 -0.4683678952364334 0.3436253317559548
418 54.42228890084188 27.159546763749272 61.23700440441985 0.8907729192142616 0.1800777487484542 -0.29965716689607486 0.29034667748746185
419 54.41623110789544 27.113693841123652 61.17470463357389 0.7068012900366448 -0.5454894801786773 -0.05214259851207333 0.4473860892309219
420 54.83146599591869 26.295262571619727 61.58332815920531 0.6164324327306265 -0.5721709476351273 0.013388257888531822 0.5407885142186637
421 54.83666002995513 26.335808271586743 61.57754356498905 -0.5031629800835993 0.7735149040604039 0.3835898870570516 0.03688505411915198
422 54.37499534763683 25.650834888524283 61.14532235577594 -0.4953982840695363 0.7568424063795824 0.41570420695793653 -0.0946579334445543
423 53.84865949566381 24.777228770092638 60.788375479636926 -0.4926436596258419 0.6691703297080656 0.5435666995073775 -0.11852652722285827
424 53.43932619914742 23.999507707103394 60.37183719075886 -0.5270495330289175 0.7118593662171507 0.46202528199507215 -0.044807044761832365
425 52.99714831930105 23.23893499958366 59.9401473677787 -0.5705410267162211 0.65958955534954 0.47704369365190824 -0.10887547774562766
426 53.06497586260134 23.25384654777693 59.940543103547434 -0.4540239827033415 0.7925563959738706 -0.31353137557393407 0.259643330093074
427 52.580108702278494 22.334283361685436 59.83686509259451 -0.5103161332952075 0.7394948942084758 -0.42205191050321317 0.1208177568853584
428 52.6452680397402 22.371874109852893 59.90222561993612 0.23761507117070385 0.8784650209871909 -0.3529325299674528 0.2174325507951549
429 51.77161850054713 22.650860866956762 59.32004272796474 0.20475204165811817 0.8668836677499565 -0.3970834907867268 0.22116511788670826
430 50.889326461713495 22.808718977956254 58.72520988362513 0.2601214478224061 0.8893700406439902 -0.28505476631302534 0.2451561612317915
431 50.05800739809874 23.192007422331557 58.13074982728153 0.28639782114004203 0.8864244385904635 -0.20971396474057755 0.2970657430748366
432 49.47819304024552 23.636984209392658 57.471684803329275 0.4216141638278195 0.8349271481279051 -0.1179942952366002 0.33348988061167384
433 49.04882333614495 24.29982285942454 56.845300589973306 0.4027601140089145 0.7889241432620097 -0.19300282144934322 0.42205793163311367
434 48.78231675320822 24.843401175699764 56.05012512999084 0.28089263472600734 0.7889046295122633 -0.33892004880138416 0.42879134064398583
435 48.26732742864474 25.03060962103729 55.242074343181706 0.16316966230102942 0.7745090735261847 -0.4187760350521307 0.4451269355994922
436 47.786435080453145 24.913361256705112 54.4917215777854 0.18692334688187145 0.8028509202150639 -0.413266174398996 0.38691230453155934
437 47.20442027769141 24.866910158667455 53.67194097380223 0.2643240691272724 0.8228269021152523 -0.4329426056632724 0.25622134149385933
438 46.46458214611431 25.08261704434277 53.033084411572204 0.37422138624768886 0.8336181611326131 -0.3851893672956424 0.12910564211962358
439 45.78881832957806 25.567745411592767 52.484430720361566 0.41164339553718543 0.822578968575592 -0.363734584504508 0.14700580737869928
440 45.18310581854211 26.028733532932087 51.946401397776704 0.3654307311922899 0.7543847795601065 -0.5376201382698502 0.09126101026738373
441 44.42308041153399 26.4558939763607 51.44985991309932 0.3501236134673352 0.7987402354761843 -0.4736361598330578 0.1228669183410188
442 43.679580655027 26.898615807522066 50.92974882305782 0.3134200933242989 0.7444912352916517 -0.5782147640910371 0.11475335403221587
443 43.65854210642801 26.91118643704262 50.89000867419134 0.7864467826179284 0.2610792709482282 -0.23140891925512266 0.5096949916177524
444 44.34849921316986 27.033269720316234 50.31389328243708 0.7604629647348755 0.25616216494109495 -0.1729615254314331 0.5711053626431494
445 45.11293856069939 27.335132056012128 49.790201273033716 0.7231223378596648 0.36290261621531844 -0.15869595778609774 0.5658722193347183
446 45.109228670193964 27.364792413569482 49.77795384544033 0.8257068311401056 0.18238258848069222 -0.5217112650482795 -0.1129698028208015
447 45.177479661045226 27.34736672909943 49.82134864794943 -0.2742882239319984 -0.19302432753091803 0.9234186009232888 -0.18656276869285113
448 45.21513139126722 27.294323055490846 49.85718117375329 0.4392716305972248 -0.07038586873125749 -0.3869598902777796 0.8076808202202215
449 45.13143611387116 27.28517100160602 49.85250168679042 0.2645632358834907 -0.2917023515793742 0.3170729718327911 0.8627750360522964
450 45.83270702863286 27.606256077498138 50.4601482821218 0.1135211779992922 -0.3705226523644467 0.5081397524017475 0.7691683159488298
451 45.76230710518029 27.585313974895104 50.36998200772257 0.677227341792772 -0.0494774560121525 0.5555405529200876 0.47988519766304893
452 46.211125834657196 28.114577500085996 51.22748850276194 0.6440213850889553 0.04232696391668446 0.6152463929032762 0.45267732403247896
453 46.45926197693203 28.673734575684694 51.99878687967925 0.5274467567464065 0.0923804163624748 0.6212847634356577 0.5720760615452168
454 46.76406907110307 29.490594217061272 52.48217293784465 0.6965111114533842 0.22318301518606723 0.45427195880777177 0.5086242235632987
455 47.27133073793095 30.354280906188105 52.85006250485799 0.6865995181881566 0.12836281323354223 0.468274873003838 0.5411309759344735
456 47.75912606239621 30.946521352524975 53.31990206323935 0.6724316053904398 0.01311581753480067 0.5278789651797823 0.5186593386059342
457 48.18705904956943 31.53731323579163 53.88489851912675 0.5585637754073828 -0.10048894591530652 0.5399063343085196 0.621618557255988
458 48.47494910846494 32.081259456232175 54.61391739283115 0.5985425952043013 -0.23921331927404077 0.5073525241002086 0.5719415755976652
459 48.87210969378448 32.331771674888856 55.49724621242246 0.5105819777253693 -0.2586281864827036 0.5646478770868093 0.5946345769294579
460 48.89927625967401 32.39167084939301 55.41507246002972 0.5191823243233524 0.2887200760436174 -0.10943596378887165 0.7969405257791633
461 49.686270452819834 32.672818551392695 54.800705902440214 0.5319499778360086 0.21115872494983062 -0.16560299877760296 0.8031294171885975
462 49.726413382509314 32.61897099861866 54.87432773439393 0.504725148235979 -0.2278000371361151 0.4187200101834833 0.7197452472166082
463 50.2642413263069 32.96367219671794 55.616377903763976 0.4425562396342491 -0.00720912466251204 0.36677387685604196 0.8182719147926206
464 50.99694391854858 33.57491090133242 55.89703999810986 0.5175313470166476 -0.007927259108581301 0.2567971436582479 0.816182387966761
465 51.95185321488814 33.98631809255699 56.14257530138605 0.5568616581979405 0.005768074229250959 0.22181291959507995 0.8004191724649228
466 51.99834453273504 34.00940226836808 56.091845280636726 0.5815943192363314 -0.5284088339990918 -0.19476922725386805 0.5870239348601372
467 52.35896014011706 33.10898356645963 56.51532176982176 0.7592210859160217 -0.43591166120150104 -0.23840609627696172 0.4203889860439065
468 52.88066758581353 32.296371399523814 56.587228231894606 0.8326025619132474 -0.2941512195694783 -0.189032044418088 0.4295519993020666
469 53.60719453396364 31.561826682113896 56.61844972008602 0.8464732078689523 -0.33598390085739727 -0.1586163779357357 0.38136435514510153
470 54.2710645621901 30.86390499300114 56.553836603950344 0.8527537822341817 -0.2963006578219405 -0.19058444949652223 0.38560922534307934
471 54.26878545455584 30.846618714510512 56.560172426894844 0.8190605674324407 -0.4179785015371376 0.04075178519301432 -0.39086193359497
472 54.92268017023636 30.134310935419393 56.21642480085931 0.8583392743998917 -0.4068448849243281 0.09449435152022362 -0.29799622005043847
473 55.55877070236634 29.425280349116388 56.1742826950559 0.817358705635982 -0.4436575014767007 0.09002111187906199 -0.35635511378480283
474 56.09212999730129 28.655629724825527 56.095662078871605 0.7894302034393103 -0.5354374694143603 0.0909351652176589 -0.28607248377247196
475 56.550641585436956 27.817849516886383 55.8915447737141 0.7173944788693812 -0.60232986523436 0.0498557320701279 -0.3464943017052903
476 56.83934868588885 26.956481744143332 55.593742961728395 0.6423331656756182 -0.5668862502620682 0.15469217327292462 -0.492055296755404
477 56.88981488112717 26.891264827405724 55.52375068646284 0.9073443903151044 -0.1519809703950826 0.3642500872041387 -0.14474051255007037
478 57.5964644386758 26.436063492693602 56.059383965144384 0.872835740669241 -0.1933085437739465 0.39967922318380616 -0.20259835949375848
479 58.24896782708699 25.90199845041828 56.72246291454847 0.8449451881138988 -0.21877683614332794 0.4511875602946623 -0.1861024193438476
480 58.694367490854845 25.43843257636007 57.39722089570374 0.8880874710804437 -0.18247156531662087 0.41237771880875995 -0.0891593438228805
481 59.242570663455226 25.05008063221786 58.05806783464813 0.8802844169643381 -0.17724782739666065 0.41646871043136047 -0.14225458222692808
482 59.851253674385525 24.55209944995929 58.818140409505844 0.8822526918998367 -0.2815946693929957 0.3461245335099961 -0.150108084750382
483 60.41497727780368 23.973702966021786 59.3410646582888 0.8849196010982959 -0.3991933231275488 0.23815924062434995 0.029020104542351807
484 60.99717217825715 23.32425265925651 59.82788542066509 0.8232887159728866 -0.4477557189230301 0.33624089985455574 -0.09301915710451134
485 61.07430243836697 23.454774016122172 59.79804763784978 0.6825153101932957 -0.4675980730206192 -0.15365141477632827 0.5402926394060749
486 61.644530547097645 22.569361738540678 60.130441421818716 0.7353060080076963 -0.42847012706361015 0.024262873184443128 0.524547174033672
487 61.655631063533264 22.57854701265246 60.13971720869173 0.033340743234379 -0.2597050272853731 -0.29980759488611397 0.9173642132173494
488 61.65361327067642 22.58979122163832 60.22598732611996 0.1558381764982188 -0.1421464957607874 -0.8346054705225701 0.50886397500946
489 61.69068787207172 22.684706060120583 60.21343721648736 0.09713142533869222 -0.13734923728429213 -0.1759616600949363 0.9699165775497042
490 62.68086086632816 22.30260286823766 60.46854903222876 0.11241617473493642 -0.16466011574281114 -0.15529930216913207 0.9675390310924459
491 62.761227077562694 22.233002245792356 60.51908698906454 0.23498635702059498 0.03519993240795048 -0.7959771955501977 0.5567429217661429
492 62.4242866111189 21.304768334352982 60.194253096559244 0.19957733722064103 0.13277497323548682 -0.7729151437036965 0.5874877646246982
493 62.15003182123839 20.430330881484455 59.7596270612209 0.10849114888729597 0.09732821337041726 -0.8412128328528151 0.5206897918520884
494 61.662136202323225 19.648241719170315 59.540357147464874 -0.18397502584902523 -0.10369253084022456 0.8561219352601298 -0.47165271214978566
495 61.70841548554523 19.67062317345503 59.57379338140266 0.7102301822427486 0.4103486309579655 -0.4612344420850652 0.3383044172588246
496 61.93280685105572 19.89062029026944 58.49778007258225 0.7298760841242872 0.40147077542011467 -0.43407935519627355 0.3430411516120981
497 62.200109579821834 20.08031488820929 57.60152478206953 0.7589148118594667 0.4296157082742363 -0.42149730494457566 0.24863361291023175
498 62.399857346953524 20.568058101007242 56.801007438335745 0.8027077177525087 0.4692133030344861 -0.28567052434795553 0.23214553115403552
499 62.80914437651514 21.160752342943166 56.108056702946264 0.8480933722519851 0.43488137229423107 -0.2202967031020481 0.2075697149781472
