# time x y z qx qy qz qw
0 0.6634017128845439 -2.259368702312091 -12.84599381306523 0.0006507685025048967 0.0004678910145231128 0.00032963820941452776 0.9999996244584323
1 1.7703282417992565 -2.1717889905235475 -12.854935348280796 0.05604443791511788 0.008970265125865476 0.038456545042709026 0.9976470565614516
2 2.7675011874739726 -2.108015847503088 -12.974880519476244 0.03716156407318696 -0.06621111145625706 0.06600177689539401 0.9949265662962328
3 2.773572344139238 -2.14108747608122 -12.919412005565302 0.7775423543490055 -0.1101878132492884 0.06855227357649131 0.6152943350886951
4 3.725241357307033 -2.256623903619617 -12.627348368578662 0.7337487626209651 0.050033300901934266 -0.008869867295746186 0.6775180791736964
5 4.643399547538038 -2.2096473601091318 -12.726757330232457 0.7179883597768223 0.007374262561383335 0.006451005086908047 0.6959861492946773
6 5.565711196355297 -2.1822441824376733 -12.8187181972387 0.7913660117489113 -0.007081921690471405 0.012615991576709347 0.6111714314252005
7 5.583437849038034 -2.17928476860198 -12.84023077033189 0.5408732492123807 -0.48076994344891194 0.49130655525818445 0.4847001738424576
8 5.612059726306312 -2.1414226916163948 -11.830368503345587 0.424736700483072 -0.5107665770608487 0.5183571412816979 0.5385370118223657
9 5.641526286699365 -2.0807867200319627 -11.849843704282755 -0.026913047787378387 -0.7135914769633749 -0.0018710525889117167 0.7000424208762162
10 5.627856826186933 -2.0344820033776867 -11.872323225685635 -0.5126291275150174 0.4810673964878452 0.5198538469167139 -0.4853220739936438
11 5.620424489863985 -2.99475358035896 -11.951839112434206 -0.42012653277736395 0.5245142067862989 0.6147083449685237 -0.41293122182982106
12 5.315833578128313 -3.912029017650947 -12.034799233092109 -0.4084330591544701 0.5065277025656005 0.6187160869230927 -0.44023008359937377
13 5.3339735679400215 -3.8828561100878476 -12.078976745240462 -0.675348994678981 0.7353532822130004 0.0009702308891090767 -0.05619914925226617
14 5.2606843119244 -4.922600083806988 -12.00821265649404 -0.6591746158572334 0.7386563249084152 0.10969982061397773 0.08855285901383265
15 5.0807096520555195 -5.886912524126783 -12.268385857774378 0.7065676262508531 -0.7060443732683074 -0.045796708846015444 -0.012891623996657203
16 5.099183503344506 -6.866312716119338 -12.308431029162518 -0.6864991076655723 0.716017184333762 0.0023565525175853475 0.12662074700994586
17 5.148747462658986 -6.912852074513223 -12.226019803866086 -0.026077184687737693 0.9937187548532017 0.1050924248131865 0.028259492894402244
18 4.1587705432132624 -6.921986056972366 -12.198877580015873 -0.020243518530393065 0.9932209736711415 0.10738500372886249 -0.039632794393178634
19 3.1706644363722907 -6.940399890889442 -12.15926100114176 -0.044952923458053066 0.9905981726282583 0.12866731721745103 -0.011799005813774143
20 3.1037789689534017 -6.8432872496704995 -12.27212568870643 0.016982498576712232 0.6732653563446596 0.7389908337238058 -0.01782981661109946
21 3.063362956915523 -6.776882211992889 -12.259856180229928 0.5680944208183913 0.5162558262271795 0.5660361650628084 0.30058561303312364
22 3.0727728451501037 -6.763576777372693 -12.262102341545251 0.6200045877950332 0.7757985566541644 0.11387603188692168 -0.027625350099411344
23 2.942849527107758 -5.740263669046158 -12.10248062237951 0.7116911210102688 0.7020235342518518 -0.02111571996324555 -0.014588762871493343
24 2.9445662248563638 -4.721434496871148 -12.125050740370053 0.7221706936938327 0.6865380562508486 -0.08223540426983186 -0.01929571904988727
25 2.9816259135794696 -4.713425121596258 -12.097642642079489 0.0021873921602599054 0.9981510270509258 0.05549987198498057 -0.024688189937092212
26 1.9951627070202642 -4.645805551509502 -12.065635709220976 0.03584085409577463 0.9972287718133046 -0.023938838281994043 -0.06063944151393565
27 0.9469631091161858 -4.612792275434006 -11.985745371005983 -0.021082234044440668 0.9964531879344141 0.0723249718703607 0.03749242732860076
28 -0.030484545410293235 -4.6714615795340775 -12.037318743557059 -0.09527075432462725 0.9836407693417556 -0.14855834910554747 -0.03612114574885703
29 -0.09330856090095552 -4.645664970296177 -12.063598554398338 -0.09551607629483563 0.7169204869872481 -0.6894954059135878 -0.038701159301279126
30 -1.1428164930921692 -4.716134692022625 -11.872100144720267 -0.0015538482040413097 0.7435984053863116 -0.6673136575438807 -0.04185068121430964
31 -2.1198132077992886 -4.668793960510458 -11.755298881826253 0.07142763202135324 0.7929015432619172 -0.6012919196513798 -0.06821483298118675
32 -3.1354235720781123 -4.477225917969242 -11.742387557083665 0.025032051757442098 0.8143829878335331 -0.5554545177756336 -0.1662047658606057
33 -4.09551375648778 -4.217283337731988 -11.583725689612377 -0.07897641761898487 0.771327464894552 -0.6160608296015265 -0.13887304126465402
34 -4.060521462234785 -4.228836974933604 -11.551267361472824 0.11181759509685815 -0.14909036111673157 0.9822226137646629 -0.022530571633921578
35 -5.011844122664609 -4.2297988579805 -11.356616005641403 0.030792196701501736 -0.06033340288685018 0.9973060532226807 0.02814884231702305
36 -5.935611802922215 -4.168221532488832 -11.292104717383586 0.039955641524522335 0.10961581168232008 0.9919989265709225 0.04822914286743518
37 -5.9369246673387 -4.126838461135482 -11.425159584875711 0.17276874000971426 0.7352247617457748 0.6550369964719227 -0.022848313818891512
38 -5.944467452896399 -4.125764775718113 -11.391906452405284 0.08373398646700614 0.9906521695554957 -0.06260178991324603 -0.08762370892053416
39 -6.897727999701343 -3.9171035697640058 -11.251427214074058 0.10471838693993445 0.9828401816301009 -0.1291254650470847 -0.07991152036085158
40 -6.8976854266585645 -3.9025531475280153 -11.221945762498743 0.06823696709472554 0.7252406660372221 0.017207261553807196 0.6848894821775399
41 -6.914458122866728 -3.957878917788204 -11.123646429421372 0.7072275533018895 0.44096708144976016 0.48007401305303316 0.2736899028452816
42 -6.929010462677659 -3.9177665505602657 -11.173402459260668 0.2236150171824731 0.7472586285376107 0.1749976587548734 0.6008133533776397
43 -7.061947577527254 -3.2428212681852115 -12.085548540071258 0.26358328865333036 0.8059418504672822 0.20706074185133805 0.48796253216004404
44 -7.345600730740556 -2.5594702654537818 -12.665252446641164 0.09966732145337989 0.8373356304543984 0.19242439092159033 0.5019046929291437
45 -7.910646587200658 -2.261133052221325 -13.518683410410345 0.06445876765514431 0.7516443112234921 0.11195941081534035 0.6467928470597245
46 -8.031121123733998 -1.9609350204770184 -14.48291895870102 0.11711895135720057 0.77194475318308 0.05589950234178507 0.6223019322676446
47 -8.03989591545996 -1.9762807174271229 -14.498642003305978 0.18440938350522337 0.11973249345579885 -0.015405590110387557 0.9754075953566445
48 -6.993069418863403 -1.9369222882640196 -14.672711298997616 0.10048442604032817 0.12665604645932163 -0.06713221665748502 0.9845579675698596
49 -5.985866248950435 -2.0362849612892964 -14.889261497656323 0.13329903971839 0.2334924186520834 -0.0009169717216151626 0.9631779771179452
50 -6.111914563153603 -2.026427764972927 -14.920987890263671 0.11503830399899259 -0.6497488365266609 -0.05999282221970028 0.7489949928586979
51 -6.191127163733491 -2.047497172648882 -14.948791430639742 -0.011318823079885102 -0.01932559889682152 0.06229009313655189 0.9978067697547482
52 -5.16490024345508 -1.8577467145472584 -14.94375839360465 0.006003559141829659 0.04149453385802359 0.02590629327102278 0.9987847740662108
53 -4.191301740186655 -1.8090020829508204 -15.033239313818676 -0.011839298929330682 -0.1044520645633449 0.025672752467103176 0.9941280133816167
54 -4.206575657560641 -1.735723210444426 -15.059330291660494 0.0629536514771627 -0.6951248068676081 0.04589893894454874 0.7146549013661955
55 -4.2528176727021725 -1.7357155933999133 -15.110784734817628 -0.36263935515105933 -0.5487312750816394 0.48840886150583257 0.5734487508448146
56 -4.413923039016825 -0.7464391835868677 -14.90957676118729 -0.38039849631820144 -0.47580646017716005 0.5093516089222065 0.607837260243966
57 -4.485133406782368 0.30620641147679417 -14.628215510701741 -0.29105928501025025 -0.5457369435955783 0.47404404892569785 0.626688056917003
58 -4.528771248670095 1.181758451876891 -14.191293424174976 -0.3361412389600024 -0.5969052570916199 0.4204218386962931 0.5949442487107929
59 -4.552259526745759 1.1986386251793488 -14.187945271527516 -0.046318307296030294 0.8461971409982311 -0.5294146012167439 -0.039053719338446806
60 -4.548553705737681 1.171070389582242 -14.211261077577312 0.6257777407068253 -0.50350644154135 0.40910230977092904 0.4330343897455712
61 -4.324785224205525 0.9164234451663584 -13.279332938485911 0.6657815806710843 -0.4238214028707374 0.3723277412324629 0.4883465556513373
62 -4.350742187213998 0.9090262836896392 -13.24150911482385 -0.6537439701338273 0.7236945186226136 0.13918035533523068 -0.17179608237094204
63 -4.453525719353296 -0.08879438284301548 -13.198908033870431 -0.6806146266026432 0.7088864141861972 0.1849927241239869 0.004633989422286813
64 -4.5593384851705006 -1.0650698721259753 -13.530573857507049 0.703848924272129 -0.6717010404092152 -0.18702775145221442 -0.13577563957085023
65 -4.560430768331544 -1.9890959764569072 -13.941059477183316 0.7426538293042755 -0.6445689799637542 -0.17358639511170257 -0.05351526249870839
66 -4.4199362356540695 -2.87548007040284 -14.295984514642536 0.7026421645046055 -0.6831633671413893 -0.19852097213996767 0.01308533824263938
67 -4.501571300810143 -2.897758674197604 -14.188828541361513 0.9904809137769244 -0.06869679602237655 -0.08868981233475154 -0.07976482212050193
68 -3.4907769828658206 -3.04531408871066 -14.45562363079283 0.9683709500617962 -0.1537398016996981 -0.19359533582454702 -0.033802698068834756
69 -3.443913319430581 -3.0508708765439536 -14.511638415779853 -0.6411919796581925 -0.00915208229345281 0.058483942643004654 0.7650939243417316
70 -2.5024667189780376 -3.017905692996574 -14.656036728957412 -0.5919037601678976 0.004078944073118744 0.0972248760357223 0.8001128822823629
71 -1.5576965401975973 -2.8556721083219347 -14.814275932794663 -0.5326600822702909 -0.0236654518761467 0.038389943049500275 0.8451268516713691
72 -0.5543236535232292 -2.7900462346628294 -14.779887877979291 -0.43400213103480123 0.02813139779316365 -0.0667788713456319 0.8979929604719947
73 -0.5328091123673141 -2.7407120740900277 -14.773244519790516 -0.36952530614776213 0.27469532036726163 0.6616025987724606 0.591840798173171
74 -0.5393266536680933 -2.69078101994025 -14.780322256798458 0.0098142324163653 0.7463851210925784 0.17761418969857645 0.6413003442002921
75 -0.684271766230993 -2.382923170594428 -15.779632526545724 0.056128098034733016 0.7541035156382687 0.20066123690160018 0.6228262938557801
76 -0.8625540976979302 -2.0318979888365654 -16.643213734684387 0.08985145379895146 0.7561681712221627 0.06974709083562189 0.6444158256907659
77 -0.9914190210012168 -1.8367292833843991 -17.597741847834932 0.17359915076161042 0.6741928284211143 0.10671621438901419 0.7098866209098914
78 -0.8828361894170998 -1.4691698148811043 -18.520853221714066 0.07960383686588365 0.6612038389445453 0.19482235014506658 0.7200812207002611
79 -0.8965144015918768 -1.4457600417400325 -18.582668580428262 -0.3907651474145516 0.3861865568496393 0.6649409888027311 0.5059802607659228
80 -1.0532785473461201 -1.0439083606659205 -19.419825884232647 -0.40252560440839846 0.39661103509623424 0.667145265953994 0.4853761621162724
81 -1.339488908551699 -0.7134833132833807 -20.30702508134467 -0.47757922434240097 0.3956188285165118 0.5933420456013674 0.5131754514016791
82 -1.4048015289513873 -0.5022241648394944 -21.23210091341092 -0.42281109128589256 0.29651807611535663 0.5228651613636537 0.6781738970608052
83 -1.4393436189614677 -0.5126080594432016 -21.192275135027444 -0.6648007048279553 -0.17993061963808327 0.7241001899979409 0.03665937563374066
84 -1.5515197170618846 -0.24715096862912386 -22.166516055736636 -0.6196722500866573 -0.33573138983903583 0.7094261142989619 0.0023075311404765603
85 -1.7388494269848382 0.14123555884750422 -23.08661399910684 -0.6267502575816406 -0.1961100297559491 0.7520461409398114 0.05613887020599171
86 -1.7451206042162235 0.07055040203230814 -23.153198992570367 0.5296985136096928 0.6106128650263106 -0.3819690728293317 0.4479632140543943
87 -1.7633744851988036 0.12290068926721187 -23.214856967181245 0.019270569909587334 0.6486477944617146 0.2352119877668328 0.7235744638156375
88 -1.6867010859310037 0.5198755792173615 -24.238058451726012 -0.12440311932512385 0.6223321618020483 0.18375233961878742 0.7506408075595071
89 -1.6283922993377926 0.7193911483897628 -25.137330176963914 0.03510213849773737 0.7151854025622448 0.2428903345599496 0.6544325520724965
90 -1.602116252748632 0.7445581465270301 -25.04073746801319 -0.10906201687038056 0.9743200887420289 0.18005989970163427 -0.07990164997875265
91 -2.534009885691589 0.4762434187370391 -24.905515453812686 0.0012507421128517286 0.9859204347902767 0.14840805401417106 -0.07703493630064888
92 -3.538890287313684 0.373806382895267 -24.766249491793527 -0.09450693332202469 0.9798248320986895 0.17609351284421532 -0.0016771079348079667
93 -4.49918874747687 0.22693707833148824 -24.781815244408584 -0.040167606575989716 0.9690079744023129 0.19810421980820808 -0.14200291201543627
94 -5.542699987699924 0.07796065392898854 -24.608465827364984 0.007423640555275811 0.9921620892192802 0.1098464346049896 -0.059101938052068835
95 -5.600905171933461 0.12593696691287493 -24.604660129526962 -0.02314859481489446 0.5571012314844608 0.8194994830394906 -0.13237430919404403
96 -6.498281499004438 -0.12008317072971854 -24.53466543052723 -0.10820990970995914 0.5619717920627282 0.7978050686782436 -0.18969816224115332
97 -7.440593772773517 -0.5042600245654602 -24.44531491779702 -0.018005962097465095 0.4894404584697932 0.8322084515790895 -0.2599094381936862
98 -8.261379605887617 -0.9450709405296613 -24.20194182383859 0.04628954684623263 0.4148720415554809 0.8972043538392971 -0.14409307561491908
99 -9.180050450208347 -1.166360668766895 -23.961140470534737 0.002211426761686153 0.4885338242956101 0.8708833252488954 -0.05377774552926061
100 -10.06574856490142 -1.1836517894549183 -23.89367366194214 -0.028223137402387032 0.5616874484481785 0.8164599805266581 -0.1307813632340235
101 -11.130477328541215 -1.5189124046820153 -23.764813948152522 -0.05128074582448979 0.5445663717820021 0.8212521380081527 -0.16236587587577705
102 -12.078930337539134 -1.7943868116960575 -23.66930759594591 -0.015096390842016146 0.5472251761911231 0.8245610130614138 -0.14288401332995188
103 -13.06199388143781 -2.043223134425801 -23.540045484497522 -0.060683629669730975 0.4902055765665698 0.8562896040610503 -0.1509440418503279
104 -13.995713710627037 -2.3451936521518775 -23.466527492250474 -0.04633542454700028 0.4987380720964723 0.8558027064292626 -0.12928685757605748
105 -14.85633748913973 -2.5635321612196273 -23.436046659416593 -0.02646980975718936 0.5621469164959817 0.8157102659676643 -0.13381687277933363
106 -15.828389789942191 -2.876786797226835 -23.41641520784174 -0.10794563231309301 0.4649820461179684 0.8343391562939155 -0.27571291142641635
107 -16.70844136474562 -3.3690577137529596 -23.373347173620843 -0.02101466456403184 0.5057629055265918 0.8556039237775325 -0.10818591813656457
108 -17.72509017679469 -3.548890083192966 -23.30387812894346 0.037033724556523304 0.6619303029376741 0.7310757051629532 -0.16126093953217938
109 -18.646676095021192 -3.6937740565315904 -22.962710439799928 -0.026235643428500703 0.5003686027554852 0.8405779306222431 -0.20584386058671567
110 -18.67391626256135 -3.6708160012439928 -22.99218756133731 -0.11244383967860687 0.9746587211373171 0.1777083518270787 -0.07626599452052286
111 -19.6479199169565 -3.9212760410606435 -22.817389182549654 -0.14766553430150015 0.9611639086230815 0.2330838846063236 0.0055437781953271694
112 -19.58288382185903 -3.8238025774914375 -22.91078962172883 0.2092422841079849 -0.5953874802851098 -0.016440119744748682 0.7755392558238424
113 -19.605782633251152 -3.8303267571235393 -22.95472954923628 0.32403855365847595 0.130778657198983 0.1785416287976272 0.919792827407587
114 -19.64094767962773 -3.8631158750065566 -22.96885691164832 0.16748279036048735 0.01715091117960553 0.8400093581513141 0.5157903056446416
115 -19.98667900418756 -2.9403943913711736 -22.682122182655682 0.1773896819865484 -0.07294657021462282 0.768171214958395 0.6108393267693046
116 -20.218013707417402 -2.090172528268956 -22.409429413625336 0.21518281655303043 0.12499659423909591 0.6735539863264288 0.6959865188297172
117 -20.191638803703828 -1.0716526623710694 -22.244481521485742 0.30258720132522476 0.05564434090456237 0.6913032622743662 0.653792392498019
118 -20.0587184282385 -0.18305190644512218 -21.82071624668638 0.15319978643978846 -0.09456048356471414 0.7386437164434133 0.6496103451619851
119 -20.216840888856392 0.7687667692998936 -21.468110579928613 0.14799456096475325 -0.128006474207285 0.7198807038518756 0.6659457370594067
120 -20.28995616184009 1.6131606320152279 -21.05873813008667 0.17595305141985024 -0.07884211922624929 0.7694457540376709 0.6089151628308804
121 -20.29688194312875 1.6210618083681996 -21.099196640232236 0.09330287165396185 -0.12731077137839347 0.9861916763749291 -0.05012503447349644
122 -21.343996702570024 1.544712775128262 -21.01583868861329 0.048767232546090104 -0.17928327844275063 0.975643368271584 -0.11661595537615004
123 -22.33531859538537 1.2634851696966802 -20.948936513243105 0.02865242018981215 -0.18655913496519527 0.9506691490397667 -0.2461765566464642
124 -23.25801306760855 0.7128941431464331 -20.90308730048561 0.1398912210388437 -0.0921872369242744 0.9750272649449443 -0.14578680406165065
125 -24.184745425563257 0.43894260413052244 -20.620020910769817 0.07422677736698054 -0.1834772256516136 0.972935221808474 -0.11926251445192297
126 -24.080221133105816 0.31724171211170044 -20.62290806280541 -0.07541679910613916 0.8044848703811984 -0.5881018203081586 0.035392777378460964
127 -25.172874509972708 0.2325931878458142 -20.574101040775982 -0.12154685590147132 0.8369145013131398 -0.532940536569024 0.027836375370483165
128 -26.135155618018633 -0.07028210978118897 -20.45656026261265 -0.08331078191389855 0.7881086711112041 -0.5937834826058881 0.13915894481006055
129 -27.04469106431136 -0.36678546899950587 -20.61102193950644 -0.18788236205919553 0.8185882634621092 -0.538047310542886 0.07154414418184368
130 -27.015635129854196 -0.36159365016241773 -20.617697004179725 -0.11774683817804951 0.9735853375598178 0.18244203265619502 -0.07058454014785129
131 -26.975908181056806 -0.32844721329815374 -20.67452986039278 0.14653395925131069 0.7605322172452842 0.15226066836664753 0.6139505144444859
132 -27.18819659159104 0.03400283607367543 -21.545943687489554 0.07435750288476108 0.726225809403939 0.1387568182105377 0.6691887483516321
133 -27.302831358998812 0.3296894652577883 -22.58744206182907 0.08901144175233242 0.6898700476228474 0.1458569494177347 0.7034785220151172
134 -27.22543738210512 0.3493279449831337 -22.632072875203164 0.5671639215041315 0.5774643382139196 -0.39813869717563116 0.4316776598881467
135 -27.23905090543362 0.3694989033790294 -22.67914418667387 0.8177774014263853 0.1324514616023777 0.03539636055638049 0.5589667518690756
136 -26.28011647209421 0.6059913769900477 -22.74295548669408 0.8696128429935147 0.22051177265082947 0.047308808216815566 0.4392151387284256
137 -25.403168891566143 1.0716614573280072 -22.973798657268034 0.8456539623077658 0.1932829790768492 0.12224374924099128 0.4822525601838312
138 -24.542987576012663 1.5460194023730438 -22.965176541346217 0.7686002345580089 0.18007406803408552 0.08652584766480667 0.6077337304650083
139 -24.543538502014947 1.5272284213021474 -22.96721215332447 0.4505348302861168 0.6186403815612116 -0.40381104150673175 0.5012375562127271
140 -24.63643758313148 1.7007217325535051 -24.030301467637482 0.488550739704778 0.6699620177745799 -0.3678059145732863 0.420936905816342
141 -24.70387929179977 1.7032996001856706 -24.101896576912424 -0.6783798387781007 -0.2542368488878724 0.6893194988176908 0.0017457252619768604
142 -24.78025146888014 2.083451484329993 -25.083465796171886 0.6998486652830965 0.28572197228286117 -0.6542700988450725 0.02248194861481774
143 -24.80371033192607 2.4469329311139703 -26.077332725472573 -0.639326412145874 -0.30283533015446723 0.7055696096352462 -0.041521410164923014
144 -24.605915321902618 2.195728983077665 -25.221285803044804 0.26438870668750586 -0.5603140340893645 -0.12355977650091217 0.7751643545788564
145 -24.65648325626036 2.1364219890529683 -25.249806550544164 0.18496060681144222 0.061316096858484916 0.11896798226582732 0.9735895076414812
146 -24.69811879851318 2.1087939324011438 -25.18904824460688 0.1171767375288644 -0.2103050791917994 0.7186760301750073 0.6523389835814768
147 -24.824112713308978 2.9518367763682685 -24.718613119220034 0.11508317855009956 -0.15487922218641564 0.7069162444136291 0.6804687442740235
148 -24.916145712152826 3.893358714024731 -24.37247818613408 0.1393351949384255 -0.16409049156078462 0.7548786503530238 0.6195306588636328
149 -25.11467157889094 4.777979714466879 -23.94248231113232 0.04712579363233869 -0.11120004520961756 0.8563037641403007 0.5021529378974621
150 -25.6025349794214 5.654622641645291 -23.731816093511664 0.17283808238588352 -0.08597219759165982 0.7710144511834186 0.6068545909727984
151 -25.612162823182945 5.591465192392427 -23.75022582204326 0.7049667675009605 -0.47142795478480803 0.4538354835112354 0.27351580223596356
152 -25.4920114210175 5.210703094807539 -22.836609560808505 0.6621758920686265 -0.32703199346938505 0.5761348794366536 0.3502024613092703
153 -25.475963651747044 5.132157101234659 -21.78357823298037 0.6967688869113792 -0.4076252418029151 0.4770216751103843 0.3475702834712357
154 -25.25236472934264 4.880082937836372 -20.817242962052045 0.7494102404236954 -0.3664904283567926 0.4489885181222732 0.3201224266828529
155 -25.274324294288597 4.869140264144649 -20.781966981297888 -0.11499307968220081 0.8193678002953447 -0.5605134367004931 0.035180772341909264
156 -25.297168285824977 4.889706300136877 -20.79112009621006 0.5575760012644085 0.6607836426556082 -0.21670521659239791 0.4533352286271374
157 -25.291036843885873 4.813763876997876 -20.708248953625347 0.6062732636919157 0.7372772464033065 0.2511202889838504 -0.1606038359721781
158 -25.284271195745532 4.80682711395963 -20.655675558320006 0.9467440117233201 0.07389115046624022 0.09432821293407823 -0.29886127616918173
159 -25.253792255334062 4.8797740615741105 -20.524429529401807 0.771526903938843 -0.6294255232638803 -0.04802588837183714 -0.0791407683095694
160 -25.009610487196827 3.9639222694347676 -20.70012414814998 0.7630213798597434 -0.6175858621992466 -0.17226871102562263 -0.08191195205900569
161 -24.82733864033433 3.0468234017771065 -21.128448900661045 0.7552370526300773 -0.6220613949632601 -0.06420494844533252 -0.19630165517928827
162 -24.57250404831441 2.151816365669958 -21.4188693206131 0.7178688550643103 -0.6483176225143621 -0.04091230950170038 -0.25034925643432043
163 -24.37747114218595 1.2546936482405977 -21.812751948548268 0.7634914312129147 -0.604214295700433 -0.12481139778465623 -0.1908612960207631
164 -24.40759586619512 1.206108863944861 -21.79891033468382 0.6310255043339499 -0.23042205027180435 -0.6263709333476456 0.3954389276308302
165 -24.294133498371124 0.4104176256994751 -22.375476126672982 0.6004731302279294 -0.3131596789753568 -0.554842704166555 0.4832314238245149
166 -24.129614397239283 -0.5499578507490148 -22.728989777434567 0.5307411049300373 -0.27844365070759824 -0.6115634581996524 0.5165008707767584
167 -24.062823728578895 -1.4257594366981172 -23.120009158017737 0.5612188899506222 -0.24849580218786865 -0.6009748611872715 0.5119691495378792
168 -23.908955075819268 -2.337900806895341 -23.543136316443174 0.5062369493091495 -0.14873025737011247 -0.5716650818723836 0.6283331089992213
169 -23.608998792114413 -3.251439275224811 -23.96407038451005 0.5488708581524754 -0.37150064784469256 -0.5254990846799952 0.5334592409195156
170 -23.358039296231816 -4.2997226789509195 -24.148299081801113 0.6010400796652157 -0.3089339434700052 -0.556410195652498 0.48344424226797006
171 -23.31152291369008 -4.3272126686821695 -24.13295614003956 0.7199605085473192 0.10753613945102379 -0.0008990119314984293 0.6856325813595808
172 -23.295858232488154 -4.246117666376855 -24.146812580505213 0.5720035004681471 0.4669167033144571 -0.4213784340220279 0.5265368011443156
173 -23.30403131359813 -4.243650620548611 -24.11313007353703 0.693408591982721 0.057113077703607365 0.0430731902404675 0.7169848821295124
174 -22.325892971833046 -4.060537304328086 -24.19553117917998 0.7345241574100236 0.12822997610119308 0.06345310534767237 0.6633287562226733
175 -21.351082270200436 -3.8020445636101665 -24.27588679774061 0.8176136771403012 0.12296585269515378 0.028485726045984525 0.5617613705442036
176 -20.319200084035643 -3.6203795179255533 -24.389850218330597 0.7892971547314431 0.07207815658073546 0.09955909738775161 0.6015835162337035
177 -20.331828004399316 -3.5775719032678923 -24.488665667179493 0.5900677123406854 -0.37472278870764164 -0.5064105126474489 0.5049270433996825
178 -20.187929824601028 -4.542265285428966 -24.72466098814679 0.6211677303824313 -0.3773053973291429 -0.5219589345633828 0.44648645948930293
179 -20.238949360003204 -4.485123968182952 -24.704717346061948 0.13465485562055876 0.11986834144399781 -0.5646558193003126 0.805396459085564
180 -19.909742380807103 -5.394416156365607 -25.057499503399498 0.08143340874048567 0.17290208864243375 -0.6118292277630506 0.767553557570322
181 -19.805997361842287 -6.2720362945608255 -25.452640408164648 0.13630857491425974 0.043876804902531596 -0.6762375871849127 0.722632357478349
182 -19.790802128706087 -7.216761938079259 -25.706467833667585 0.04088355404910712 0.0677607935916968 -0.5892509698958127 0.8040648632647626
183 -19.488036471484122 -8.122460754545056 -25.88211642157644 -0.09092680485622429 0.2415569458289441 -0.559793298972465 0.7874096903810335
184 -19.23541888972097 -9.00502839627102 -26.07142889843826 -0.04769544029323836 0.2933623758078389 -0.5317465374873055 0.7930380074787566
185 -18.901318384242387 -9.925168842859653 -26.528836498357045 0.07856531629369728 0.17807213241067485 -0.6104845384840016 0.7677411249935497
186 -18.940529228296228 -9.897383265494184 -26.46195824237311 0.06322686538071683 -0.25335599963837835 0.9542832948265699 -0.1454527213781574
187 -19.822147935423583 -10.312678576834019 -26.392556660999812 0.11468483595247873 -0.11669168720261212 0.9841403962928863 -0.06854282548042816
188 -20.774800591151223 -10.371694201095913 -26.28814328959609 0.1163318608070674 -0.12266177025096037 0.9834697440653748 -0.06487103196381738
189 -20.8059077009064 -10.35357745441642 -26.323483675204038 -0.0336337839311825 0.1860173163288442 -0.6099438734145646 0.769567929352778
190 -20.728082768834604 -10.333756612827239 -26.350314365571066 -0.3763537951947082 -0.4183486909989693 -0.4874853802502879 0.667607817228214
191 -20.77193524964524 -10.338744184890896 -26.433115525197316 0.03982995162175378 0.49146305433174653 0.8551121877408048 -0.160189848485643
192 -21.76709461887343 -10.584433610787832 -26.175994904428574 -0.022144462443906925 0.5152630059150461 0.8542473202673627 -0.06538480966165154
193 -22.769276596412645 -10.713191319770171 -26.20611034876222 0.013429714095999922 0.4910863755430136 0.8630530742040409 -0.11744447897743016
194 -23.822902557833196 -10.942575117917608 -26.03912727792313 0.03804941786958849 0.4782284909724491 0.8675827243696151 -0.13095788864133248
195 -23.7762930820069 -10.879694814883198 -26.082330058765802 -0.37824019111314183 -0.41687858817871226 -0.48756024972435347 0.6674066252544569
196 -23.74451866886175 -10.871915201305416 -26.000410851751898 0.6385769821052215 0.7451561723835228 -0.004162759721163035 -0.19220923004795903
197 -23.87014238769219 -9.94038320526203 -25.75002221771332 0.5932891713456738 0.7799962657978271 0.03865756597727407 -0.19524184259046995
198 -23.978959033657897 -9.8708913147418 -25.662103519252934 0.5844113215302286 0.4940674450914295 0.5647858196965811 0.3088328752542046
199 -24.074789385249872 -8.919513210349502 -25.27337373296528 0.5768219285242827 0.5568169658050177 0.5453384958541978 0.2446165454434806
200 -24.32365818933777 -8.038331540014775 -24.944556888016105 0.5581641501038973 0.4887979481624166 0.5955896174082554 0.3078999107607748
201 -24.516688838469253 -7.110342075348294 -24.545398946393142 0.17899971189060307 -0.045920694062716615 0.7957902209185376 0.5766873652944923
202 -24.73186576059988 -6.144997793530263 -24.171721585984155 -0.20971892998028774 -0.5268853417657461 0.6068036222283496 0.5569552684829093
203 -24.995970647505242 -5.287633203652213 -23.92642130060459 0.6023251153853872 0.7046261311720506 -0.25861110904346735 -0.27171081120337337
204 -25.119222830860984 -4.392750025162146 -23.876252338334595 0.7400417706786401 0.6283248025223286 0.23429047601134806 -0.05151789045054643
205 -25.00549658817193 -3.4648981302379633 -23.429354528688553 0.5559306230958605 0.4859538869212199 0.598348681222693 0.31107686794339284
206 -25.047377251005965 -3.430465056143771 -23.467476824437924 0.7594177078816602 -0.01820220544135666 0.6036447317777964 -0.2420050876939305
207 -24.747526928985344 -3.7857992164351817 -22.577612029035315 0.7362852299126054 -0.0861965349034977 0.6228126251577557 -0.25011727554744323
208 -24.542015972892298 -4.230139806444352 -21.736839049165706 0.759546841833251 -0.06968163549069195 0.5738602378737868 -0.29819036222506623
209 -24.459333005695125 -4.245277583069865 -21.70277546751884 0.17534777296972984 -0.22306300216862046 0.9412545357689052 -0.18312824597134164
210 -24.571987514403013 -4.282548357724896 -21.692624985643096 -0.031698396696299695 0.5720409566251345 0.8106754453958266 -0.12070492045713489
211 -25.653523453321423 -4.500760908402731 -21.574481648081264 -0.07362322843449372 0.5056318046495525 0.8449205847904534 -0.15819388028326695
212 -26.52417544781182 -4.804835737331946 -21.52743456363374 -0.0064992258433572495 0.4956139161878411 0.8473806172154422 -0.19044866949381314
213 -27.483144758286144 -5.135291620504136 -21.414566037605393 0.02556924068320146 0.4616032041913586 0.8473442883818878 -0.26129744116188125
214 -27.440111566579155 -5.110497175463698 -21.46068949323868 0.12088682689933393 -0.19802406523244165 0.9703473296480278 -0.06781522333494602
215 -28.359431756283033 -5.284588408837358 -21.297714909250438 0.06232649223311349 -0.16260750608247265 0.9793425447173424 -0.10277347633564955
216 -28.373920040323025 -5.24987073171457 -21.329616015348268 0.11666495511943856 -0.07796531967962406 0.8720465227459516 0.46887691278301086
217 -28.34486718587318 -5.194634610630898 -21.381300383222143 0.21500025646668758 0.7128007122785578 -0.5537355404328079 -0.3729168614530925
218 -28.30786677859271 -5.158611350184563 -21.338259341869204 0.5104974389920198 0.8161623677070848 0.08342057123711673 -0.2575118688834112
219 -28.64098575963043 -4.486461620039583 -20.82784694837946 0.6237540542335523 0.7522868361189121 0.03378587091956922 -0.2094132540113204
220 -28.79016642314158 -3.571291451484367 -20.423453902773552 0.6207885174433064 0.7647314894753944 0.06761953364553697 -0.15885516763658275
221 -28.84068305652637 -3.455390012015306 -20.43865321382296 -0.284470230289636 -0.4984184345985067 -0.475015129840333 0.6670954793386825
222 -28.76308096969727 -3.8050694437668686 -19.40875440500665 -0.2544142900197942 -0.46103604782802804 -0.46465446712486924 0.7119096556570501
223 -28.744967088781312 -3.8384807171395554 -19.42785082096302 0.35294275303320544 -0.6493200226692728 -0.10038102261470036 0.6661370516199674
224 -28.66808193663852 -4.455075754924156 -18.653955663902828 0.24964792119245433 -0.7586176905885853 -0.08693459083428681 0.5954976841993617
225 -28.604884506810997 -4.4194477330197905 -18.740704407617315 -0.39131387711059934 -0.4320334617258492 -0.4841371384728067 0.6525578661553416
226 -28.676290514711795 -4.422917858415168 -18.794149580849712 -0.6289113336598835 -0.02438702860686451 0.03403042507631527 0.7763489791318069
227 -27.72439648187005 -4.299821857451873 -18.819836282215196 -0.6543915077102789 -0.011196554395618912 0.03638102904664028 0.755197201088458
228 -26.646110308857814 -4.196244537230715 -18.8326508658252 -0.662220811645346 -0.07308625621965897 0.09127955257991613 0.7401283936293641
229 -25.730040537278818 -3.9039314989414424 -18.931704078361406 -0.6517667029980054 0.009134567289628375 0.13856676480308763 0.7455977308411998
230 -24.773973528883307 -3.678863204085879 -19.1691280242321 -0.5848929646998435 -0.027404459812624394 0.1175918274374921 0.8020731746835305
231 -23.777427579394217 -3.470049345515107 -19.22705988517822 -0.43783440232595466 -0.15535989248484502 0.26730230553562706 0.8442237958043527
232 -22.96281855503872 -2.900361060960465 -19.21161847690965 -0.40636917855204113 -0.02797932618022228 0.22680274255950045 0.8846704267674649
233 -21.978605918718582 -2.524121864165971 -19.406211744999855 -0.5374016060315624 -0.02047617977181681 0.14250580165509943 0.830946650749184
234 -21.01629086041673 -2.155657359620263 -19.60708568883537 -0.5366666913594221 0.1308448566672589 0.10027499221669796 0.8275345381342074
235 -20.05684450187554 -2.132150421422334 -19.948044417363402 -0.5847047399494492 -0.029595228283640494 0.11377429216316205 0.8026829386415647
236 -19.073204141987443 -1.9618060315609271 -19.980573028478165 -0.5682051812256239 -0.10225141528949604 0.17859594614212 0.796737728566466
237 -18.230709968983614 -1.5091887896046368 -19.98292529307378 -0.46577606733568255 -0.039116366120597816 0.2755222536149133 0.8400059837654633
238 -18.164772866999606 -1.3811853353302233 -19.97442735770693 -0.5495375778628574 0.4888220516882354 -0.19520032113189198 0.6488129830158559
239 -17.67198256937512 -2.1145068728201433 -20.353422710779007 -0.5686790316175108 0.5409908027187127 -0.29599744398198735 0.5443515624377898
240 -17.72014793327582 -2.056234897931704 -20.38496312854894 0.03733708658112765 0.7365906266547206 0.17560653334759652 0.6520755601429012
241 -17.629457398772196 -2.1169552931372615 -20.39720306377961 0.5368048742940867 0.4276338039481367 0.6474796861605799 0.3312701505785767
242 -17.919021156447275 -1.143952054131105 -19.972099986580126 0.5313950260998695 0.46842778866154905 0.6010640381600323 0.3700226413028329
243 -17.940441307100738 -0.19942567157074445 -19.68526199292579 0.42239163962217435 0.5527583259773513 0.5782906691295212 0.426173013971718
244 -17.960300999398942 -0.18333347947904333 -19.681049090155913 0.05028700528222448 -0.037844768036491214 0.812955774132505 0.5789144150361344
245 -18.326517565118845 0.8119367065228829 -19.545801657224125 0.14764295699337293 -0.0655787798833966 0.7633365772186862 0.6254744205475706
246 -18.545194978024323 1.7329582223880557 -19.17013376111148 0.18348104030393722 0.03526997259958208 0.7414261921170926 0.644498206765974
247 -18.60943021481839 2.7762337361934737 -18.921099928657206 0.16245891193540757 0.031411368531779275 0.7307176267007087 0.6623233182431413
248 -18.632409304297184 2.823965136952105 -18.944096268966625 -0.41215018390338554 -0.5104946478271267 0.5209955258500791 0.5459771996086125
249 -18.660017083456296 3.7973290572837057 -18.774654663070415 -0.2931273944891141 -0.5073217296038595 0.5842884252301647 0.561522955375669
250 -18.649420562605123 3.842206380477302 -18.79891467227936 -0.10781438070972987 0.8014587566768631 -0.5874323613380825 0.031034521277416866
251 -18.66515360507293 3.8743650153383613 -18.836292022797267 -0.1312044406374847 0.9662003368716161 0.19388447220167918 -0.10794033178222355
252 -19.62376153480568 3.596552075404934 -18.731296110096903 -0.2096840005794001 0.9696267732420307 0.1071453322853329 -0.06615450311755569
253 -20.546481614599895 3.179680955053865 -18.627588203957753 -0.060460285700668887 0.9852737382006145 0.14305504067562982 -0.07152251395521853
254 -20.49615604447145 3.107090349711278 -18.639223293586188 -0.02616012832709076 0.7718532403919256 -0.6344259983113667 0.03258643351179942
255 -21.592986127793644 2.994113338044919 -18.682189722142503 -0.1061088298433011 0.8006075674894013 -0.5890721549410289 0.027612232454504858
256 -22.5823284807028 2.849939377350452 -18.569505077539006 -0.0927587804194198 0.9178662358626463 -0.38079031321043866 -0.06257890286297547
257 -23.6079197236956 2.7274407007370924 -18.36946788788489 -0.09259360770951229 0.9502042342792418 -0.29589831911722175 -0.03134520238790213
258 -24.525175977307452 2.554045843517161 -18.23427243959289 -0.12866479649175455 0.8369523757280436 -0.5236051219488813 0.09377508824744009
259 -25.480509197547672 2.3128138822408224 -18.278927622500483 -0.12104956912535698 0.7419050338614281 -0.6507327829003902 0.10710167040878188
260 -25.468209624568015 2.311302965790584 -18.21546011111333 0.4900483372226376 0.6402806245808724 -0.39929669815787644 0.43641207111155117
261 -25.578432379660153 2.5807610683612743 -19.205077845133033 0.4427706542167708 0.6903163990040014 -0.3494086833397531 0.4531346257321116
262 -25.53740321063414 2.5904718392699615 -19.187776685464662 -0.09781827308269656 0.21705207309909555 -0.5738255238709657 0.7836097569381814
263 -25.277225977216947 1.7119104775076674 -19.431034191159057 -0.06720346690548103 0.2899785195204177 -0.5660766807999732 0.7687348981977566
264 -25.050635103538536 0.7785931604526071 -19.780792624429264 0.09213306056823063 0.20023678108749962 -0.6178476392100314 0.7547721678577174
265 -24.81499351173075 -0.1228920185114993 -20.19937191529577 0.06574448445377012 0.1422252564310049 -0.6290002798737679 0.7614514345089674
266 -24.692743976559395 -0.12544142799114863 -20.109984768204523 -0.5516870041258093 0.45391787644577053 0.5557941044533244 -0.4250799035200037
267 -24.697314013880643 -1.0992206852408848 -20.379355690532222 0.45520868038869594 -0.3513846974474789 -0.6279405428977586 0.5244087397095836
268 -24.601418479202867 -1.1463083209671896 -20.438580349325242 0.07797429153252701 0.14661272538795742 -0.5849177829145685 0.7939117745975435
269 -24.25705592152172 -2.0689535017983904 -20.777274283794263 0.04353962459899137 0.12444975449981459 -0.5486381222092317 0.8255984317774849
270 -24.280953706918705 -2.045052121047821 -20.62295649121254 0.14689925589988642 0.05549494586120968 0.09363408902248328 0.9831447385674454
271 -23.304947709988426 -1.9220632754140108 -20.65535449156725 0.06349056002606124 0.06732593374795472 0.10923687976520559 0.9896986771395142
272 -22.36658162587378 -1.7069673368758898 -20.751129008459703 0.10766409436962723 0.10625839665843852 0.15278290168691058 0.9766140388481384
273 -21.388366406076344 -1.420130300033064 -20.889620200832216 0.051191617996016806 -0.005194796513531396 0.19311214342106844 0.9798265828193545
274 -20.516803507078613 -0.9373175591590572 -20.91077946811587 -0.007586030656244163 -0.0038223812724313753 0.22601572166644684 0.9740866158098495
275 -19.605073096400012 -0.5225000997102948 -20.936752405533422 0.1519378967899231 0.05251451298132189 0.09372739027441306 0.9825336013377545
276 -18.617768322892182 -0.2927292339577686 -20.94389336694881 0.24024497216400925 0.030040724665521358 0.25386808820408396 0.9364458884543663
277 -17.792333246773335 0.18220704977555094 -20.898935619014033 0.17703834104859598 0.12184677767683814 0.251199307928552 0.9437741765193346
278 -17.874142925210354 0.27654920850948117 -20.926902464428707 -0.08468582122713565 0.8176664452147315 0.21323050087993722 0.5279987211608387
279 -18.221425948013323 0.3201838572415318 -21.802706520161845 0.03615701552267899 0.770890799985516 0.20964737003018544 0.6003898941234849
280 -18.436579708191623 0.5904581492846352 -22.699663810716384 0.04077677887389845 0.7391597476656488 0.16111887094412944 0.6527027126963794
281 -18.54549905882246 0.9794367354457137 -23.640501166377828 -0.17534201124077423 0.835219253903227 0.15035894237539174 0.4990552729419159
282 -18.50563916670049 1.0085865960190534 -23.563545346069553 0.25702868717339933 0.6781816238399356 -0.508242992095057 0.4644297579204084
283 -18.49156450347944 1.0777935616194716 -23.502332570282075 -0.007137843668504308 0.788853069105657 0.144824963090814 0.597231627273785
284 -18.775880998902462 1.2807290403230662 -24.36765920443489 0.002395423722265064 0.7514960200296227 0.2315455735584755 0.6177658465715826
285 -19.088533113509357 1.4842237975409542 -25.278969578194758 0.04116744403620371 0.7408631549732541 0.16293650101472884 0.6502912607375867
286 -19.093196022303317 1.4496252660836293 -25.206632082554854 0.4380158320494428 0.7200883088690802 -0.3578203397951308 0.40196960424016953
287 -19.414391875594223 1.7528759060128594 -26.07342904156709 0.5474282000978781 0.7001829135939044 -0.3167202778524035 0.33129219557038103
288 -19.42224813795279 1.7092337166322888 -26.032679412973117 -0.6003120723594162 -0.2090547107442142 0.7548045821796157 0.16183814882731182
289 -19.687118011202426 2.1326817141933048 -26.81621976554078 0.6777439586352632 0.2479260490474985 -0.6655383740870129 -0.1904060748892058
290 -19.640713450086476 1.4888419229898202 -26.032715906820314 0.1518549193292547 -0.6431080740441172 -0.046058067918408684 0.749153350759639
291 -19.699670507569376 1.4899723783099579 -25.972993411564232 -0.22906163853244293 0.7141382519592124 0.6456456278472037 0.14380210736724977
292 -20.56265502109562 1.3219094497031594 -26.57920011984189 -0.07949979679105446 0.23574227233845146 0.9462230448373739 0.2068025937012702
293 -21.48842551254552 1.6932955560999043 -26.818633954241275 0.12615496478494848 -0.4765164665846482 0.8048322776930252 0.33054800970092946
294 -22.30167714538269 2.0347528184304937 -26.33720679851367 -0.2258980360602338 0.8654730807155487 -0.3879776181601886 -0.22226063904257165
295 -23.153095702221258 1.7969596397755347 -25.78208384809304 -0.07663238914671011 0.9831333848062334 0.14950355853078395 -0.07228354307681913
296 -24.112089009793873 1.5591234559467897 -25.62504041067151 -0.12631505386706157 0.9710838048344218 0.19112744715336166 -0.06716435140386404
297 -25.05536371815192 1.1972989354633685 -25.555103174171936 -0.20662819237442864 0.971330437775866 0.11349217048635314 -0.03068383946829639
298 -25.127527716072958 1.2482372487892897 -25.61490197536976 -0.293390440000702 0.7547710052965656 -0.5734327641135862 0.12416780710336237
299 -25.92446609460416 0.6611731964260119 -25.497089797302575 -0.2275127933610162 0.7251868945551256 -0.6181173667511195 0.2006808853459176
300 -26.784636855201352 0.13058488857365133 -25.4597141792131 -0.10616095923478021 0.7982391380685757 -0.5928997284912407 0.003747151571769482
301 -27.830677466291178 -0.07452902180383479 -25.388761340431557 0.05558433416167342 -0.23238971777658776 0.9710183466363571 0.005363894398188843
302 -28.78335142639365 -0.07362174842531226 -25.25369303029992 -0.003401477636602262 0.4867302878208538 0.8619225444374778 -0.14202670262362604
303 -29.736686826295127 -0.38114852448684444 -25.144886030980015 -0.03966851411354726 0.8345813877334206 0.5489785240141432 -0.02286692826404866
304 -30.736457488581024 -0.5083124568331095 -25.110481251895482 -0.10439033329487295 0.9920580939619708 0.016141727911404034 -0.06828499937146158
305 -30.735173172248793 -0.4904395440105889 -25.02942707253986 -0.348596941663815 -0.5637259852004297 0.49467822546772255 0.5621268888076296
306 -30.735039665956688 -0.4370123825842333 -25.02227766183194 -0.05852330943408224 0.7821369257857849 -0.6140350000560874 -0.08830555068263955
307 -31.782037177077935 -0.40913329670860266 -24.74170955433914 0.009495076326201545 -0.6990962191449941 0.7149341337765731 -0.006595776214659769
308 -32.78369335307842 -0.43864206906125663 -24.630158812986597 -0.09270772348672668 0.8114063094772306 -0.5755399410081773 0.04217647745783981
309 -32.4737239960991 -0.34673096002031634 -24.619295730705122 0.19367563318661185 0.06716398293694893 0.003827044044083739 0.9787564059763262
310 -31.51313295392455 -0.31035546281317505 -24.755727472060116 0.14486444111073085 0.07254081777488597 0.07357918743002854 0.9840417809398965
311 -30.537469866680564 -0.12995910756407572 -24.894689439292318 0.18304494558841633 0.07440267266501023 0.15910149499275025 0.9672877051249584
312 -29.638304740558894 0.20822905607405595 -25.015297547323026 0.2770060810259608 0.1853343264954429 0.01264452184872453 0.9427401203748231
313 -28.692252538377307 0.37242067383123456 -25.368920453299186 0.09117008595513172 0.07554966850765434 0.011423624232144615 0.9928996746019811
314 -27.746160934285292 0.4146585406193808 -25.50228770671642 -0.014028844611694938 0.05237415037795723 -0.048507506825257216 0.9973500697712138
315 -26.68833728508221 0.33433831229665767 -25.522472857392945 0.14019881743133483 0.0711487821838694 0.0693390466103938 0.9851265091346234
316 -25.685822356074567 0.5157441300261636 -25.59008382631475 0.13513982863895757 0.1337042004326909 -0.032373440283337496 0.9812300310662676
317 -24.766370319911378 0.5284459130601844 -25.86034100238634 0.17658251490777052 0.1138889823015775 -0.05874434441402485 0.9759083036528196
318 -23.771798231647324 0.44649224889258676 -26.087148716537552 0.20120069777763838 -0.01984414667551892 0.1112986947618443 0.9730041570316237
319 -22.695089676846347 0.6386371495262959 -26.11743374200693 0.21897894390025152 -0.05410847354927553 0.025222106095126318 0.9739016072389567
320 -21.763454344684614 0.5976948237413129 -26.009656993150426 0.1346377078959114 0.07183883145200859 0.06819846885434458 0.9859314574320408
321 -20.773558024289102 0.7179995809870217 -26.198595374355268 0.04829390214917418 -0.03439886418995242 0.19152468227472436 0.9796952144607077
322 -20.746935265093104 0.6701708677761387 -26.119218032126863 0.1133017906771883 -0.7421489673641085 0.02586487183219305 0.6600822849272906
323 -20.93123271008407 0.5059842236684576 -25.150061756408217 0.18957165776864765 -0.7021141087311147 -0.04643314882357805 0.6847936386838637
324 -20.967534629198795 0.20117066078186724 -24.21963667899796 0.23665161106101337 -0.6097547052537372 0.0074125317494074874 0.7563995430830315
325 -20.74038931257453 -0.1321290816779457 -23.199855317653405 0.14876045275849392 -0.6424820343270583 -0.04715126149603885 0.7502425753057369
326 -20.558021708176614 -0.4245670289621911 -22.14236380614486 0.1376554188907621 -0.6455698026264565 -0.09871562956663707 0.7446783467149481
327 -20.35897921755543 -0.7460723543053509 -21.22231715751858 0.11551909972466028 -0.6497747081084495 -0.1516665917998987 0.7358297433735502
328 -20.341355974502694 -1.1109524897874328 -20.266914377627668 0.034379803043940636 -0.5598937556238117 -0.14629714202662975 0.814821549660392
329 -20.011125452899755 -1.4038876262590954 -19.302986308408133 0.07073151973127453 -0.6296992589362751 -0.039298848802700126 0.7726134194371668
330 -19.88691415134422 -1.5910862843123075 -18.395105236288874 0.1492344661277252 -0.643042855135545 -0.04681398989916768 0.7496888760868868
331 -19.928205374323188 -1.6246907364516507 -18.364869779200152 -0.03160363241273461 0.6427916945118793 0.7614132784709916 0.07790935279490815
332 -20.98827169360635 -1.6585813067188877 -18.531180846874193 0.1996268474688608 -0.0036062396531813465 0.9796170827904589 -0.022056470939784755
333 -21.06463772372713 -1.6784162645833678 -18.414969364362616 -0.0667666885306096 0.9954575143377469 -0.0673576043769788 -0.008336641036098711
334 -21.99718491085874 -1.8202492244831614 -18.417322616753893 -0.03189811610881056 0.9420062985815617 0.30917822711939824 -0.12655223228643037
335 -22.998768780026143 -1.9426242810957195 -18.173853720924917 0.003232222252955412 0.600624035029954 0.793299373816002 -0.09958124716422974
336 -22.952648176065964 -1.9256857532365055 -18.23708613172725 -0.4273365874917307 0.32180041835952694 0.8427913271535917 -0.059419782978755865
337 -23.562929649597383 -2.3576847769359746 -18.91831598796447 -0.016275927478329573 0.25304989489514723 0.8459884154300882 -0.46904631523588763
338 -23.44901116671079 -2.3889310662936554 -18.879868011565627 0.09030056784677529 0.4362979960187246 -0.5749423620567589 0.6862442323467571
339 -23.43027298929267 -3.129781585353257 -19.57762889538054 -0.5290380169820696 0.5795468904773512 -0.3214374149332124 0.5300209114806371
340 -23.468558886053685 -3.0637511566740985 -19.427172786017117 -0.07030424279003135 0.98565588524135 0.13218933071520583 -0.07788305451044462
341 -23.473077661693697 -3.055944703758747 -19.424902358027314 -0.6950888832031501 0.7147424840639192 0.07733250519764755 -0.003782798090263878
342 -23.491553975772813 -4.002785286499008 -19.530021512374145 -0.6689493333821828 0.7330557210751736 0.04684053290375152 -0.11376319107594478
343 -23.49749157132903 -4.013152257776178 -19.486392843030938 0.5294383534813104 -0.5964410081904755 0.3282191693422372 0.5061870508893119
344 -23.557256038748235 -4.064821016866644 -19.40683383061082 -0.08225969346698969 0.7960061805259943 -0.5977254975503878 -0.04828802101221253
345 -24.573111158303828 -4.09305207330332 -19.21878994622304 -0.10876005511386075 0.785026883231218 -0.6096800562168014 -0.013938151505372627
346 -25.563481464077725 -4.229734923270446 -19.154391960081398 0.10948525387069076 -0.26779807884177553 0.9563654441557414 -0.04077137940167747
347 -26.641729982786906 -4.337059051327642 -18.86739798080421 0.08380799129139863 0.18605955404425742 0.9737636492051004 0.10070957467548987
348 -27.60082391492465 -4.1140980864454635 -18.71180430511645 -0.11856092886275699 0.835588576024684 0.536408767904762 0.0008194383046357238
349 -28.58333148369589 -4.325212995393005 -18.875412383792067 -0.14349183820134429 0.9867342409163659 -0.07422105382599718 -0.016027019116464373
350 -29.605688106655276 -4.63386303761711 -18.7901015541975 -0.1119145442124371 0.7903785484409056 -0.6021948026268564 -0.011760299629292658
351 -30.618190789245112 -4.728635010549319 -18.6490586557236 -0.1964622453514605 0.7612621116892418 -0.61794929332799 -0.004610242220843615
352 -31.557140476844108 -5.087870190644738 -18.502751984410473 -0.12898340295388236 0.7635998730939347 -0.6326737858651873 -0.0015479833244698034
353 -32.55093365678772 -5.27418148236709 -18.357716510964682 -0.2221865603786237 0.7032685830518028 -0.6752141578040057 -0.011501025191328519
354 -33.46734843531666 -5.638421478009205 -18.156486048454383 -0.21248894053827752 0.7070881984419652 -0.6742273371038 0.01709466802642402
355 -32.57266171089627 -5.324560944846661 -18.359856430114288 0.12760194415656984 0.08418764093780762 0.07104142227984162 0.9856892518848157
356 -31.554167387987544 -5.1396521948201075 -18.489114162143252 0.19428941431215102 0.10455386273135522 0.09487039690092018 0.9707315391322439
357 -30.678946843020622 -4.932957216303268 -18.692550680780727 0.19096715393576316 0.05756393759636285 0.0777354930513979 0.9768188840957835
358 -29.64444813946076 -4.674291144852835 -18.830065377376236 0.2686029164699423 0.08022453351418754 0.09425970617300938 0.9552652015427177
359 -28.663706307028544 -4.562453433851522 -18.952569334943224 0.2956780617314917 0.03556375314042702 0.1812453455808545 0.9372618780141172
360 -28.682003267370312 -4.636864187502998 -18.86669497624386 0.042925865340401735 0.7583463392362928 0.15085518872801112 0.6327012817163616
361 -28.656073800230143 -4.710804342877198 -18.798378635012305 -0.28877301763814095 0.40723320323792067 0.6764029188105587 0.5415259494145233
362 -28.539549713717722 -4.678513254848765 -18.92159666322324 -0.6020263489557791 0.7224077510189725 0.3381352827483639 0.03682182764839059
363 -28.603500022835554 -4.645386663411928 -18.98044781215037 0.020880542314382727 0.982618958346364 0.08138121658857546 -0.16553272557873946
364 -29.541896436664317 -4.596871075971801 -18.753511515444643 -0.009203957430927473 0.99578842143424 0.08452625164096068 -0.03429314346399643
365 -30.569783283786467 -4.662956107347326 -18.664044991013792 -0.07302077108786935 0.9839715972650872 0.14018775153744906 -0.08255457034107816
366 -30.530621545717764 -4.694755021273063 -18.671657419051837 0.7728683262797817 -0.6049816113459938 -0.1642081033698451 -0.09852664083572328
367 -30.666786532788084 -4.692281568132361 -18.74083729653827 -0.4531129545492964 0.28592225917972736 0.6914400359976897 0.48461096638920775
368 -30.87616894579526 -4.206684168423076 -19.73088654204423 -0.3821596726139152 0.41879957325195394 0.6459265406567654 0.5112140512024211
369 -31.122937453083026 -3.865676484224824 -20.60501850232468 -0.3773967209405105 0.43673089943714405 0.6573523130065387 0.48448505971301836
370 -31.380209246350883 -3.689404842735041 -21.475472815782176 -0.41339566207777184 0.42601008985523814 0.6434157760022582 0.48335863404745805
371 -31.531757934305933 -3.4191203305234894 -22.374302748205885 -0.4199879734977133 0.45921452909374144 0.6448687364313034 0.4437075964641473
372 -31.811199890260454 -3.2406612706848557 -23.382512347536796 -0.47608806356315264 0.43818090806012044 0.6011737757634533 0.4689645390417153
373 -31.83772488035806 -3.2202333380438213 -23.32334180684171 0.03526169213611856 0.734679708143252 0.031661013940730204 0.6767569133052779
374 -31.931911240446183 -3.179128811861715 -24.290059717384477 0.06298635224101347 0.7020288907057305 0.03281358608365596 0.7085982109871445
375 -31.951197071546574 -3.0910594980558206 -25.25396956136008 0.04537562878154316 0.7556890714579184 0.147206560392 0.6365573879622362
376 -32.11331935119734 -2.7623618808128305 -26.159502442720957 -0.014704101252300447 0.7046534650367533 0.27730384943220604 0.6529547141327178
377 -31.97320909517228 -3.0762832989250297 -25.22818765555138 0.20469622365755644 -0.6333251901893922 -0.10215979580728336 0.739298340058003
378 -31.944148562337038 -2.9816079473940555 -25.263216232369455 0.7591495809216599 -0.4707267118417836 0.2734660646291448 0.3568257110149685
379 -31.58666651846527 -3.4983043562941996 -24.54048311377062 0.7100103737646766 -0.4641566322675771 0.3934057202097521 0.35450786898856057
380 -31.380272216692237 -3.850427034338143 -23.63715757803982 0.638653725851876 -0.48370126785274337 0.41876882820411115 0.4275361627485101
381 -31.3052774327114 -3.8240393544472178 -23.55547137921356 0.06365059374537617 -0.603073527039719 -0.12056385310930932 0.7859486498640798
382 -30.995539516649202 -4.023843144815901 -22.6071743516772 0.09216825883883209 -0.5676423398129058 -0.16728840804745207 0.8008131958498779
383 -30.9929918554772 -4.011676834036617 -22.57726211628467 0.09307796471150924 0.9414784299859104 0.2911504929034338 -0.14207831938235632
384 -30.998095562515108 -4.043029051781599 -22.619344223069497 0.08343120146079938 0.7476261049202179 0.1703039210176772 0.6364676082493391
385 -31.22323294919992 -3.776382191009876 -23.577671369223687 0.04528071701582452 0.7542938112251877 0.15192183233037987 0.637110869374627
386 -31.46270939440202 -3.5096536891293684 -24.542598817438854 -0.06427026419627109 0.6965763672181265 0.056609213434530806 0.7123525073498812
387 -31.50187010787001 -3.5461891035114985 -24.57327283618605 -0.40279441615853523 0.4309223682538503 0.663478464983586 0.4602813241410318
388 -31.78684916231212 -3.3248629213828007 -25.434267277955005 -0.3549813535843008 0.374082941387572 0.6394900963092081 0.5701776988735356
389 -31.726285929203122 -3.2491576451448916 -25.48296630848722 0.7017167913765601 -0.6675307535596648 -0.21827197581028138 -0.11980643692275621
390 -31.780144960174102 -3.216260254316592 -25.40521335408195 -0.4143553895989929 0.4278644875478338 0.6418468397485604 0.4829847054622769
391 -31.937531846729375 -2.9489179513371426 -26.431319092516215 -0.3960926374509469 0.45816601473969815 0.5959694396984877 0.5272712323275047
392 -31.79265437816767 -3.2731719725465482 -25.50340045852118 0.17550853849277948 -0.6258215035871698 -0.12257726573252235 0.7500126748859371
393 -31.804230524132517 -3.2336401272937954 -25.518109934335666 0.47900684509702085 0.47156665253550867 0.575611120569555 -0.4656706695115267
394 -31.845380206239735 -3.2060163633996606 -25.586825088532674 0.05608282509355696 0.03746158681000816 -0.6494220517478896 0.7574314127013488
395 -31.76286456645666 -3.313454358057577 -25.517120621526786 0.47887750157696624 0.645757140648144 -0.4247213301422056 0.4162761649525128
396 -31.803396336157554 -3.290189095441711 -25.513691788285453 0.007163551681080001 0.03697385527613517 -0.5750307967099803 0.8172644617187353
397 -31.83189156647016 -3.3001799465345 -25.470504581123265 -0.5424248824922654 0.38544882576868394 -0.32394260286767673 0.6725069810894961
398 -31.895345058427115 -3.2405373894861924 -25.45901050370677 -0.09037507552564451 0.8517830225967968 -0.5132095896648344 0.05398097086613147
399 -31.924600995817734 -3.2023221786891782 -25.45571753621027 0.4554547972002916 0.7240643136893904 -0.38686208326585647 0.3444263722190167
400 -32.23838686476434 -2.7523585183971866 -26.27086868424339 0.4776231789354569 0.6512076933494119 -0.42174250379630324 0.4122352478352037
401 -32.058378574993704 -2.921548733829222 -25.32047097187847 0.1731612338045422 -0.6431261308193552 -0.06781349206509868 0.7428359827435326
402 -31.98230570676493 -3.323120776095742 -24.270638693567772 0.14670456512767735 -0.6875664116104673 -0.10044808511300808 0.7040173168274574
403 -31.92705185839201 -3.6444506259386955 -23.26688979566277 0.22717913204994714 -0.6783062171138121 -0.04691084153443423 0.6972013272594307
404 -31.954750500797722 -3.684143289449126 -23.33667596889409 -0.09363966621985147 0.9892538343930344 0.1098772570422491 -0.0231398451547174
405 -31.892678950288744 -3.703801600688409 -23.299426695279074 0.16201969010456674 -0.6272094958850863 -0.04788353362512318 0.760305882850822
406 -31.7054653712609 -3.9826471340734377 -22.42160419073127 0.18406370760299973 -0.5768847131225364 0.07280785887794268 0.7924793972051105
407 -31.655996493442437 -3.928789824905317 -22.385459779926723 -0.4195558224962312 -0.494592279850825 -0.4936793680183106 0.5793376132399093
408 -31.58058688352472 -4.045289196119849 -21.323105396611144 -0.47154438826240763 -0.4933043971261119 -0.47814071782796846 0.5528816470359899
409 -31.575944969512065 -4.067500766048117 -21.38438317953944 0.6286648530491205 0.7735478184275453 -0.03751410301270247 -0.07068922988592394
410 -31.54809941213501 -4.078818228097562 -21.328967249740465 0.9795521570717529 0.08524119430954845 -0.09498594838896404 -0.15552871110314878
411 -31.61288498626204 -4.041779934102959 -21.28642814757593 -0.608776668629293 -0.19802947850159772 0.764156430746021 0.07899520698438599
412 -31.62290377744515 -4.125367792031377 -21.24983200718763 -0.22106906754725295 -0.537577455159582 0.5439386002194601 0.6052022358428865
413 -31.74234460025567 -3.1940065487393157 -20.843457431993457 -0.2749407270542862 -0.5598328563045369 0.5557178028460176 0.5497021859232105
414 -31.947535191515772 -2.338742918317423 -20.56739544803924 -0.41602843909018455 -0.5728386988053976 0.4840277430484959 0.5142891278050683
415 -32.041471236594305 -1.356729599905279 -20.418449594159522 -0.3203615485468031 -0.5639674800178665 0.5024532768966974 0.5717078486698979
416 -32.16305273328121 -0.3672634344423926 -20.120577738780995 -0.24865173199233362 -0.5727863552740076 0.5016287802117804 0.5987125138598401
417 -32.071985311816434 -0.371001500338071 -20.139759160638054 -0.17683943547520387 0.7463977662449747 -0.6413964103640671 -0.015127239583282968
418 -33.05191378535054 -0.643286086446941 -19.89943045289042 -0.19108031761552619 0.781282610912197 -0.5901982330423429 0.06893358992439579
419 -34.028485390819135 -0.9445181719403372 -19.70981586872976 -0.10329027698811276 0.7704025899320732 -0.6290582682478508 0.009831747285570326
420 -35.014132191446215 -1.163895087345162 -19.640184073987907 -0.12916521239599735 0.8029245572282363 -0.5819032783048501 -0.004132554247167208
421 -34.03816188221547 -0.9913451874688565 -19.806874833518 0.2010831553931524 0.08894751848951347 0.029945408566266502 0.9750677802478606
422 -33.083894648650855 -0.9817080913161099 -19.954651261974654 0.21463096064487872 0.20457696882469467 0.05019083913269419 0.953709963367434
423 -32.98916791298069 -0.8974157233770887 -19.890412660801996 -0.009551759204756633 0.3666832812819555 -0.7061704803861496 0.6056198376503086
424 -33.23465752480568 -1.757054836849814 -20.32663294944619 0.11268209942283096 0.1345491758111165 -0.654181958923129 0.7356937055444406
425 -33.02867071581923 -2.77556311170516 -20.53292787171097 0.04643023340759313 0.17989809092720016 -0.6258922778005185 0.757456115491943
426 -33.07794650280919 -2.76424301140026 -20.543136791523807 0.6135982529288904 -0.31837136314643394 -0.49182859588473826 0.5293784009580862
427 -32.731756376702 -3.650304751343642 -20.805591813561406 0.6160794556559152 -0.2856991842631479 -0.488470335785729 0.5479222677419305
428 -32.3680516877499 -4.566952655020496 -21.134739904251827 0.5050506842150326 -0.3470968586258236 -0.5887418267169919 0.5270964224693157
429 -32.31248395100859 -5.501198250704505 -21.37250112368931 -0.5602849974378359 0.35357624677272076 0.622961029189955 -0.41591359135617395
430 -32.40621321183608 -6.35029566306645 -21.871414192813056 0.5691493934737929 -0.31573451233418187 -0.5696964617707743 0.5018233026428434
431 -32.24036840566063 -7.244814856920639 -22.275578660493235 0.51670040341655 -0.20848491034439806 -0.5985974482207825 0.5755309116384895
432 -32.02886986383865 -8.110175824973021 -22.747969251403408 0.45872818931278464 -0.21335433344234606 -0.5849513443226522 0.6339402980615041
433 -32.01564489911402 -8.19239579496282 -22.67323095243276 -0.01468755711172165 0.3382226598990143 -0.5747918881395486 0.7449859014276025
434 -31.893038064236972 -9.013203634628923 -23.073027040894246 -0.05868613859231109 0.2555451168278451 -0.610735407533046 0.7471645684773947
435 -31.80566840707973 -10.028376417342926 -23.2329979789474 0.052501848452191566 0.18499496197960766 -0.6228647441937196 0.7583270603056174
436 -31.590088225083026 -10.995168879725792 -23.57192575059256 -0.028126309090222682 0.22021456325630695 -0.5796055060034737 0.7840739214367817
437 -31.416497140169216 -11.90840816365628 -23.906377436515722 0.014966037947217825 0.29075183499149904 -0.5090740896470513 0.8099894810472937
438 -31.17419822097349 -12.716673092447632 -24.465501936424605 -0.04261215831244147 0.16160849759165366 -0.5517533968187887 0.8170893993738089
439 -30.903545087868242 -13.60310205257869 -24.63810374690736 -0.04209476523201702 0.28109767806710284 -0.6938248126047634 0.6616791182584719
440 -30.909739145036106 -14.557115184308339 -25.020852669013262 0.052958834638829215 0.1834631462917972 -0.6226781757398377 0.7588204828836129
441 -30.76644925674322 -15.439454113533769 -25.382266241360256 -0.058885388863659974 0.16175741303580626 -0.5905306588533235 0.7884418756386539
442 -30.43725338149267 -16.500631805067076 -25.553134071430282 -0.040389720663180494 0.27618309216924 -0.5847581652888931 0.7616754283765195
443 -30.379026193527242 -16.53825115642787 -25.51926436096462 -0.5532552116812045 0.6599404622004865 -0.2384273506865526 0.44893168248942306
444 -30.34601477044664 -17.538897637941556 -25.825241175692142 -0.5009834057049758 0.5662617534475327 -0.32633681451073937 0.5673337089277798
445 -30.19564675090409 -18.46167569690857 -26.094090630258773 -0.5047112929996116 0.5689500444749452 -0.30136832439470973 0.575099548480211
446 -29.96285052885079 -19.433286580052275 -26.47647433037329 -0.5466525577258221 0.5710583595817423 -0.20143929782946945 0.5783472489548095
447 -29.64348020774021 -20.247890093461148 -26.83564140446892 -0.5345217970590822 0.5786209033610171 -0.2738721400076973 0.551795568657463
448 -29.424859550769888 -21.131431663651338 -27.164164259688512 -0.5501140300441875 0.5527297684603901 -0.2812365065865489 0.5592587812178365
449 -29.33845830746239 -22.092437028221912 -27.512861309946093 -0.6036083702794213 0.5529432574657962 -0.2653966508539054 0.5093871877729802
450 -29.361217336473878 -22.0960609071064 -27.51728762169023 0.045240396433162945 0.7596660390664428 0.1906001020906385 0.6201067784686036
451 -29.48169257168906 -21.764943945181873 -28.432162342651203 0.06837529179367571 0.8574368337913014 0.13877421095514447 0.4907836732246235
452 -30.056249602214685 -21.52332330137971 -29.21565805274772 0.07386031673784947 0.8141144359821328 0.28858109307866653 0.49848098404492713
453 -30.62269472465368 -21.12192442278559 -30.046925056436542 0.10556067165992684 0.8135785783397694 0.2714310046298952 0.503261414367274
454 -30.668306797623973 -21.154745333341385 -30.05524762593828 -0.25503880141821006 0.4203000665404523 0.7089197940453307 0.5057032622477114
455 -30.682774474947948 -21.18541994147589 -30.080440059172457 0.7629291273359411 -0.6131351241978598 -0.2000763391593096 -0.04442887176042127
456 -30.49318980652418 -22.062343103187665 -30.517703177843455 0.7508695867117788 -0.6361597045667163 -0.17619185844670587 -0.02126318541435082
457 -30.37916524563968 -23.047115109604885 -30.948232725156984 0.7093814365935585 -0.6819739870371105 -0.17499017154794208 0.03267871299153362
458 -30.28534455307266 -23.12073719914257 -30.945372566479907 0.9920525764811554 -0.061350606359191845 -0.10410621464108738 -0.03506685999007799
459 -29.36791223120509 -23.191788013039172 -31.167886105904575 0.9978946802180847 0.021687792718804288 -0.054458873123695385 0.02775027887299252
460 -28.333894468478938 -23.072027769108498 -31.300996582794763 0.9749086221459285 0.10081188986243692 -0.10517172013059503 -0.1683123602492198
461 -27.266273783640834 -22.83552922542291 -31.418668900977 0.8916545163869101 0.03656335961026201 0.3932986224312727 0.22120474166368773
462 -27.231886140302077 -22.864797538236875 -31.428536805729692 0.027332900835973183 -0.4921605916087542 0.4515704696808876 0.7437169996116756
463 -27.23755551348359 -22.933368227495947 -31.394872299695262 0.033310604002224985 0.007310571516905964 0.8122109833092304 0.5823661028914318
464 -27.645175806015203 -21.985755375702237 -31.33775088252716 -0.6258900217084998 -0.013070346004985089 0.6447302428207123 0.4386499296402405
465 -27.543379840838302 -22.0550706641895 -31.27353722007564 0.8136423286259209 0.15999607588368325 -0.010009200905623303 0.5588266570836088
466 -27.568109691861892 -22.062142561787855 -31.282894911357882 -0.5113735476086052 0.19011525132720325 0.6821346633654625 -0.48687327617591564
467 -27.489684212019473 -22.90188967894226 -31.79597624645558 0.4521629298927556 -0.3343288248716613 -0.608407432402759 0.5600118908450192
468 -27.50767863991096 -23.83570334576221 -31.987591067350927 0.49863971459725853 -0.3068447144982209 -0.6029286167255935 0.54192420073681
469 -27.452397527106367 -24.833709864573645 -32.25407131697552 0.5333768014365575 -0.27024976483528995 -0.5845769381931956 0.5484013636274491
470 -27.34353635461628 -25.777834564270357 -32.56785666329564 0.5691108341215537 -0.2719879690294106 -0.5827963018089837 0.5123318004833369
471 -27.32961832502747 -25.5453480090433 -32.45691638333558 0.814802448814958 0.12319702185150372 -0.05882831768062656 0.5634347275869072
472 -26.342000187301224 -25.450132806532316 -32.64503735200709 0.8084182239131958 0.1830546563630207 -0.023611077132149567 0.5589217164017761
473 -25.40995463498698 -25.154001925669373 -32.93625952715503 0.7827424022487229 0.17811051318377635 0.09865312301896036 0.5880973883073392
474 -24.49014021779659 -24.790068600931527 -33.027935669280346 0.8504784936091646 0.17922465544165392 0.05382714191710507 0.4915968811771902
475 -24.47397462277327 -24.803740567298043 -33.08804787522034 0.580660739122973 0.5118472624573808 0.5711226825931995 0.2732478131359798
476 -24.668863353333265 -23.847307199106883 -32.71122358961748 0.5878469637211609 0.4860729263036554 0.619352089131182 0.18593559973080095
477 -24.736751989179464 -23.891707722431764 -32.728401421405934 0.1713472552823167 -0.098008118596713 0.8277295357002706 0.5252602617043874
478 -25.145137905679036 -23.05556534495881 -32.24364173311191 0.27972724127795157 -0.19886789473506158 0.7679132415851095 0.5408451574424247
479 -25.426250454535968 -22.32334116750013 -31.51667032012093 0.20631663485330434 -0.1284255814766893 0.773915788897076 0.5848031018223131
480 -25.647242417160882 -21.422162629613243 -31.030498472534777 0.2219899321089439 -0.03855590075179578 0.7664601189009417 0.6014755179505136
481 -25.784092579035732 -20.48052574819554 -30.640313318351463 0.09340285571359584 -0.06347988217822832 0.7310406762763483 0.6729232799752147
482 -25.805192580587267 -20.457952482249866 -30.628810654613233 0.06610739364299051 -0.14819324938875553 0.9860497616330054 -0.03707345310090209
483 -25.702866330064627 -20.38280200632143 -30.666956947778516 -0.1495259185421428 0.8362463993770173 -0.5264875171871759 -0.033835683223267674
484 -25.748730296204034 -20.411586807840052 -30.66385659134422 0.07216334795831375 -0.27038541543634276 0.9600414607975803 0.0021381955967408267
485 -26.72492769128369 -20.446512793818936 -30.470168269439803 0.128178504977343 -0.18696830449491744 0.9672086242618032 -0.11454519252093888
486 -27.63602824294582 -20.815590312133715 -30.246871876201144 -0.4581459061631065 0.6324852111326028 -0.6174794083878911 -0.09372281782720458
487 -27.582384523834133 -20.905635151811673 -30.27277118406775 0.9800099774626944 -0.14412706321477267 -0.046083082653692556 0.12916726836078138
488 -27.563451699587443 -20.863658072558355 -30.345966429775828 0.9511738389516723 -0.20760660020904095 0.18549372208210027 -0.13326629998506273
489 -27.583166762937793 -20.856879019249703 -30.396325806911243 0.7522866134058174 -0.5983366116348422 0.2463657043214113 -0.123943899414034
490 -27.453677538177327 -21.921738990884982 -30.164615025437897 0.7662709100837529 -0.5996783664287217 -0.22766188835981357 -0.0372130862095582
491 -27.469640446116667 -21.90906304020483 -30.174961809089332 -0.4378591348209103 0.39023161351535446 0.7017855904863816 0.40434595441622045
492 -27.687611639614666 -21.68936606090338 -31.068605145312773 -0.4468965613391283 0.3949992570304171 0.7117401633865188 0.3710592812896743
493 -27.988968606479368 -21.437722586317474 -32.037192701015925 -0.4074277544941901 0.3025623879661244 0.7554346073643103 0.41446010694925395
494 -27.708890210719378 -21.788179233843312 -31.136244900754 0.2918701137029417 -0.5742162747601596 0.02099280801498703 0.7646220036980638
495 -27.45208624664796 -22.050872763569863 -30.229457042399876 0.2149771387102506 -0.5892583804789431 -0.04950513297829666 0.7772442554796319
496 -27.408075200052576 -22.06752039932581 -30.30650811294082 0.68157133429278 -0.5554422243595352 0.32248720835681033 0.35063720868601184
497 -27.376859950962725 -22.1183205204697 -30.28979287605555 0.7084188248199862 -0.6139031998520956 -0.315255558698504 -0.14791741804709607
498 -27.277065288743714 -22.917684350056263 -30.890954771695363 0.7869327824151261 -0.5555508078463821 -0.21888883616132349 -0.15552418868317475
499 -26.911920345047466 -23.590382460899292 -31.348217218524404 0.6769780900847289 -0.6740264826893295 -0.284220285868398 -0.08128834651761825
