# time x y z qx qy qz qw
0 3.9986804675296175 3.2210502824646183 -8.86992293071 -0.38161125130257195 -0.2823470252220357 -0.6551376884380744 0.5877479216599315
1 3.4775173740345084 2.4131620361437682 -4.620741160617572 0.7239700505641371 0.6335112688700427 0.1972904483204166 -0.18869901192734884
2 3.404077632391175 4.78177910087448 0.903079870152932 0.7423353404598331 0.2969108093597612 0.5062661977858772 0.3232286351317696
3 2.6587295436473273 8.378964895191887 5.62277604073158 0.40222561121020667 -0.6905125844551877 0.22390055489641147 0.5579206663251245
4 2.3229768309659256 9.938268667680648 7.82998571519334 -0.40625449144353376 0.8719621608569855 0.01766964617772468 -0.2726298989830834
5 1.8289491447769333 9.442952498832577 8.551068458537985 -0.0051069598298570966 0.8958139959997823 0.001913132219865144 -0.4443957059393212
6 1.2410682368609147 9.545527665875891 9.373924509604235 0.19197773398402537 0.9356997764938962 0.03376445839679413 -0.2940585643588749
7 1.3582284354326872 9.627054858522605 9.394683363048495 -0.23633070500361944 -0.6053787112077618 -0.3224369999665247 0.6882577968621268
8 1.3746703777471563 9.617878664383255 9.353461696266487 -0.6858413392822904 -0.2411026082515838 0.11053238287128285 0.677697411801575
9 2.326540447885528 10.161008787825622 9.561490983721823 -0.7208698022620006 -0.3133797109783422 -0.04147184466046765 0.6167819477208561
10 3.2510947131799943 10.597200835527582 9.943084842948087 -0.7729137195368231 -0.3203237602892582 -0.11569579705396858 0.5353611428652163
11 3.370904924524546 10.61842648374887 9.906629802833352 -0.20557554133877506 -0.299462159868151 0.1840131128946637 0.9133456552112061
12 4.154468389860524 11.127341089263249 10.403595190116455 -0.3477346555859106 -0.46127063658635803 0.21596073243979658 0.7871918261591839
13 4.234657837198193 11.107734626623238 10.454271975297164 -0.2594933638369696 -0.0611939998010475 -0.014274620079847818 0.9636984610003793
14 5.293857284610323 11.208704815055974 10.57447211812433 -0.5432370708693085 -0.06794740179970793 0.25684486284865204 0.7964341478429088
15 6.187820331367658 11.89432314620921 10.4090834867391 -0.8372006293273014 0.16373043677888272 0.06088850684479384 0.5182470839863746
16 6.263108460218579 12.047682408622961 10.4908524612941 0.837955146867002 0.5070675352038879 0.20169587366115826 0.005697466929893028
17 6.719060465721921 13.122522478687383 10.804854338913719 0.7601512586434261 0.3104810117327695 0.5653827510271688 -0.07819175261599791
18 6.793028541265694 13.275386292737991 10.717389714341131 0.5099200948602448 0.5784978094628543 0.4675325631791929 0.43212854993796895
19 6.760340638071888 14.47809643965277 10.527821099862646 0.4498096610666405 0.5231945205524314 0.6667351547632046 0.28178537200839837
20 6.697098021223164 14.88199498224405 10.400048087880066 -0.15444387931525488 -0.2676919556377633 0.9329457928945866 0.18466253694016266
21 5.678790335052387 15.411586715689458 10.012543535813759 -0.08796499640594567 -0.2067423422288352 0.9472276733929229 0.22864710384272977
22 4.582878224079971 16.083118178715967 9.757993336634557 -0.2650460711962364 -0.17138212268302241 0.9345271078158282 0.16443184887814494
23 3.5236950872985515 16.61883189423178 9.104240997056909 -0.26771082162634424 -0.1573293074416019 0.9475137629052007 0.07613195196053076
24 2.447983587968307 16.97325996132228 8.466008145903853 -0.17109178655415883 -0.07676595956070839 0.9780496338844691 0.09084878471881637
25 2.24878965326021 17.172365728449325 8.353014485816097 -0.023011082721303252 0.08898689107508347 -0.823751666883413 0.5594506364243282
26 1.7221135350679129 16.199630614402626 8.280696306701598 0.07263179147800128 0.08773261535271733 -0.774996788819285 0.621616914497882
27 1.4687774055127167 15.155874793450382 8.154460053059 -0.17957285967557385 -0.038087883410324146 -0.8292687605126744 0.5278410973418363
28 1.110328130538074 14.326370346112494 8.639954162662477 -0.14954360866973568 -0.23375705932686944 0.9160116865530441 -0.28968420119008004
29 0.21926311304039167 14.031169363407876 7.937884916803503 -0.44783825953441125 -0.5241646922233664 0.6904621095115658 -0.2189848032453667
30 -0.3769081513525489 14.524181621584296 7.0251241657895696 0.15073309361586273 0.029324177712798414 -0.5791144327760397 0.8006535460740468
31 0.25814949579120994 13.14347145716048 6.785262354877872 0.019892973299307663 0.03143345380469652 -0.5309004439332861 0.8466173434478301
32 1.1159245563294355 11.831432649660067 6.531163572049604 0.11815603439032098 -0.07501582910619323 -0.723828359105676 0.6756362064565877
33 1.245015721422177 10.427839146678753 6.281932270850989 0.2983342669968445 -0.3772421746384572 -0.5264852595979792 0.7010693818985053
34 1.4243530996632323 10.103561588723398 6.140704292160315 -0.5384461824369301 0.00695763200264218 -0.3512328756328508 0.7659391405658094
35 2.0153250391187916 9.298191758142474 6.401374518627104 0.3824873941812002 0.8320711082605815 -0.18845269894295938 -0.35474870591955365
36 2.0397005093364298 9.092729691390392 6.321919276695912 0.43812228420272853 0.6678484992660437 -0.31577002561179524 0.5121684654859212
37 2.015032356970722 9.2449986546004 5.365639000229497 0.27697095436186286 0.6392712628195 0.06605589825030851 0.7143220291152902
38 1.856762431654351 9.327340546267468 5.5581663990164145 0.08284699177715844 0.9902456211048006 0.10869690561282165 0.027110303326237595
39 1.8085851117901306 9.431481617895846 5.7847034919013085 0.23204539358818518 0.7141193558808141 0.6604061823078277 -0.007221858519511654
40 1.8960163903508194 9.268564062974278 5.916557488313239 -0.4169178497767267 0.6653790693250553 0.4764208066065155 0.39556720753125046
41 1.6307791594828343 9.088885846354852 5.1237750130074105 -0.3917644005099348 0.5150121387142949 0.6140177640795046 0.451957229021536
42 1.299282637582673 9.120478870576648 4.17790089892607 -0.34905399106088253 0.3004254165087048 0.6969669084656286 0.5496753668702159
43 1.2137512166724533 8.95486910566719 4.08649611712037 -0.6630008311125907 0.6730014438102064 0.2887343122368418 0.15534301242897755
44 1.1442243417437439 8.106080917402167 3.3893212040880183 -0.6677083647766733 0.7288951632663182 0.14676993223426427 0.03655089008735558
45 1.0592405981821504 8.107735305855396 3.2449260178102026 -0.475070626431808 0.6415450077192121 -0.42610275171667583 -0.425634054032008
46 0.7806396143674723 7.952587375052179 4.15319552776972 -0.022494106317936177 -0.62219066527628 0.5340562193135994 0.57197617593435
47 0.48473994800280357 8.758305862174412 4.8013437387476525 0.05523704928543325 -0.48520239838245244 0.6078562480750823 0.6261296053264361
48 0.49530170366329473 8.870636572154519 4.83018098036941 0.3562765696975911 0.2765225319365721 0.7621408123287168 0.4644821604742519
49 0.17796007200796007 9.808942033893848 4.982709130518961 0.5347712097709969 0.25457575418197465 0.7362039276205435 0.3274365824687719
50 -0.0063068400682809896 10.562500884723443 5.495723713674392 0.5612650395093308 -0.1345001549186702 0.7900818949545442 -0.20654748368469603
51 0.3051008359019225 8.883779671697797 5.8312206448495845 0.49607121948478294 -0.5458984896004709 0.607299134318261 -0.2951202224638219
52 0.5846245069326399 7.055405233632587 5.272995140884771 0.6360671878079338 -0.5565802840472328 0.44620100599524354 0.2941795068539623
53 1.2241018762567433 6.095093962304331 4.0685129765663826 0.29274002241868546 0.8790617097846576 -0.37614448354945806 -0.008313673080760085
54 0.9806241118278884 5.520406936928119 3.429288400765188 0.13261843319795807 0.3833527111045712 -0.6165175384895518 0.6748030637153914
55 0.8054819151292911 4.5071896413142944 2.219293853788798 -0.31242051793300135 -0.0979224112008756 0.8706817204149742 -0.367039457135474
56 0.8354400137185901 4.231104890788995 1.904822956049947 0.16763504445916122 0.47630411177168414 -0.6718101090517236 0.5419447041483813
57 0.4923962348342329 3.498065638112754 1.009401755612852 -0.5356133815792778 -0.30551923446641516 0.7139077369303779 -0.33183135173641015
58 0.524267565779995 3.4205897063504302 0.9097491902914077 -0.4788473254552671 -0.5349693950020503 0.6400412360506396 0.2736059236753608
59 0.4246839174499306 3.3891859338918437 0.8300886852175389 0.08238894559764526 0.8424990640995778 -0.21271321172444196 -0.48801688310192426
60 -0.017928900233258504 3.682962784170535 1.6279044462220793 -0.336853031987847 -0.6391145289172917 0.3078977735717078 0.6190812667146455
61 -0.014206735351165442 3.6089544401934597 1.5168288022557848 -0.7535844496651549 -0.010204251425896203 0.2029963035300519 0.6251390655116977
62 0.0009417630604011129 3.576408248711313 1.5438856375438552 0.8610798265699138 -0.2910471592941645 0.38520196244693805 -0.15953849525475736
63 0.5035692380335526 2.9472995047292905 2.0828394862770083 0.9616886965479549 -0.17512606212668375 0.11748025189096233 0.17516878635057206
64 0.49153225412046464 2.8986911416623315 2.18559315324367 -0.3584048744851582 0.4878424654075381 0.6558960408800545 -0.4509501729107586
65 0.31535088986877025 1.9683177025167709 2.2375960648580437 0.4947121124350917 -0.5492026223815122 -0.2103606636278812 0.639831850236698
66 0.7726199340357583 1.227874956967265 2.833120827749244 0.6354733086716862 -0.6053160319929818 -0.3607346442109174 0.315652802686994
67 0.7405439383400654 1.7343029635181886 2.937702127004698 0.5630078697775487 -0.41587099246347947 0.23721540155009332 0.673648505871879
68 1.4378536802344184 1.792688833624086 3.8498442964869777 0.7403655154066878 -0.1847479779446287 0.4738938852276024 0.43949024310654305
69 2.0261583597709056 2.202865712077883 4.700928099616786 0.9627673183864998 -0.20790259669526256 0.1094863980557333 0.13367247126845666
70 2.123953024089215 2.491906244662056 4.866414881043663 0.8714001412410649 -0.11091173562044557 -0.014056402696410711 0.47766389678302945
71 2.2665292539038835 2.705246611129478 5.117140468117865 0.7560864506580687 0.18670230943101698 0.6083465139588011 0.15293804542553394
72 2.698315484821587 3.408136665372553 6.2394513784309655 0.8048170437851233 0.09767764196908067 0.5555876137726163 -0.18452915139561327
73 3.189032789085929 3.7051460068778983 7.301973499910662 -0.48071998708175956 0.47538202621491465 -0.3500278380324572 0.6483831704896719
74 3.3021304725117395 3.8751466451325407 7.380377202804381 0.7724829895065543 -0.5431352663043246 0.18728592280571274 -0.27055146744817193
75 3.792492017241942 3.0855428345346376 7.438275080651821 0.6879861120006521 -0.6259934187181992 -0.05366713346140369 -0.3632178247302341
76 3.8968507915358765 3.131776380656738 7.446508935631391 -0.24541027703239462 0.17428652931432248 0.6043694333895205 0.7376554680952897
77 4.18864479740572 4.053054113620517 6.9146839598763075 -0.3487034421756073 0.20458855099172849 0.3453053338797465 0.846943717499684
78 4.917937936092314 4.511069315936038 6.378379711047707 -0.5138506938490043 0.35658571520687804 0.3588486464650159 0.6928432297941013
79 5.650505329289941 4.597804763529641 5.438006345212425 -0.5320855535079748 0.35194545504119323 0.3637793035034966 0.678737046849861
80 6.291189546749617 4.618273828019884 4.474507970277057 -0.4497694936989811 0.3666983361206792 0.4418596294042324 0.6841051094143661
81 6.011086653475878 4.762537097770037 3.5950347813977324 0.6213990064384747 0.4636770958833698 -0.5916735080489074 -0.2208829677081051
82 5.913817898792438 5.575047562549255 3.0969208757401567 0.5077923125693473 0.7669993269287356 -0.3920650792791678 0.011998891455461534
83 5.788128160552741 5.681105887890629 3.0627092141642995 0.8023295274636246 0.4396080031468593 0.10835325979157351 0.3889366323988621
84 5.637567983654224 5.748283284300923 3.013296988696319 0.21225862691822558 0.11182724279682874 0.6870286418094277 0.6858808849944296
85 5.55100279778957 6.819667555361019 3.133700090018345 -0.08972298487302148 -0.06874069665447433 0.9805590447702058 0.16040094241703984
86 4.468822238484261 7.210718406607336 2.723532576019855 -0.09289015961293183 -0.1991204906100721 0.9668996512683815 0.12972090364844857
87 3.4134808836350654 7.466073788468575 2.572704387495776 -0.12961885928517108 -0.16319536538391194 0.9757765837247622 0.06653031406249806
88 2.377264584278758 7.586236689920915 2.3195376724725363 -0.1269787830412174 -0.394960231527909 0.9095392352660794 0.024923556736284862
89 1.3566606807492554 7.7307414843297355 2.1286378058156807 0.2738765817572516 -0.33407910297627486 0.9015150414209339 0.02556170986735212
90 0.4975026605833771 7.548265605383261 2.7226961898048425 0.13863885206473978 -0.3232080245231371 0.9350177973595115 -0.04536033733328602
91 -0.3587334303082247 7.27947632640533 3.0010126673672333 0.15751629449328727 -0.5163355457750124 0.7600885063238187 0.361734272212007
92 -0.2774995394239287 7.0990447838854625 3.028607073674809 0.517476450986931 -0.3218475691013205 -0.17250161169857517 0.7738704406416718
93 0.488495956278744 6.372792690996805 3.065081461790257 0.7435495854517091 0.09365184010562214 0.14092339641909685 0.6469188072402347
94 0.558264100833545 6.40839918632939 2.7732777410341245 0.5613651095733411 0.6709084987504288 0.1424512603085363 0.4630967917127756
95 0.6633633873510286 6.5362722043744 2.440108790033852 0.915958397379977 -0.15378168174303014 0.022728611827858063 0.3699389393315714
96 0.7471009805966594 6.690384491135809 2.1656509811301645 0.7768927664041245 0.338524113644559 -0.5187961962659157 0.11264795040358709
97 1.0096594256174127 7.25796156066221 0.9822962413363168 0.8447744033498216 0.18251611101975057 -0.4873146564631762 -0.12477380437958506
98 0.9878024104126383 7.3405672845157985 0.7039457487728076 -0.2786561426967231 0.40500235973871185 0.44802583782252475 0.746723972687956
99 1.2559300248821053 7.909436174935489 -0.4660636634642676 -0.03300624114198471 0.5379005339929956 0.24074176251003448 0.8072279773145188
100 1.5659654785150379 8.486562249788166 -1.6557831017593014 0.17289769024415727 0.5734359943019184 0.05603154932985202 0.7988354114752938
101 1.611960623893063 8.346989158368006 -1.6458293045713983 -0.012341752083700199 0.608177626821523 -0.44462454892171 0.6574775021895495
102 1.4629661938790197 7.648585909549036 -2.5767379900825267 -0.17358783559337795 0.708232287901306 -0.38065444763005735 0.5686620096397741
103 1.026157178790629 6.986357936805955 -3.4166305694110255 -0.5149243301671159 0.20484000298693522 -0.3180416005534425 0.7692483654163095
104 0.8696638814597843 6.945975990247947 -3.5518525600319464 0.8615069619318416 0.061797456326152016 0.18430654514381636 -0.46906068514823973
105 0.7932584380030611 6.829541359844786 -3.621194450367891 0.9788000380316344 -0.07223342956879926 -0.011762502064223504 0.19129678708015246
106 1.6232539930383423 6.6188262302046885 -3.5774066948852568 0.9783573108127596 0.07716297949567572 -0.07137487381381918 0.1782371295848207
107 2.4338022434519435 6.816475395655461 -3.801806220651895 0.9897503648587245 -0.061896794365368574 -0.12869427444868217 0.0008864724699651152
108 3.241164273427358 6.540399309803692 -3.968799027856271 0.9755630557371789 -0.18558414135524415 0.06446440283616561 -0.09838491513006839
109 4.158416371178317 6.178361855695435 -3.981106362543793 0.9631052823876771 -0.07099059289146395 0.2560129861746135 0.042963957776584516
110 4.091351877287706 6.142796500739977 -4.032639471632982 0.3563320281695904 0.18056175630036864 0.9167458492692583 -0.0014091521771104419
111 3.3419019941434396 6.368095439831669 -3.3986835809000477 0.5052591171318754 0.20827294696992027 0.8374525688841213 0.0029663083062424034
112 3.3903515986261272 6.327986921962785 -3.4870832289513047 0.2923900339786329 -0.48669357399778346 0.792895332889941 0.22125646688986794
113 3.414754975289009 6.315696481922345 -3.4487176409698583 0.4887668062483972 0.026977173142459836 0.46216139459377914 0.739449854003716
114 4.066387786566653 6.9897560286925495 -3.0752969204305556 0.4253668493848832 -0.25085420862717833 0.4874423880588531 0.7200938326231467
115 4.4762223509527415 7.489043423945112 -2.344509748107252 0.5972738820504886 -0.2749979239355771 0.42271155501840957 0.6236625633348376
116 5.0214932054023445 7.62083701087226 -1.4476845887474559 0.6725817606441643 -0.22749041924619717 0.2597301688199547 0.6545396273754115
117 5.77282453888478 7.594666568824489 -0.7473063197296523 0.7591909810373065 -0.5564166108386469 0.12175521198156092 0.3149686934439204
118 6.127372677118852 6.800762501764129 -0.06750372370773633 0.8812441225418187 -0.3967004044607325 -0.23283019400247548 0.10875516698971757
119 6.663702398462308 5.83854862635184 -0.3468037176966649 0.8773403226417882 -0.3753875665993345 0.14735844559280142 0.26008387420581575
120 7.234437850928431 5.50427483608499 0.23125707615280902 0.7563212408526565 -0.5403335132545349 -0.10464913072881038 0.3536473307220251
121 7.223240013385091 5.79752966558152 0.4401054415314418 0.6760120592554121 -0.010719849803949516 0.17011428230507566 0.716905789847778
122 7.409495791570262 6.014962925377693 0.6698139152711597 -0.5802425835701774 -0.47745027125310036 0.07255664760335573 0.655816525852093
123 8.07041906269222 6.858098344096686 1.331493370022488 0.8802733961676552 0.40190309855874606 0.20129381925925688 -0.15189945917073744
124 8.821356502633025 7.712915422925839 1.847829648020915 0.7608338199118405 0.22259462729042043 0.3801669571802955 0.4765045803012499
125 9.639771156402862 8.57603278448229 2.2936505850242535 0.4326010771485072 -0.005411987213860457 0.39532451812340225 0.8102749803707676
126 10.548374287030736 9.269088095180303 2.7623130581509496 0.1374773822385328 -0.18546610512516848 0.38239418071342574 0.8946937933053117
127 11.409272603529564 10.062594285090984 3.3348163129054753 0.14040571993016276 -0.23296096997526175 0.44953278747727266 0.850844106321476
128 12.034594189813792 10.805531609997763 4.0481260083362836 0.04708492657870278 -0.20848115433019201 0.640562063455424 0.7375627843376845
129 12.186113532899359 10.818699706148157 4.2190863216419405 0.26817689913992887 -0.0062420607599507 0.10158803122109294 0.9579781100619073
130 13.199845499209816 10.854674946180154 4.2382328804676295 0.25838166075300595 0.10927912736996964 -0.053619440491365716 0.9583433337323162
131 13.116897311747676 11.04432842633995 4.283445904847528 0.028015446070964872 0.7078606130921999 0.1986900162445054 0.6772523640851594
132 13.175538243585946 11.056452996761433 4.268886085813268 0.5222776947809226 0.48792402458696016 0.6836891567555814 0.1473950226433415
133 12.731026570601635 11.72293089891846 4.901086128990412 0.4328097377217048 0.7863213073490513 0.4128070161521132 0.15480600749885795
134 12.711917323974818 11.800023176226693 4.806608776159764 0.049520337610212836 0.5755003686358071 0.6727108878468502 0.4623928235119173
135 12.083003320358882 12.52366163176815 4.280715204359541 0.21534095885868845 0.6225177619382657 0.6164033241082283 0.4314473890725493
136 12.024020662683423 12.455943190845648 4.415491472618272 -0.14762531892477848 0.6481306575522355 0.12196445721199058 0.7370604365520164
137 12.159252338450187 12.386418315104805 3.4918530685772438 -0.06442831813246426 0.6343684058318175 0.09862457927274054 0.7640019043616944
138 12.059994656020173 12.409680854719848 3.4204996797840326 -0.5623314266985822 0.13699676981920966 -0.49469742558376106 0.6482975464453314
139 12.456303962344702 11.658165527789167 3.7989926261474065 -0.48637883494750317 0.30159650239258745 -0.5025588239148466 0.6480044808216936
140 12.803085474851528 10.739390054403561 3.884058169261367 -0.3670336399932951 0.4976967508216284 -0.22514668133352478 0.7529231190628737
141 12.825483207931322 10.790847079002589 3.9615944244242605 0.6267987206507504 -0.13035617047692513 0.5985680982992672 -0.48150479157280607
142 13.039125526885021 10.143080125551785 4.553186279797729 -0.45926098585267516 0.42869233230619663 -0.5162360055353037 0.582067537047424
143 13.06690350915938 10.254275770285638 4.566385422959412 0.6541320997239803 0.08506091702210705 0.7396643582202502 -0.13331344150039853
144 13.081698439258933 10.38641826535257 5.6059670761360865 -0.7125096872431655 -0.17974472990194826 -0.41554275742388885 0.536046634547474
145 13.805718627223982 10.37551250583022 6.559396088531636 -0.6216707062205485 -0.5436808250309558 -0.09401698451455516 0.555965376749031
146 14.449774918123435 11.019024847228744 7.196526976451601 -0.21216369895859688 -0.46862630555307805 -0.20284884890660382 0.8332036336245449
147 14.962373474796655 10.978279727311268 8.179415529284606 -0.18371215439442454 -0.48512276121207637 0.37532567545796547 0.7681382611377664
148 15.465156807929676 11.952711878915004 8.677619892561816 0.457249545203115 -0.5491180458099664 0.2597761924575732 0.6495448829831802
149 15.597093751563825 12.12831145118522 8.475143960198247 0.18475678954693164 0.3139295902860061 0.539525772034724 0.7590949099878789
150 15.932384773656162 12.938161793716443 7.937084046926403 0.038619583129933875 0.2953968976088309 0.5888512594178188 0.7513344095434447
151 13.94953729714997 13.371890514507667 9.494533055505661 0.7366617316005775 0.3470284063854816 -0.5800240895325579 -0.021744744622989746
152 11.811650234684175 14.431608037292728 6.405947955847371 -0.1442502661839055 0.14380386685118215 0.8958900175794051 0.3948333635675849
153 9.797827641030823 15.949434526709098 4.652281388150055 0.08392325595414102 0.3315552301381589 0.8875872819662554 0.30857224983760834
154 8.558988931855685 16.541915145872398 4.539538986523103 0.48011818450650534 0.46093584629884554 0.44696492278661654 0.5977014575030709
155 8.463223404269225 16.429612151438594 4.597386593180375 0.05018794954908278 0.8260399377173397 -0.24467524962973672 0.5052456959090447
156 6.985923903487901 16.60178204411051 3.5945705207144507 0.07003502319461155 0.6572048810936928 0.1292446401412412 0.7392378932302622
157 6.114348545018272 16.50849102705772 3.5335817475948326 0.013838151975022831 0.9585108776153276 -0.11927102825092863 0.2585339916973719
158 4.8092514294567765 16.647310944768194 2.7294773028529824 0.0263648564014217 0.9402299268784403 -0.14065134744598695 0.3090142026035742
159 3.623450085918908 16.691373645169993 1.876658951569871 -0.08488508413062826 0.9387470531504643 0.04786609293701483 0.3305409654496706
160 2.5976053684462235 16.612210799317666 1.0290496483541633 -0.2153322525497896 0.8317116500004106 0.3242424688406415 0.39592243390031995
161 1.8696938851002523 16.49055797522528 0.08037319947636906 -0.3892772177250242 0.5372110616617197 0.5029741303346065 0.553971612271511
162 1.7400278883453182 16.670233354328236 -1.0117175168284094 -0.456038235878074 0.31663179532259594 0.5235916775843478 0.6462392658856407
163 1.891211542671939 17.039737740447915 -1.8845005479083712 -0.545451920299508 -0.16688497510361752 0.49025490482154493 0.659000558440326
164 2.395079543401844 17.965720034456847 -2.2019338202988563 -0.6306335966755341 -0.440073685751291 0.28490203398148595 0.5722475416168814
165 2.903159415766836 18.816010560465482 -2.0038461406236308 -0.456383733376515 -0.6829672430276854 0.1695087517767297 0.5445515732523125
166 2.9561148663873054 19.69646796379528 -1.4175111529834596 0.28229423969580736 0.8272801305948403 -0.21217810493318043 -0.4369187562287906
167 3.0444494465230516 19.70511110571589 -1.3062695108608733 -0.22828632440538582 -0.6181705200872892 -0.004778833942108645 0.7521487385688039
168 3.3614606970983463 19.987994054160634 -0.019362622686579678 0.09117167100385498 0.8882391760909314 -0.013606833318568207 -0.4500374946054031
169 3.6409514818274173 19.529864184015544 0.9748595072305126 0.5084158203306748 0.310609327798538 -0.33801341119959843 0.7285479620253141
170 4.278222781101209 19.244738613154613 0.681885666078049 0.26450111422617667 0.07257014447693935 -0.07391231153908788 0.9588063959458426
171 5.205840006929864 18.2658251136147 0.6393819609267852 -0.24387404921080286 -0.09623722559091566 -0.39898280151682297 0.8786788768519916
172 6.123682536819105 16.706645824779766 0.12700860933139352 -0.6254677695057582 0.2920924213740456 -0.472535933723809 0.5478885635100498
173 6.558136807583326 15.298945142406634 0.6263323422264663 0.7994829020174642 -0.37916456990525166 0.2737622756258125 -0.37698214116119066
174 6.899346799553463 15.126446337631428 0.9491348799110724 0.848165086398282 -0.22430749427787403 0.4724128878341506 -0.0844286541049529
175 7.736531910290352 14.705087739191647 2.033273456144285 0.7061080005314302 -0.46058927592199156 0.4757830246687759 0.2507977749665897
176 8.332440550844545 14.267042599963103 3.0355927318416778 0.4005397416104829 -0.5085380867583833 0.7046966118709593 0.2904472670284932
177 8.100410395800385 14.01371906949106 3.8601801098955892 0.5712864433373159 -0.21178439728057608 0.7589353029560107 -0.22977461708067398
178 8.008559007705209 13.361405144648154 4.647872938452183 -0.2580215601664874 -0.24505788256632302 0.8205033728491787 -0.4473764900220879
179 8.32035820082843 13.337941756373189 5.071696708140776 0.3550214814819892 -0.24145500634098818 -0.24578626324768663 0.8690502519405572
180 8.965998926462875 12.77382035338052 5.877026587619687 0.4130432611503984 0.17408564109700353 -0.46211466323663286 0.7652055227216948
181 9.82697664409031 11.298733438660138 4.950094903565033 0.303203508221808 0.19862947741301834 -0.7357048104417324 0.5721471796640387
182 9.519560195509229 10.287798402428677 4.6491074770447405 -0.14535772969061778 0.5463851701840723 -0.3835202486603818 0.7302373553096215
183 9.631681986294092 9.191563466701995 3.854357362940565 -0.016423157752236066 0.24935678740865969 -0.4233798793122746 0.8708047716085399
184 10.113469465267096 8.289051481793715 3.4832142155235566 0.4268847874230484 0.3734705150444178 -0.2889152305382746 0.7712438928265507
185 11.110570633102256 7.950103450806141 3.1771638331818255 0.9419865405905314 -0.12335620326420453 0.07966047297004777 -0.301825799938824
186 12.681016395893948 7.508081611236955 3.3324885456020756 -0.5040829565523757 -0.014262538406897313 0.05952428557285779 0.8614834951051868
187 13.765173628053194 8.438219994293005 3.7295159646878338 -0.6459135634863644 -0.18219605029394878 0.11621163682607208 0.7321851700409095
188 15.28207312520424 9.59147535848384 4.53189160361016 -0.6988797522113719 -0.30330027631083567 0.1263191533150755 0.6353105585810026
189 16.221731822646323 10.95958224616096 4.830259206736142 -0.539279516832745 -0.15906817526656664 0.15219587842741625 0.812841517721452
190 16.38246432770814 11.466338693331185 4.820808333064962 -0.7053086967336499 0.22315185320932532 0.41172596448468746 0.5321885219452579
191 16.84504164200236 11.506651192651134 4.378290571039754 -0.5215732528667979 0.5959736986357883 0.5272772900994767 0.3078235724789083
192 16.81120242683337 11.318118999055072 3.7359071376484634 -0.381936921704421 0.06708554554250575 0.6455552008532037 0.6579378390620154
193 17.14131738112108 12.326333704663526 3.1415529721522604 0.05259526656631992 -0.2404563468646243 0.5902425876558663 0.7687835657092602
194 17.43377676651072 12.741273088647969 3.4339074948899255 -0.19644406956290347 -0.2601260652490137 0.9029946279540094 -0.27990151767689814
195 16.89593716898125 12.43032894876599 2.6180509569623482 0.631104683971581 0.576578290968911 -0.34829794540906694 0.38464645257212937
196 17.078011240428093 13.087779425365284 1.5342670642760414 0.5194969914270694 0.6426965819730087 -0.12939514760431292 0.5480153968593346
197 17.2891325039378 13.905854047999592 0.5537224912503669 0.32271264218865353 0.5949244830794981 0.20006609272605944 0.7084454591184404
198 17.545897148504995 14.679011809911424 -0.25067669895953787 0.014964681192307904 0.4755913171882155 0.44527053542393735 0.7585005653361577
199 17.759989985065175 15.53607221375353 -1.0818021053282276 -0.27616853681149006 0.5148746769913466 0.5505618263441249 0.5962521963406757
200 17.79330446549514 15.74544261647536 -1.0677668948586243 0.09780756061449031 0.4283752532394326 0.8863858840661283 0.14576826824450856
201 17.8853595050254 15.527483057089448 -1.2663849476676847 0.661727191977276 -0.40719667191429393 -0.5816709165518754 0.24076324183208078
202 17.808907335993368 14.516812728968537 -1.9863996012715506 -0.616435792903033 0.40019942090845484 0.6519490305542011 -0.18657384139257963
203 17.599209677611604 13.578316135105771 -2.8235467194984056 -0.5570901620029016 0.41753117139866386 0.6986435483091317 -0.1649711026697288
204 17.192922376826623 12.786915875947823 -3.609378751303722 -0.4558547985585883 0.5484050833922702 0.675485203196844 0.18753135045305092
205 16.742823863021965 12.530365951211099 -4.545769375120729 0.006066876761216419 0.6028574439237071 0.7192316901528972 0.3452996831622424
206 16.83386996206331 12.43504180663437 -4.787067954128212 0.754901576620875 0.6466620902532269 0.08702488325873008 0.06616963305360682
207 16.929602596292817 12.45532604053514 -4.924813130492817 0.5285202284385015 0.416027407217317 -0.1291046964914324 0.728642259218614
208 17.53158164156602 12.641009084351266 -5.7004328101676425 0.5607115232306689 0.32970500169288314 -0.46567916920110763 0.6000334248583199
209 17.73955358707207 12.423516733868649 -6.747089927023064 -0.5759110598934254 -0.15886589168036222 0.7659770808548668 -0.23741775661919465
210 17.614945897513227 12.242941793332431 -7.680285282785395 -0.3946276741209413 -0.01246046211521661 0.9022169231153329 0.17354641841902924
211 17.637151994405276 12.223070246759702 -7.654412816222878 -0.5702365305036833 0.18227689953787263 0.6147930429246073 0.5134539371214145
212 17.649506761082133 12.220885216252976 -7.816240487671569 -0.2828870872926198 0.0695367826294462 -0.19904964376273385 0.9356916003804734
213 18.6246721773678 11.781259630670247 -7.909752876589177 -0.0375882950454204 0.049280235137908586 -0.316348194066484 0.9466162890058489
214 19.493264124417976 11.309269959978641 -8.016162889081162 0.38889453068333524 0.11060438485092322 -0.3039260473471447 0.8626451598428395
215 20.383751430835922 10.936198850761018 -8.42260474720001 0.7080445283753241 0.42917159942390254 -0.3621342413985327 0.4281862623816921
216 20.719417966810393 11.203529853014398 -9.22091960869059 0.31818387188343433 0.6816654257981944 -0.49999920478317994 -0.4290595135419096
217 20.304889530373117 12.030681168602497 -8.821914611020672 -0.23465966141609304 0.6958183236372959 -0.5531720740127077 -0.393411184801788
218 20.39486958927015 12.011949769809782 -8.658210741398328 0.3425244282987305 -0.6554481116947963 -0.12836597009032855 0.6607472789328176
219 20.522840493743438 12.053566205348883 -8.53611599967344 0.705891108985426 0.4630153214696053 0.05677551492378011 0.5330207268435794
220 20.57790794145242 12.17239088528609 -8.5000485041244 0.386638198484867 0.8281520345514545 -0.3878962623591026 0.1192124187679337
221 19.85399462781769 12.73147080526905 -9.111230883126577 0.0399996266376161 0.9659262973038674 -0.09374931477583824 0.23790225729226097
222 18.766102459125623 12.667600868505154 -9.703280872602994 -0.09595693175936579 0.9535592310815562 -0.20721381472238654 0.19641663639996682
223 17.711053710960464 12.223938146863672 -10.169498117318279 0.06220015302983142 0.9642158573942348 -0.12006751526334859 0.22804103378789425
224 17.36906036886508 11.752240480734198 -10.393956345566144 -0.19037787340050136 -0.41817537111553055 0.8489779736874049 -0.26100196264687103
225 16.744659342955902 11.312317372919994 -10.554902561713556 -0.3481471624641239 0.39033118611044254 0.8295365097958333 -0.19571483677417337
226 15.998237128248327 11.125008570693534 -10.86949582838536 -0.2847116592524496 0.23309657584790464 0.9254872851740679 -0.08988071202896127
227 14.695793392215805 10.310793194076245 -10.885700048767687 -0.20915779132704093 0.15779495683606648 0.9405085702718136 0.21632706527285717
228 14.369057646570084 9.845566202943228 -10.614286881363487 0.10340871102635933 0.6696531281303624 0.5756420726357674 0.457719926025386
229 14.041196130469864 9.679451640303379 -10.451533198046205 -0.2119400568469046 -0.00973429938397625 0.816600410723917 0.5367964464531848
230 13.105854648122243 10.463866637012389 -10.752852218877859 -0.12256785499952606 0.20818657460693468 0.480599970539372 0.8430060138526896
231 14.112207409963954 11.354992701408825 -12.056851478452781 -0.3581610125981919 0.47143371948714474 0.017227577670709166 0.8057134402209968
232 15.129266547131708 10.645843319303701 -13.301557556830558 -0.455307081755969 0.4276552115900353 0.17456196295591964 0.7611403302885226
233 16.170419443615682 10.081907307598213 -14.3979201981206 -0.4014030955957692 0.4253844197490498 0.4199127702523358 0.6939718406822479
234 16.330162207447565 10.048215363232043 -14.946891772811657 0.3027845800775458 0.6040624401447243 -0.08704910808014359 0.7320194801069964
235 16.927877808258174 10.316137899102381 -16.260011698494335 0.2557295182220071 0.6404028691480137 -0.10206726794709088 0.7169859493119438
236 17.232397914915758 10.490612916890084 -17.322459485649482 0.35882528340082065 0.5799091542832834 -0.09505042143925004 0.725200114558036
237 17.29964884492877 10.46050463567648 -17.24208980574533 0.7310059267126074 0.4095373752609493 -0.5234852586787451 0.15450779048792718
238 17.3419335180004 10.51638435924449 -17.223154032290285 0.7843300501380747 -0.18143546008051462 -0.22900842031908267 0.5472318427309678
239 17.418408938764795 10.63695129471154 -17.206689372273903 0.7174458890572175 0.22042195217718683 0.40466788563383144 0.5224265131192498
240 17.979089085988445 11.360666057840382 -16.818388123136927 0.6392128476797002 0.13640189828366975 0.39992990746047985 0.6425399027488263
241 18.659564219780798 12.128485364558964 -16.40457770816566 0.7355114362968104 0.09018475068210835 0.28293044063511125 0.6089663402709783
242 19.544587784370506 12.669878868875218 -16.18286533213196 0.7707306358662303 0.16334000702982895 0.33551998952305273 0.5164500611590415
243 20.21251100190622 13.285431970419472 -15.779348144828845 0.8547230615370318 0.21468641081703776 0.15870925524415216 0.4451624483119692
244 21.132798581208693 13.787802568382011 -15.667387040165721 0.9664408195059415 0.09543687591764101 0.08157543434296047 0.224119150497056
245 22.168666768146597 13.985163766827641 -15.454877263278485 0.9841879731562692 -0.09514892739515363 0.12895041773698288 0.07544869035022077
246 21.990789485542592 14.092685384740637 -15.26824976646092 0.43489025290332184 0.7871817365890148 0.3036907455149975 -0.3146224922012618
247 21.335823003212578 14.385473181542237 -14.094943464481135 0.639454029463799 0.7155107868394899 0.2806881942326179 -0.018894330823708703
248 20.8920784358703 14.9068993220632 -13.743735998387567 0.8028559599150443 0.5192486554267521 -0.19825982282507368 0.21562973848653716
249 20.616854100634296 15.785632038042753 -12.725964029639604 0.1299169670036512 0.9258545014977398 -0.2643368753819954 0.23672988838384162
250 20.546066526253448 16.03461692076769 -11.001821405916091 -0.5595954719840422 0.6736710843165571 -0.4805748210575809 -0.045475479724630376
251 20.217486409838745 16.793523429796107 -13.594781941477995 0.897352318032297 0.03379482312514071 0.13006584247753228 -0.42035651995968054
252 20.844030122198664 16.620861173816337 -14.823780206801532 0.6035101783093477 0.7585925529945369 -0.22076322958910638 0.1075936786230337
253 20.835736696579847 18.02772204758904 -15.648632490984191 0.5714222063983665 0.5982395798369667 -0.5132648164174176 -0.228353443983898
254 20.492142302107858 19.34360453587018 -16.217537108144224 0.6215153184931638 0.43501206954544996 -0.5758803666194131 -0.3047047941375655
255 20.31001028851178 20.545097435690874 -16.759562758111063 0.7074880233353856 0.19124077078236068 -0.6150551442549397 -0.2908519106918374
256 20.431156559027894 21.585194407084202 -17.512202756067225 0.8185605321721637 -0.23661906510042066 -0.4888414324257821 -0.18709389927236272
257 20.185419354195997 21.93382879683875 -16.842350549151003 0.9064582265284027 -0.39587537385771715 0.12946061936547965 -0.06968586632525943
258 20.311512307360548 22.095273316461043 -16.779370870605444 -0.6353478268825931 0.27705184956320306 -0.27286665015078915 0.6671725434733214
259 20.457866504972074 22.312646110909835 -16.639666969775643 -0.42338857878396274 0.3164942644979051 0.35781858291244767 0.7697657784142877
260 21.052819826606036 22.38914296455454 -17.462035970971645 0.6335096613207885 -0.26191057458596567 -0.6031096080307088 -0.4078322702218569
261 21.43186441827916 22.600958104695845 -16.01998785315062 0.8713539428402988 -0.3015882731754255 0.27102652201855265 -0.27628145819482053
262 22.52624821717828 22.132735943751243 -14.803821794155914 0.8142231312895672 -0.4532826446148973 -0.08758507696601696 -0.3520005551938699
263 23.40431791865091 21.44187416137998 -13.21830947886098 -0.4689277508493907 0.47072151302423126 0.028826601562282818 0.7467911680663337
264 25.083163033179122 19.519536938461254 -9.35127718164634 0.5718723435185391 0.339225859341923 0.5616599908022606 -0.4923676408989024
265 25.728566583832997 19.03080729555535 -7.43814901868667 0.1365420443039539 -0.715428766468694 -0.3781657744380624 0.5714093080183777
266 24.04076542093736 17.222237736731742 -6.944842563496865 -0.186388541365521 0.42270121176364067 0.852678334219945 -0.24397265333041745
267 22.343829712335527 16.906303239453962 -7.057446467889999 -0.40418059282263624 0.14068164765635033 0.8682741931728042 -0.25089170545945355
268 22.13269183896922 16.612925798542186 -7.255445055523671 0.05591442530863722 0.7433051170656688 -0.5168492555301463 0.4209963503931238
269 21.64037698654604 16.5726429615793 -8.384047624974611 0.38948378536864636 0.4980211027721587 0.030391225259770543 0.7741793949439119
270 22.34109003599235 17.44410011193788 -9.091114189009751 -0.023782729468357838 0.18979692015438435 -0.39817168093888355 0.8971459320407404
271 22.47269648396329 17.952363736402067 -9.253499899613837 -0.48536042579961014 -0.6003528337210137 -0.0833890364123977 0.6301174499384882
272 22.80346116841582 18.551917889589284 -8.896799068067986 -0.1240593643876187 0.7518162162647261 0.48110367107211066 -0.43349845299616424
273 23.5876176147451 19.695261635322368 -9.185731122156302 -0.41659409475514175 -0.20177876261201816 0.3354902374039487 0.8204760762999425
274 23.85191264584521 20.322482458312624 -9.18947957007054 -0.3371243862926064 -0.5099623497454963 -0.2831594849603944 0.7389900243479944
275 24.033780747383826 20.81145977824177 -9.140197864922262 0.6574606534154233 0.7329271675487448 -0.12965996052343604 -0.1172670069397135
276 24.333070963314544 21.87331055277641 -9.097928341367938 0.039918006025640836 0.8988941454636534 -0.3260809912744234 0.2899431930147595
277 25.330006565885114 22.328372642796563 -8.699693738518214 0.9326639197465755 0.26762682374885904 -0.0008574354502558197 -0.24189493756070765
278 26.327930841218386 23.206480430956596 -8.53516831465498 0.9272841536593485 -0.13100611551278352 0.10538594097869111 -0.334477651741566
279 27.45332574323679 22.90669375876766 -8.51382650312051 0.9136973828832021 -0.18046286804711562 0.24258947064529593 -0.2715521947998791
280 27.62639063604299 22.80732862416104 -8.435177328733388 -0.4658042965715495 0.72771065693635 0.12450891657574681 0.4878125529031452
281 27.306499482922995 22.229055619819672 -9.531637646408493 -0.43519667279543367 0.3640743908976454 -0.3569759676481386 0.7420389830743177
282 27.13150241123159 22.067088344666185 -9.95804536585263 0.22502125712306703 0.5793094365149368 -0.5645326478018218 0.5432024486076671
283 26.574222591654294 21.31893866044714 -11.422537599420684 0.1461236994486729 0.21738456972037895 -0.7043313374926615 0.659779645285241
284 26.367695369482387 19.906243386176918 -12.466289959524593 0.29577378787483627 -0.1217640920567016 -0.7926555077533665 0.5190266065627378
285 25.835423721679806 18.646152818187776 -13.29008014863176 -0.41626748031390176 0.546743249025212 0.6457125822353326 -0.33293913200681124
286 25.096160880853784 17.11747290988283 -13.616476037327134 -0.4073418543375103 0.7849401266430218 0.32575053040644714 -0.33440724159388796
287 24.767736461959412 16.616953717006915 -13.74566677632611 0.8743395741357116 -0.3145623509423506 -0.3409268859891024 0.1426523567263335
288 25.491230428926254 15.677748661004973 -14.581190528384665 0.6618759177142794 -0.2583615129284556 -0.6165055913887488 0.3392498400494956
289 25.809887765586005 14.369238746707895 -15.23041440151582 -0.4091183073523743 0.16268756624315747 0.35140467434419487 0.8262382956678157
290 26.60727146665098 15.358872117886847 -15.814461834023643 0.6666677659694011 0.02767309782619691 0.26455618656705476 0.6962745964223934
291 27.71841667562586 15.894676864795283 -15.263741055484953 0.6166307327668765 -0.043640650406549845 0.27833532827415824 0.7351132416668839
292 28.9318419973579 16.48787359814653 -14.58645533520804 0.6363990836991885 -0.017680574874462784 0.2935600297886969 0.7130961453053865
293 30.072286151223814 17.07560098668263 -13.937478177664758 0.7576744214236465 -0.06461686306261873 0.14436579241037176 0.6331766342104016
294 30.490373976964 17.288659113437266 -13.66200601381581 0.07480174375439493 -0.18988588646147095 -0.01192496874469691 0.9788798927215132
295 30.704097547411962 17.140698657095665 -13.00939674281178 -0.595662218683433 -0.06030773868063249 -0.2734996932936649 0.7528262851791439
296 31.04410360000224 16.966955938027997 -12.438147573550406 0.0600704070533038 -0.5857045878101149 -0.06409594925842066 0.8057502040355285
297 31.477288761048353 16.63808693701344 -10.736517778279381 0.08972663448262845 -0.4111699541591607 -0.16483648473963894 0.8920298947680246
298 31.981133489108146 16.066222051206182 -9.256312485511044 0.29679024138024407 -0.3305206361876 -0.3250334565853674 0.8348801792926748
299 32.587405960095325 15.052843623795487 -8.05996861991749 0.49964985090667585 -0.1325623030328103 -0.2303035640830616 0.8244619643587041
300 33.174055309379106 14.398924257905454 -7.551774802273451 0.05409620793637408 -0.6422281525272956 -0.5129190498399053 0.5670367260589116
301 33.608499694515125 14.800000009317106 -7.791876036644066 0.15260562391390814 0.9445428550118912 0.2492238633760868 0.14979247150551303
302 33.57020894166312 14.946931205405631 -7.912865542449082 -0.20322685404048135 0.6405800905025848 0.7020431696419468 0.23556608713394497
303 32.61615453149663 14.874459179176373 -8.613843938273792 -0.09037227198440013 0.4900230969501438 0.8556593556154151 0.13984735985916866
304 31.272710066533683 14.55902717931671 -8.774221410837692 0.2196683014990696 -0.10466369720693726 0.9249556133603277 0.2919733911107452
305 30.786730208958314 14.056665528516529 -8.844910542129377 0.06194870248491615 -0.4148488658199953 0.7763613436553579 -0.47045280407916124
306 29.67554685267352 12.946915048286195 -9.142030348068115 0.07213157028198029 -0.4624580921321193 0.7441049314527975 -0.47669424223269496
307 28.855044216080618 11.59530951326654 -9.631465709863264 0.0617400711542451 -0.5695034029418513 0.7628478898462843 -0.2998618592095232
308 28.60431601061751 11.171250878002585 -9.683469109045252 -0.1529819753928127 0.9564591190871908 -0.1551356659735591 0.19420451555720342
309 28.433464496840422 11.16336344442048 -9.775384347721399 0.6192020761783372 0.7838781883229017 -0.013782240666827046 0.04397527225888843
310 28.104256916237112 11.948444605991806 -9.881235541871746 0.7749707404634559 0.5526975264862085 0.2512511515822928 -0.1755524265572006
311 28.07476563188894 11.897290537270262 -9.962817162281562 0.7949809458161313 0.37477367059633676 -0.43613671320472724 -0.19322204587472777
312 28.48623359476653 12.689298265637337 -10.552936875693188 0.7172071990254191 0.3486729766326356 -0.4748454411240707 -0.3722402397322693
313 28.864237910158693 13.55303530481577 -10.976077198640823 0.7798250705374954 0.26864553102315536 -0.35493060611727084 -0.44014395697737774
314 29.51941060020762 14.327337421768824 -11.26246850278716 -0.6175694370500802 -0.2594891158970736 0.37684179751376307 0.6397371716566096
315 29.548426045461557 14.35247072879571 -11.21913803296646 -0.5121783567540175 -0.4896008396706301 -0.1611282955960293 0.6870240323488593
316 30.10295815975798 14.694923001984836 -10.352364552392872 -0.5847594852874393 -0.5605958799012787 -0.2575675539940383 0.5267329104333677
317 30.156886730600615 14.784650882755162 -10.270210194695236 0.6000405908729318 0.7808546687258645 -0.13058711134555134 0.11473570492356515
318 30.351965110174707 14.850014247233277 -10.142950923084506 0.5213702469857492 0.61338211393368 -0.4574784318534115 -0.37768893583637353
319 30.61819802873055 14.893709182555627 -10.088846679652828 -0.12725321972797454 -0.5120535755226817 0.12584730530211571 0.8401013091356883
320 30.773043998142217 15.020224063883315 -10.003978840184972 0.7821904448051417 0.364886808317764 0.19697628898113512 -0.4650118995793879
321 31.558651503106802 15.423817522340082 -9.309899160819482 0.7110775592786716 0.3222319114993277 0.4230741847194743 -0.4599386199545863
322 31.635468549136707 15.540523170455653 -9.367940807309509 0.8061254760447464 -0.144534867867618 0.5491879867198446 0.166324814999823
323 31.815717661693526 15.727034903591772 -9.360226888461439 -0.4462465021305611 -0.33036558256696535 -0.6632387663433094 0.5018336178563901
324 31.944741463754692 15.475506306544236 -8.345661781308175 -0.3196230471214825 -0.2778592734172705 -0.6459825703644327 0.6350920017683782
325 32.20025290423516 14.807624619719931 -7.48156654288358 -0.06567124935731153 0.33656813951771425 -0.3990120729089059 0.8504108066942542
326 32.40015941971312 14.90721214761248 -7.501298397894673 0.16651865922758746 0.9630702827425686 0.19918173552219381 -0.07137088244909147
327 31.35783321270985 15.114964935524153 -7.283795162325229 -0.18848023826305477 0.5793955384583745 0.7021884345680873 -0.36838486961009964
328 30.660866263343113 14.27798776913936 -7.272063003613479 -0.022515339886287716 -0.0416272390249552 -0.8466499208196013 0.5300416436631397
329 29.90491033748589 12.909038478601419 -6.8863148711248146 0.1467591326442722 0.030514681596726437 0.8873758429507557 -0.4359985373140449
330 29.116257987344127 11.63074323039635 -5.9838328837922745 -0.2184922322953534 -0.27147696944284344 0.9093744718460921 -0.22715516600632935
331 28.50238762012479 11.483397525050762 -6.710364449259737 0.21111904533227274 0.38551700027775565 -0.6000194992442158 0.6684175279879717
332 28.618787428265158 10.857099292036539 -7.688286180945129 0.3534554177398213 0.3448553137701032 -0.6277071841175668 0.6017705303868617
333 28.757944901869287 10.466894761734832 -8.71827544540932 -0.31348115403757043 -0.23036194041445443 0.7946751626769154 -0.46599820632291916
334 28.68157096145112 10.459234564348902 -8.872503452475556 -0.5269008361900377 0.39064645856980995 0.7501159340874817 0.08424333004558594
335 28.346155481073982 10.218036408443385 -9.894049182513605 -0.5441734173918837 0.32144659829608324 0.7737181144081462 0.04367671787827084
336 27.868807028753356 9.904885697829217 -10.93474398997821 -0.6221342830205104 0.29506820027238484 0.724745595788727 -0.025050198869755184
337 27.670074228088914 9.555590774089211 -11.902773697189852 -0.46051697220357823 0.2893334303430182 0.8126353479077936 -0.2093658896027957
338 27.764386361348354 9.535270931885494 -11.94742528073883 -0.375842345356354 -0.1727085253005133 0.862530958592057 0.2914697963697512
339 27.332881415087808 10.15690421239982 -12.513583377388798 0.18687319378023892 0.3064340299817769 0.7080066405655268 0.6081966718345447
340 27.24189254751797 11.102753187467647 -12.614691587105009 0.7326762571789018 0.3657397809769915 0.22260425149764082 0.5290248217167054
341 27.909520538095794 11.838304805066779 -12.683166769001634 0.8017729137053202 0.29468563431150396 -0.20031782343619634 0.47978468232394905
342 28.63079869002807 12.135619364290731 -13.383863726436001 0.8224829922139701 0.1467915755024879 -0.5077642209036192 0.2101177214096714
343 29.001896989483622 12.155349470833272 -14.298257810426007 0.7792350329230295 -0.09761339495348685 -0.6188140615623197 0.018263236401171747
344 29.228612022340727 12.008819940008781 -15.450933753638404 0.6307081917836148 -0.5668974545710617 -0.42406370678290783 -0.3178119340229904
345 29.277425108047254 11.585839170059312 -16.394841381328064 -0.1670184248157217 0.9341931090944097 -0.02361417533709925 0.31437310860782003
346 29.22870333822234 11.675679619249678 -16.408762747563834 0.7478274213889319 0.2504912241255213 -0.27140471593099613 0.5516772377262771
347 29.997932326138045 11.76884877544228 -17.18046874204802 0.7447392551558457 -0.28544118473628555 -0.4282354373573863 0.42485430688365394
348 29.995834457189556 11.492725285430259 -16.947232184702838 0.7744967352177773 -0.26626590982414505 -0.018630124947442588 0.5735069231029098
349 30.612308518548094 10.649817312458989 -16.335880101570975 0.7735221424893646 -0.15473417974429568 0.011272645185013724 0.6144865793229787
350 30.40552336503608 10.113792918780298 -15.819211336605376 0.34491420860309113 -0.1130962786868582 -0.193219188949912 0.9115425198378987
351 31.297722082645688 10.495868577342414 -15.79244308674756 0.1376851674708532 -0.07574127589439181 -0.2655923533591658 0.9511922810985972
352 31.14615559048146 10.51836680255003 -15.483890223085734 0.38498605837670685 0.8590230855408496 0.13743107072459612 -0.3081846429706316
353 30.5416886232369 11.327887231771337 -14.764361862577223 0.43284676263216415 0.8282844541023544 0.34615737327484597 -0.08224120681677113
354 30.319541395006905 11.545111943039945 -14.635185453226754 0.17044203858415446 0.1257634224745376 0.8883884856070499 0.4073069747642199
355 29.683605089728214 12.530648656755561 -14.318801128707618 0.1208388032664132 -0.03519443509874139 0.9334135729713128 0.33600362670088685
356 28.912236965851697 13.396621258908135 -14.014000897942626 -0.02924214678826051 -0.20012190235492683 0.9290988747791088 -0.309631073914187
357 27.945458137143394 12.776715590075618 -14.241670050798822 0.022648064144869407 -0.02369449473273862 -0.8548183662624296 0.5178911051662123
358 27.438515883608467 11.742488084702687 -14.364849573610469 -0.19902578046398012 -0.337560672656018 -0.6375867469322216 0.6632681743632113
359 27.285461559153113 10.90587874886893 -13.763719057755907 -0.13952992343239193 -0.5208367302513625 -0.5912237168627724 0.5997624675711105
360 27.345794929076444 10.804886810608469 -13.888477189915942 -0.5643896376422066 -0.2642454308657398 -0.06670606859681771 0.7792233246002296
361 27.506370134145822 10.587133519699048 -13.913579605386253 0.9683387205078653 0.039684859738342695 0.17579492074984818 -0.17274657771224536
362 28.650749497822577 10.504626642059254 -13.595794451344902 0.8250727361611564 0.49841445445952154 0.20884977054043796 0.16498419613577142
363 29.09105249072522 11.602331491324913 -13.548185236740204 0.012701695338102989 0.7567039805758479 0.41248723327503733 0.5070424391521031
364 29.34521135889035 11.492644025144783 -13.825026327064396 -0.13838440336290203 0.333640983190092 -0.36140516227538194 0.8596044206043542
365 29.834357579976036 11.467498469497954 -13.777112282180319 -0.45150109422769935 -0.19046621250618126 -0.17386968392871102 0.8541889233742559
366 31.081668302146497 11.27468552164338 -13.202053630972802 -0.1444251000634974 -0.26842437965173555 -0.08113131345233422 0.9489507115007232
367 32.16978516230541 11.072578176762976 -12.7517739096598 -0.03589253998588665 -0.698550794332089 -0.2813278834389344 0.6569574836404094
368 32.04620027373372 10.809477949208722 -11.800800057791802 -0.045304740260863306 0.46301181515969464 0.8437151218313594 -0.2677915844934542
369 31.184061681362532 10.462945083719378 -11.657721560109172 -0.19932803134078586 -0.1465236600303616 0.9647932080353829 -0.08929288158586696
370 30.198896980128243 10.386410542880927 -11.98367055509384 -0.04728831400325385 -0.5420550696455835 0.8364194765012043 0.06589822577052067
371 29.08880232664872 10.588851461029764 -12.11887769903948 0.04596160477687353 -0.6218705003175131 0.7212338609375809 -0.3016394031923734
372 28.88704251127438 10.634465499144573 -12.311697924151309 0.23872971408772495 0.7789636081388116 -0.5794513833666523 0.0214456317563837
373 28.082513968598608 11.003771889679944 -13.011433509511733 -0.28059693851001205 0.7918615506339768 -0.28309325290003196 -0.46268656009099896
374 28.11308691622232 11.238212200578568 -14.119216169301493 0.19815036836479621 0.8644090490006979 -0.3864166617820233 0.2534079537422658
375 26.498368348986347 11.847380719862 -15.070282741245679 0.15317922940168702 0.2752937532795754 -0.44669370037121914 0.8373853420820174
376 24.981182433816713 14.292326193530496 -14.324274779043746 -0.142654553172822 0.29372022161639627 -0.5240603562399556 0.7865995505276675
377 21.037770578621107 18.724751955308214 -14.033779778808716 -0.17262779728152963 0.8918918420263136 -0.26601202101422794 0.32243788612469615
378 17.2425356104846 19.63836587838196 -13.327038141682651 -0.2557469183467199 -0.5805924787619714 0.4306929653660383 0.641879628080993
379 13.746785116595321 18.64438848499621 -12.203768351638008 -0.01055504083177265 0.09252055337739838 0.6931531221190336 0.7147498077036576
380 17.050524364347282 17.720838748640997 -9.631117487446936 -0.13536662138054864 0.10526027741994057 0.02500490551451061 0.9848710100889876
381 24.079673230326105 14.641287456602326 -6.971047222827984 -0.26593372203575877 0.36118033700500846 0.3779503638754183 0.8099268745334945
382 26.776671208676632 14.933241724081816 -8.002215315773839 -0.46411564836531805 0.14718880823840114 -0.03775850918069609 0.8726433490586235
383 29.01921345992798 15.241282003510326 -9.30400249020307 -0.44086105614061716 0.11764372270730632 -0.5031806526970873 0.7339010249600953
384 28.95182432293413 15.766850285700189 -9.866347106046973 -0.37321367559257684 0.3155954786895559 -0.36985006250464975 0.7901404795646756
385 29.16548701161347 15.397012950258617 -9.928066271939619 0.4906824708758953 -0.046331384062397764 0.7879479539625689 -0.3690828328061199
386 29.240269458699036 15.027889932812299 -9.907992287086158 0.5147310334995873 0.3773171105058225 0.7697179501760916 0.01476612504009067
387 29.333824335420005 14.855919423944773 -10.00790278726461 0.17425453462074192 0.6629825746942556 0.42495063853592335 0.5911906778897958
388 29.32623483059331 14.816842022474425 -10.130298631298535 -0.08869211296172155 0.7261154334086083 -0.22205972212814107 0.6446546100607573
389 29.23898673819549 14.428280848090376 -11.13745089607551 -0.33726422717348115 0.6132026043867399 -0.46108486140234717 0.5455604069468125
390 29.342143247543248 15.294126176233288 -10.974165593099281 0.01699267680519088 0.6829658441621517 -0.5022528257994293 0.5301047100520437
391 28.767329151371484 14.950796513378434 -11.815131388846698 -0.36060937742476634 0.3719750496441403 -0.4079726473058771 0.7517670905312337
392 28.272713435640746 16.06552436665727 -12.049215933743968 -0.3408027923033334 0.5371907860936925 -0.1810705683959716 0.7499953102220385
393 28.02278006232116 16.60356088447997 -12.426251037851012 -0.014116945861853513 0.5081516786331652 0.6958590094195594 0.5073093950948084
394 26.62453497644599 17.67898462764002 -13.480396537789714 0.2250450306432715 0.6935263609635005 0.5928610848683445 0.34189421592098185
395 24.515691689324775 18.66959069418967 -14.628972830390225 0.27609956355476317 0.8973934284361779 0.337492538520656 0.06747482528554699
396 21.03391765576393 19.776533984098027 -15.950128187344054 -0.03149296903996722 0.782671919904111 -0.5990693959255409 -0.1659780634905353
397 16.94122475156071 20.300633267629884 -16.190203199559026 -0.1651437699058767 0.7081463643723767 -0.6544161096709863 0.20735432787996616
398 11.860776723236023 20.97907066457165 -15.109554079394213 0.14086795676361685 -0.5917542487307521 0.6775610412565065 -0.4133934726598201
399 9.1547175735668 21.225906361661018 -14.136948914560936 0.30027392834181815 0.9261595047806761 -0.218087547864114 -0.06709665512678592
400 6.654287390451609 19.524310129540734 -14.913267137395357 0.4339917726446284 0.7569929671119067 -0.4148490579381823 -0.2579012371968912
401 12.122180770576982 30.67955199882236 -20.798346816225532 -0.462720363665803 0.7481545086968338 0.461704083145183 0.11394751323592475
402 24.636185635371 17.829277130336198 -23.10567298830481 -0.3424204818456268 0.5623468419716185 0.4763351245731552 0.5827684720667637
403 29.46654574009777 13.616178823015025 -18.40180273413835 -0.12583003938714277 0.08765929932534346 -0.2760647587444639 0.9488260627791486
404 30.03264451747998 14.118994691225737 -18.01705545706779 0.48662943746997184 -0.42866691434385207 0.19676944893225543 0.7353354684098108
405 30.85106606194016 13.778004084984076 -16.769700965752115 0.5955389710007637 -0.4444961543465975 -0.1538663085527236 0.6512155264448145
406 31.484319591292156 12.883307240059825 -16.321061355992946 0.7593528831257071 -0.0978486821814847 -0.2842286082942831 0.577081391582779
407 31.560740134135447 12.717299440658158 -16.22593053202485 0.7797898524577039 0.5033343299255076 0.3017114588783408 0.21806543491332267
408 31.89370940786642 13.629076118422288 -15.964597921186892 0.8164074184275147 0.5092141490127771 0.2625429460237622 0.07246432967245454
409 31.8022543760803 13.483155095476357 -15.93392020834523 0.4051573297410375 0.8539944427608237 0.1713922611438147 0.2777871896087953
410 31.28729825628575 14.204639780484982 -16.168407736117878 0.419815627767781 0.8374629566422048 0.11638074780612588 0.3299487179458765
411 31.724890346829692 13.399534987849384 -15.717397392412352 0.4815743254619957 0.7441589693991332 -0.46286519655904756 0.008331094345769499
412 31.660194344506774 13.417141721330012 -15.684067658975897 0.44435616865910654 0.8119063776443368 0.08402098682395677 0.36918302112662177
413 31.752759244358824 13.434588918650393 -15.601218838506355 0.13015470647188612 0.498387167356861 0.5712307742115869 0.6390347301914447
414 31.645456577138894 14.275854714700442 -16.107580407867836 -0.06508104589783464 0.5899082284459893 0.6617843686334206 0.4580547881083911
415 32.17545394992928 13.787461225411912 -15.4044191747029 -0.35387371824468933 -0.6119629359143619 0.7045156349084705 0.06270946317955424
416 32.17526980439616 13.72412568616984 -15.346230418618578 -0.043464059422350675 -0.005808518115090104 0.9935513215682594 0.1045605473675527
417 31.184278186146802 13.89198019883158 -15.471170556089696 -0.33015492924110035 0.13744686188638008 0.9333248003111027 0.03179465331830481
418 32.10490207174894 13.856468858494686 -14.750452916083075 -0.08060812770354957 0.6657345888022599 -0.5402259748792044 0.5083853686783557
419 32.19376662253171 13.862109791697417 -14.634118072024233 -0.5817355264868945 0.7090946568966201 0.11849152235888027 0.3804317335774652
420 32.23880277074628 13.784506691225193 -14.61514095688209 -0.3705527935586177 0.2905548761068498 -0.27546488617247544 0.8380856684387479
421 32.988070266746284 13.194344332698913 -14.779075241076796 -0.2626635910281889 0.6154348742021273 -0.2042997226186019 0.7144993890143997
422 33.03354473684455 13.788363094799516 -14.0785520852151 -0.3654132976734355 0.30681804610724134 -0.010083271379998182 0.8787685338612423
423 34.05993213661339 13.2603821066088 -14.768142687056546 0.5299538175310994 0.6566229084193348 -0.04488556829822072 0.5347715336306641
424 34.044348021533146 13.523730444112237 -12.389271690696507 0.6798339214110458 0.6899449692336275 -0.12336223316881997 -0.21583219907069137
425 33.94023869540029 13.22779230319296 -12.573810503456052 0.951802519206456 0.2908511180650439 0.09611459917306377 0.01547822271318765
426 34.931028960403935 13.96472614828083 -12.269256356572027 0.9941400431521483 0.01782197557333686 -0.027438338786859705 -0.10302955572419686
427 34.23575987843069 14.034816437766114 -12.1999948538595 -0.5306966991279178 0.008603254649158208 -0.03814571972516951 0.8466592594490554
428 35.48320156271491 14.143279805374835 -12.048040129314812 -0.3746672548447286 0.29262354380688044 -0.2943801039033922 0.8290574552965831
429 35.197554360963785 15.094343105631316 -11.697238699791518 -0.1055106927443706 0.062474360181705164 -0.13944326049156852 0.9826087853973066
430 36.67688493844534 15.027391165762111 -11.16363962240253 -0.45351722667938194 -0.01947213915504783 -0.15470115312225424 0.8775024296971567
431 35.44438416044153 15.058669059259847 -11.572113862455076 0.43921203373764517 0.6103236958080818 -0.22548611525739004 0.6194786417475083
432 35.202369778641994 14.559536454997213 -11.733972971230267 0.34078683235322477 0.5339013059899069 0.3242429390963549 0.7026238302271596
433 35.068720660867854 14.149049236532129 -11.67543537841633 0.7462659695020091 -0.5140090782955941 0.42131087908505493 -0.037133722645591165
434 35.236975043212674 13.052770937411655 -11.218846316656528 -0.6069385882147624 0.7404085643185304 0.2724489069233354 0.09587648896326917
435 34.85220281160905 12.16737520610868 -11.776086079324353 -0.4690892837442886 0.8029631171631562 0.2671767993522399 0.2526302322363483
436 34.22758628861724 11.645512725460415 -12.48984598565308 -0.5548966907276887 0.7807059828775788 0.186571844449782 0.2185835716087124
437 33.928034871499804 10.812773508583337 -13.16145791023467 -0.5107730232546007 0.7697480070597792 0.36159607497305457 0.12588567395432493
438 33.96131195204033 10.73202902796345 -13.25228815845165 -0.4659719730946105 0.24691261677610227 0.84618010434863 -0.0767040479481676
439 33.38652674615001 10.278539940908836 -14.050540593646893 -0.426110031026795 0.20470692149375758 0.881022156640641 -0.01803544452365867
440 33.385158165076355 10.20742638563732 -14.060476799172452 -0.3624223994461837 0.709643364009519 0.463396235723774 0.387711528090101
441 32.90767399876292 10.049357039281709 -14.96471080501274 -0.4942525791122107 0.6247453399119536 0.3804585675831346 0.4697434689826093
442 32.85786240185544 9.73662727323198 -16.00583266921629 -0.5016891949575162 0.5820114029855928 0.3754442938705623 0.5182781691887622
443 32.94188553318919 9.539436450452577 -17.01417614037729 -0.5434364852402196 0.5526343055198581 0.31602225545268875 0.5471764294365553
444 32.94128160528168 9.590735578863478 -17.079232811452158 0.04995550144172283 0.7867953368676187 0.6146334849989095 0.026138570679595127
445 32.02893362794662 9.566983909165097 -17.11763956161028 0.15363541322831015 0.8013687167857503 0.5700704760755227 -0.09604161528396549
446 31.093006161282645 9.670952501255591 -16.750527753496186 0.17268041801705555 0.8773023516691604 0.43276708326271474 -0.11504220370585139
447 31.152939198805978 9.797944409749652 -16.72745115087102 0.80464282964132 0.5522557506138055 0.09233686700848835 -0.19757885922296475
448 31.65199753551238 10.745847661557146 -16.382790037457568 0.8129640864256499 0.47942726567397986 0.2486317118701715 -0.2177640075012105
449 32.4335855922651 11.592638020441322 -15.612651825153916 0.7776239778489225 0.47299798421062905 0.41184205175247274 -0.04427166605644296
450 33.80859570347425 11.441710350764048 -14.933609641453106 0.6196547106608027 0.18656277890730377 0.6284960997669053 0.4315263858213653
451 32.823202595570386 12.19760124810431 -14.865536967548959 0.27785598498241093 0.09907947116713169 0.8693112401378151 0.39658199375759584
452 31.969336966450875 12.694995453541768 -14.974004640043992 0.13234969218563108 0.5176607301489773 0.6660506823439378 0.5204684582077684
453 31.26868547741841 13.272640556376388 -15.500100451779238 0.32788500153310274 0.753555384684945 0.40675113116444217 0.39899777603190795
454 30.848962582807548 13.787149400395888 -15.80623679030701 0.2626647252194822 0.51071666693512 0.6137609014323949 0.5417317455281263
455 30.64195064517224 14.551905298749482 -16.0171855301507 0.46448051214527186 0.347506271395466 0.7175187142599702 0.3855698897279274
456 30.441999497290173 15.342382323291814 -15.61846471498499 0.6341937102292371 0.28946810876562135 0.6012898067919478 0.3904575779280393
457 30.54902015871133 16.045786702929053 -15.02809112736809 0.31383440620229974 0.5567607886566678 0.7677992606019138 0.04482951167712436
458 29.84933536965295 16.361734172691804 -14.70275556566934 -0.14830902399085172 0.7516633041091371 0.5890164453243368 -0.2570337289075085
459 29.05654836307993 15.612769252748526 -14.697323111993013 0.5992361130773636 -0.5237695709350298 -0.5819589022747629 -0.16704895512879162
460 28.994826937138203 15.146825467813288 -15.70970603975319 -0.5548562943717847 0.5260667511776348 0.6354042104151904 0.10793403211252967
461 29.089517594143654 15.079475652756669 -15.657787898740905 0.8580145569277773 -0.4047391661126489 -0.09942815112493832 -0.3001853931795225
462 29.236484302079585 14.968334305341282 -15.677301118290394 0.8573353049019163 -0.3681152099825483 0.3552824292695115 -0.05693647864591922
463 29.362153984014597 14.760623279459793 -15.703698139363901 0.5685823596602342 -0.6267215313081782 0.135816814343072 0.5152552915008602
464 29.443437872459338 13.791461567569343 -14.77100962772985 -0.7317030986555825 0.32372205889065286 -0.21700012733765178 0.5592186949135917
465 30.483283188917024 12.911996832910656 -14.750800924678202 -0.042827520432690176 -0.053498179217468037 -0.13175881699751263 0.9889101892777823
466 31.674217115536816 12.242219247677099 -14.626929290972104 0.6319101395020279 -0.21801177917264444 0.30115901136743 0.6800468289821652
467 32.089238632033684 12.156780343106433 -14.77843287010379 0.27646150705799527 0.10376075276871363 -0.021103285901289043 0.9551740116985284
468 33.436810340644 11.976639627801895 -14.850118594609096 0.0422938606142163 0.528993699672578 0.23490503530967055 0.8143687858993776
469 33.572955234957284 12.599747435719156 -15.861477309837808 -0.1979070521939438 0.50383501302378 0.4905983479268999 0.6828589454306268
470 33.522121499069165 13.128795819874417 -16.879217474839336 -0.16653825911302642 0.31335793615192875 0.792627345366292 0.49579603011701595
471 32.98217001708243 13.902833656381704 -17.493104321639667 -0.17993809408134118 0.3044102494456286 0.8374222686552197 0.4167500765340904
472 32.2800440304729 14.62296819985735 -18.030090943647778 -0.3730249673127498 0.35119008890089476 0.8272880614145137 0.23046118688429784
473 31.716560024827704 14.921768223686012 -18.74162326702127 0.8114430593630422 -0.44368980211758613 -0.2506306231656334 0.28615347567347577
474 31.206431782170004 15.969504170280967 -18.459459423081118 0.17882922278739802 0.606110768084473 0.12026242721039881 0.7656283657824918
475 31.45145536456788 16.41833441878811 -19.548960625227433 -0.023239612009548015 0.6485037034707003 0.3100229619602779 0.6948299288860603
476 31.446537432838205 16.42506360030721 -19.61126980719616 0.21943495347369604 0.6615992265819775 -0.30917155883639885 0.6469526348866638
477 31.327452643553237 16.292188915554938 -20.584107376692742 -0.08996666843853571 0.5243510130018312 -0.44497351861416945 0.7203891874994721
478 31.365612048918155 15.585895549401688 -21.21595066258117 -0.3576538173038499 0.3828845676121691 -0.47106706292611045 0.7096329875918923
479 31.54155734916077 14.62004512174267 -21.36856984492528 -0.5687696136966734 0.17322660769143552 -0.44101419425968036 0.6723095636569058
480 32.06560556635204 13.894996821558742 -21.123210023679558 -0.6339973207303342 0.021960989695179726 -0.40713509808225834 0.657119566097309
481 32.6482528339991 13.332925182806768 -20.621093474741755 -0.6367915135031593 0.14351456076152294 -0.13235565837481822 0.7459102619457325
482 31.771519101637953 13.668565650896243 -20.633042267430028 -0.6494611806722496 0.0035576066217993386 -0.27256728873838726 0.7098553312786605
483 32.72288263316068 13.183027446775661 -20.23753161985032 -0.650733924406036 0.06574167319251986 -0.26215601368168195 0.7095756594779004
484 31.883378051473855 13.63073394808604 -20.32867036696919 -0.5754030186474787 -0.014951369656689247 -0.27919642837048386 0.7685942863838658
485 32.67026202290141 13.286718011507276 -19.903416506511213 -0.46380244261705794 0.21719989978656867 -0.19651196770950358 0.8361187381598946
486 31.980877071824263 13.815850565888722 -19.73370178478819 -0.5163431605251636 0.18290605236253438 -0.23817685551620488 0.8020018092775426
487 31.99386355601186 13.77702271960817 -19.737408324403614 -0.08969384093871147 0.5059532851934242 0.3124335320150597 0.7989690708483259
488 32.326298568225866 14.267903110471666 -20.57280771058975 -0.06810428435735802 0.5059578928586276 0.4237750316269848 0.7481865674253834
489 32.19926517376416 13.585834047485584 -19.76043344726753 0.816591052530859 -0.49422557993197946 -0.0368569682913161 -0.29590825090864853
490 32.64416960622604 12.929323919965997 -20.07288269111467 0.7528847740639074 -0.5951189441519733 -0.08264423365238976 -0.268640819568042
491 32.38481942719109 13.794911831002883 -19.688667698659508 -0.4262130791735781 0.5040699923844847 -0.3153865343018632 0.6817530255891382
492 32.61378473611832 12.92030985180462 -20.209129602895068 -0.3708015218075823 0.5239490457521352 -0.4124370889403473 0.6464358255442076
493 32.530288332504355 13.911094744810464 -19.845053256560018 -0.38721218896673415 0.6609788456337858 -0.3651924426810688 0.5289689652038708
494 32.34988038041956 13.150102135866955 -20.236366559688612 -0.21262154157237045 0.7414098112052433 -0.3391794826922404 0.5385729759546242
495 32.59588091901267 13.80514857808342 -19.498772267413663 -0.428469889151514 0.2395062977871253 -0.1700375688775955 0.8544808438935256
496 33.58811622039565 13.236381691939386 -19.928870436607646 -0.5499075857680019 0.11578327948947442 -0.1718506640027067 0.8091126179879409
497 32.76151306825174 13.58096548999117 -19.835879790601492 -0.5186785974582264 0.006858182909009485 -0.022950570801032247 0.8546336929736978
498 32.82542209078622 13.521917582852803 -19.90624028127927 0.3219566129672078 -0.07486060379964216 -0.1728519656946814 0.9278265071234607
499 32.831079690137116 13.500659791925539 -19.85196600097746 0.8957186643153341 -0.15579374469045212 -0.09707110955458557 0.4049612119726059
