# time x y z qx qy qz qw
0 0.6619042259421316 -2.270711259292552 -12.832645478233992 -0.002256529089124447 -0.031532477293657206 -0.02724798172891553 0.999128699639789
1 1.9394380283659887 -2.5864795773537628 -12.485509011543206 -0.10273240459272726 -0.3985944512911193 -0.4721106824187537 0.7795383377311379
2 2.133629113631881 -3.5130603371556575 -11.391326825981059 -0.16974211135822984 -0.6814179329159592 -0.30482562328555857 0.6433805683425223
3 2.0665128668127566 -3.729329596098469 -11.043762381217048 -0.49883977476972313 0.7159426976098261 -0.19022823741737074 -0.449886819695724
4 1.9111607885357804 -4.682086203146426 -10.030695114034076 0.23619720361969013 -0.7069053943922204 0.24035145918872647 0.6218736370415364
5 1.7065161962293038 -4.762097088880972 -8.627347482690855 0.38548775084683606 -0.6738938049645744 0.21142371193956855 0.5937729764877189
6 1.5325554968863069 -5.031401058942844 -7.292492622646054 0.6393248738463989 -0.4558022639239093 0.09182762895855678 0.6124342319326871
7 1.3830889695493596 -5.034826672089982 -6.924149019742077 -0.34463146510498194 0.8005462950137838 -0.39666251368938577 -0.2881208653202991
8 0.8235098890474445 -5.3607753796611135 -5.741629139946014 -0.2129434250931738 0.8898063557287001 -0.3099936086809196 0.2584641359867615
9 0.7981726862790965 -5.3528149402382645 -5.376680377728531 -0.36701443837041586 0.7701263763631526 0.43575390902364436 0.2869221100368954
10 0.7483728741671378 -5.411818847789993 -5.415374319925247 0.9379747375407446 -0.22518890642823186 -0.049246875028461506 -0.258975082695141
11 1.6390799430131249 -5.832133676890868 -5.590558592741612 0.9514525304989265 -0.2907639828865749 -0.05485479922671493 -0.08476638169064554
12 2.5895751851685183 -6.348908839590481 -5.659404281712865 0.9169786021712059 -0.3970880157832854 -0.036829864053130525 0.010719701267435206
13 2.6116761629871745 -6.339592778343778 -5.685946899711689 -0.6896858626032503 0.26598561368298546 -0.29083050584222775 0.6074559087789401
14 3.336400805243969 -7.100469039027242 -5.559091478336733 0.7031062587868423 -0.4165654130215552 0.33656573306873566 -0.46780161698400985
15 3.8215132336299527 -7.956769436550639 -5.361454758897563 0.6926931468004698 -0.4600531317944559 0.4374065029612065 -0.34234904917208364
16 4.117086275072011 -8.879114733415836 -5.060910975190719 -0.5668892321717276 0.6087247801272034 -0.4654943475639476 0.30233384344603514
17 4.1033391474845855 -8.883485231571246 -5.1865572333838905 0.1443805604947579 0.7970990016133833 -0.27215761462929977 0.5193434972900319
18 3.6689100970611404 -8.998995829364299 -6.037631536853348 0.13418327046807751 0.6913029360282669 -0.4597772471090957 0.5410175446378456
19 3.3261458294863555 -9.311878528178827 -6.873180542495913 0.2455667076776859 0.5863338329617949 -0.5427127936129256 0.5489739994330577
20 3.3944357918322083 -9.221631074835896 -6.890408681157349 -0.2821993595640928 0.8439677400071656 0.10901482185127427 0.44294214509972235
21 3.464526998562856 -9.196229635717227 -6.941624700677997 -0.09608605014253502 0.3631263554792731 0.36507516054653216 0.851837336629636
22 3.4389758881246935 -9.152673105512974 -7.025126832845786 0.6887774874088187 0.44627458887704025 -0.1015182540329158 0.562244260317089
23 4.027189941179052 -8.689813744686004 -7.536073094928995 0.5712692741921512 0.4463818407727383 -0.23503649576669017 0.6474198902181202
24 4.373663192765613 -8.498054576847352 -8.37608763920269 0.5593435679528919 0.6365054764531998 -0.20740720357430312 0.488853560220548
25 4.4652769087950945 -8.458612591440767 -8.455282781718527 -0.1814944206023139 0.9021236486846893 -0.38811369439869087 0.050994685941323656
26 3.5627118188243148 -8.734004107160366 -8.424598956330808 -0.03657048238917441 -0.6983601482806143 0.7082239645869035 -0.09682210024632248
27 2.593363449915947 -8.761556331194516 -8.59930959957665 -0.11829459537012146 0.8135983872383465 -0.5616186709989724 0.0929974267102414
28 1.611344488069143 -8.965475444785351 -8.571041315551081 -0.21158061427533464 0.7548658149355654 -0.5603851612686379 -0.26716982639223313
29 1.6091988106020998 -9.024185754990992 -8.573818696753548 -0.0576828793541265 0.08023956119562564 0.9950161559627966 -0.01330968149754757
30 0.5469802523795503 -9.065861233915703 -8.886933472560495 -0.33472067776409037 -0.1396457470160909 0.8857016929382416 -0.2898165701677478
31 -0.060056704475613315 -9.52296683641064 -9.566623400735462 -0.4401096068986311 -0.4020703470509247 0.6816392643730417 -0.4242768944956344
32 -0.345764872089101 -9.749642740228511 -10.554624623481306 0.2180440870792935 0.6543311482802452 -0.6216135419354135 0.371354451922306
33 -0.9725812310115955 -9.932166839414098 -11.398512138387487 -0.38983844407463325 -0.28803469901822354 0.8117196502922138 -0.32584230697139055
34 -0.9842905989450687 -10.005678570926754 -11.533601728220827 -0.3537966776131261 0.6772923481929182 0.6009640860119486 0.2344038252952729
35 -1.6158417858349388 -10.200410818400856 -12.337751234281791 -0.2969761873792538 0.7512584811530887 0.5119642862506161 0.29207603158960643
36 -2.3000240449933007 -10.312840516165517 -13.128851595490591 -0.11257345780607744 0.7857813414704657 0.5487208378855256 0.2622600657070484
37 -2.334423548300353 -10.295400631254706 -13.189315705297807 0.04388205769874549 0.9213473304780917 -0.2894558468373983 0.25575139171598715
38 -2.3421829130284664 -10.384778280488023 -13.17911355525346 -0.29716982292243355 -0.21517532448672774 0.9070733918124847 -0.20641593432213007
39 -3.1409114328357064 -10.67358444225256 -13.845093711223164 -0.050410354430145195 -0.13941369183941202 0.9830907092097508 0.10749547041340826
40 -3.0407861717206752 -10.69422992418166 -13.88379485767462 0.6672622573322801 -0.1918256125727151 0.719631222305857 0.00974259634371944
41 -2.9799997330464483 -10.692413431196917 -13.932249671924312 -0.17386488096656963 0.716863216872618 -0.5652709159610285 0.3692518422839622
42 -2.8971344746326784 -10.683143580359738 -13.974826102122174 0.6035488757400406 -0.4816823283883077 0.5449212533008462 0.32675941732776864
43 -2.845358787809096 -10.96356084386254 -13.05455834266943 0.5451779941321816 -0.3011392855183594 0.6071511615286017 0.4934202595009479
44 -2.7656848700746193 -10.641460817920022 -12.02400857835631 0.553628895863666 -0.28353040360642723 0.5337128641277021 0.5729364140636889
45 -2.516863745372569 -10.305693860038462 -11.055091650916408 0.5913966887598493 -0.19554563967115934 0.55275375050431 0.5536019785305322
46 -2.2897938208249857 -9.856218703313512 -10.220454753768069 0.5389203458716142 -0.23438407971108313 0.6023542285021705 0.5401836237698756
47 -2.4477452505138593 -9.828033581059982 -10.233248555150984 0.8379421173589163 -0.4896669181340546 0.08878006315143248 0.22404780210477845
48 -1.9972353271610952 -10.525175333158492 -9.770559242630686 0.7457951675203031 -0.6376157555984014 0.014820678940947527 0.1923955919239585
49 -1.7893518695784911 -11.426020690865533 -9.452825504184432 0.8041725352639113 -0.542570326103774 0.06552732166146415 0.23373092408737178
50 -1.7554463384724959 -11.448138453862258 -9.386974762464225 -0.275175171192573 0.7495449528026218 0.428285763380619 0.4231220790418952
51 -1.7264913975790541 -11.354171816464282 -9.33017472457301 -0.1240972743714756 0.879066385396283 -0.24834970216062124 -0.3875107508142365
52 -2.384994162700447 -11.34308408509961 -8.501322153960405 -0.11533299052418228 0.8443329462929835 -0.30520123489745205 -0.42503221444736866
53 -3.0093186488875805 -11.23472407990605 -7.795133644921873 -0.5707236035418404 0.7004303827174508 -0.3838845607080299 -0.19053737527452358
54 -2.9227470376233633 -11.1432617710492 -7.918604006504658 0.8262008356923332 -0.3705210796704549 -0.2884773189216437 -0.31126699967858806
55 -2.8848380636495627 -11.12142079476601 -7.996968803595516 -0.4859914117865933 0.7660552626144407 0.42053527370366667 0.011034756969397047
56 -3.314479808686105 -11.776575505246713 -8.314332758511314 0.8228043519081627 -0.44678890645677016 -0.21272079618311115 0.2795040865879641
57 -2.809890869924994 -12.606096341240509 -8.4656315131655 -0.40656166389745974 0.7747352183594233 0.41458038177439316 -0.25023201619755975
58 -3.3407881957407257 -13.474457808724788 -8.544816306194582 -0.31859434802982245 0.4543078200112974 0.8247896164706512 -0.10873883686259957
59 -3.32136542242293 -13.466686619220555 -8.57485458889265 0.328040473956961 0.12592997111836868 0.9078069950920223 0.228948792270704
60 -3.3208941321602903 -13.393930702561732 -8.584981047015377 0.23587304095873718 0.18232010219044148 0.6431893686924295 0.705287689448195
61 -3.2688516712332696 -12.428979038553086 -8.702862385500422 0.5349020326953988 -0.38851305414383397 0.6913374028528716 0.29153047455594294
62 -3.2853015501984157 -12.503646052671586 -8.788342868930831 -0.5579620316451914 0.2356673995033129 0.16254068843433372 0.7789221865225114
63 -2.5412988720083503 -12.524012856551309 -9.448673305050194 -0.05447909703733359 0.19306677348514154 -0.22741906849005064 0.9529101826768102
64 -1.6891277254942663 -12.945550745579224 -9.83610481076162 0.22837250610135884 0.15061378144763257 -0.023541663360277704 0.9615650146408516
65 -0.7771375184873411 -12.913350657864877 -10.217044972359863 0.2414334492015265 -0.18628884700160006 0.3401545124562369 0.8895511580258487
66 0.0074265172482354275 -12.454057238607964 -9.886065300116588 0.3602885355265703 -0.5321199307114416 0.6212480977058855 0.4484321036730016
67 0.006657735517693197 -12.510472575015722 -9.932630035541171 0.7964166889659051 -0.05536772487400801 0.5591629161090585 0.2235882506467604
68 0.44159654660718217 -12.3632870970522 -9.071099797024154 0.26765515041206606 -0.22486487555350917 0.8466162493854672 -0.40129469779288685
69 0.4823542324467561 -12.47003535801087 -9.038922314200263 -0.1566392797486518 -0.4509667136859046 -0.25271625488245514 0.8415626261338739
70 1.054279055412779 -12.69066035133686 -8.194037191408425 -0.5253585828704382 -0.3779835383044963 -0.027587962414047658 0.7618173721470393
71 1.7709333335560473 -12.312901493990164 -7.684112819233271 -0.778969707656304 -0.18604644102596024 0.1996223513137394 0.5645740280879056
72 2.630908433774263 -11.83017366724623 -7.7797151790839205 0.9279956242530377 -0.013904489292375226 -0.2950655331706714 -0.22708394412517066
73 2.6872372258513186 -11.847757465185552 -7.795272862246821 -0.5005785402718165 0.7464431278246851 0.3656613611659679 -0.2419412137129457
74 2.7584532661502803 -11.982290610359184 -7.802002829307527 -0.6062926068805973 0.7409791501866407 -0.2866510371074409 -0.03450154715142528
75 2.5019495410792474 -12.999061195442202 -7.34417171268931 -0.6085040404140191 0.6948720378306046 -0.358647501682412 -0.13508387534386898
76 2.2742579396469615 -13.761810277424276 -6.716302211065249 0.7053529038690765 -0.6393610957631499 0.17923589379799493 0.24813134546532828
77 2.309509971456942 -14.617639550058414 -6.107336186043988 -0.6665695922087757 0.6935385709353192 -0.05000317854471933 -0.26867994250231164
78 2.3660260411607323 -15.516435163820098 -5.729652557332498 0.5949293212044653 -0.6132030764903436 -0.09786808515828581 0.5103556873998739
79 2.4423681779506095 -15.588099843602906 -5.660716734411298 -0.1467759481886802 -0.16497276795280827 -0.6210780106674719 0.7519992762846537
80 2.5713427280889842 -16.535313280198086 -5.158000647457683 -0.34762457672104363 0.029233678951504128 -0.7194913844818084 0.6005286781919056
81 2.4461863040279668 -17.438483866018927 -4.793221690949788 -0.2671800346025556 0.23146261252776226 -0.7258891021582364 0.5900211008764834
82 2.2041753796503842 -18.43842867657067 -4.676965097797407 -0.28305376163254714 0.3732769471240854 -0.7276825078697967 0.5010220120031923
83 2.1815171996708838 -18.419741973207902 -4.766499941872396 -0.3603952768838809 0.9316806318000753 -0.016166014519390683 -0.04272124416449459
84 1.4238731990417053 -19.117596873201745 -4.654394594685465 -0.1355757895163247 0.9272421666270458 0.007688880331743538 -0.3489728511575815
85 0.7080742147428111 -19.336075176120513 -4.0766449811729935 -0.1825860694208369 -0.8022518464586189 -0.17966652277727177 0.5392348678454439
86 0.7328803912886149 -19.33967843984063 -4.072925709132325 0.48150534480734036 0.2802071376311721 0.7818453994921357 -0.2799184421139477
87 0.8775031528482045 -19.31423065136617 -4.057036019728617 0.5186694439881961 -0.18740708186491833 0.8141123878856152 -0.18188351610588044
88 0.5242535473166229 -19.741366421480553 -3.2776489182516926 -0.3017119358536036 0.3468954985059764 -0.587970762220331 0.6655252088792732
89 0.571242778832782 -20.708901016705298 -3.4873920948115895 -0.32124038488135315 0.38165826478062986 -0.2768232414775922 0.8212858680287612
90 0.5908844529463252 -20.709617459620457 -3.497974220228368 -0.14355169384298808 0.9071879627725729 -0.3358601840350463 0.20880816117983128
91 -0.2709083715556278 -21.055926199270463 -3.8202049281782804 -0.010447741429789827 -0.6214083628055181 0.6260499341899431 -0.4709606896919953
92 -0.7116311143057324 -21.544646522075443 -4.58272042368923 -0.3765957046695208 -0.31334752653894904 0.7996256427707302 -0.34725759064400563
93 -1.198166830379307 -21.826977825007365 -5.458307808740718 -0.2915351457482401 -0.2723433175474584 0.8972307901969665 -0.1892439835326937
94 -2.0049228577982214 -22.009832566418364 -6.174687548376039 -0.2108697681356088 -0.30833506497956686 0.9234368879757592 -0.08790757940090749
95 -2.1060714507307883 -22.069151782371787 -6.212247249019486 0.2665064633815934 0.852502089716604 -0.44790689454096755 -0.03992375016618348
96 -2.9609090043201465 -21.68276258807115 -6.453513186707025 0.08661072558934478 0.9038986524387631 -0.38633740315082665 0.16189261644357306
97 -3.843506173600488 -21.697288312359188 -6.9039167421754195 -0.08950494979141602 0.9606514400814009 0.2096971593090533 0.15863409472770224
98 -4.824422449301477 -21.786851885350192 -7.274979156664684 -0.33838165665345377 0.7274874130182593 0.5559774239378851 0.21713825644473092
99 -5.508919674873463 -21.993236187738884 -7.983383957077352 -0.5097697099810635 0.3031336841296166 0.8051185421121471 -0.005380100281845276
100 -5.953393675725736 -22.31293653710235 -8.868297436942887 -0.34932061730016734 0.06536490077595034 0.8514030202687707 -0.3857660342134756
101 -6.391720419826697 -23.012960229068426 -9.438095207592044 -0.355530489427905 0.38201021241404265 0.8116518627686178 -0.26246432588594704
102 -6.970629316456488 -23.677764945836383 -9.820728273555364 -0.38819195074886914 0.7853526361975858 0.43391727210866143 0.21034268981133905
103 -7.577987589403455 -23.995107362163203 -10.52965204395402 -0.0065995892318471755 0.9726856971006467 -0.1853831007102513 0.13954241666552564
104 -8.530174688379855 -24.022551841145365 -10.861500370891298 -0.22648089346438793 0.9172588235940146 0.1364620066065938 0.2978603299994768
105 -9.283438233005857 -24.43110769233688 -11.513483212310938 -0.1927344493088107 0.8888247738405262 0.2747667875246281 0.31200507356509555
106 -10.075303853107691 -24.576462458876243 -12.256281281504565 -0.295543124260053 0.7972506735517735 0.44964687987801844 0.27361160180045513
107 -10.697028455316692 -24.866782222069382 -12.95591199697897 -0.2786857492220414 0.4395434738268911 0.7862929977402079 0.3329851490704293
108 -11.255744295014155 -24.613706196912727 -13.760788918528746 -0.22604395272966138 -0.04619552774767378 0.9521055127011656 0.2006618980636726
109 -12.07000639382701 -24.177334145331212 -14.224381629051118 -0.33790041128984455 -0.39312757473786114 0.8504974587976338 -0.08903984843683282
110 -12.13273215348316 -24.121753464680257 -14.281442843784552 -0.34886456132699856 0.10937771211374915 0.916622647309729 0.16165690947741357
111 -12.864928197371222 -23.92179128414223 -15.011082060978621 -0.2268712523560461 -0.04429061299382475 0.948749646173913 0.21550379425871732
112 -12.87248285604092 -23.909679537442017 -14.964880973608997 0.8720121865559881 0.00029023130683141065 -0.46054084266628975 -0.1658215742895129
113 -13.02928849628651 -23.95422643778712 -14.990264632642322 0.9448898387128785 -0.15490361766628433 0.28338515451543617 -0.05367416633085225
114 -13.05866097607233 -23.970924300595005 -14.83511964854192 -0.5979379181532208 0.7547738659199682 -0.07915034870055818 0.2579183585156324
115 -13.336755537027393 -24.895646436476966 -15.120899121931457 0.6175514023886687 -0.5616951390835765 -0.3195402148721588 -0.4483557596564649
116 -13.238861191797769 -25.40166386858969 -15.899683360640527 -0.5862485250176385 0.4797555332581688 0.41432918558729576 0.504458740823685
117 -13.059690340590105 -25.5669631657674 -16.924843699667328 -0.22382282045670812 0.38460062989162025 0.8022407534933091 0.397989288755687
118 -13.717672070226568 -25.01847118771367 -17.53280235445483 -0.1195766666919437 0.34479884661109267 0.8684145125994124 0.33566562300185876
119 -14.461916571071754 -24.485435474140914 -17.988987220184157 -0.1732536811261962 0.4184538909451916 0.8466437753292074 0.27941693009793694
120 -15.254806916419913 -24.159576601392562 -18.397904188510562 -0.2671570324959652 0.5335639951277832 0.7408427055819451 0.3083645061891113
121 -15.294102483006432 -24.13673146197499 -18.37327789099828 0.21019613741766177 0.6729926539714868 0.6755768493397013 -0.21562558324871758
122 -16.06240050819997 -24.149014073004967 -17.711338545800245 0.20543971336373212 0.5854613876373642 0.7726710200872996 -0.13419755018632337
123 -16.937728038044003 -24.15760592539938 -17.22962646157826 0.2019137316538987 0.5412716393142682 0.8013118129898491 -0.1554195476977208
124 -17.877664379989305 -24.147821967518073 -16.729876365536313 0.10666683923830153 0.6252357500299708 0.76181819393726 -0.13166427639092168
125 -18.847799343545322 -24.25758217671898 -16.425311835550033 0.009620728456418436 0.5116804950608946 0.858855349582724 0.02140095912206212
126 -18.862338830039583 -24.285496724244002 -16.428041528623766 -0.02042621346002883 -0.23595363419861734 0.9629313634471457 -0.1291194857562879
127 -19.855512897632785 -24.430083163880315 -16.66271014836332 -0.09708599230850937 -0.16736979213266487 0.9709923714946999 -0.14048301419759332
128 -20.761058751501302 -24.59037264671488 -16.81956797206162 -0.006774023929785685 -0.19389635380274803 0.9764874224648689 -0.09397143368975251
129 -21.784861649676042 -24.678121161371532 -16.934068412695062 -0.09762806578983733 -0.2584120975467247 0.9475395095062678 0.16081301730973452
130 -21.76574145663339 -24.70799145070367 -16.738395427832877 -0.08734758074351848 0.7369715980302125 -0.6682659038714254 -0.05161342420296267
131 -21.793529482642086 -24.70716253127951 -16.73855905580749 -0.44034508561708674 0.451627873163464 -0.4268568321317758 0.6480136685419231
132 -21.55514754606353 -25.65203556686842 -16.968953203731175 -0.3801126402617404 0.5348449302737878 -0.18458235598682307 0.7316998258384536
133 -21.20412657516109 -26.262377921974508 -17.598469884506994 -0.16541574976115772 0.5306413789528202 0.1564929552817663 0.816435736369485
134 -21.243378122695265 -26.257195125287197 -17.599799044560992 0.46131531657081853 0.7667456007340867 0.061372282155235894 0.44217960766541836
135 -21.306877222249046 -26.31265940798601 -17.47218063433984 0.7892175153803969 0.4526884190610621 0.31295900890590106 -0.2725170956278223
136 -20.916534145793655 -25.780699763698262 -16.69381671968197 -0.704325917818939 -0.4440657296366905 -0.22266061646997698 0.5071024345474008
137 -20.385962508473778 -25.397317745467912 -15.881374355567909 0.874659332052794 0.45903861051778033 0.15294223468532353 0.029381622765350644
138 -19.78281773321048 -24.6212423907388 -15.7019435686675 0.7599524469306866 0.39110344137579245 0.16676712267317834 0.49162903020812676
139 -19.750961563039365 -24.679943969251877 -15.717550810628886 0.1697914410311092 0.5835228590932874 -0.41446733042886397 0.6774132944335652
140 -19.77152761193069 -25.13726669999506 -16.616090475407955 0.29036783879268835 0.538379671198384 -0.37721052590457366 0.6953747672888189
141 -19.750507624044904 -25.217675958570673 -16.550637995223624 0.5076294798449671 -0.20151353332038396 -0.6497901866081746 0.5286561457779352
142 -19.646163870050035 -26.17780741957529 -17.050206049013717 0.5423366974513895 -0.29287278854314513 -0.5554425682664649 0.5581935055928489
143 -19.42664127342873 -27.157009183571468 -17.38187903167051 0.42470608771825474 -0.5189050303933822 -0.5137694290822682 0.5351665929670444
144 -19.30172867467524 -26.315200141040716 -17.52055695741441 0.6120582275020092 0.45421527458099786 -0.5058667548864263 -0.40394558641614636
145 -19.16865184839628 -26.39551734433109 -17.52944655110962 -0.7116561296083008 -0.11500134029161621 -0.27790053937758324 0.6348949008581787
146 -19.232539568199694 -26.327965991952805 -17.53095624907621 -0.5981047379613814 0.2837960163745295 0.4308034918374226 0.6133016345476182
147 -18.750132425955293 -25.999520108898377 -18.456753065514686 -0.6414221648800196 0.10035713385730484 0.450414208953449 0.6128891355354672
148 -18.210657134432893 -25.582615488427663 -19.137250596665897 -0.37050376965717985 0.09669353065972693 0.7264951373613511 0.5705980487073989
149 -18.25325019413155 -24.85518879149771 -19.814718589796566 -0.27867382843621813 -0.058533572949620825 0.8121386849799587 0.5092597319064773
150 -18.601547713019727 -24.007096159275964 -20.08060933407858 -0.18798749131713388 -0.041810675795449344 0.8114179110626354 0.551827458635919
151 -18.54361401436617 -23.948922022336138 -20.0105283429288 0.4147963557040855 -0.3938161836085257 0.6914303986056086 0.4413352475235976
152 -18.799453881293694 -23.699733520003758 -19.1444548285786 0.31634019482407194 -0.34685639487878067 0.7437113713510977 0.47593373340563866
153 -19.10484501175378 -23.305501846157185 -18.26097659047316 0.31626034346671394 -0.23035757697272674 0.7552880896686162 0.5257895809982155
154 -19.314675606363178 -22.626053658388873 -17.539775348307334 0.2682311599651541 -0.23785823617418472 0.7988253601846163 0.48306681549633923
155 -19.254893703874878 -22.5979236831348 -17.57537094108077 0.015580756248481117 -0.35665789077678733 0.8836259506397126 -0.302915117380168
156 -19.346627278640625 -22.610735479162 -17.550403925140245 0.24792957938575558 0.30417187206724566 -0.47795415338361685 0.7858563629392186
157 -19.383974493976776 -22.67556532638549 -17.5835092481748 0.5145388613768539 0.740755557088516 -0.13567615038735353 0.41002798318109657
158 -19.360223648338696 -22.704779621499224 -17.542153366780088 0.9002757572822104 0.2004209652896825 0.25355709495290507 0.2916226965126989
159 -19.24963440466438 -22.820467424815394 -17.50542075233333 0.7362301810525925 -0.10530266627968074 0.5861329955633319 -0.32144141067014254
160 -18.888107643378305 -23.362673537646796 -16.69752636240437 -0.48596540327802223 -0.16734062869020824 -0.6962772986866377 0.5010315999415966
161 -19.006779985950796 -24.02069436199731 -15.812188704905571 0.07049617964499422 -0.43376499226160437 -0.6754842949163075 0.5921141675936809
162 -19.28748644116421 -24.882399880020436 -15.309718808790564 0.861201793942125 -0.1844371956895753 -0.3356603699287894 0.334135462075333
163 -18.593408643040544 -25.431732329530426 -15.771301810157265 0.928488154360678 -0.24148276355495873 -0.19670757913632902 0.20224230622716896
164 -18.63112322187215 -25.484617820721336 -15.792467341584322 0.5741882684198596 -0.2263297842427043 -0.27505027035613794 0.7371770546827082
165 -17.883514586915307 -26.116200928943723 -15.812671693151024 0.6354979149536654 -0.09395747719193549 -0.3294278601312632 0.6919477419130772
166 -17.014796617098092 -26.724117670525203 -16.109473545972154 0.6469741718714328 0.20442745121665168 -0.42166366293846363 0.6015260538643782
167 -16.397984047588434 -26.984272634034973 -16.832961662298707 0.5151230198964497 0.7444895005103833 -0.36870199063179515 0.21081389922562788
168 -16.723320372464485 -26.356550871460794 -17.526389298513404 0.9425451535589305 -0.025999206955891824 -0.30085607597632563 0.14289260403662363
169 -15.918754218442814 -26.445099023243685 -18.197784316705427 0.8197223865107894 -0.10659854191351632 -0.4565487994007494 0.3290215094499219
170 -15.40449951499737 -26.971918144710347 -18.843739265471985 0.7740976878565928 -0.18603997170907985 -0.4726515321227776 0.37783915594278505
171 -15.435972130695921 -27.048360804837078 -18.836613591522028 0.7478703603250089 0.27189620546901644 0.0768586367863526 0.6007121836205912
172 -15.402130380468716 -26.994345247684905 -18.84488816288752 0.32260854970284925 0.6880444339819315 -0.3632678484537407 0.5390315860920312
173 -15.34346558224929 -27.046206946786285 -18.826948158208562 0.5549144444411377 0.42731990057283137 0.12654931082316886 0.7024620515409992
174 -14.799737027189519 -26.375346631010327 -19.20291725494026 0.597098326591492 0.44251124481994947 0.16130621194094405 0.6493363478035141
175 -14.25668891483395 -25.6657772520425 -19.64993476153856 0.6651342217274228 0.39371404218683137 0.23348294645618445 0.5899757908474811
176 -13.639417616650608 -24.818413023372166 -19.866010585338188 0.5780359715622537 0.3665597045023293 0.2963647676635733 0.6660903265345904
177 -13.620651615703917 -24.803697495076296 -19.87638699260711 0.5755823086364935 -0.1670057641378661 -0.2661870355675666 0.754955987343076
178 -12.748983060879842 -25.40987971067774 -19.91860883181949 0.6469506383050598 -0.03185869714091425 -0.3443963132340994 0.6795815436310193
179 -12.60466485845759 -25.45823007499229 -19.92778394132854 -0.17153367221699634 0.25020998269475525 -0.3219657365003468 0.8968328876526724
180 -11.88428011012006 -26.152987352400448 -20.404562843210595 -0.09494672873189232 0.21731049131440586 -0.32312735792601716 0.9161604551755962
181 -11.13266067660616 -26.76546960174208 -20.772439570621895 -0.3640568849436533 0.1904376209051119 -0.2918660917382105 0.8637188672030894
182 -10.326375502071139 -27.370785657105575 -20.857738436849893 -0.3363662055577353 0.11819360176130607 -0.3496122870549039 0.8664059654697801
183 -9.61687457182081 -28.00186848417726 -20.899816914312204 -0.411389098160339 -0.11549192198248127 -0.44189099812607757 0.7887667409613293
184 -8.978365490133541 -28.652631461507543 -20.386154379361397 -0.517261286359768 -0.2734060914302815 -0.4656459080108381 0.6639757218114318
185 -8.46828822559987 -29.03028888476411 -19.588235401180775 0.513684544319129 0.5857274014317934 0.49830220291690275 -0.380455667204171
186 -8.466485101748491 -29.034895384536576 -19.653672042535664 -0.1645086288537323 0.8895413951074259 0.31985821666206626 0.28168020636310054
187 -9.163568072590957 -29.18192740135983 -20.294287300903036 -0.06205602620114145 0.8916839380303072 -0.13970032641044217 0.42606645382111635
188 -9.832089119702156 -29.449657365904116 -21.042528908606453 0.09153445245586428 0.8232624077152308 -0.26752667031919825 0.49222955287594555
189 -9.89464954173689 -29.484816444824673 -20.969648236214184 0.5657856219472934 0.2295694799871788 0.06571740190613441 0.7892184152329678
190 -9.880541808891255 -29.510786569757794 -21.03436283305065 0.22038466620231548 -0.6360668224034451 -0.3447765803418798 0.6542008147260624
191 -9.946442012144617 -29.585427061595567 -21.068041345058 -0.5900487456984271 0.4141284750718673 0.6887937663037831 -0.07683248880136058
192 -10.235558285526693 -30.22300308910768 -21.813105776534908 -0.39567566228669393 0.7468986251296951 0.5297168413568744 0.07059236528306632
193 -10.867791421565869 -30.796770509955504 -22.289817993773305 -0.26146620163327394 0.8785148419579277 0.2810519040838565 0.2843535212968939
194 -11.554896966373356 -31.151844466520764 -22.902409511114715 -0.07503151369056654 0.9792301822868377 0.16872344684150195 -0.0837312399150476
195 -11.453267872146982 -31.245727980579776 -22.85017460935313 0.4659151066858373 0.7370150107145635 0.22416300931733232 -0.43529637328736936
196 -11.416470186560973 -31.29526439312719 -22.81184934279239 0.41183328055934887 0.9049781573935942 -0.07639595194544611 0.0746427638192128
197 -12.02183387460474 -30.538765662358873 -22.912552809142827 0.3716668613447281 0.92773989451315 0.022294976844732944 -0.0257946954697961
198 -12.052162913747255 -30.527842435225303 -22.86843970566944 0.35213782037143887 0.4272684741820676 0.8209985884803405 0.13929078988743895
199 -12.82784469183589 -29.99625683317332 -22.420112589596325 0.39942946148480746 0.42677108222549476 0.8078077041805923 -0.07595565640895692
200 -13.618761523157973 -29.782479222163477 -21.700785532760936 0.3876262789133969 0.5764666245177213 0.7108736450003222 -0.10995798996367706
201 -14.331887289263033 -29.498876774827313 -20.934841320283372 0.3355958244483016 0.19801155759942815 0.914580488988374 0.10820995717444497
202 -15.052505364737511 -29.229759909639846 -20.392299836242373 0.30022240745713974 0.36179794186668346 0.8691726715769348 0.15332195637118454
203 -15.843452550231083 -28.657261251400957 -20.01207306857562 0.3380077446829198 0.6392391567558121 0.6866824528186364 0.07477482193533538
204 -16.687440455274363 -28.046607505318175 -19.731412035290685 0.2096418498511957 0.9574091769239322 0.19606750311199514 -0.031232946646706818
205 -17.536255380266432 -27.68531270223772 -19.624884831962344 0.1397133629154871 0.863486103430735 0.10354200120012391 -0.47344585687523427
206 -17.55102557806459 -27.695417252578327 -19.656723223731316 -0.678339877220198 -0.2121673499543924 0.3726716670128444 0.5966203610270913
207 -16.891193370949722 -26.87878878569683 -19.93288110044434 -0.5941664653775206 -0.07981232846915004 0.45699652607371755 0.6570771482875305
208 -16.36667742493395 -26.057638574740455 -20.367418898522853 -0.5415402239562657 -0.03148251031585723 0.24711379521268245 0.8029183081716322
209 -16.380673904459268 -25.99922745626718 -20.421713798888856 -0.17132439647250317 0.5432145404461065 -0.5946611560341103 0.5674011136096092
210 -16.38697247011094 -25.981014731443217 -20.440979782820612 -0.24541458963197132 0.29904461810093874 0.8895669325927109 -0.24292934779114012
211 -17.26118560387329 -26.552262882244452 -20.63766272243988 -0.24218744824979319 0.5530737977368434 0.71153376775262 -0.35940827969728745
212 -17.905170519380874 -27.26460251730325 -20.583686737069613 -0.23333483146693226 0.6147970621255937 0.7451405831890664 -0.1111077860039201
213 -18.786500046598775 -27.715748716664876 -20.835177600689942 -0.21635819162470193 0.7131791582787256 0.6165496459620432 -0.2538329276863251
214 -18.9116775764076 -27.66327818306583 -20.847838583825965 0.020142747159507854 0.2059422136786945 0.9589282730223143 -0.1940068080259759
215 -19.85176744279227 -27.972982440936857 -20.72888894447945 -0.007118790522574802 0.2661686529431806 0.8997005698040199 -0.3458937057915744
216 -19.860836583533544 -27.85003221658307 -20.745332597105698 -0.1712922404161651 0.17259188202366144 0.8412210267605257 0.48292669709668323
217 -19.849746318201355 -27.79038635361236 -20.811899894396607 -0.4312334872163941 -0.48126979242557777 0.7386293397042181 0.19194729727177837
218 -19.821657015518852 -27.74570620696287 -20.81253741774725 0.4953827449912277 0.8326200962369114 -0.15788567394627834 0.19081882839469594
219 -20.32208019088999 -26.877530169379934 -21.358262302403585 0.5261517171437686 0.8062243444705433 -0.09619416922696415 0.25281091498674624
220 -20.641946630002113 -26.054909495676203 -21.945260096987397 0.5476357804717695 0.760903460733937 -0.02901666251097945 0.34681264205174717
221 -20.649201961882515 -26.034413294581142 -21.92340720355193 0.4887937770824011 0.7656145736904814 0.2534319696293451 -0.33269686624321815
222 -20.915458385059626 -25.387431702618866 -21.12420773486802 0.6352503433297209 0.7469304966336517 0.051485978369227366 -0.18947566738091215
223 -20.85852089495967 -25.377834658066607 -21.169913350658906 0.4502033475273597 0.5482916444710721 -0.5041660138809614 -0.4924528900572645
224 -20.928937950216454 -24.499865366798897 -21.090024843799945 0.4082411244318764 0.6387416745598626 -0.4516027057957628 -0.4705350716163509
225 -20.890507776599637 -24.51511619641777 -21.11113324230656 0.6935006405543975 0.7182264917271417 0.05508360651780131 0.013166792508387717
226 -20.989152270218018 -24.530233061562516 -21.168196916763954 0.9938281485860782 0.0192458825420457 0.07528628184352042 -0.0791655407947842
227 -20.007308340860078 -24.478131198827572 -20.96287683433578 0.8443651094823729 0.2150322170578711 0.3464948284862606 -0.3474910665733384
228 -19.400462077662358 -24.370808326438205 -20.211538401520404 -0.7224407407835544 -0.1911914902219681 -0.346269491082029 0.567117826971278
229 -18.645745969573966 -24.592493247192518 -19.356390716024944 -0.5807676680054852 -0.383022827361774 -0.06838253886285207 0.7150708062128799
230 -17.93464915907004 -24.290934699373626 -18.699907516774818 -0.35922646290385035 -0.3286071373348216 0.26187347393296784 0.8333042549348226
231 -17.27880167843272 -23.68683887010496 -18.32984127390834 -0.43595678847915437 -0.29800735473204554 0.2481990815180367 0.8121148385777437
232 -16.546606878279686 -22.95457034787004 -18.087964666016465 -0.5677500214004283 -0.3696936675853208 -0.06679955976692017 0.7324782072949809
233 -15.853909286255563 -22.710019795949204 -17.442011643338756 -0.8323113271968411 -0.20840927229414144 0.03781033999437257 0.5122438950648178
234 -15.04783051441469 -22.386191713245953 -17.28563030985107 0.8775408125433279 0.25772220223019093 0.1849471872775785 -0.35957742798530123
235 -14.311749984740757 -22.146763907890193 -16.80415967353442 0.8435948520157603 0.265767777662639 0.2696940207723948 -0.3807628516128999
236 -13.720310254965039 -21.903275778366847 -16.119828691702974 0.9659816668950242 0.0780227531237257 -0.14254659782547982 -0.20117737612884454
237 -12.828495033292585 -21.692599835364096 -16.369247346590694 0.9699265591441464 0.11823132656004612 -0.20800934230167314 -0.04467590851760261
238 -12.840066906765575 -21.76507031117987 -16.365503398079284 0.813464273202085 -0.10816965209948373 0.539738114018368 -0.18777105970936397
239 -12.452407951001112 -22.19036035412214 -15.529493979687535 0.5696049586715299 0.008683821396196667 0.819404588906268 -0.06364669655305606
240 -12.471210400551001 -22.19601100413532 -15.537260226795723 -0.5236166107216129 0.619331537122679 -0.3794640553617054 0.4452652274657427
241 -12.45452991796779 -22.237037030284593 -15.467172607832541 0.22050535735602175 0.8012840976466177 0.3623877814696266 0.42189605127028074
242 -12.976042572451854 -21.510754515616032 -15.871302020178522 0.2638979254423983 0.7082844961704573 0.5563254333124682 0.3452433484970444
243 -13.530030009168955 -20.764761780946117 -16.11191726361236 0.23010264096977476 0.6072090037350478 0.6130722172182219 0.44999161867412607
244 -13.415565917933103 -20.79849132309235 -16.091958174036264 -0.19206043697406566 -0.17363680786274832 0.8233904839167744 0.5049664924525807
245 -13.820009156700209 -19.81054974505322 -16.29604020511622 -0.13503328888830465 -0.0516491927252374 0.8862946801033638 0.43997739919604417
246 -14.437756640791592 -19.06524006519419 -16.4529283194252 -0.15769369383364826 0.02352410519583858 0.8318828794284657 0.5315545036152267
247 -14.818243417164636 -18.205720840576614 -16.788455749602782 -0.1300830086503222 -0.08457014683453662 0.9098184623948224 0.3849112451077338
248 -14.846936753101996 -18.124542839845876 -16.781036189531747 0.329146289890503 0.7541671420605914 -0.5416487069886127 -0.1717885907301173
249 -15.62272968315628 -17.369597494360946 -16.82989649272528 0.20780551805867298 0.7313516848106497 -0.5908988627675288 -0.2697778971098869
250 -15.695956736913987 -17.34701871214644 -16.84145636626823 -0.3298304351462462 0.6787744554844403 -0.5691318611728937 0.3264445546044822
251 -15.80205481607216 -17.360871895089538 -16.743247909074096 -0.356281196517511 0.9333985052849358 -0.004310995372827266 0.042571758934697994
252 -16.633378831463613 -18.090892455635924 -16.896860294781856 -0.28922063677709137 0.9413582588918579 -0.13563502341155045 0.10862408619863716
253 -17.528413703547884 -18.621234049671322 -17.053733997272037 -0.3604288958263207 0.9301661682103951 -0.05762628437974488 -0.03951103540524878
254 -17.577562526032494 -18.67884866768312 -17.093487522984123 0.27081273130838995 -0.6348148144320822 0.6769895595026393 -0.25564771124200397
255 -18.34803348986305 -19.30393230036893 -17.20533876375726 0.28996673485006025 -0.5326355119366102 0.7717448509935714 -0.19138596884131667
256 -19.182745155694075 -19.927301804585543 -16.8925055887793 0.2894229520613627 -0.6096516537897696 0.6965271455506304 -0.2437399256637693
257 -19.904605117290426 -20.693888946199284 -16.76098197171063 0.29751534029868704 -0.49300485507574426 0.8021887116077584 -0.15787370309137747
258 -20.76872830958458 -21.31212152880191 -16.540166528095703 0.2883416966866945 -0.5627083436176072 0.7633803462395409 -0.13216971268095629
259 -21.550037644617216 -21.899547501461083 -16.2653500152137 0.18060949817671537 -0.5754054003636375 0.7652859932087114 -0.2250026288719256
260 -21.51943287717608 -21.86307863091042 -16.198051438129408 0.0322473222898944 0.7348303226723509 -0.2531916265606009 0.6283935926837405
261 -21.649293458684262 -22.15429497024594 -17.199368074062747 -0.14359801528130448 0.8496361324587043 -0.15584941694848398 0.48291718924128063
262 -21.62970389748487 -22.10531576693341 -17.140443185851147 -0.5167513545495386 0.502985798011541 0.1485044620058887 0.6766976794213654
263 -21.121294015002015 -22.448731850728596 -17.92357239577501 -0.533392510266694 0.30467657820414884 -0.09747075815416303 0.7830479321153063
264 -20.288726476173125 -22.813624832352833 -18.326377730656144 -0.3692879302779327 0.16558501152750887 -0.19168968962033908 0.8941269995933093
265 -19.467915539168064 -23.27930508926506 -18.524021803845745 -0.21616134336878395 -0.003270579423063676 -0.36245171394750836 0.9065827772463774
266 -19.402784242136523 -23.338189635704182 -18.509610935040907 0.06298897226916014 0.3335305434439168 -0.22476964009957828 0.9133829289252057
267 -18.760857978423623 -23.703660126165676 -19.150772032100747 0.4824904803814479 -0.21489128297931537 -0.30007945290643445 0.7943406037614824
268 -18.629149688756833 -23.66263138588384 -19.209667790190768 0.04414727772114274 -0.30236244284348274 -0.5632384622941665 0.7677176600938885
269 -18.473822961360423 -24.51823076745353 -18.72512431197915 -0.1355774044778366 -0.3493363831295719 -0.5582205437143037 0.740251770273
270 -18.43889298429353 -24.52027610733356 -18.623329636317276 -0.5036740320232962 -0.2339860550520447 0.014636376255614847 0.8314738552694715
271 -17.554718540899014 -24.206452799773352 -18.249544332180086 -0.7033507282747906 -0.04757364002883191 -0.1097262225490461 0.7007101097421407
272 -16.531488146295217 -24.237991594571238 -17.959976548946877 -0.8115360416488916 0.10013950195934912 -0.008345724129889051 0.57559680518653
273 -15.571995715642002 -24.334861085395666 -17.986406077453058 0.88394179057555 -0.046563296777909984 0.13847168645540137 -0.4441895567406556
274 -14.564689378754007 -24.516019087989115 -17.75470441859819 0.9495728437001979 -0.12365269781040542 0.15787159032883316 -0.24103523766947207
275 -13.675495458295531 -24.78469591651616 -17.549477412529924 0.9214369307294432 -0.022003778690588102 0.3055164586415506 -0.23901780249671817
276 -12.837717396345964 -24.94989243010064 -17.02142703586447 0.9295889388710203 0.04428732810675689 0.22587282864706174 -0.2878966873320801
277 -11.978793302220275 -25.077314008943254 -16.54110698216421 0.9280151540176762 -0.03577662684588681 0.24643520620885306 -0.27708770457362863
278 -11.964599395497341 -25.07902070290348 -16.46526220933226 0.47608876109096604 -0.24013709650620926 0.8136182805375048 -0.2317303605909972
279 -12.445536334299941 -25.609081610913805 -15.847775522435485 0.5584513787490423 -0.29390938767080926 0.7588973462892401 -0.16069893343582592
280 -12.742566391092298 -26.092603819068202 -15.026999787525492 0.525082074475817 -0.2104618623912481 0.8076905780164211 -0.1662243957019643
281 -13.091287019327375 -26.54202523139321 -14.221862526841003 0.5722404982973788 -0.310599239633284 0.7268596639198852 -0.2185038979374506
282 -13.094862938436012 -26.538198679363195 -14.299291384461842 0.13917890597422283 0.41611611875822685 0.7477639318426058 -0.4983228974035774
283 -13.04796087476585 -26.54415648775178 -14.275326886677853 0.5144093533738106 -0.22872061323777498 0.8171297713418084 -0.12397110561964574
284 -13.439342767159493 -26.978306720143078 -13.376349033489983 0.3986694528417439 0.010731317389136465 0.8814958907070651 -0.2528092183139566
285 -13.994841289575792 -27.41321507591007 -12.574463855275182 0.3479455706938538 0.11911833471822283 0.9228515200358446 -0.11441055080723629
286 -13.958323014278601 -27.440202991221284 -12.530680072798557 0.044410930299034965 -0.6173186907349268 -0.5782423387615774 0.5315835785676947
287 -14.4467966610432 -28.170885904002674 -11.942390124348785 0.08289769115889521 -0.6176777444036061 -0.5003286215144043 0.6010602693262049
288 -14.483204635077216 -28.0992897305007 -11.985757320098903 -0.5659043510234941 0.7504783978016843 0.022409304979803604 -0.34063508770533
289 -14.606702365225187 -28.94581227894775 -11.4833481840735 -0.15915470936994325 0.882508010652976 -0.0074680248699704865 -0.4424857265757148
290 -14.045394643290209 -28.745416644215315 -12.268185650027297 0.8957539781722594 0.05072329761478469 -0.4400973279648597 -0.03696348990344754
291 -14.155654576297632 -28.76765613156324 -12.2318105926963 -0.37052934863364856 -0.02096574452961864 0.9277508966385717 0.0393282741010261
292 -14.956005914386598 -28.76230522793397 -12.98412737904691 -0.491531880924416 0.04640986210168085 0.8688661591557348 0.03625096148480072
293 -15.48259482649513 -28.749260481831293 -13.811255314977304 -0.37519346066729786 -0.06098759759235291 0.9218228431064944 0.07584870427019968
294 -16.153132218938175 -28.601273097756483 -14.479867297624729 -0.43556098901820933 -0.22637502579387425 0.8703601211229677 -0.03891313532874341
295 -16.723291006273254 -28.486972809454727 -15.297128932384624 -0.15327342564397423 -0.5759033156236342 0.7826267658281452 -0.17982762150025888
296 -17.765284892958874 -28.614349462474927 -15.763659556774899 0.17468945944545738 0.698629255083565 -0.5357143107526823 0.44092055288318743
297 -18.236221856325695 -28.848068701603605 -16.5424622174003 0.18267974196039385 0.6590483510997038 -0.5321287006168459 0.4991216572839406
298 -18.21265491254559 -28.863297564539806 -16.562082209852225 -0.4847135977851905 -0.09819042352881799 0.8410540634273517 -0.21917899361413956
299 -18.70123729640501 -29.13834411772529 -17.41894945637481 -0.49594704774863635 0.0037699780580185602 0.8360278924012936 -0.2346905967905586
300 -19.077860290859515 -29.464883291643584 -18.240283514376042 -0.39484081062296383 0.06907426421407266 0.8902087579979968 -0.2164667352586745
301 -19.745036701106226 -29.972801681535966 -18.88646857302823 -0.29457159749885314 -0.04540943074154941 0.9318301135423527 -0.2070222138862093
302 -20.545387682644797 -30.374804550807827 -19.505790695947724 -0.17334182709737692 0.022179815239175817 0.982052734813376 -0.07094429378089877
303 -21.52880156508006 -30.50335811548739 -19.900412039903223 -0.09201875455525484 -0.49653385390103094 0.8125269625139964 -0.29118141411854176
304 -22.23645605021219 -30.84765855585618 -20.44935156215638 -0.19592437999088272 0.810040443891054 -0.4874022789098416 0.26055159776802106
305 -22.201718594137667 -30.85524866677806 -20.543559807158303 -0.10999309169843734 0.8981941014961621 -0.2786123516493199 -0.32175150865932284
306 -22.22607831450525 -30.85109385073481 -20.535266052105875 0.6843833060616139 -0.6497679913443858 -0.3060003764024823 -0.12563764344334885
307 -22.24664486536173 -31.485661599698272 -21.047563486756335 -0.6226987444238274 0.7578722453274743 0.1319638932308849 0.143043574964502
308 -22.4812451295826 -32.38962434507359 -21.415783132072093 -0.45965502163574773 0.7969226579348134 0.01896556683251767 0.3914994835627078
309 -22.381576361277318 -32.13296615950041 -21.180576590734606 0.48765841264405463 -0.1408324047648264 0.593474511276681 0.6246146898773212
310 -22.218223529608792 -31.483670465266783 -20.433297635074947 0.43807327781507727 -0.21710462340606915 0.5314399547708477 0.6917578768855651
311 -22.001633812200765 -30.905465602247777 -19.732675029255024 0.05308425338908755 -0.4225987023574197 0.3138171555165478 0.8485936552387425
312 -21.631105919306176 -30.426206562407696 -18.941411151691817 -0.3270126948213612 -0.13617620778010328 0.22417093688687267 0.9078910336133751
313 -20.80496465986822 -30.041177411071143 -18.814003210170565 -0.2071215394740368 -0.13257638313926795 0.2646278155053009 0.9324678491940118
314 -20.058566120625855 -29.554586177587776 -18.674817456329077 -0.5369133649812265 0.03491998036526525 0.11672475238816875 0.8347933670410577
315 -19.087243440124524 -29.399642477736215 -18.78030237683638 -0.6227318429748928 -0.009273095771198578 -0.16167810013794648 0.7654928173246959
316 -18.137686434765012 -29.743746312642042 -18.612453001917263 -0.7947933924457471 -0.08743490756160698 -0.09152932000234916 0.5935326308166834
317 -17.172876833720565 -29.703121722105557 -18.36408263258475 -0.7990099152136458 -0.13799049387886092 -0.12997933888188695 0.5706550187750561
318 -16.146161961168396 -29.609936976290594 -17.986696952106488 -0.7357259178692539 -0.13118700890577187 -0.21665693866551208 0.6281378140168641
319 -15.24924165511402 -29.67266149935934 -17.566039170341 -0.7569114412625686 -0.2058224492514578 -0.2478305057035171 0.5685967199278548
320 -14.40332792620554 -29.675733854914323 -16.901457173463143 -0.7259142846250194 -0.15233327162896215 -0.0819605825967534 0.6656767148042445
321 -13.504189063546603 -29.551044957203572 -16.664414015830612 -0.7391310393636168 -0.0936669736956174 -0.07724856735745173 0.6625288397716588
322 -13.56940232433315 -29.540134027337384 -16.685264161172995 -0.4912499425166872 -0.5319690872951435 0.5468446747982336 0.4202895261418376
323 -13.728427066085443 -28.498948678203956 -16.807697471269858 0.6180477671662071 0.38159600887913153 -0.5228155498080393 -0.44616739502936426
324 -13.551895236776893 -27.54023996044396 -17.150541444922577 0.5767517609924425 0.457253621373089 -0.4897042856551659 -0.467403727567809
325 -13.465341412056993 -26.530096192126518 -17.299096502096944 0.5910607490558379 0.4829098780122387 -0.41639020218512696 -0.4940287847565041
326 -13.286475913574547 -25.607818397176224 -17.438612470704463 0.5556373650341005 0.5635598829248818 -0.4255790998754261 -0.43880497568381527
327 -13.236327108810801 -24.573755301916073 -17.36935334707141 0.5463641081148777 0.6087385980951544 -0.45403359745722077 -0.3532379834234017
328 -13.413315218428858 -23.572022720607237 -17.556775820556368 -0.33342801805743016 -0.5365066127465942 0.5276997835431334 0.5679078707871379
329 -13.510445414216695 -22.588650652632616 -17.28693972293881 0.15491419814561572 -0.43298585322658567 0.5140831061455596 0.7240465469113714
330 -13.424363719062635 -21.922289917357297 -16.554624357274598 0.6867522351691238 -0.3376010171524972 0.08214794579137395 0.6384736765991705
331 -13.395867153488402 -21.914098450615885 -16.551492047214413 -0.4468008934836725 0.17541926394488552 0.8667656398353754 -0.13533059158960362
332 -13.978779405164998 -22.246776418071864 -17.318527120192655 -0.3781515936707169 0.5928335286315582 0.7067287305422956 0.0780018010088556
333 -14.023606133589073 -22.12104636465006 -17.2528060746078 -0.31371449068384544 0.3908916922594617 0.8643728597488713 0.04057662611738296
334 -14.82264299981972 -22.29359238279142 -17.844127177877585 -0.24713630957186666 0.8471025499434099 0.4688783009837472 -0.03865298484163191
335 -15.775542462107023 -22.745165684079648 -18.07154959979539 -0.20837914812577435 0.7745980193024584 0.5542775692339648 -0.2221540352169417
336 -15.780885634363804 -22.758688056353584 -18.129449280426027 0.6504517693441039 -0.3381093896135144 -0.6445590056702597 -0.21711339116154138
337 -15.784907889656292 -22.910200227712895 -19.128658138067898 -0.6372492880260797 0.21684472004945946 0.6847663513711506 0.279261089890392
338 -15.758873841565528 -22.933155308432312 -19.206277989051944 0.9267966020373112 -0.3469547554278842 -0.04361925168043319 -0.1369956824900399
339 -15.028714825409063 -23.595309198612565 -19.473521029155762 0.9213433578006592 -0.3879262443291833 0.0019092181205028218 -0.025219057940798654
340 -15.001211799203753 -23.57874989979394 -19.518358329908086 -0.2679990382547133 0.923748914688293 -0.272118488380217 0.02856547546269579
341 -14.840443687535751 -23.551488632170077 -19.617045637004644 0.6670223228818383 -0.5990285695773804 0.4306608251333755 -0.10381352177266026
342 -14.884712665259716 -24.498509034763643 -19.2189392248822 -0.4304411335928738 0.6185930611714182 -0.5614062902415294 -0.341885993364881
343 -14.864136437893151 -24.460057746637496 -19.191727536079355 -0.21098121109982226 -0.11613883733881866 0.5095855605647885 0.8260273939091312
344 -14.93106762364818 -24.386522178984837 -19.24923474184017 -0.47228895754284256 0.32383442377212895 0.7734658804732207 0.27170744985563844
345 -15.367607799952587 -24.20225631196985 -20.164432164405003 -0.18484878202821284 0.6256067489647705 0.717314157538586 0.24476013324708004
346 -16.21676163628645 -24.011479151737635 -20.715724865689154 -0.33944106804873925 0.7088528894834636 0.5823987387530738 0.2076512737541114
347 -16.902094744634294 -24.285037450381587 -21.462366049034944 -0.2252362749986511 0.9117660481852542 -0.01418557570944075 0.3431472908871161
348 -17.62453631552527 -24.615268846950112 -22.091658974022458 0.27142792950788736 -0.6107934093285303 0.7071641196315023 -0.23060181722980855
349 -18.352694398149694 -25.266020239621383 -22.022053337107515 -0.004456183923463778 -0.6667293646758201 0.701798841809113 -0.25085948724177376
350 -19.211239629533484 -25.62171494715492 -22.362430005464304 0.045153963891136295 -0.4506757889701515 0.8751680106448575 -0.17009822434396474
351 -20.15000225236937 -25.86716376299171 -22.51948362023098 0.07233708048698999 -0.42541627810159016 0.8852143484905715 -0.17373512695832266
352 -21.14522461904946 -26.24161291847219 -22.56636326488714 -0.11124514850610805 -0.4342931750499253 0.8638228552607109 -0.22983478798506693
353 -22.078716845982584 -26.550864239069174 -23.02750334368704 -0.15690443525811323 -0.46399737197963303 0.844534265624874 -0.2164470170221372
354 -22.925745678521874 -26.70784169285876 -23.558935512894163 -0.22362771886889338 -0.46779851000850625 0.8079685090937673 -0.2798965625014194
355 -22.118945097902365 -26.506868677640522 -22.94752162171868 -0.4059113440815865 -0.12217460359813599 0.10075180023188733 0.9000880077701027
356 -21.172241330735485 -26.32016287020169 -22.68874240751366 -0.3354416252096418 -0.09596820836325527 0.17195678624279473 0.9212490883172211
357 -20.162506355298202 -26.01275233672163 -22.672674853783665 -0.19296572919853322 -0.055414932125228265 0.25473344772095 0.9459409512568071
358 -19.324445773367206 -25.503776504649156 -22.578016736430833 0.12648558826596365 -0.047684631337898006 0.3623337003861017 0.9221940476167128
359 -18.57254173310188 -24.826440714460144 -22.391039718326077 0.3474180209453122 0.004218821455636324 0.5062439419848017 0.7893034850243958
360 -18.48883197068533 -24.901223063881943 -22.405715629759822 0.1195549378117435 0.4928146035544565 0.8012641268993863 0.3175156410516899
361 -18.4854200946153 -24.85346584715198 -22.363512176101572 0.1592044810814459 -0.22653507403552742 0.9227185418713889 0.2681907640506037
362 -18.424778927614465 -24.88076652292947 -22.37611555166398 -0.36105113149459084 -0.18450984308852497 0.8245762577902475 0.3945531565436426
363 -18.433921438866335 -24.9063273765524 -22.38743329185485 -0.3463313137953868 -0.1530566694414855 0.8920677397155073 -0.2466645997769223
364 -19.076584974391576 -25.224438280396182 -23.134088454836736 -0.27679661897616104 -0.48732530461091944 0.7457767434039612 -0.36015930948265207
365 -19.66239566659877 -25.39649883455214 -23.847986220421706 -0.2054272219855546 -0.5376442536357934 0.7931508225186916 -0.1991232928053146
366 -19.602588661506484 -25.3767200691633 -23.862678583937008 0.26191854502283796 -0.48251950068178995 0.6349505793411272 0.5435175885187897
367 -19.7146350800771 -25.32003682856041 -23.873116592046227 -0.5911664006747888 0.7570511127247705 -0.23315612455347998 -0.15176996085721384
368 -20.060926869407652 -26.149248048483408 -23.327351217134265 -0.6530193857912414 0.7364550240824337 -0.1365148547562691 -0.1120864564318335
369 -20.237283713234586 -27.162174574637138 -23.053644644886617 0.7257595233431214 -0.6294993766731836 0.2281733680379989 -0.1579258153787405
370 -20.190952311865466 -28.13773282066609 -22.933128668326848 0.7518228619910859 -0.45133003905229285 0.27345250769763535 -0.3953318935659807
371 -19.702944416657477 -29.021876838457796 -22.843272731321584 0.7203315450619004 -0.6399825217873822 0.18997094453422922 -0.18829731073006617
372 -19.615001492993567 -30.065074330851452 -22.800539137594484 -0.6288318900402726 0.732763147071578 -0.23578607594918777 0.10969754213571213
373 -19.722591677557638 -30.016638740893914 -22.833477440187274 0.44882226813553444 -0.39094121611480653 0.7404360188093723 -0.3122147325448933
374 -20.11510799283158 -30.938949793731233 -22.45530213033138 0.5840427248287055 -0.41584038240564736 0.6971160678248377 -0.0002447770883933615
375 -20.472004880741757 -31.520395563989442 -21.676991135524208 -0.4390530878118298 0.7130688140459521 -0.44103732841471427 0.3228797414871399
376 -20.827575131665014 -32.48597384809448 -21.817110367037927 -0.47688249445543324 0.684355808950146 -0.1784621888871809 0.5219113529860354
377 -20.77648318871423 -31.689857461476297 -21.274870364588857 0.013853334199842134 -0.7930657178789103 0.27433145199687875 0.5436884279640547
378 -20.729849320570285 -31.644847389270936 -21.226047213253125 0.3737652536922049 -0.25137903543309886 0.7590535010440805 0.4700488253680105
379 -21.017488204654104 -31.05369834251657 -20.3928323460684 0.32369466576294115 -0.107192931032676 0.7453012750553856 0.5729375605544262
380 -21.166762838409944 -30.255850863297592 -19.77769189997226 0.26646346687230216 -0.13672574075251762 0.7540464678845815 0.5845658362484542
381 -21.239498347986075 -30.263696023411487 -19.836913234618788 -0.15588999506188536 -0.6794875921837726 0.401923211769065 0.5936772299399272
382 -21.59282992268584 -29.589532705912053 -19.175575194677542 -0.16958084318294428 -0.7054253015130285 0.3717350555143715 0.5791636470915333
383 -21.65438965536057 -29.647461918270338 -19.196661811465088 -0.1860128210127308 0.9042748458523636 -0.34112134347369005 0.17698153181694995
384 -21.76368426848654 -29.69451538095267 -19.245586200784338 -0.28666014988467 0.44637097406373893 -0.1021540595132415 0.8415126024644267
385 -21.201161026129448 -30.0760895219858 -19.910369470730135 -0.33395540782645655 0.5020046155385994 -0.1303362189619175 0.7870690068781262
386 -20.70593074966978 -30.652389237128556 -20.565693498455758 -0.40702027257202095 0.6656790835117672 -0.11381847309196465 0.6150213091213576
387 -20.639543514434646 -30.65202347652897 -20.5604585040069 0.6810694668726153 -0.5363405911025723 -0.49127917302950935 -0.08442704410931652
388 -20.710936262919578 -31.253862732860004 -21.24399222308064 0.7134186106407547 -0.46450060614231214 -0.5199510463256929 -0.07017109312003612
389 -20.798479514548077 -31.2725164790207 -21.193699400317875 0.9002090313244918 -0.36341413997994204 0.157188539647384 0.1812336221234394
390 -20.806856371051495 -31.150120385144778 -21.158524794075422 0.6936362096119113 -0.40380974890883486 -0.5701255874877952 -0.17539472595576017
391 -20.764835857177903 -31.605094534883843 -22.131407819507036 -0.6915975266008769 0.1408087659594735 0.7083936861152904 0.006643651142948101
392 -20.779046723147008 -31.443109452373985 -21.125222618366205 0.6426625603174009 -0.06769558965558446 0.3997619983671387 0.6500711386986651
393 -20.805211212789985 -31.452623921665072 -21.1751879606142 -0.04376052465555681 0.005318950230201605 0.3135783627713913 0.9485385261822172
394 -20.854907763406878 -31.465346727312983 -21.22221215456056 -0.15618874965719606 0.8088557579654242 0.36401821017986835 0.43456665765351776
395 -20.834013556441906 -31.501058543785973 -21.18058557044254 -0.37286965591386917 0.7674314130377831 0.2150689383353927 -0.4751448176554069
396 -20.878880397602785 -31.574409623695647 -21.198979194985196 -0.012321351052593979 0.7286641603511801 0.6838894006987711 0.034525546191656556
397 -20.944459401304332 -31.507524054583914 -21.174312774624404 0.14216051695183252 0.0002756735864714681 0.96609354535759 -0.21553090971473918
398 -20.97014300788662 -31.434046356463018 -21.096544151876856 -0.26453729724192065 -0.21370108158838377 0.9394931852352867 -0.0412846338527392
399 -21.04084785195431 -31.433611535241756 -21.06739233375761 0.09149459960984609 0.2056248282902116 -0.6449897757800273 0.7302981291035092
400 -20.988979447447058 -32.37272313315044 -21.52693062689739 0.35883326100137286 -0.4802300653903727 0.636984163942314 -0.48463279911803825
401 -20.698165928591454 -31.450944200622953 -21.54815964927131 0.2003210724735323 0.3005284300549152 0.45607159916883966 0.813358977993948
402 -20.346556319773565 -30.581052098812727 -21.88154864439053 0.6662136400416386 0.25737485667987264 0.19359570703679746 0.672635318124476
403 -19.6367420609823 -29.943471574556167 -22.07298070936115 0.7570651759856347 0.24688783896147978 0.062788316108358 0.6016280758434225
404 -19.62703289195064 -29.978768407303107 -22.116053059854885 0.5996523807404847 -0.2317074208350107 -0.44032338450439484 0.6267726944122973
405 -19.80905275454335 -29.870370563351635 -22.225301929684047 0.6892256466958308 0.4434459697463868 0.12768941781730397 0.5585866919555814
406 -19.222750752480014 -29.167341081711484 -22.602373430463864 0.6568598385764992 0.5210632802997327 0.23348414903154355 0.4924564575061967
407 -19.20534417994994 -29.188811154292363 -22.643745287145443 0.0004009478625960071 0.18410503848694681 0.6726452976905343 0.7166962240303366
408 -19.2409278979275 -28.22599677707663 -22.985874654571486 -0.07155810177483543 -0.1570513274623081 0.59209704132837 0.7871692399115329
409 -19.322718738789124 -28.215193759234744 -22.986887573306145 -0.09617748077360615 0.8340662823739294 -0.3659595251932984 -0.4014435884645202
410 -19.414528781783957 -28.258812508833245 -22.97891352093838 0.6908792058295601 0.5897147670073961 -0.41793720019973235 -0.01584024036871796
411 -19.41813904882485 -28.264391558165446 -23.029891916497583 -0.31283893499409965 -0.45290998923602027 0.7855616991540879 -0.2826608554860918
412 -19.429364702441802 -28.265749866025732 -23.00151594991872 0.017523280604346974 0.8423367064986547 -0.412540533557738 -0.3463699116461427
413 -20.229122625121366 -27.837012292443372 -22.448037879346522 0.4299917391120795 0.8385955867519687 0.2845965653407599 -0.1756967306802657
414 -20.85417285537949 -27.16678359257512 -21.840344251918886 0.10143953158636729 0.3198874812762917 0.9385896098930812 0.08019703831811319
415 -21.78489176064034 -26.97738872725433 -21.66636096515406 0.14242845790758993 0.125136315293201 0.95699057697101 0.21959980091429837
416 -22.646444105221224 -26.465313944029667 -21.482503702289282 -0.42073491736923596 -0.4544268452648864 0.7568664463327468 0.2088816746977714
417 -22.59578076486704 -26.47469043548583 -21.53876288661603 -0.11015946527820822 -0.20121845595114263 0.960998507993173 -0.15446000397888213
418 -23.471897681006368 -26.68787701425767 -21.8258711833645 -0.020577371090787434 -0.01008833363282199 0.9995912749936792 -0.017090356345399148
419 -24.527393722726366 -26.71989513748194 -21.782935574936392 0.03805194569655075 -0.1098722201452737 0.9932170537033941 -0.00017000531720392581
420 -25.50410630590383 -26.647287635565956 -21.684222250110274 0.02360059957287675 -0.2589571036703886 0.9585304781861064 -0.11663426832094241
421 -24.558626935921104 -26.411469981730363 -21.662449149876362 -0.41693335219383865 -0.22521461993892178 0.03304159718287422 0.8799734130357467
422 -23.586289543628144 -26.13400667545798 -21.303289863594582 -0.22901441180119542 -0.1916401199014905 0.14628657308550835 0.9430942170146057
423 -23.58192171690988 -26.097630543154164 -21.309159233097326 0.13158956479296027 -0.017383692190082997 -0.4350297035947309 0.8905791097222757
424 -22.991631406942187 -26.78706064498802 -21.38572986450251 0.1429703656450323 0.06190151593786216 -0.3766233679591379 0.9131716791376291
425 -22.332341438190205 -27.425636388141577 -21.719508733079227 0.1420060415020728 -0.0037754017751355875 -0.40435797055848344 0.9035013348989435
426 -22.262306365387047 -27.51034427306221 -21.791510285387574 0.8121052363254618 -0.19988168871089393 -0.32277708249810055 0.44311099136092336
427 -21.586373998784705 -28.232021017079582 -22.179225800064636 0.8675901493370638 -0.10678634999057103 -0.2934985396691164 0.38696590992111635
428 -20.744898041668492 -28.61731056617756 -22.57003890480959 0.7839093126668112 -0.04894774931356339 -0.3556573533782446 0.5065551839033422
429 -19.965551147973237 -28.96874700504991 -23.075096144405432 0.6330323127359085 0.01699505632888729 -0.4781547087154186 0.608563335755516
430 -19.4294917274283 -29.52859695852819 -23.808918646794552 0.5834307225950589 -0.012683456437711802 -0.32314335647483955 0.7450007335776108
431 -18.697543384998138 -29.995609030183346 -24.15724338197186 0.5057204759392376 0.16326094630196294 -0.3512278122062448 0.7708642471675488
432 -17.936254290247696 -30.42865615301297 -24.7788893877021 0.43814787085677054 0.2799336655828392 -0.3613523033821222 0.7740078158374568
433 -18.03103398090027 -30.427628439952095 -24.842366298664587 -0.68097735512512 0.41121717593458723 0.14218081541434072 0.5890287698841978
434 -17.38820549536282 -30.88290091108869 -25.62977614582244 0.853840643475729 -0.33971757928287144 -0.2663715934679785 -0.2908509860194122
435 -16.766230807699248 -31.239496771003996 -26.30510174170637 0.911697143792395 -0.30879205981960306 -0.26503417891920567 0.056680382830221455
436 -16.0400771576105 -31.831319233955426 -26.83080635320577 0.8983552495645613 -0.1522856602491625 -0.3350114861409832 0.23986293464367386
437 -15.261932953673087 -32.31325787059022 -27.29642754268462 0.75566289762372 0.043984547318680664 -0.2648737160287489 0.5973950613364852
438 -14.362595849728981 -32.549240899763866 -27.746146843511784 0.393017911785994 0.1650974172680775 -0.2712165227778401 0.8629723990945967
439 -13.5068007275726 -32.88577044367366 -28.27150450181158 0.3412551884219009 0.18956573658709452 -0.299586412600378 0.8705502336296056
440 -12.827197581654056 -33.27899495914757 -28.7872390991959 0.2362367774430702 0.2192165387618405 -0.2794119749139758 0.9044695917449432
441 -12.074041007174893 -33.7021644131013 -29.38291030194241 0.14731347575282727 0.16377510257747216 -0.35516626858733685 0.9084786058543738
442 -11.335393954044928 -34.23168886181915 -29.736548200844172 0.1418774684257957 0.20120493011564133 -0.3254731806439393 0.9129373301228101
443 -11.245911122365923 -34.225395549483935 -29.777711433834178 -0.5213935426720477 0.37382005849449346 -0.20725733567999066 0.7385470427358682
444 -10.694314842690522 -34.9084793545662 -30.056031255797762 -0.6334888667845529 0.26642432278634753 -0.3900052500909083 0.6128669029971949
445 -10.171866750020415 -35.67200274495612 -30.009294214705797 -0.5591845943714115 0.2960859535952624 -0.34882730388987415 0.6913502799320955
446 -9.65019986614639 -36.50229079189271 -29.98853370452575 -0.41633077064356455 0.42719396162093903 -0.27538678352395135 0.7538807120694064
447 -9.1452713268059 -37.28146226376466 -30.43868110077081 -0.21759984975099153 0.3821040985818813 -0.3268375090497911 0.8365548433386784
448 -8.734656426200676 -37.99375372231706 -30.981862810884422 -0.16054400063563523 0.24640617005284 -0.45742476655308584 0.8392092743551237
449 -8.240647215597452 -38.81812353989223 -31.153226084388695 -0.162775191500481 0.12790691914021224 -0.6374096123345474 0.7421947474696641
450 -8.225624754036579 -38.773112024886906 -31.17722425699843 -0.065761269454513 0.14800056575264056 0.04142674416715656 0.9859285536205644
451 -7.273866499772376 -38.692616428255114 -31.43348550241104 -0.17049868702801427 0.15816125436097273 -0.2794266829103844 0.9315771273589678
452 -6.522663527016515 -39.28831272971058 -31.66935297147278 -0.17098282048671506 0.13817526336472621 -0.17467778403501874 0.9597708807090951
453 -5.650343219568959 -39.70837741317858 -31.924234475294 -0.17064712627169248 0.2884786141084211 -0.017619613579334562 0.9419921425970669
454 -5.612935298502786 -39.79906924533416 -31.917315365035876 -0.5988739413443485 0.058871456004957724 0.5854474019450037 0.5432637422121837
455 -5.669303194295088 -39.86278664183602 -31.942620286343292 0.8213505936636388 -0.29754934280483314 -0.11266235483185615 -0.47344987558192697
456 -4.88282209149947 -40.31751729356161 -32.36144575445499 -0.5884439323727377 -0.20917591951594375 0.5797282976508392 0.523349093866796
457 -4.6486433471158914 -39.55720650320394 -32.91614707417591 0.02818967213821512 -0.4640603200219696 0.7674286744456671 0.4414822662400125
458 -4.619718232212673 -39.573833458662946 -32.945619918436016 0.649438698031769 -0.20502679098789559 0.12732222407846616 0.7210980819082184
459 -3.7067360729987224 -39.7057378530775 -32.566307761029925 0.7317792500516529 -0.12025999596272809 0.2203463289716776 0.6336277754909311
460 -2.8399229500486762 -39.64445035599672 -32.14921064130563 0.8181308307682628 -0.17641699744507003 0.24708479937018016 0.48835242262027684
461 -2.0762216579412778 -39.651632773594194 -31.491144325685344 0.7274890733496732 -0.14202751956370693 0.5605625673832679 0.369266082780538
462 -2.0533731691370583 -39.67085586465001 -31.480524967331025 0.019281022783058273 -0.45073297505371496 0.37224284316255146 0.8111123800521882
463 -2.1015976303919572 -39.74445980688799 -31.526463557428787 0.4903881913552746 -0.28020190924735844 0.5927292763255189 0.5741762071177023
464 -1.9843119689613813 -39.3815566908685 -30.664815469893387 0.2427134340860444 -0.4302048215046642 0.558910649474786 0.6660577200002774
465 -1.9166422335602986 -39.44504449607669 -30.66023501144232 -0.3670182730650508 -0.6810657699708875 0.16164152525781864 0.6126328603026757
466 -1.9189021271633508 -39.524010523707 -30.68012609153918 0.36818147941783536 0.8627926478151141 -0.32882314459827316 0.10911729774139839
467 -2.607267822475598 -39.05477048001551 -31.193196594203236 0.017691879697233306 0.6305979220695943 -0.28192808183618434 0.722876071499437
468 -2.5019821727394365 -39.4615862123487 -32.21213090413764 0.35844300860295353 0.1567649663798311 -0.32980221458164644 0.8591704453463442
469 -1.7164527308968893 -39.90598162439811 -32.684861595825794 0.6462600064197417 -0.14106859455451604 -0.31865807454604694 0.6788996150090028
470 -0.8645507197275027 -40.49931988894306 -32.875728253965256 0.6902164372742179 -0.24846623794630235 -0.33437581817152495 0.5916575111831271
471 -0.9833168622958572 -40.27529525004666 -32.76714019957597 0.5849203076422025 0.06409840037638309 0.30904814623613897 0.747160539700098
472 -0.1734268491782669 -39.688357368389966 -32.3881879920937 0.6715315068707797 -0.054676410083249576 0.3339042049786102 0.659214614035423
473 0.625794796735384 -39.295678297347024 -31.8688291699801 0.7961294147390069 0.07755032824409996 0.38986730438880757 0.456253642774681
474 1.3606420712008058 -38.840912405326115 -31.33306878456679 0.8562566929346919 0.31814388552574524 0.30770351449237193 0.2663221565626426
475 1.393208342425646 -38.84004451152093 -31.25980485174106 0.40686601974601855 0.4818144194662618 0.7586095182450489 -0.1637879910079752
476 0.6884643156091876 -38.70180532218059 -30.51965115118035 0.398292537645738 0.5151979599419969 0.7103688129997445 -0.26703982108416074
477 0.6642039963732029 -38.719385502941186 -30.563501770751966 0.5254486846560377 0.2737339175997312 0.8012785022601716 -0.0832236983343158
478 0.18946769207998 -38.62219735792469 -29.786510935847065 0.49961056643568497 0.6463312814455685 0.5554790744756646 -0.15520359000488945
479 -0.3315386012623222 -38.117030967277785 -29.067903012028815 0.5204137188980146 0.16104487364654624 0.8380633598079397 0.02973070470638085
480 -0.7470942890171216 -37.89475467297246 -28.173202511431768 0.29698698687203773 -0.395121887322157 0.8536021431246801 0.1644408861585092
481 -1.5414376258939915 -37.85328309847273 -27.569193186580627 0.3469358424376752 -0.18242558081455398 0.8977192881168509 0.20113803329929722
482 -1.5429443273700876 -37.95647846773199 -27.680185828357587 -0.124322113807132 -0.30522730457466085 0.8713830331284533 -0.3634169975888148
483 -1.5393297602476272 -37.92980057853091 -27.779842599380377 0.056935367941896124 0.6701566121284803 -0.6539623465003723 0.3463837878098848
484 -1.4398419764670545 -37.923509142888186 -27.780261356935345 -0.34288516765629395 0.20218368445384616 0.9172086505473499 0.016727549225598284
485 -2.187706242331491 -38.018730478844354 -28.400037466044 -0.10678987847847632 0.5060562168358784 0.8542293045185251 -0.052870810076075504
486 -3.0214356593812592 -38.19800920894 -28.518160165288403 0.3988479414921863 0.5243454048153188 0.6893656943745491 -0.30125928273832486
487 -2.991177084176541 -38.100131475257804 -28.517402236524493 0.29414127819910507 0.7863097888006498 0.5398637507078335 -0.061196038820696755
488 -3.0206804335433954 -38.10823493078427 -28.573298214963994 -0.24217087488386344 -0.1434032742892042 -0.5139254215198438 0.8103514233940539
489 -2.951323542656906 -38.154843268313925 -28.49504103396829 0.2741663240571007 -0.6348422289992375 0.6581969090294414 -0.2976323234737464
490 -3.5327556005208773 -38.849501712230854 -28.519879275042403 0.40022860118439424 -0.5476846056164285 0.7110949454518842 -0.18493949853275682
491 -3.55466194659288 -38.84784290047525 -28.53928617107975 0.7911565550041703 -0.4445293572549211 0.1498204999089585 -0.39245225673894096
492 -3.060671361970438 -39.66783610659824 -28.722559410886632 0.7973694031464749 -0.5423582796771506 -0.0050199315884624325 -0.2646211096612063
493 -2.584161496038487 -40.48954409383383 -29.0044015952224 0.8627050586935424 -0.38330249388503146 -0.0754075531893935 -0.3211430846337372
494 -3.3772629079734426 -39.91975622848195 -28.619570944003986 0.11565925188749386 0.8780756701057941 -0.2547262339165252 -0.38822751161629954
495 -4.005898358966219 -39.528620266158846 -27.925103764514787 0.05555605503741084 0.855808160760174 -0.20803721700465103 -0.4703471410202549
496 -3.9715168819820463 -39.49068561675065 -27.955764222507135 0.24775794851026692 -0.46122854179980793 0.7568614168164889 0.39120969685547435
497 -3.9854954771112343 -39.62105043552548 -28.035967263271324 0.8185380772698242 -0.5405249098493392 0.18568615057884952 -0.05786960666011476
498 -3.596063977803294 -40.4495982688895 -27.83846099187225 0.827606210805218 -0.5261183617599822 0.09490571777986678 -0.1710565227879734
499 -3.1187197063980077 -41.447904702298814 -27.877396446114098 0.8256733723594473 -0.5325818191735759 0.18125758649678717 -0.04202113039530618
