# time x y z qx qy qz qw
0 11.910294337505363 12.394963266894138 11.894981124138436 0.0 0.0 -0.7071067811865475 0.7071067811865476
1 11.860142442600258 11.445033238752332 11.94475822198731 0.015339242370598959 -0.003138989946631841 -0.7140420425424788 0.699927721888036
2 13.04068856361918 11.614420923643465 14.338154025832619 0.3500184669602387 0.44132963974351747 0.7147608756007318 -0.41452637139407245
3 11.073025592715304 10.071440633999655 12.750104918132662 -0.18622439777049551 -0.7695491108082978 0.0023787985467492285 0.6108264737604686
4 12.862328757238782 10.742574788850595 13.174132424721638 0.5248344401024108 -0.3151960098459051 -0.3803108740635881 0.6932271813255728
5 11.677719029209468 11.402717240381763 9.867686387598456 0.3794328321695111 -0.43728969875152823 -0.6260744249488347 0.5223401761903901
6 13.278626729459969 9.511355783966088 12.775463442193999 -0.35437404705908987 0.7151668725730274 0.43896726240874984 -0.41262952109421935
7 12.023707266062038 9.218582728886277 12.45768638194701 0.5264478760920449 -0.5157968641990418 -0.3526029287715915 0.5766085355440951
8 14.080941061479434 7.3843268672790385 12.675692285996986 0.5732726317977358 -0.4360086896531913 -0.36232372239936445 0.5915880596878819
9 13.095546708077997 6.379838274920157 12.942458194688081 0.5014071719252776 -0.48043313479490185 -0.43342022528465646 0.574388160782616
10 12.28746896056841 5.400337488454986 10.152404759727267 -0.4253903229305773 0.586301455414191 0.647539080114138 -0.23661533395187337
11 10.229628459745678 5.267813780052791 10.766976826298025 -0.5130918818041441 0.5833685745813199 0.5235329904086271 -0.34975853809655827
12 12.236863314416144 4.776480566988935 11.706736367113804 0.5143105836728797 -0.3844914367093361 -0.4688572891151883 0.6064847904628843
13 13.035975944781562 3.637188607761705 11.117030734602574 -0.5090723633091055 0.6175182697375724 0.4654786715481536 -0.37794989322523037
14 10.17385787661986 1.7684558260557155 13.916949628012462 -0.009997107249801613 0.684049573594604 0.7292340283857363 0.0139273312586349
15 9.771832605094549 1.8556600478555834 11.240700808089898 0.06026307162876216 0.7749213093096424 0.6250016794115546 -0.07237559884679702
16 9.446425711357852 0.9026008500982117 11.584409291245436 0.1576916812063931 0.6463308295452981 0.7432505499117054 0.07048696697642658
17 9.34732023908979 1.6529322107603062 11.256602102940395 0.06645418547022572 0.7001386957440768 0.6810561833548533 -0.20384337877250805
18 9.102807139434406 2.828771632228346 13.464915639647199 0.00887687835841664 0.7869382882886736 0.6097022744126548 0.09440586863081221
19 7.761935506224576 3.8856824909170675 11.695405461957124 0.02078132146910191 0.6658386407370156 0.7457286745491777 -0.010760350115492602
20 10.07152103029649 2.571728751689343 13.893740072294733 0.4571113282125251 -0.23043968980278282 -0.5313635012190823 0.6749811942236441
21 5.779785673646425 3.177154290910004 12.521379553441912 -0.11472334540826623 0.09569388586778521 -0.5708641243444631 0.8073384579978141
22 6.456580112131775 2.1961074294937446 11.657635567767064 -0.49839738304038894 -0.4275574292221475 -0.48794283418588175 0.5750708511671317
23 9.222291980920842 3.2549433164931734 13.857634751155649 -0.44161697064233524 -0.255653875274035 -0.3726281759843138 0.7750895366089381
24 6.261061748139483 2.1199749055536685 15.496369719843479 -0.5700400629168418 -0.4306815038692664 -0.4764166463236382 0.5124401896811055
25 8.065269620743443 1.7280117573739455 16.21522618596464 -0.5841802300227067 -0.5398834892271775 -0.2608622191785224 0.5470010781669103
26 5.148918987499707 3.3930018625970013 15.213058196733504 0.7126559726093858 -0.06790330054009092 0.6062152363767624 -0.3464299260522949
27 5.8323254893313035 2.2062062690690256 14.306199268914005 -0.5163965937669753 0.5484246207520038 -0.5185303191106686 -0.4045878167491877
28 6.815767990080937 2.439437620688734 13.972852069541991 0.568388789371286 -0.4703739534636175 0.5395720964567515 0.40564082726633477
29 6.5027571841099885 3.9346760308283155 16.93047452994051 0.032332811271223096 -0.5519922286631996 0.8313617634171164 -0.055648783802666205
30 7.162650764320066 1.205278996447615 14.555208454640614 -0.4760587761023243 0.5871045474599614 -0.46320042672633177 -0.46273281354182694
31 8.064229480625709 3.473288944235867 18.674297320533103 -0.4625146137627674 0.5717504474316432 -0.5208588084188532 -0.4334602168712677
32 4.721219310623207 2.7617237238899217 16.5888109867725 -0.13763280097319391 0.779163834257687 -0.6079587320352398 0.06593262942759351
33 7.218519779262685 4.50787192672396 17.880356293978856 -0.162888324219183 -0.047537182052354146 0.9778618445532122 0.12244926754610296
34 6.45973928840307 3.5526483422323185 16.33483251619395 0.1111673320518842 -0.09444317619572104 0.9884790577795937 0.04039137390206978
35 4.689071165908077 3.7717307108174323 17.445660213834053 0.07445795045569262 0.07008208892591322 0.9831015537697824 -0.15184152726167474
36 3.574180947518111 2.441724521533861 18.405674363537607 0.14209342959770993 0.037447889563226325 0.977851581069836 -0.14904159899720248
37 1.7783593489620324 1.2456356002109057 17.476409014144718 0.06432593683590128 -0.004022582004025262 0.9927254016802429 0.1016969495265477
38 1.726513192820306 0.6890118545866049 17.81124390295733 0.12456483700524097 0.155885148779746 0.6752009117559303 0.7101317839216428
39 1.9011939568629608 4.203488319154377 18.384093083431097 -0.15636195265989647 -0.03483184707719103 0.6271674386085435 0.7622326981563926
40 1.9475464680099843 3.9730835286879285 16.79087901862651 0.01048478038302329 -0.03923219724467758 0.7563571295240705 0.652897232876494
41 2.1980413490083044 4.36924592778377 16.276410242634082 0.07282670433417801 -0.038365877434112954 0.7439968347933588 0.6630935381995489
42 2.8321073757259536 5.660027672249013 17.274007104856317 0.2508085189030523 0.08137247373185148 0.6333624956840449 0.7275476317226898
43 3.2969168716134227 6.910041083678921 17.858607627970684 0.060354845095084056 -0.11703126646955607 0.7598161788184122 0.636663450928249
44 3.2754178576325947 6.937825521733771 17.377441196256687 -0.4353153238044731 0.5733305618059321 0.4359481323070173 0.5401313374525909
45 3.7543046832488267 7.298182004879084 16.14517465348991 -0.5348561729043324 0.470657187235719 0.4541861577653356 0.5349071139028286
46 2.7737903765339103 7.334143946738757 14.503034757587724 -0.5721572967362871 0.3862720603614113 0.5818844701291765 0.4299306765026913
47 3.3457729252227746 6.975854899850231 13.350757039126004 0.6724016425170434 -0.43759779641624036 -0.4901540618318955 -0.34078320877315404
48 1.072949112272671 9.997314801335522 11.225156966590648 0.7897333539929176 -0.1202432236624724 -0.5768246433781835 0.17069307995928013
49 0.9174864820839419 7.174979854449185 13.21353190381825 0.7439272159505175 -0.021030655072392095 -0.623864131286032 0.23858657676001555
50 3.254507309014979 7.462726048174423 12.641617468173964 0.7820695935699851 0.05343500186217945 -0.6197325361548945 0.03799256532914864
51 4.243630457665067 7.8945501314567945 11.00528821125507 0.7778684611897992 0.12856995760978343 -0.5949753559289567 -0.15618818432789242
52 2.752431976317252 6.864942700120136 9.043704667861629 0.7747516965724739 -0.015990802540107398 -0.6221029989391491 -0.11176744428997952
53 1.2567729601526565 6.05460960229117 10.642584287561547 0.8506696707498811 0.030791364463602793 -0.5246697174471446 0.011605633747960354
54 1.600308998625982 8.442920775757742 10.057166192671627 -0.6234450987889465 -0.14400067200930655 0.7294787821725898 0.24174515841460864
55 3.508557778872306 7.241207204919428 8.586084015664646 0.7215773634178652 0.04292263788219053 -0.6877368333491534 -0.0670954828213879
56 3.259157453284069 7.363050626361043 5.629036270800896 -0.6607965686939455 -0.08929718126788076 0.741940652404665 0.06998554514511433
57 2.6422135779909204 6.009371976493133 5.133988682829891 -0.6352057765690458 0.14506679493244726 0.728134936495308 0.21281156142539942
58 3.128071974047213 8.696361375159526 4.925625021354151 -0.6018435031000422 -0.20329223426477394 0.7252491105773468 0.2654626016422524
59 2.50159961508732 6.585233316478622 3.4461811240161015 0.784181277874612 0.013997162931216089 -0.6170806874715521 -0.0638375125647465
60 3.1567598051950143 7.570649217841921 0.6522565869338018 -0.6939483536407195 0.031354412129159716 0.7185489678167818 -0.03376335541392792
61 3.640979389441454 6.550619092018468 -0.09963732888490073 0.7096375874815138 -0.07747216422623192 -0.6975621849918073 0.06180255878987597
62 2.0608323374332707 6.173598533525084 -0.7430502217483848 -0.6494330356085276 0.08171209309541043 0.7449842996975419 -0.12867890000471327
63 1.5266956129781177 7.407047179662136 -1.6316248263513111 -0.5471033748685169 -0.13518218327686227 0.8213020783122507 -0.0886936902601162
64 2.2685792274529577 7.032506889150294 -0.2421747360562946 -0.596599453164993 0.3677675396920487 0.4365313003619259 0.5641423162965303
65 2.1711981582894078 6.961108825404868 -2.558360787848051 -0.5550662932937455 0.4335896883155933 0.5899461932107695 0.3947972661400403
66 3.285792011357845 8.144072409310064 -2.2385256233246733 -0.38606913204948307 0.6365230534200548 0.6109252657264088 0.269368423243122
67 2.5589138062087016 7.719929828476718 -6.034883693619524 -0.5221155747725968 0.5227055619492786 0.4289263856891382 0.5198041724984728
68 4.531456025226587 7.056934455403458 -4.9558457605922674 -0.41057793405480175 0.5621637299811962 0.3788741627528238 0.6097967444643062
69 2.399106269194913 8.420807055410751 -5.457912607617964 -0.5128747213989676 0.5268762676602143 0.41936810902065336 0.532439017975594
70 1.698498362022617 6.374574337738849 -5.9178936835509415 -0.8543285402739927 -0.023430243408091727 0.01971055661526632 0.5188306688362434
71 4.923543374889376 8.403748992146275 -6.638907028461024 -0.8207246636373529 -0.12130069789231235 -0.029359086281182868 0.5575259736020607
72 5.415109587346455 8.496858441852025 -4.395498152470938 -0.7587832058463284 -0.026385193987595125 -0.045394627973178066 0.6492235330107667
73 6.86186776628543 6.83144387369415 -7.1904978071690975 -0.7751860383528412 -0.055852896829125705 0.07012107620731996 0.6253399831532842
74 7.22736135117019 8.429706294543077 -6.273397035842096 -0.7259853365473007 0.058159385638640454 0.009301464992890056 0.6851833767170833
75 8.698160438619166 8.2288367260877 -5.64909616210283 -0.6354752767784319 -0.15529198106653475 0.041595185941129875 0.7551989232820246
76 9.504661307890041 7.309838339291862 -6.538155349592845 -0.7874962169361044 0.030307314468216412 0.23541842613455294 0.5687788143359234
77 7.900594407087047 7.009340142240138 -6.492583740552845 -0.6319978443775638 0.05183746564302307 0.220712296889651 0.7410652358999953
78 9.105898428259541 7.321345901138309 -5.349270428752016 0.9921654695232032 -0.07864937219469187 0.07565158886171156 -0.06081771486895446
79 9.67853164291332 7.699823852375084 -6.671085641955008 0.7482820930988935 -0.6587043965148472 -0.0772265591632172 -0.01478126244134116
80 10.451871868926267 5.14583184143157 -4.936644983902095 0.7048735971975852 -0.682516304061181 0.0403223787556401 -0.18894129362288306
81 9.398861299834568 4.967223327473059 -5.90092057383243 -0.6761401973725328 0.7278601836607103 -0.08944005012215211 0.07109475348136611
82 9.669802320298588 7.753502319066514 -4.338095217373961 0.9818138160864173 0.14656726825669095 0.08714821962411495 0.08345570222546099
83 10.272433580236951 7.387455763545294 -6.306351036368103 0.9912656601492152 -0.09304324794285919 0.06708690012577853 -0.06507451769085787
84 10.247418845641784 5.481576665926339 -5.824861657381911 0.9867996524587831 -0.058970754800616 -0.07025541025971567 -0.13346562596679884
85 11.24354048164657 5.676545946803267 -5.650638654687505 0.568160755685861 0.8011002228915647 0.04425431095126698 -0.18295722052924165
86 11.724631273669079 6.89418017625674 -7.404473644658733 0.648457588819615 0.7550870928037292 0.08451349008490872 0.04694366599586818
87 10.117689241911766 8.372357816199123 -6.838514394649645 0.7036600841322683 0.7053524878708016 0.03620547508327032 0.07764996733698228
88 11.34989138135248 9.16032068227891 -5.746097888752991 0.7487297912898953 0.6559186367104709 -0.04999316695293948 0.0817014376182129
89 11.73586485301683 8.50439366543927 -5.889709641817027 -0.3325961807343955 -0.6809653051032434 -0.417866969617204 0.5010521225476197
90 11.819892264740822 9.449610096721564 -5.029445830310693 0.6077791000563124 0.5334216408630111 0.4768363826356191 -0.3445184796041124
91 11.635772844224164 9.019287308035302 -6.319210058407229 0.6275080396324431 0.709446610178033 0.09910987217847787 -0.3051170279422506
92 11.860854319789112 8.526637693736358 -6.020627151132012 -0.5676133468640768 -0.30167751651835034 0.6157763725418516 -0.45565910888325334
93 12.445925202100394 9.275161111169878 -5.5326535543253925 0.367611157946622 0.4521368583856024 -0.3384262818114063 0.7388517778429229
94 12.145704454775352 9.081806331712167 -6.986702464631136 0.5426318508830755 0.423171938873076 -0.4640666453912314 0.5577798250142597
95 11.241600802451858 8.790275230457064 -7.620032978724521 0.7138123509074951 -0.0017399638075221752 -0.6967028513247299 0.07123227620857728
96 10.931313748357383 10.220085917685617 -8.990434305115105 0.7891728768927255 -0.06752713117202809 -0.6086368945775773 -0.04698284252253976
97 10.314641750516392 9.32320104363652 -8.050987097903253 0.706693727297382 0.10388813447226604 -0.6990632633213334 0.033193149729033325
98 13.403566819580277 8.27098676295362 -8.746851252716827 -0.6610085441360404 -0.06088801290850689 0.7412548188352036 0.09950702496203569
99 11.616960192211913 8.175338109204837 -11.777306487560693 0.6809473986355176 0.06991283950505268 -0.6654249464247723 0.29771206868289923
100 11.948321091964049 12.035960594632046 -11.944854852546298 0.6653720854638182 0.32811314230497657 -0.6485693586357432 -0.17023378269633874
101 13.972525798444464 7.269126647124842 -11.706045226011582 0.05316536288902136 -0.12282469760603072 0.9449226421806426 -0.2986783188335221
102 11.943343856049319 10.464054923391682 -10.006851291759437 0.16790505307507914 -0.04268180177016137 0.9846076196986412 0.023108270832830714
103 8.876453291274597 7.316114481947942 -10.393351280968838 -0.18263350907579118 0.005129087037634993 0.9829935843684139 0.01850153829716236
104 9.910689938866362 7.8614390879113545 -13.895792817542414 -0.07831378470867667 0.03144640080886777 0.9854761708568724 -0.14735939628692657
105 7.927830071456713 9.237085799386355 -11.659541631488233 0.011147652310525604 0.21566423822395564 0.9760800849866493 0.025146250052444655
106 6.162753641011054 8.108309709441901 -11.774162889490608 0.22212506301153861 -0.07549428826936257 0.9629202368072232 -0.1332129361884331
107 5.796724052378852 9.99832619676325 -13.153180815747401 -0.10540118084575051 -0.018153532598424636 0.9925638643856745 -0.05812069722823149
108 5.232488002785267 9.034662424636233 -13.765385803387074 -0.15045435181741063 0.0198773425808101 0.9702026113196945 -0.1888789884015
109 1.937186513472021 9.146878426710428 -11.129697147508002 0.022337481372770408 -0.1542992495425707 0.9844407645668419 0.08105035210023631
110 3.61140801200891 8.685633357345088 -12.06523055913049 0.05418044602602632 0.7251482659567373 -0.6792098547243913 -0.09949092870020329
111 3.352730486187024 8.347283076054888 -10.408244315784499 0.12966292555023037 -0.6991546361379476 0.7004828728948755 0.06077882267296083
112 2.9522096630493198 9.291481262359257 -11.895970037071685 0.12052507430257954 0.7464590506215347 -0.6530204381298319 -0.042859066651957635
113 2.547798511278028 7.1645945548922265 -11.708960840343522 -0.21894147712122392 0.7868653545860241 -0.5697168816092163 -0.09127002880276434
114 -0.4752192687348381 8.91842023647041 -11.356435773741708 0.0712480741597644 0.7296401390516666 -0.6792774619727516 0.033631964989372924
115 -1.9581988304682985 7.940011100096482 -12.219625348338282 -0.09750657345070583 -0.6623777315190421 0.6976848024767175 0.2549198409591014
116 -1.3309844639798447 8.622821335744268 -12.497405217148223 0.13349984895899814 0.9610573272223656 -0.016692437338588946 0.2413875859604733
117 -1.5156886764974005 9.435302322129516 -14.434461870677813 0.09230828786081292 0.9651593029060885 0.1483020166676157 0.19481584088147647
118 -1.328071453585568 7.42507837837807 -12.23242069112437 0.09500793175500394 0.8655171478909098 0.04566806597961885 -0.4896610943909088
119 -2.481689247218231 7.654463092025873 -11.992268654822706 -0.1051312414010558 -0.7922935993670199 -0.05086192537164124 0.5988583630801319
120 -2.6989960229212384 8.411401346629521 -10.679812377664328 -0.0815441080704348 -0.7687056935269942 0.1612734553500329 0.6135413496885446
121 -1.6756835363224751 7.482547816371714 -10.27043749585623 0.5602958029890919 0.39679114776839663 0.5297006545869785 -0.4980387683058156
122 -1.327726704715075 9.397751461715991 -8.142886272284503 0.5171697114461459 0.6013842676287446 0.4445583104736031 -0.41622152851601046
123 -2.638506238637902 9.020445041830293 -6.895569394956677 0.5590099191674964 0.5827816217798437 0.3454469853311324 -0.4780584398519042
124 -0.803935893615435 8.886033746919669 -8.076401837216745 -0.8406623558966113 -0.02456070964504016 -0.05947000144115653 0.5377238081475283
125 -1.7285758293182811 8.876229669158546 -8.802914043784309 -0.5184622920125151 0.48679811149532226 0.4314399043284493 0.5550532040793711
126 -1.1682292127523761 8.51683005935495 -8.882239057790525 -0.11064203882389563 0.07375489932196708 0.7035476249831071 0.6980969083526495
127 -2.0694439057080842 6.110083124668718 -8.421068122669274 0.0717086061272117 0.18970392646956272 0.9790925935803038 0.015747675559187498
128 -1.861927621435355 8.187115188209166 -7.426715683532459 0.06788489991195512 -0.08550366467004791 0.990443380320583 0.08427736393049338
129 -4.8076433530598255 8.836528702801013 -8.421628925637378 -0.07313889244928642 0.21602037717178946 0.9690588515873649 0.09439725217413426
130 -5.761465990932751 9.561451810228956 -6.943400659192112 0.11748200857065225 0.10378757301591951 0.9875610455297908 -0.012218784791319628
131 -5.747569487800429 7.995817552893819 -8.910702410396873 0.021340780178684977 0.11637051771457092 0.9702111516106733 -0.21140670518812515
132 -5.226956963747402 9.735287279927165 -7.526948681723196 0.0682811185892717 0.7405236453019872 -0.6673918639927765 -0.03937663608158703
133 -7.682636160527103 9.157683810373458 -9.290240113325924 0.07869665719578454 0.7178815652299496 -0.6843191744181178 -0.10079762880600081
134 -7.6568019492781785 8.373309648581493 -7.622598501074431 -0.07805966469701253 0.7617347913702566 -0.6431608530688283 0.003303550102368421
135 -8.4470555172192 8.835631366955406 -8.038453679598344 -0.4304382669902231 0.585627323473449 -0.5435946934356601 -0.41984323929339207
136 -8.761470766889918 8.734263493526981 -7.9291751032444635 0.7631731609022222 0.04229658771602059 -0.04056241968578851 0.6435312076778604
137 -7.297316970071998 7.915600742990834 -8.132191635453303 0.6992403183044844 0.024764177527625404 0.06692856007065395 0.71131587963133
138 -6.77094997387502 8.584437861135893 -7.383612770327581 0.5981073721568932 0.02594226859760642 0.25705893088063364 0.7586272313370321
139 -5.041652567604386 10.366805699069419 -8.27481159911244 0.5617403329117365 0.511287383532874 -0.5227534062740222 0.3869908087399834
140 -4.767797620868354 10.542617343370377 -9.873959111446059 0.5552016766063016 0.5471085562744618 -0.4538285180362749 0.4318136197039461
141 -7.703141316868 10.164280155522514 -6.625239392779551 0.18147557768418607 0.7640430752182946 -0.6168000279255358 -0.05350251831662056
142 -6.480713225164806 9.113261529313421 -9.596067876459179 0.15462811317198352 0.7344922691941214 -0.6460052439201251 0.13888296489721938
143 -8.250825495119276 6.0374132693534674 -7.932600030137098 -0.13192968877196748 -0.6408733291921813 0.7555204119589374 0.03263189029246454
144 -7.295640758646217 7.8202124420323935 -8.948318347080773 -0.08851721944872289 0.9833938292107618 -0.15712192848584294 -0.020346452274321435
145 -9.165296022562355 8.550510747497972 -10.243567051610418 -0.20581135430353542 0.9729803763749759 0.0664592097672935 0.08083345264221808
146 -9.709942848990659 9.535692822244734 -8.793925776964297 -0.02954135779372787 0.9878180341324964 -0.0817019381995265 0.12910318708983937
147 -10.529004972266664 9.392137173455492 -9.085201540774328 0.04097293892027348 0.9978267843650898 0.04974337175452034 0.013730391340080922
148 -13.544048260026695 8.607663792690026 -10.233072845930785 -0.08312767735257232 0.9649811231572603 0.23027690461593528 -0.09420068157196461
149 -12.658392829329804 6.99873325864214 -8.158726781364134 -0.03474906033794269 0.9900414615514276 -0.13631069781817828 -0.005459017774700197
150 -15.648883287910078 8.695383295952743 -11.073486847729528 0.2373489001938738 0.9551237069645572 -0.03147322588365175 0.17439506880504985
151 -14.876035544070994 8.28365561567468 -9.491145616132378 -0.18821027376868 0.9518328649146852 -0.044932572858830434 0.2378490151598424
152 -16.33285267744079 8.129355270097383 -9.204736458789354 -0.14774577538131486 0.9817005353650082 0.0286042173133231 -0.11669208830474559
153 -13.40550987897473 8.522897159341518 -10.251074527531424 0.18209764696897993 0.9812375441168778 -0.024817217194203954 0.058287517656652736
154 -19.10468991177085 8.297108621181401 -8.56941694363182 0.07126988899977946 0.9918276554259904 -0.028235432374476028 -0.10198659329915892
155 -20.166448124450174 8.383458029170267 -7.867059991992178 -0.0010262328440155551 0.9857458726873974 -0.11863018341332544 -0.11929333975219227
156 -19.458332067266713 7.354105029863985 -8.392495619599606 -0.09566814826403165 0.9809749862781676 -0.16774353551570975 0.019944623259664968
157 -21.528178589839115 6.897493841803798 -10.377586686763191 -0.18934742114678302 0.9748825544967669 0.10264669483147257 0.056702866621501466
158 -20.568194096692757 8.324147713984965 -11.693926512050146 -0.014923159307681837 0.5996386270545656 0.11189572249017148 0.7922689969630238
159 -21.96615772132664 9.861693964028404 -10.784732922342108 -0.3146710353255531 0.588827182366221 0.01712139298824091 0.7442926485838375
160 -19.533056773599643 6.876600286674915 -8.625193236334672 0.7550352165330086 0.37412987151622473 -0.38848927623555435 0.3728602194981134
161 -22.173681763259065 8.164817268318503 -9.944069865726103 0.03429527555293054 -0.6478651843451899 0.7605884865665747 -0.024488591027032484
162 -22.461824995373707 9.259543710946284 -9.001740214304425 -0.05830062099532233 -0.611047855884692 0.7836292262951133 -0.09563885772217581
163 -21.3714653147986 8.227138696153776 -9.180292375131181 -0.5483059515957516 -0.4460451201922096 0.5486132863251649 0.4465733940405506
164 -22.416954133462063 9.883476835715538 -9.820687306886594 0.5763903131779954 0.4723992063590435 -0.5290644587422111 -0.4058373999543777
165 -21.75781499771324 9.18838230795904 -8.094359315264139 0.013500680360325179 -0.6621336983663381 0.7442420650396461 -0.08660511383888846
166 -23.338681735654593 8.919459137339132 -11.442600012029402 -0.12198275490108458 0.764535848266021 -0.6312306720521808 -0.04640024658824378
167 -22.40108980477519 10.399266073138337 -9.957895146213371 -0.1232200283200926 0.717463494224724 -0.6853143845901517 -0.0201780412693265
168 -26.775875440315563 9.469548371970088 -10.250710610082352 0.01923638835514644 -0.5250119026074663 0.8469138423143657 0.08203296398312072
169 -26.378016895779602 10.465000624890527 -10.218854801411995 -0.2615300531206105 0.7001069551508758 -0.6635718722496673 -0.03353584683844005
170 -26.44400636546102 9.84204041451687 -10.765904735616566 -0.07233010247478394 -0.6818863742453164 0.7273757907688934 -0.026903306449032542
171 -27.023208335917847 9.044752632276806 -9.789045455797089 0.015948195469855136 0.7485331689568049 -0.6622519755724392 -0.029429082268055483
172 -27.268919753767648 12.230812368845541 -10.821896562772762 -0.0314920195622218 0.8276150797513028 -0.5597198365229117 -0.02784307947951273
173 -30.550024801454725 8.697296982132347 -9.888130316328715 0.08485305451239265 0.7989821953703786 -0.5949455222146053 0.02161564752298023
174 -29.76131987074153 8.830597761100295 -9.437638650953764 0.051753504342270946 -0.15491300055446144 0.0746447152229342 0.9837437184230429
175 -28.40597398881534 8.784453096882563 -9.875301968463889 -0.08277842817548096 -0.0014335694174129213 -0.20131656544243506 0.9760211663616645
176 -28.855250750280604 10.563255498838114 -10.11473522878746 -0.16088644723465007 0.8648743368266109 0.1352533516604861 -0.45586671677097357
177 -28.7433619084794 8.652253805772718 -8.750588090075778 -0.13244169321247384 -0.7202660518480596 0.0971947896432615 0.6739652701144351
178 -29.174653062006787 10.292099947821388 -8.084728557839323 -0.1868727615205159 -0.5385753014329262 -0.022903494902343176 0.8212737945468536
179 -28.55087221494814 10.904193392545839 -8.539959917768554 -0.1465238804721015 0.9886346210739332 0.019931327012043264 0.02711237114191303
180 -29.217224226903344 9.729724365507122 -7.718021898353713 -0.008249419375544414 0.9704009105521801 0.15838108777823323 0.1821248223434951
181 -30.380609977758127 7.143588448825121 -8.032894775689273 -0.16066562002964663 0.9702674203145364 0.13738895880314006 0.11786418292107703
182 -29.742658531156135 9.199341693988169 -8.655274925271915 0.1542104491219003 -0.0578303100252042 -0.14565506879962167 0.9755303140123264
183 -27.1789556506745 9.123136313516616 -6.6600043025998 -0.06221157718571704 -0.17908288543449355 -0.18944013483353764 0.9634165636539433
184 -28.148333564280488 8.265655832442533 -7.902690479720368 0.0805827981287876 -0.1407137711645292 0.06517904848544065 0.9846104503248603
185 -28.19293076692316 8.223095462934076 -8.083401644747013 0.004953304128004099 -0.0432380083441445 -0.0018362554121119738 0.9990508333306712
186 -27.105892571029873 9.116401259942846 -7.247290902325609 -0.7153719634103236 0.10408742072889758 0.2234505397209991 0.6538184909520824
187 -25.594675494745694 9.394595832861976 -6.637501899732904 -0.6607149074997127 0.04452617734021931 -0.12614023590967263 0.7386216023267702
188 -23.215887992478716 9.774238771251817 -6.633331336414427 -0.6510303769958965 -0.225527816086056 0.009781812564208413 0.7247075055103223
189 -24.43908224156034 10.569676987368037 -6.975388300799195 -0.6673280278454817 -0.09731294702756325 0.04420270982935501 0.7370546886333554
190 -23.219744224755146 8.875155234313496 -7.319661255083308 0.8677421963106473 -0.13470329442971266 0.08463855311212075 -0.47086603035135466
191 -22.98020011008726 8.613014266423031 -7.903967646176748 -0.39093109609840804 0.1325235464987485 0.2432431567723995 0.8777489130782727
192 -23.467578092087095 10.142315493524857 -8.611107635755493 -0.7776738441162043 -0.06449443186505846 -0.07145679567418774 0.6212550094670515
193 -21.158692718448417 9.500696264304253 -6.549500089670335 -0.6759011585546685 -0.09031240897147667 -0.2071024882697235 0.7015054183701753
194 -21.3949345617265 9.023574376336732 -7.798541171968409 0.9885286367471047 0.08128548408422014 0.09503733346177863 -0.08468594722018133
195 -19.64027400735758 10.638657394205447 -9.974787072853523 0.9975641744073435 -0.014868591693759372 -0.03175394944926728 -0.06030198681977987
196 -16.500277785375943 11.504919319149813 -8.423174471650904 0.9904961851540184 -0.015992996733813315 0.13078748287682224 0.0394482645189072
197 -17.91428841644158 9.81232983096178 -5.964653555036524 0.7360890880125663 -0.10923947327631002 0.666560083900525 0.04401416292135756
198 -16.715518307515733 8.822458410331498 -9.633584456773235 0.7171257816594582 -0.2660030864216018 0.6426887804040303 -0.04386459661587025
199 -18.833967971798035 8.931037556963545 -6.963784208156789 0.6717941967753206 0.1772011053801961 0.7149413375729022 -0.07842964529122928
200 -19.699179132621147 7.925869779805629 -6.3339351892703695 -0.051037178691425454 -0.06167437431814192 0.9967903613983584 0.0006733253412781878
201 -17.6678059484533 9.231440752840067 -6.057561310641532 -0.13105982462652155 -0.001046195855948301 0.9745437332430495 0.18189760812005265
202 -17.365820486743008 9.363080842890055 -5.4202830396956365 0.09927423525719131 0.5982739082286698 0.7760161633108194 0.17323934664864304
203 -20.72495443910995 10.037567052496325 -6.9350494522551855 0.1311485607447621 0.6082332171314728 0.7771411958805597 0.09436085129866864
204 -20.610447688943214 7.94238218239656 -4.802199655361133 -0.06388690846454669 0.606893000767534 0.776623193922759 -0.15638338533051732
205 -23.215082013815376 7.197303341649302 -7.83019774503836 0.5750732859465651 -0.444108237255238 -0.49102221883885167 -0.4805785783815548
206 -22.575547598216012 7.163819061467874 -6.6900952806405405 0.04679420609357786 0.7156073599962518 0.6963977169227242 0.02732450292473567
207 -21.49352130746149 9.94251163211864 -5.958512279803628 -0.17132858598637693 0.6646613780078188 0.7169421600544457 0.12192500705401539
208 -22.482515075922258 8.608807666300006 -5.485688969642719 -0.0322930421013187 0.98475114657571 0.12931024872563743 0.11180875781521293
209 -23.704276713326163 9.997219120559654 -6.491295204669397 0.08621767552598344 0.975824436400807 -0.17468054285109258 -0.09909535659752876
210 -24.598144489550386 9.242485460644346 -5.508928486155835 0.22378149261325486 0.9586602790799638 0.17568763056480866 0.005115598169640238
211 -26.017932191093042 10.380716710137154 -6.012539387181409 0.003003900894142882 0.9834205793049696 0.1342775483200119 -0.12183792839696098
212 -23.37711328999549 10.113411078705033 -6.269110415910292 0.19813845137616828 0.7415649433201211 0.6326632368786501 -0.10276097326859243
213 -25.77111168208613 8.10386816093429 -5.252322925880001 0.02329430272123629 0.6836870623868373 0.7292807179751876 0.013379483367575997
214 -26.775502747814365 10.8717920644389 -6.252469654510387 0.05938469297026091 0.7204028037051844 0.6904007407491825 0.02898406161181911
215 -28.77824472292119 10.616061521328733 -5.788768170622019 -0.07081767926041065 0.7954100664201396 0.6014380998465144 0.02408100069957067
216 -28.022209876475827 8.820001000104092 -6.674520584153697 0.0886664011633349 0.8912106759606793 0.4383296037805179 -0.07582188871339057
217 -29.483983737921555 9.17646350825719 -5.122196382574701 -0.16383954366638753 0.6727681043964958 0.7174599587864404 -0.07609789206078435
218 -29.442601657024692 10.073693343234286 -6.849381497607782 0.07087869234971417 0.9962047200659242 -0.0009188110335137492 0.05051259719567768
219 -30.002661009100013 9.022464886999812 -6.959769879572418 -0.5489314862638621 0.822719940913858 -0.12450151153083291 0.07940715230622035
220 -27.42654773609573 8.834165149062228 -4.317343024568294 0.7217957010908311 -0.6856900998071955 0.09062632571062514 0.02503841052035167
221 -30.20481202151695 8.784436925587775 -5.351739533688771 0.4126887589441655 -0.476984153957693 -0.5537692875557177 0.5436117008255258
222 -29.144756486663784 7.730541927708836 -4.464111021920831 -0.08542695501558681 -0.6691347788403474 -0.0227020674727534 0.7378655021313212
223 -28.671326472875997 8.240136501103049 -6.76197840102707 -0.3745447004564143 0.625669144425069 0.5229109675411081 -0.44138249750034203
224 -28.699654135253695 8.022343368422149 -7.731357771131979 -0.5885648257826454 -0.06331952752586309 0.7977738104376983 0.1146256108601433
225 -29.88618555954212 8.178384042951908 -5.068168812415967 -0.4517266777075353 0.49392598251091296 0.6125362858135942 0.4204514609436253
226 -29.172335476482655 8.51360383734955 -6.566626259226193 -0.4026538170427997 0.5132919686136246 0.529626462700139 0.5421227430991543
227 -31.52466122658697 8.943967176961868 -7.698047550535415 -0.557833571957912 0.5660467257175987 0.5247102823861161 0.30510970135239085
228 -29.66448966003372 6.398429503126433 -10.019026415346524 -0.5172790521025985 0.49599707426567136 0.6519400789965251 0.2477567718019745
229 -30.317053646078918 7.695200633989016 -8.328807506633725 -0.5323208399623799 0.3593736946478416 0.5448226119180641 0.5391227990724236
230 -30.57111019306961 8.047860687525468 -8.658079937252326 -0.02717212575382632 0.7190972645629576 0.1710013491310281 0.6729928218602768
231 -28.719843024459262 8.480165106959666 -11.435537268665602 0.19751363297405716 0.7013748467655592 0.153453766534396 0.6674680746300791
232 -28.921943118059758 8.206675671614983 -10.302484049407694 0.13838955449659313 0.5627989272779869 -0.07316322860252847 0.811635903987395
233 -30.024313967151592 9.884154318430678 -10.39929901925633 0.40383096878702196 0.48753649277380623 0.6395486376002688 0.4361264231917068
234 -30.058916443444122 10.268570970646504 -14.079361956952031 0.47926651674192433 0.4179477875465578 0.575069658175806 0.5147019924777464
235 -28.96009142945269 9.509564084135516 -13.11790697552506 0.7007225931000661 0.7041542015844218 -0.10994590868071913 -0.03265892028980198
236 -28.006313457779964 10.921486379047568 -12.016246507297504 0.7239950383795292 0.635047021506531 0.15517490131524272 -0.2201527080898899
237 -29.752564476102403 12.100121097270675 -13.497891467132312 0.6782646458952368 0.47649709436550575 -0.34481536840694677 0.4404656069436304
238 -29.557869195400766 11.34070249566892 -11.935685433350116 0.42371745749496104 0.40105510084349844 -0.571095306071981 0.5774672923066445
239 -30.936070310735783 10.9922105807189 -13.346258896047368 0.33011566355679245 0.5773930047327707 -0.5543672394720071 0.5003178295446883
240 -30.457950379629256 8.095923430734093 -13.239225424896697 -0.08901460304315988 -0.24062100365861924 -0.7912107062783255 0.5551248069704154
241 -28.875219369580073 9.13817487224098 -13.91910613443513 0.3366930037159061 0.6876109248440427 0.507499323264718 -0.39531439914292815
242 -31.28760084124728 9.308455588586845 -12.64800996768276 -0.5062168526880843 -0.13930127261995154 -0.15650973418490913 0.8365670066446569
243 -30.392242795254848 11.455312641684403 -14.216184107062281 -0.3590325814071233 0.4850949981118495 -0.44522744019974353 0.6614763599617041
244 -30.643306770489215 10.49405139350972 -13.147595080137952 0.7695691779803623 0.02749754152227026 0.6200360155498679 0.1502082052815507
245 -31.195679250012496 10.492052081581372 -12.791853606055698 0.565804851776706 0.6068950425946293 0.3816911921458068 0.40725312867836316
246 -27.881709417807244 11.989182019086828 -15.454140037432918 0.5319870280033981 0.43233336207092876 0.472969526715978 0.5535137693631681
247 -30.212799995143072 14.068399386515821 -15.358149563961803 0.4680763913519396 0.4205359494045756 0.5135407285272832 0.5833780311779021
248 -31.15089062251603 14.833077960241102 -12.860818785470821 0.32638347628270414 0.4855900777194688 0.6445244863697437 0.49220350394916496
249 -29.704217408689516 13.276223429128454 -13.916263230480237 0.27911037520772314 0.3240994297868312 0.67470701000743 0.6015209129449189
250 -29.37271706338236 12.832696379746531 -14.405730328549552 0.054757867267584345 -0.0044654536918337755 0.709141319735602 0.7029226304077003
251 -30.693403553020282 14.470232291993401 -14.49820181064846 -0.15855133566442886 0.17858746045114315 0.6657044109100501 0.706969327639849
252 -29.93652229663692 15.737237890371416 -14.423239142010429 0.06323990215810806 0.05564967054951414 0.7282856456899414 0.6800763539667797
253 -29.749042460780217 17.30973289624329 -14.644088773196875 0.007660937490525541 0.14952815984360518 0.9886939654029964 -0.008178155430791064
254 -31.68572921907629 15.898370846577723 -13.063327514377635 0.05472318335063522 0.07774093140936929 0.9918690369622132 -0.08460221216509793
255 -29.747621351484227 13.926637794581364 -13.766679175208154 0.033573789244374236 -0.054097418425056054 -0.003546723164348004 0.997964774303339
256 -29.474722061000907 17.70959313188882 -12.805285666419373 -0.14092366686183844 -0.03594529474898631 0.030813853328544357 0.9888877400123176
257 -28.546442134340626 15.827643550925448 -14.176269363305739 0.30354156353578476 -0.035764261680576975 -0.1259002826455045 0.9437862870493915
258 -27.430510962192418 16.717415056557442 -15.391864271184934 -0.009387895822764449 0.1063443699789444 0.6727154807760561 0.7321588791444396
259 -29.31474045293554 17.579722572910413 -16.45715655161317 -0.13211410292855288 0.03707866141979939 0.774855302653187 0.6170658770544175
260 -28.861212163057925 18.937362416935986 -13.939005240762437 0.2062195585063226 0.15477562654890384 0.546209607383666 0.7969774550874279
261 -28.16751113207368 19.88019008421842 -14.821864068957463 0.0026412506865551586 0.0918534525611833 0.8330638092205802 0.5454912069083223
262 -27.10040503039101 21.606414368051965 -15.094651963448332 -0.2554757933719639 -0.021330510691704187 0.6491940803647204 0.7161174305475336
263 -27.81731988739518 20.713646696031628 -13.121012100982021 0.05681005234810376 -0.026485440453203064 0.7171718075066604 0.694071853566931
264 -28.359057618029574 21.743176209250585 -14.569457284454106 -0.032002871637662966 -0.006315284598869106 0.7115956385326601 0.7018315899193156
265 -27.125937193040563 24.41342353610996 -14.627320312081096 0.05821021444932596 0.08067063553689793 0.7023172439719894 0.7048789316722593
266 -28.02108286772442 21.990041265829106 -15.0576163159208 0.14447407376634247 -0.09458249376500513 0.6850615397498399 0.70772316666768
267 -27.932840900114268 24.860916052164114 -15.707199985090076 0.19098534193550215 0.03165026228614254 0.6221418845822921 0.7585923381575849
268 -27.85338736649472 26.51314761882497 -14.094739445956433 -0.09218595693698264 -0.016597946963035015 0.6391825076929702 0.7633295352333428
269 -28.01512314390508 27.9156270743765 -13.317721313217024 0.09171214277922225 0.1412094277778468 0.5968956244022174 0.7844516517561702
270 -27.53845280261687 29.40762812120279 -15.149346964780714 0.08576252413864931 0.029508617539857486 0.7975900399218752 0.596342317097886
271 -27.233786248173168 28.83868106603683 -13.600688953105188 -0.00633601036150115 -0.01924660097640947 0.8163328084917304 0.5772262720143269
272 -28.71032318868247 30.351206178168592 -14.402616888993242 -0.03803846193630085 0.13713356645453822 0.6361555765746097 0.7583228486324313
273 -27.576811525642484 28.182537165438625 -14.551711859887831 -0.5663356519695333 -0.055352057833552966 -0.12880715104041868 0.8121630358756088
274 -25.131810560890084 26.49588494006731 -15.617390794600963 -0.7965949457568845 0.24900755211739864 -0.05564921469748495 0.5480281893175205
275 -26.036717072071152 28.902403469204412 -13.100205723619139 0.613882243022536 0.43376544441153925 -0.44686527839215545 -0.4850850996511655
276 -29.005892265381565 30.02915447637174 -15.613825235896115 0.04002246679062117 0.7511241983328746 -0.6528329752423473 -0.08955304164021945
277 -27.942299963519865 31.407819997114686 -15.07697175601438 0.027413148663546594 -0.6841639121790061 0.726764148720119 -0.05460890666721254
278 -28.5291415369981 30.79062187880371 -15.342486298803784 2.0261693529801013e-05 0.7187252097795733 -0.6792612585520943 -0.14845273674471943
279 -30.030748760511987 29.512563557013937 -13.148814603834227 0.07241265530898702 0.7541976518343544 -0.6407148997219684 -0.12420437429058538
280 -30.751760583696363 29.790915738203555 -14.450027048663225 -0.10211200355964582 -0.6044911291355848 0.7809375420381822 -0.11958331388945063
281 -31.336071504981465 30.277246684109134 -13.787443513660536 0.15614917191605684 0.20913594833765706 -0.05750160224209313 0.9636250084770687
282 -31.105956933512864 28.575222236507372 -13.958555410816187 0.26466684406495344 0.7099854314125219 -0.006602479848398493 0.6525554046167455
283 -28.939568596135096 30.748938953893735 -15.515375586498081 -0.10826524458816578 0.5995341494632643 0.07714670149013225 0.7892311618852978
284 -32.01178896380691 30.815731510471956 -13.388185350863484 0.6176449457816343 -0.48528577903669884 -0.37710621071061523 -0.4907171684979317
285 -30.02474147642704 28.759263388407252 -15.498399788045132 -0.2925303585955152 0.4629595406273408 0.6518202432917575 0.5246187410655236
286 -28.797515487727352 30.50421431498079 -15.078740000431772 -0.4645963724276611 0.5693139545909909 0.48359789030910183 0.4755679891704351
287 -28.50491401920411 30.99942281953055 -18.41550868491889 -0.4944150386530598 0.5378812398865529 0.46469080924031153 0.5002999031974542
288 -30.022087943345316 28.72372816908474 -18.67498697417722 -0.6004328762715183 0.06298732207681541 0.12292574203776556 0.7876561561330984
289 -30.75667129172985 30.656552035148433 -18.16428788448796 0.8720490540893189 0.16839821537112507 0.00290207793870132 -0.45952591468314624
290 -26.416845529357143 29.49816585424429 -17.544643001151638 -0.7540775772464204 -0.11494510949258487 -0.07325107786817488 0.6424865048303016
291 -26.025815315300708 30.025343772233388 -17.57639787605668 -0.6449839514597175 0.043515682252692436 -0.08400007781959071 0.7583179245433898
292 -25.951734811735424 28.584877960488733 -18.038771629195324 -0.78024511524999 0.07125723090481352 -0.253712860597852 0.5672475222859621
293 -24.46482890756929 28.883022974380054 -16.642705714613005 -0.6228349772182591 -0.151851034470677 -0.10399256744812026 0.7603968703244801
294 -24.827654261993658 29.39383867062941 -20.006491673447663 -0.7394105966887552 -0.0825056563237839 0.1622164138503177 0.6481902662463416
295 -22.531357236386846 29.824662903516334 -17.5956757153347 -0.6785020040787483 0.1459029516620195 0.001108856360163701 0.7199625890246001
296 -22.446460463411672 29.914037556961155 -17.95954840740597 -0.7403289146007351 -0.13378639105446005 0.02993620336676524 0.658117104703034
297 -21.068112853033163 31.456789606437514 -18.55291640789113 -0.41944228820964913 -0.5266668122075501 0.6465832210480145 0.3586368275006981
298 -22.329957695639955 32.4505643022125 -18.048220748211268 -0.5316649878968943 -0.4187982665273641 0.49961284794564126 0.5406730571851307
299 -21.730700189149793 29.572768762643154 -17.466004029866177 -0.7978205421215748 0.21171475861818265 0.029047244042235923 0.5637512759769432
300 -19.634450838603637 28.367542955105186 -17.84500163387193 -0.7579181159546031 -0.06905943933720515 0.14824861835951833 0.6315166430908605
301 -19.078472227457205 29.123341808479886 -17.706133676947047 -0.7115699881240223 0.2575071372375975 -0.008642931279699218 0.6536692787731198
302 -18.777159326662684 29.087095139125175 -16.798238039428448 -0.5699381930976231 0.23025512654639219 -0.027442624504164945 0.7882892458406653
303 -17.66809739129619 30.61105982816431 -18.57842213261192 -0.73909841836862 0.08262987615214995 -0.026007092554593436 0.6680040888115442
304 -18.542665118561636 31.588185440449063 -19.019583807831793 -0.709071444270581 -0.06847213608934537 -0.028500958743764123 0.7012253196013966
305 -16.664343254197416 30.352585603871486 -17.737380022510422 -0.8335008466427868 0.037209212151213464 0.06293989472082005 0.5476590023266081
306 -14.720319469994214 30.58540883747195 -16.080253776100502 -0.6768639258903383 -0.16794817103494863 0.09080153436904277 0.7109175191473073
307 -14.073792658137618 30.913355169766746 -18.03398515519316 -0.6413141671186582 -0.3061879041619814 0.1383959916567892 0.6897910233477446
308 -12.593146865768269 30.617827151979643 -18.349507355753122 -0.6796695220921318 -0.09739567559335617 -0.0826807196183918 0.7223069442544158
309 -10.429904022234659 30.484545872289505 -16.79502489146739 -0.692148829760758 -0.04068602890571318 -0.01949653528143981 0.7203433414870414
310 -11.189659665032751 29.271612698290994 -19.11603555573741 -0.6962829067644912 0.09132778477378163 -0.04224326552521344 0.710679151230477
311 -11.973518689813895 31.699341164613156 -18.147405510562752 0.13136596396656303 0.08399391871299683 0.04379813778658787 0.9867977139499245
312 -10.141308910240815 30.542841785255888 -17.617930849001308 0.12907473850440088 -0.004890086476057766 -0.07190245800850906 0.9890125557679295
313 -9.098539154284822 30.9713702557328 -16.694637721714518 0.6123643547050562 -0.00046562956945970266 -0.09059825538634239 0.7853671984471438
314 -9.310800029694184 30.128854574888916 -18.38810926233003 0.741869745149656 0.02289822786350025 -0.13042436578038394 0.6573389058948816
315 -8.789987862875357 29.87005191007033 -16.229784480660197 0.7523459877341426 0.10761122100277748 0.03811245892469167 0.6488010329286957
316 -7.749998402915847 29.896721473167702 -17.633913890986744 0.7130184324307831 -0.044199422376193134 0.05606029736891089 0.6975015190911551
317 -6.84860665271494 30.63493167370505 -18.18274487474256 0.24398900785355146 0.44136644747924897 -0.6382103077330347 0.581680862835879
318 -6.580985750562183 30.254479837554896 -19.304977637348415 0.48558952512187975 0.5395870309572443 -0.4004407389717962 0.5591921527403395
319 -8.33590129277603 29.971065393102997 -18.693586484611107 0.07896198324155206 0.6281803484739352 0.10110731791144519 0.7674188981634997
320 -9.12522074499892 30.203340258650332 -20.856296314876893 0.11457495438222616 0.9924529936096077 0.04365110675089694 -0.0020533346197241713
321 -6.837853537215186 29.273343866221797 -19.529794260909952 0.05028623775466995 -0.7463373925341071 -0.07631347271861767 0.6592632590092486
322 -8.132877850409958 29.698976574356788 -19.931695902453377 0.16579593398792813 -0.13310490166028643 0.09459765327021484 0.9725461826683832
323 -7.695381574664949 31.40023120318116 -17.50471704893935 0.05423581637551144 -0.02486470882124296 0.0333899386589126 0.9976599292713277
324 -4.950819541084588 29.551747857382917 -20.374964085507536 -0.13290440977640577 -0.034940237472736536 -0.14439859597422097 0.979930937948184
325 -5.125540510799977 28.975015437332864 -18.213814138232944 -0.050716341240843676 0.7455058226406865 0.05896780946994153 0.6619454045359723
326 -5.425293863299602 29.791182128457145 -18.640473069366422 0.1438402779300844 0.08155023698813332 0.11611348583204684 0.9793759195018562
327 -3.0798503923204956 30.697465516691103 -18.98421419624612 0.07263257198913055 -0.0008371023190419978 -0.02457327639111211 0.9970556468088214
328 -4.183411273844059 30.750286148017388 -20.69175562178861 0.6812037080370712 0.02334899995374196 0.12491196537999028 0.7209808133803651
329 -2.659216458188072 30.109672814429395 -17.42734613874654 0.4098128089150719 0.04805597127777039 0.03814902021303935 0.9101036960316522
330 -1.2808972237943672 30.279121948955197 -19.484722261557295 0.6524758191537813 -0.1253734155402929 0.2284047579857517 0.7116094986892976
331 -0.5223051661770898 30.192855390600897 -18.273116919583654 0.6396976075545823 -0.26407628265731614 0.05388266487003156 0.719824524626204
332 0.007543881528236502 30.99421851369652 -18.547966404302283 0.7366880126397352 0.2753901354896882 0.5276997035574211 0.3209113088896968
333 -1.590474370723223 30.732793354691527 -19.17088408927461 0.40456914449626397 0.5178029350449894 0.6079782249087464 0.44560790591860616
334 0.8296993855070725 31.05775839562712 -17.943503068667287 -0.7467732171604676 -0.35393909786572586 -0.14570444686270909 0.5438998908790414
335 -0.23544246343577735 28.962185988389795 -18.91304843179782 -0.7395732535433353 0.18058799533268388 -0.07998967277190966 0.6434446602738193
336 2.049214490410808 30.161387097099603 -19.63549286667315 -0.6980261689285573 -0.05270068972585986 -0.0016291480824612147 0.7141284553004908
337 -0.7462360458250382 31.002818101438958 -17.532216853929352 0.08574069718790342 -0.08536768621442015 0.07383504135951206 0.9899036709011477
338 0.2839178855345685 29.361553563110043 -19.711526647686828 -0.10362236705817131 0.15977557533391862 0.7656616281840077 0.6144073906607824
339 3.266703879474263 30.56828955541002 -19.753003711811385 0.07887237451820042 -0.06873890836637822 0.6808099996191246 0.7249495537160271
340 1.8956140592940138 29.792983337302775 -21.687985008391056 -0.7297457912621977 0.06291941339893882 0.03055369090683665 0.680131384016803
341 2.449172144038933 30.30211015821022 -18.802361989346128 -0.3117650106201283 -0.36304479972206505 -0.5886466962780984 0.6515336664430146
342 0.9507344966062967 30.0460335426736 -18.730055861577146 0.5038666843095746 0.6362539842048658 0.5024011771843222 -0.29814809942395587
343 1.1175451762668625 29.497968844945373 -17.402827172027113 0.47233590749940013 0.5936812528034217 0.42350156736212524 -0.4950634131081605
344 1.4910204098621076 29.889686241989608 -15.577816038957039 0.6370693957449858 0.5419420506255859 0.3793971515579795 -0.39559979797586503
345 1.0377815059587063 31.88413802127513 -16.51339044379649 -0.5004846392865134 -0.5023551609452374 -0.4683390220296443 0.5270796700255562
346 0.3837262693289328 29.63788475764207 -15.154844365505962 -0.42862687353763407 -0.5157806018789055 -0.4825849156150434 0.5633481811700547
347 1.3883493615686493 28.825070882677853 -13.792982704090498 -0.2663925091620688 -0.5564241910657567 -0.20011689666454285 0.7611704003234151
348 0.4802463860829475 29.025685122383727 -12.166009758810409 0.714933781650568 -0.08773077937289597 0.6856373057264706 0.10523537048724918
349 1.8525730437648336 32.626180810984096 -11.89175260305436 0.7847567906064803 0.007262238282375398 0.6100890470141983 0.10906600847860115
350 0.6990347985504969 29.52114383160778 -10.773168468499419 0.697066664271875 0.1678573029277062 0.6114424233557266 -0.3347538712779788
351 -0.7058736365305981 28.737426665666852 -11.006107036084114 0.5400735586923262 0.5376407400605008 0.5141600495798918 -0.3935764592104139
352 1.485011150832005 29.955793412314247 -11.073421381185542 0.5728824022046718 0.7113341322871886 0.3577525915759131 -0.1944803041651137
353 0.1508167249603563 30.465992612925323 -11.710916865534204 -0.029870394158998947 0.7713336245709008 0.6218943579413331 0.13190756884970545
354 0.03234441228135854 28.904518515596074 -10.637939313281688 -0.10001760379100802 0.6640698549961755 0.7276566426135803 0.13972657971050273
355 -2.483291269374533 29.657236697747564 -10.198175630256918 -0.07040587255921235 0.6973946742023516 0.7088689489407634 -0.0786669862838853
356 -1.381380139713475 30.05579916695604 -11.727595184545185 -0.24482098808412175 0.6518412720903775 0.7176924593170922 0.009119957921881257
357 -1.567528154380101 29.548526850891637 -10.617460640560404 0.23906696394697227 0.7003529310320712 0.6675609890671647 -0.08194561989290813
358 -3.520546591769294 30.65083742551558 -10.412837946971338 -0.021369585604250806 0.07275066536400068 0.9920915957150306 -0.10002473300040343
359 -3.3021864595274764 30.29517878857032 -10.783410723354585 0.04926005400829563 0.18197100055222554 0.9735419065294562 0.1291362004556178
360 -3.408047026127248 31.346535371663744 -8.937604016013944 0.07894177508452606 0.0917154420470472 0.6103192643830357 0.7828581412743748
361 -2.837845297132926 30.497231997284267 -10.647090935312978 0.08172244724329507 0.011093546418682203 0.5203991939664251 0.8499312053122408
362 -4.487889355536673 30.04706056042923 -9.898766558263677 -0.6335767573419777 -0.10059047120949902 -0.010687062673537496 0.7670383538971748
363 -1.9849909782395816 28.694115058603085 -10.293517194465 -0.7582514554989516 0.0829404937029702 -0.07405139732245018 0.6424110796776636
364 -3.6480544128626904 30.211083094544154 -12.03567162512886 -0.746773201942078 0.12961398979064287 -0.14565198244855027 0.6358580804869391
365 -0.2640681577553917 30.52170732888462 -10.428632918889104 -0.6940647976425133 -0.103242377349131 0.03466285892939966 0.7116273985756852
366 -1.8387336151202969 30.032090288494405 -9.390774591286096 -0.43873758660208717 0.39710256463989163 0.4820571209088153 0.6460958252767932
367 -1.3469436597776658 28.175987694193516 -11.02942316510443 0.6519461014404997 -0.40912190746437976 -0.42577939016542565 -0.47570732237332614
368 -2.350609109632548 27.970824256071893 -12.367997710829707 -0.540176469733859 0.5465736289399593 0.5723880213417362 0.2860744705802343
369 -1.4127745111019583 30.410287325783937 -12.287720806703472 -0.533570533016203 0.4958274916030409 0.4574917192821759 0.5100577532551386
370 -1.807254598026287 30.193042199709712 -13.50496584481693 -0.506539760611081 0.43067629896188636 0.5711165012155699 0.48141597238962336
371 -2.1509350703495436 28.292219358544564 -14.908615111054642 -0.1319739427273556 -0.03176178566209546 0.73244098021832 0.6671613582255632
372 -1.5779094720366114 29.736811857123193 -14.36809896900242 -0.46842850987563767 0.3512751068026306 0.4472328616557058 0.6761385197810716
373 1.236092584852683 33.329694168003385 -14.185887527425042 -0.3787673050496652 0.4197439761564655 0.6044608904058919 0.5612284339513551
374 -0.3276383977137082 30.432824956243138 -17.027094948370515 -0.2691522901767851 0.5575090047153636 0.37336304970738315 0.6908985363040498
375 0.5549575357649069 30.769717390002246 -17.087299084551194 -0.5243556427913931 0.47583585803854167 0.5470882061676012 0.44645928229779946
376 -1.1087020330333457 28.7290332984928 -18.35675009321617 -0.5477358682480583 0.5973212585675605 0.40141808748545466 0.42668050311366573
377 -2.3783579718575663 30.180712120391902 -17.449619832690146 -0.06207311683253658 0.7913915825159676 0.028144436983409276 0.6074982979041613
378 0.5366493177995162 27.888759399048094 -18.514294823802643 -0.0753628705883609 0.5651215147621216 -0.06400233268063206 0.8190615439031946
379 -1.2007583996869973 31.34588868236162 -20.404120321763614 0.07560575638119958 0.7543449308562663 -0.021478040978859 0.6517562340700637
380 -2.990350166358367 30.874709264753022 -19.402369516003724 0.012489647455170515 0.7534245877140617 0.10589129956725392 0.6488315898677404
381 -4.336209952763312 30.97912157302869 -20.562982893022795 -0.07626571995820958 0.7287156798854095 -0.1116838693811053 0.6713298080440533
382 -0.4414575168319429 29.098036342839805 -22.018452458491186 0.030223327383899302 0.6457634879335266 -0.05413904264740665 0.7610157897146379
383 -3.077420478107419 31.363525693686512 -25.471117216735895 0.07856989726005671 0.8023252103214256 0.033823516194339494 0.5907258229326664
384 -0.2342311552935954 29.994183509507046 -25.207119272222215 0.014122689200007602 0.7934661168060402 -0.008719443033858609 0.6083880689524431
385 -2.3138321729969475 29.944127454100524 -24.589564569597588 -0.022417895043272698 0.16020170393190944 0.08062894956165707 0.983530286535054
386 -1.2505734184573967 29.821033122735727 -23.280380808504457 -0.18349467318657492 -0.11352181144053675 0.15559912655029506 0.9639665010031192
387 0.9292831989018946 28.42477953282234 -25.413815062776393 -0.01212624861365633 -0.20577259043559923 0.1214280123827221 0.9709612932186146
388 1.534078353601248 29.87823386654591 -23.109474443720938 -0.10285813072023052 0.08212313242369511 0.7113707182363493 0.6903822834499453
389 0.7624213920229751 32.198321936911576 -27.288903398890714 0.05824453514298591 -0.08942476271339209 0.6843753905318968 0.7212774159600069
390 1.6401958836929262 29.588330803452234 -26.10246596900274 -0.8094989616697721 -0.06904134072178922 -0.07882100931345916 0.5776953979544119
391 2.8882442345555503 30.78416096702264 -25.54483534167091 -0.5382604290129506 -0.5670057447101833 -0.3483761604460953 0.5171211143023277
392 2.335146957700293 30.64084880235359 -23.931668828000088 -0.5485029464667757 -0.5111641748355843 -0.3278899176146664 0.57475551846726
393 1.3710567836767302 30.589394960838057 -22.4389976938044 0.522247393181843 0.5429339199354092 0.5142975580361909 -0.40985173013707177
394 0.8232398618761552 31.67123176646927 -22.59481355345884 0.48843412383339285 0.42820747097770817 0.6537458148109131 -0.3881840775858751
395 0.8684770828120464 30.344394458492136 -20.035377967300064 -0.5855282522395964 -0.5225753152134512 -0.35811276609530673 0.5057933891604098
396 2.600972215441791 28.401721581846832 -20.760474165082172 -0.6419693396640903 -0.36260955024365127 -0.3884266799568157 0.5527335662876595
397 0.7112474053836967 29.099995596138196 -20.46348366381786 0.622588709955268 0.5614852981521542 0.31929341016461804 -0.44177966954203596
398 1.0628678278421793 31.14283075682508 -17.779001424528502 0.651456412691061 0.3736802371374019 0.531691421213889 -0.3914994959692591
399 1.712043905841383 31.064027765640247 -19.235403600397305 -0.8142528445176468 -0.18590008907293648 0.07108134370881608 0.5453264202788498
400 1.4226484443489225 30.376166493830926 -18.211468733682423 -0.42956466142763633 -0.43080300837286084 -0.5987701984814623 0.5209195898024218
401 1.058020435315969 27.85671646808521 -15.808870484162151 -0.1846781619624152 -0.6203287958369047 -0.4179405653632629 0.637504388513174
402 0.6550872946447738 31.16317024554805 -16.685794150571073 -0.09856479759241558 0.7853190858253308 0.5906168260265019 -0.15725990884015406
403 0.5872189030592455 30.366925636807746 -15.893007052000092 0.034818348689796275 0.9520544459546522 -0.3038941855779714 -0.005323392188978367
404 0.371781312745744 29.067806331831346 -17.00040322683903 0.15939407840705963 0.9779886533311198 -0.07982815572535952 0.10843978641547866
405 -2.150989100858677 30.194981058269104 -16.266326610217174 0.051723262352607706 0.9975647459262307 -0.04500576795608891 -0.012796978839591487
406 -1.7175824797402384 31.093669631212023 -18.53419028552905 0.15457076983545517 0.987166187276095 -0.0007273216518069485 0.0401281299647453
407 -3.48374477842513 30.92323307736165 -16.974479234470444 -0.07239687795121903 0.9816257628184096 0.003046619810806172 0.17652272358486923
408 -4.908211414806642 29.086190457452606 -17.250121282923267 -0.020039195631686473 0.995637449191052 -0.07199783128955702 0.055864234500892784
409 -3.6989951451442873 30.61094812028801 -18.21351671648365 0.09514444356617484 -0.6102349258802622 0.1773383583862624 0.7662323255640285
410 -3.744461144341238 28.966944756290683 -16.77761203786119 0.16340772570176687 -0.6177992853160418 0.06957066931689798 0.7660168929043034
411 -1.5580426264365252 28.135755780373984 -13.79367956291887 0.014962662044109027 -0.8137187137796978 -0.00026252599835993574 0.5810661792510112
412 -3.8498173794681443 28.515861682998988 -13.093859060080572 0.12372328386859495 -0.7632122648075944 -0.06767454286680982 0.6305709667625062
413 -4.243414318502698 28.943570853752142 -11.925277383215848 -0.013155270750755078 -0.7006464785277835 -0.005269341183856364 0.7133678469216137
414 -3.2265260772149262 28.23079153872039 -12.65506115905242 -0.48426549986679557 0.40307526393971915 0.6970676749621992 -0.342219101982169
415 -6.004836880115923 27.247171666857938 -15.536742391949616 0.4068848217373324 -0.3693141516299382 -0.5685605626996619 0.612201507502458
416 -1.7158325319251317 26.75928119169694 -14.544663854607599 0.518079645342984 -0.3968768150560244 -0.420044223803783 0.6305910915968856
417 -3.4522061798902675 25.399022437529894 -13.154484058178161 -0.5666287697177829 0.4235989306187391 0.575928699926048 -0.40963632151979007
418 -4.5552626378836845 27.034246838466775 -14.684239400633695 -0.4244461577911904 0.5692469931131737 0.5238920081454727 -0.4704683663852548
419 -4.506671360073274 24.774382760782935 -14.935220092748157 -0.08376159738787999 -0.7774570479822932 0.0633578977749695 0.6201050799140623
420 -2.081699407650024 25.46498399558066 -13.813755009030354 -0.1845122188247255 -0.6004718191444269 0.05236238828579236 0.7763034302453952
421 -2.586270583085891 24.991197174253887 -12.921911408539229 0.3598999799434557 0.9152015279632336 0.054187925279401535 -0.17303709545752552
422 -4.576073540811014 24.92455923282742 -12.087388285343238 0.019544071212765423 0.9669975506350277 -0.1364467382023168 0.21428031636208664
423 -5.951592680535051 26.898288504156337 -10.793184287234801 0.18794200996952357 0.9695271707215437 0.1438507777095358 -0.06325993893180465
424 -8.588042289501693 26.925850454536796 -12.596251533834334 0.0527180722939371 0.9791052495730825 -0.12741392521821995 0.1494637306256227
425 -7.78457931116509 26.78523401649991 -12.586563054546588 -0.07809170497451784 0.9841900679056044 -0.03155066112467658 0.15580806023030566
426 -8.070547527370229 25.388551724425085 -12.77337043856295 0.06309927511047496 0.7551251222920377 -0.6465077869578122 0.08849978851319452
427 -7.234839316194374 26.800699052886717 -12.97800016446971 -0.03264870953786395 -0.5886904024951608 0.7658934426283686 0.25648568442403097
428 -11.362897540863319 25.747554403905326 -11.274937661065271 0.46152949622713174 0.6036034782771128 -0.34897900591823106 0.5485134625079168
429 -9.360264680668282 26.281192506828233 -14.020678717240465 0.472049165767679 0.5666680418636685 -0.46794228893106143 0.4869157315782609
430 -8.469181294393625 25.6564106266366 -15.474707561422791 0.4876827766982281 0.5671660742501324 -0.46301850468041145 0.4755018589397051
431 -8.763947795297153 26.142736538348164 -15.602806198135228 0.49462577224256826 0.26959366674097235 -0.4873449758391704 0.6672027239234857
432 -9.711061199521453 25.739376292276834 -12.884818932755824 0.44646386226792756 0.5396931067276899 -0.3957737212719536 0.5939398385274132
433 -10.099200913931217 25.58933019940754 -16.050276920049743 0.37616282148244967 0.6656807719819542 -0.5306025827062611 0.3658299342226079
434 -8.192503392622886 27.48325553516961 -19.231947475330863 0.4472352316136295 0.40933476330776397 -0.41024055149398564 0.6812696889347056
435 -8.357715085103399 26.798943312398332 -20.050603659272642 0.6523719902449837 0.37249579208128086 -0.4860235208671329 0.4465857234501052
436 -9.39951180874645 27.54709935471106 -19.986222936908035 0.5617843317911105 0.4803205436098921 -0.5442890692808732 0.3967870323002931
437 -8.49069049807105 25.202868809521227 -19.985057178051363 0.5006039710436501 0.19435347036767608 -0.5589936490761387 0.6317819980213996
438 -7.901017973133875 25.78682189216684 -21.717196139104367 0.46232228224790967 0.6322756395886376 -0.3200632981165938 0.532958824036709
439 -10.71643525228466 24.808408951835208 -22.15174091657005 0.4385527227767646 0.5144357293105485 -0.4785125851258804 0.5604044036496835
440 -8.597669999340939 25.916950645661704 -24.34281744452882 0.5730380182099872 0.48834306542146383 -0.4135468306171228 0.5119838855152296
441 -11.042298231473097 26.372445846195077 -24.09165970394233 0.478551643971325 0.5984819627315152 -0.46635267178386924 0.44195344761345867
442 -9.439266247313387 25.20605379474134 -26.486034816693774 0.37330285895094223 0.6399231585778327 -0.5136896645646899 0.43274271239876394
443 -10.142268998810444 25.30761557351033 -25.466673182476466 0.5868955807127496 -0.008114459997667748 -0.03926812898728324 0.8086691207933123
444 -9.047652120323447 25.81661739140618 -26.0629313859668 0.731642679308063 -0.04713826652982803 -0.07818246077528307 0.6755475382758811
445 -7.44103908481701 23.920196761931628 -26.448648989181457 0.580223792216687 -0.14522506179768843 0.05929414879830669 0.7992085061420635
446 -7.975180313986769 25.637650463478067 -28.831422098875873 0.9443779780129331 0.26088630970973437 -0.08667547607159078 -0.18048803256172904
447 -6.640199381674801 26.742032901882357 -25.20878402248665 0.764438855651377 0.014621018066808543 -0.6440738516790748 -0.024255625829573985
448 -6.1463227485140415 27.589431097778544 -26.661281296655012 -0.4872652336915984 0.4959029061225132 0.5352724530760972 -0.47972523460061534
449 -5.721363846861151 26.61897270490816 -26.316854116464196 -0.025135093551476428 -0.7074442744057177 0.14186989550699014 0.6919275673302531
450 -7.344552626726315 25.955613844335534 -24.41223508201464 -0.11894324784665218 -0.5667243308129007 0.14595245776481813 0.8021059261274466
451 -6.373021276429202 25.693594972897674 -25.616087093685973 -0.45385122511703485 0.585034806545982 -0.5289121372558188 -0.41473520667162295
452 -8.628726204031338 27.103461987986982 -25.338144856111906 0.4210603807203031 -0.44335225070940326 0.5109976553212303 0.6041757474731879
453 -7.608680092274159 25.086717236637856 -23.487925771065846 0.28727865308270795 -0.6496809982894797 0.4534274921200963 0.5383206157433048
454 -6.227480488154183 26.39871587585581 -21.899924114540077 0.5802849019188372 -0.3266399417755252 0.6567556543565107 0.35390364721584644
455 -7.725238219686515 26.258151262670115 -21.036247153944096 -0.48867495102800107 0.5390092047676821 -0.49497086480957136 -0.47504706335599733
456 -5.13616989034075 25.41894705905887 -20.66344293554454 0.5670412512189439 -0.3211567245841009 0.5710726851656284 0.49919792260003015
457 -7.0306658598411325 26.748642522716764 -19.854446619156676 0.4058741246496749 -0.5532111454727766 0.5164821634238735 0.5123180636377699
458 -5.978491342943483 25.83666647039291 -18.694002956554815 0.39936388648703947 -0.2695900710084193 0.5617488171275801 0.6725086960325546
459 -7.481737990730074 25.337267718337646 -17.629056483571816 0.39400900307455056 -0.48147634053387056 0.6441933190850471 0.4449184269599336
460 -8.244959600733495 26.97384195038325 -18.054702039342445 0.7166466793075934 -0.01498677945874713 -0.13788962042299863 0.683505220213025
461 -6.624961499140891 25.42504452890498 -16.398001299651433 0.6776880963582117 0.12212196899015972 0.10974623416571434 0.716785067388261
462 -7.442592560411198 24.98919759723961 -17.03633227734746 0.36668539033707725 -0.37878083225664705 0.5832791391938235 0.6179420291658589
463 -5.58374336611158 25.90578634052321 -16.694241632668327 -0.518639939018582 0.5526453504897627 -0.5399065767185801 -0.3661920515970724
464 -6.463230030977838 25.301100371626017 -16.11548690679133 0.4927743555736451 -0.40900825205161934 0.5411362063317728 0.545029623451345
465 -6.668626549593606 25.747374408892426 -14.33209688852286 0.3987735930134737 -0.39886267428499816 0.5667032643455554 0.6006126861442699
466 -6.370254619180641 26.360383810999597 -14.920562543349076 0.879077872417809 -0.4689922318636811 0.039047721839387386 0.07578691243252693
467 -3.80630606823724 25.176430610526047 -14.51826498647848 0.8578192030821301 -0.5117851358904512 0.03682201119379216 0.029433467291095815
468 -6.843752543674208 24.001479940398156 -13.186029258631306 0.7134845268394034 -0.6724250558333837 0.12359815508690446 0.15332276513074264
469 -6.238219015898951 22.349386443957393 -13.890251722114494 -0.6766222028874507 0.6908959875729264 -0.0917632536503941 0.23753870041502237
470 -7.121177351017611 22.130852614354055 -14.62399742400168 -0.6807558962958404 0.7207368880720759 -0.11171806944304942 -0.06803543775522335
471 -5.992088118539151 20.475240912740723 -14.717032920487178 0.4667297058832853 -0.4598470998555976 0.5867260892267929 -0.475874482002483
472 -6.928896420030599 20.670288455888564 -14.643959969049142 -0.2583685054538716 0.5515065349685896 -0.5914759836245242 0.5284339297129528
473 -6.19256527148488 22.149032112785402 -15.248173765967133 -0.38444564256598507 0.6375151668636562 -0.5876848652259161 0.31686347078075794
474 -5.788458716963378 18.893607081239626 -15.081325510928329 -0.44625133058565397 0.4267808944520744 -0.500285360208036 0.6069863066352785
475 -5.540859147010187 16.759600699786105 -14.14503848858999 -0.5143385108286783 0.4103519595419416 -0.4735851687700461 0.5854777993226329
476 -6.534987310750021 14.759682105618825 -12.832697561246492 -0.5411659525657897 0.12643068364102006 -0.513175626899984 0.654068398543634
477 -5.927262438686787 17.080757077122733 -13.169126987921397 0.6827877815261415 0.025761700422623213 0.725579248801654 -0.08168190679931775
478 -7.507091558392621 16.009017091860123 -12.776296667959217 0.6741567961370231 -0.02592957707539328 0.7381221969608938 0.003986678890926258
479 -6.491486038463276 17.228245488590776 -11.104980028130798 0.6681593064784727 -0.08157296806841265 0.7330108821011271 -0.09800019779594184
480 -6.598730465573357 15.49855921295984 -12.804690483356431 0.6039802881439402 0.030793088483212366 0.793735394792703 0.06514384305903181
481 -5.515670233833021 17.0164277174688 -9.801798895036669 0.7053399620677955 -0.06709911701654796 0.7018288002898304 0.07368569392723198
482 -5.862332829679718 19.70557026924695 -7.7044780951595015 0.6314471383876057 -0.03138912419122277 0.7688440098540205 0.0957503149665991
483 -6.173284232308624 16.021903101121076 -7.247197292808793 0.6944753341377702 0.18931501445573595 0.6922753386912579 -0.05117314740917423
484 -5.107256497599456 16.87758675926531 -6.925665024937576 0.7137837680951615 -0.05396975469845456 0.6568622836341712 -0.23692179790083234
485 -7.284393444766226 16.27547333827438 -7.150499911307289 0.42864485852734263 -0.48550817139524116 0.5939078207834247 0.4773037829085446
486 -6.086095532999517 15.59646741135622 -5.925800375915345 0.41380650679388914 -0.5943673375886449 0.42291663704733534 0.5446403960884619
487 -4.957758141169544 16.582908033205822 -6.076422765474386 -0.09585287224108353 -0.7915700705334582 -0.20659920870371123 0.5670501012095767
488 -5.259318364576665 17.0684129999312 -5.337991275410178 0.5513431154868721 -0.5272936864164863 -0.5174746074198361 0.38755924443396833
489 -5.435404893624422 16.79747360381331 -8.075945321341665 0.0030056994177071424 -0.6238612651337972 -0.17391055151670687 0.7619338604549762
490 -8.389190795419813 16.23696806938812 -5.788339095072771 -0.09106068912073269 -0.7662116970712459 0.022885568639191476 0.6356916209264672
491 -6.0681652785262195 17.942418717993178 -4.1324217551164 0.35431414575453835 -0.5875955726861412 -0.45620902312736133 0.5666270875055796
492 -4.936146366858849 15.959401345749804 -5.225180229362401 0.5801095243701895 -0.5610792957249972 -0.492914318003268 0.325112963062236
493 -5.857931118628468 14.258359827330455 -4.874094129362166 0.5447876968956044 -0.3753730574709067 -0.38597199159800105 0.6429051677642661
494 -6.3488753570960235 12.41507787249839 -5.7029301212507235 0.5503372695271309 -0.4569135910942051 -0.42707385760209654 0.5531426400086003
495 -6.6088403239169615 14.38970589732117 -5.550489081903195 0.6780163147136056 -0.10558482838600866 0.03470217254173145 0.7265958162677253
496 -6.02516662661925 14.280326986562304 -5.788067852531359 0.627379318040795 0.12220962004339883 0.033787754047902165 0.7683217995995646
497 -5.122164819542409 13.041177453983789 -5.776238500859782 0.628247005949579 -0.08694863351687078 -0.06948900064325783 0.7700109826713771
498 -4.3376269895248205 14.087797691360219 -5.854867659836929 0.724125055991827 0.027914131153839252 -0.04526709007543355 0.6876151504459906
499 -2.6884803156706063 12.65402531871736 -2.822538592589343 0.6580605814040326 -0.02342753853283449 -0.1513420304140411 0.7372265672577424
