# time x y z qx qy qz qw
0 -10.850192204650908 9.81560416208796 9.127578766913427 0.005101004952417154 0.021366714946867236 -0.6846195968170882 0.7285694550932413
1 -9.9321305166568 7.559878923261071 9.231555144465863 -0.194578358203698 0.3334032522352679 -0.5720088709195214 0.7237315700638423
2 -8.730157299034598 5.309806978898369 9.093591606822889 -0.28329397755785285 0.30510565961948827 -0.6429679628183789 0.6428431049150264
3 -7.85828677600915 3.777480882505342 8.7056449597242 0.37358433922052253 -0.2420143566657287 0.8846640000712003 -0.13868453278885237
4 -8.4248403999829 2.887786892827919 9.245703234139121 -0.22411395785077362 0.05073368964266068 0.9592457352331581 -0.16445864546657776
5 -9.666686161141087 2.392881198564767 8.67110530359051 -0.13862978056211625 -0.5732723560197391 0.7735144642867413 -0.231982678888043
6 -11.072651342521148 2.130494413378264 8.054863988347517 -0.14818915376797356 -0.6042745308676785 0.7450556805453403 -0.240383649479949
7 -12.486317070473842 1.9514728063503697 7.504264374791971 -0.1349219609546579 -0.39586253358170104 0.8789433724899792 -0.22923234264468073
8 -13.094405082090663 1.9343182005261963 7.309440747166397 -0.0035321317629533736 0.7509946052790242 -0.6022754861763234 0.2706637501367425
9 -13.686402933928461 1.9895645757628915 7.081702264335681 -0.1927891797179366 0.19431240416203613 0.9599373509554757 -0.059960854005248046
10 -15.177485770850433 2.0535270055517607 6.505995554266507 0.04503866940517555 0.4211836737981024 0.772415566215192 -0.4732335831834096
11 -15.825192064886291 2.2579393447169327 6.1541189256358155 -0.4923192446282334 -0.3144834119112382 -0.013749360726061765 0.8115004005427087
12 -16.454344601618075 2.403860167953872 6.006002729231877 0.3793307405612047 0.7783601396480432 0.3963882740721439 -0.3051884965893594
13 -16.142500654051428 1.8065737670133806 7.247115352935086 0.6477727742096061 0.7327077238227808 0.05124105435719685 0.20224781529498193
14 -16.488169653131212 1.681999433742345 7.638805837153705 -0.6698114355199937 -0.1928176047275379 0.3984470882961247 0.5961660255181614
15 -15.576792377490728 2.036643868419261 6.956796977772412 -0.5606916546721646 0.04326729718382345 0.4935184717945562 0.6634699144444777
16 -15.14821211063207 2.510998204533659 6.3560152163586086 0.6097177568048948 -0.38555928373524767 -0.6037283804776916 -0.33926440775323496
17 -15.248513308200303 2.363041391349968 5.1904686257548365 -0.440296556391496 0.623995527018549 0.6131874841747132 0.2019149175819361
18 -15.834354524514165 2.239433007805724 3.961337276870351 0.0476014423208079 0.830496741035462 0.5442177026824526 0.10879502702554499
19 -16.022566701087772 2.480558446258795 3.1825469604316177 0.44997860829353764 0.5418569050721176 -0.019323881482742805 0.7096033639353173
20 -15.85699820734298 2.6603593725506616 0.7374273826453449 0.5559764739827898 0.3509714428300614 0.03808769673610629 0.7525015176415182
21 -15.537836707225866 2.7266135874806405 -0.40894977987146175 0.8902345038091264 0.2426246287523202 -0.22390433275314175 0.31381948238579516
22 -14.771456393687266 3.0334955905125143 -1.4370044511597104 0.46211696528376217 0.4143028664313122 0.7209669514503099 0.3082331912370431
23 -15.37783679939365 3.517690929227047 -0.8051349943190828 0.02616157264567287 0.28875395919483016 0.9216221285441204 -0.2579716560861299
24 -16.271476098613647 2.8243582216675556 -0.5759561544903462 0.08311199082426632 0.43088306975951507 0.7819171841764887 -0.4427614417102678
25 -16.887016743812598 1.9863204030750843 0.08485416178558008 0.23381187347314647 0.6071670928946138 0.7235526171587018 -0.23054660988978773
26 -17.040699090178155 1.8602346122546585 0.24182468474833185 -0.09419649401466877 -0.11680654286298128 0.9696329178520792 0.19311979877114183
27 -18.275993232604247 2.1605150212045308 0.20895193593005024 0.1663838506459 -0.017018223532949243 0.9859014613455516 -0.005010272321122632
28 -19.436019814043544 2.0693344070848254 0.852999230457837 0.17587856666127108 0.03286713703728512 0.9838383950419933 0.0069637298442748715
29 -20.71962601280715 2.220437948953465 1.3815612361127847 -0.021646213210832814 -0.13621139289033557 0.9902095442860548 0.021516419435168705
30 -21.002494015151576 2.3341419471451936 1.5869063785907498 0.6650034031076831 -0.22803607150897437 0.6812606511391115 -0.20409299144132478
31 -20.603948164181173 1.404763984982567 2.8206626327405435 0.949340117963486 -0.20028595668204838 0.170053996030421 0.1723963874769904
32 -19.100268964155454 0.9198380098827463 3.349250917620394 0.9188028557271637 -0.18852842483608373 0.17474602041727444 0.2995365982392797
33 -17.661048891582908 0.4660730885454737 3.857620150984876 0.7983864064984871 -0.4753400600259073 0.29067080544003865 0.22834503742765874
34 -16.933364224645878 0.35760410533936016 4.161258727432629 0.028120923443629632 -0.5012454339761163 0.5406226476485435 0.6750476882652454
35 -15.042888256233585 0.5792648627240494 4.406466702905323 0.9565987840968035 -0.01904500137866695 0.056910857845572684 -0.2851617233190398
36 -9.069504213736534 -0.5763394012323437 6.166659415029695 0.9460949550175757 0.006780541213234183 0.2310338786863685 -0.2268958070354753
37 -5.636797533230174 -1.1302160766919456 7.579333910667665 0.8818073172335271 -0.015074314095490376 0.31296797622979927 -0.3524764760697991
38 -3.7177145916848775 -1.5238593593695493 8.705774660938026 0.8830295882805687 0.0851588471012812 0.43153057211431045 -0.1636706519572952
39 -2.616804147906512 -1.6518311793066602 9.855320525848832 0.7577018003579183 0.2074856216407966 0.5791297231213673 -0.21782208874232697
40 -2.173287293620563 -1.6140875547877631 11.143232010205775 0.6232937664773865 0.2411075886426081 0.7389215186078039 -0.08583123387041583
41 -2.4684250012484603 -1.3716625977386563 12.385965479297527 0.5004545812926131 0.050826673320697124 0.8511806190211932 -0.1498446366910906
42 -2.760894369676842 -1.2274303365421049 12.702471598308284 0.16643060708229945 0.8112499827622877 0.554985881653902 -0.07851744811980597
43 -4.464780865135159 -0.729735086359736 13.483467865371003 0.12882347444483758 0.7235234252581654 0.5732404362674463 0.36237241584116087
44 -6.339154721773718 0.2789651033844043 13.736728867809108 0.005535014997388628 0.7040918405204009 0.5983441876280553 0.3823719090797547
45 -8.005627449929133 1.4666715106384074 13.936396033880479 0.49328909949383193 0.5286554256710067 0.5810504412343526 -0.3735902701764818
46 -11.329789376803191 2.3532593239181123 14.300821480149688 0.8814890620472559 -0.21387525278630434 0.15578328690638507 -0.39110865147332996
47 -16.5456294362191 3.493683743876413 12.33720609678124 0.19575524981725384 0.45286378330933513 0.631428178334496 0.5982413656217038
48 -20.818700461507863 4.529589498774809 10.568762128733438 0.2578109111450672 0.8780826181317841 0.40304262560763165 0.007816122612160586
49 -25.291179932028896 5.714763139164954 8.846291908629786 0.27991773152733457 0.6153623644376878 0.6450828642982112 0.35615070152825046
50 -28.46376868779505 6.551618384103033 7.9367432320226134 0.6207730747651404 0.45373647559073654 0.3852000150255461 0.5102792850875394
51 -28.65055113349243 6.1959611800538825 8.206678199283385 0.8213222073766585 -0.11295386125680337 0.5585940463220436 -0.025376136638163783
52 -28.57922149324572 5.663646344361755 9.39814292984951 0.9976544962122061 -0.05656383001453547 0.038249562361424454 -0.004796905337385368
53 -26.55758587915293 5.092594320119 9.072266143189195 0.9854846700328036 0.07751802111061688 -0.031213810897940154 0.14777218798765399
54 -24.593550325233455 5.146301719234201 7.6226565552622905 0.9060387156047306 0.05722299192591975 0.24956883515359676 0.3369492121083733
55 -22.916634104080394 5.432799914459728 6.570031640664238 0.6002712279970049 -0.4889601707474214 0.43017175558042753 0.4642678806060931
56 -21.37375368992065 5.6829251015521 5.75588281396673 0.7910709282536182 -0.5754109106070622 0.1964081470835091 0.06732689050842022
57 -18.730820826866264 3.9441502078214 6.501186699165012 -0.5885602722384755 0.7450688659780625 -0.14145792499443893 0.28010506305492455
58 -17.658251232291096 3.243132210308075 6.894883238564238 -0.6360292147616182 0.6387472488935529 0.42522775770162136 -0.08154841556210299
59 -17.04620352784706 2.8808117933348427 7.300681657365077 0.7026460698852927 -0.5024924789630401 0.12411339655941062 0.4882475538646542
60 -16.325692745740785 2.005227392638871 8.689941474339358 -0.5584518610797294 0.6882441245245482 -0.1450709645277331 -0.43977944377269196
61 -16.293731941659615 1.0945189137353004 10.609663767791401 -0.559631700791075 0.7311457659064454 -0.057621725211761315 -0.38589890547964306
62 -16.8986509311207 0.5711791725463972 12.74817667026802 0.669368224611943 -0.6400749223443787 -0.16386181520042623 0.33970513564695415
63 -17.206361121156537 -0.06675916185117783 15.294643061060643 0.76901614158075 -0.5690988460698484 0.030852467920467076 0.2894629555114782
64 -16.9708502043855 -1.1956791091030696 15.966483740079417 -0.5905026331569959 0.16524477272537755 0.7849009495079803 -0.08905787322333586
65 -17.39709463530152 -1.3919143340198092 14.61895745586231 -0.12893610466817987 -0.32706673897918725 0.9115908199859922 -0.2130845045604735
66 -18.329558985032502 0.1704961849806899 14.004926407766847 -0.374448610559551 0.09463528437319915 -0.5605295426782372 0.7325565048421537
67 -20.98572334587711 3.3415510341715944 14.30809271448251 0.4118206186155747 0.48409912675381644 -0.5057486352093958 0.583326779381091
68 -23.24166599104959 5.959881173853814 14.031234612232309 0.653673653832893 0.7240046011662334 -0.13125019337488897 -0.1769222386076227
69 -24.633478894857 8.204905094685772 13.491092433986479 0.6951426301198504 0.4854958181816929 -0.2945477150075132 -0.44080855016888915
70 -25.07569497482825 10.131900993568745 12.94721009703541 -0.7925523966782262 -0.2026434204913117 -0.023751551379652038 0.574658338892113
71 -23.270118660571192 10.113351140759248 13.497797585643289 0.8819216157459845 0.12390339655133063 -0.03687327048812169 -0.45332391722315546
72 -20.950530281741838 10.655458731020522 13.611449499844714 -0.8197380017094827 0.03129001902831936 0.0410118874519377 0.570410876781101
73 -18.902349925781508 10.775558508159117 13.370157849257415 0.7902746510886858 -0.20694976279089503 -0.29960830202993255 -0.4928211002810143
74 -17.015486492661918 11.274717833269742 11.76471854219861 -0.47267953691301373 0.499000357976246 0.44892581559121325 0.5709976446703114
75 -16.116602617466224 11.635965796977723 9.364591628713885 0.8373961007071409 0.23770686396251275 -0.2988543264628749 -0.39108734177930754
76 -16.0437678978832 12.089372161443046 7.323494864395311 0.7296230712271529 0.541955674449951 -0.11186308088858125 0.401772164290498
77 -16.639120830967386 13.194634897671095 4.990653577387511 0.7755024715040502 0.5099817774383378 -0.09316808288150606 0.3603251471992041
78 -17.519756688682673 14.325035949551332 3.1333988630153686 0.9980916789232034 0.015775812824238133 0.018743146651191277 0.056681731162767424
79 -18.97505622804591 15.666995500589312 2.1969974546242943 0.40269119647377954 -0.29919757441326433 0.20570208018550495 0.8402423852407656
80 -18.967729569454068 18.5243722726232 2.309897336536556 0.5449320502049836 -0.007512196051947755 0.8224826524859494 -0.16283400728824307
81 -22.475579521267214 18.892097204250426 3.7854488700278823 0.7695993941980461 -0.1533774250003309 -0.6098978279170291 0.11052953203718295
82 -24.583995097155423 18.467122603795772 4.233773815534468 -0.581143994744391 0.7272962929228648 0.09377837002715195 -0.35287019849831514
83 -23.938757488991126 16.86690192756387 5.828076437976153 0.9162242529068335 -0.37439437243202556 -0.13465371562511422 -0.04722657244493171
84 -23.48807274617533 16.224256176861065 6.850709537135595 0.7133960393504125 -0.0888283010109363 0.34030619948689617 0.6061083356706483
85 -22.21134561699485 16.763925659908566 8.117643485779345 0.9490631636928725 0.10845943133873133 0.14382393136739574 0.2585156471879064
86 -20.45907218998031 17.319718395593906 8.546055786608717 0.6004725968123523 -0.09533929530518928 0.12222596697511108 0.784476827092515
87 -18.75539116044965 17.753106432859553 8.528887931368725 0.012795170072962759 -0.5919850021647698 0.093960793034713 0.8003508044645607
88 -17.42187744187913 18.043415291200937 9.686189343321075 -0.0953299358508064 -0.6192368616334876 -0.18347137949121697 0.7574933434906079
89 -16.67882058107935 18.35000273181854 10.209199953431469 0.21394887049084044 -0.5202464743866763 0.3178568807331672 0.7632407811919565
90 -15.968891187992632 18.66184346516693 11.753267520801968 0.3396309567262418 -0.3308333609731135 0.49938528998686516 0.7251306314349066
91 -15.32547307537888 19.1234800342433 13.023329809520579 0.3558075202199762 -0.10672164256146174 0.8224683338998057 0.4307636698886904
92 -15.405041745957037 19.92575188238587 13.851621541368912 -0.20463228139150472 -0.38288471024633375 0.7964715258592315 0.42090145707464127
93 -15.8635519690774 20.802159596745152 13.884897107143399 -0.043616630038024726 -0.3400109565140382 0.915086697859099 0.21238284873281255
94 -16.972712502170832 21.173428648054205 14.052915641556442 0.1236474774666421 -0.27899055700938197 0.9454498399797708 -0.11401829019046243
95 -18.35091526838937 20.82307203423328 14.004216747337543 0.32049296411823885 -0.020236847823849366 0.9155483715603631 -0.24216917490470818
96 -18.936002641603967 20.053617745629985 13.917844390866426 -0.047471059858182944 0.32199883725062933 -0.7219825701701943 0.6105771168784689
97 -20.616938517020767 18.82801267698826 13.277184613644815 -0.22657423651474046 0.30633280694839127 -0.2458895446418687 0.8912702500199906
98 -21.79672641460587 16.75130422855404 10.805049007708385 -0.180997210296934 0.15180575944449748 -0.16298056658171445 0.9579312899059672
99 -23.100514671111043 14.96015315252472 9.179835320624013 -0.19178701143414828 -0.023144812613988413 0.2031738612220866 0.9598970996988841
100 -24.482293234381906 13.416318280170612 8.338118041466004 0.789526223959585 -0.12040252543929081 -0.4277267737257903 -0.4233218404312347
101 -22.345670869938427 13.277186612946277 8.74787062434436 -0.6881645809010639 0.13927821621574787 0.14778156106923618 0.6965570316126041
102 -20.6696499998806 13.439700605557201 9.892006953561538 -0.40363627545745945 0.5942603887394331 0.34664580350527757 0.6031326839280654
103 -19.855596876377973 13.29904105750998 10.17654909327696 -0.22581083471847357 0.20389022697432493 0.8182582297303699 0.4877414394396138
104 -18.471410942483605 10.892336434520692 9.3788076541424 -0.07236587987859547 -0.24206686685398338 0.009994955648216841 0.9675055101974783
105 -17.550449395146984 9.787102065562456 7.74501818235145 -0.2372561254161951 0.5169836133175925 -0.09620060693331418 0.8168126576757015
106 -16.626066013925932 8.499534221692414 6.008693581527914 -0.21561665942779779 0.41836438726496594 -0.09576115469685151 0.8771034698920831
107 -15.386300047234085 7.707371610467152 4.611285150243417 -0.8009726784460445 0.21968807816414257 0.04584949938703071 0.5550475115712816
108 -13.914202786877487 7.161582831967398 3.9933301149108074 0.9625762150360556 -0.09590955541764634 -0.17520522590184762 -0.1831707297663381
109 -12.450181215915347 7.0667384423366695 3.414740715058937 0.965325849326477 0.04232301978144593 0.04978355032115509 0.2527377390421065
110 -11.080861079319622 7.438087564330552 3.1886580770489337 0.7314984950771265 -0.24459659785295512 0.45753743493053467 0.44242734053835936
111 -10.888061274367287 8.810191148526224 4.124988596591435 0.4859834485799929 -0.004541899011076307 0.7943953136139191 0.36432889614730546
112 -11.932342617369322 11.104404068381164 6.33066931235308 0.36568810762283643 -0.12035621589866415 0.7932908082473634 0.4716739157384349
113 -13.058105515640337 13.442582348135035 8.319411059614783 0.3901955029075706 -0.08044329243263652 0.7029527762499442 0.5891805670384951
114 -14.03327046119127 16.333053637590567 10.127957286033789 0.13957701808278067 -0.3553682610755188 0.729773810074125 0.567152396779894
115 -14.436404759561828 18.76105987182209 11.48102633650875 0.10199557643397035 -0.5685457323193512 0.6118298264365335 0.5403858955709293
116 -14.968219912422834 19.795004297297222 12.67705911424258 0.5384936246562549 -0.4251912292989962 0.6251832311154305 0.37199860519072836
117 -15.104978905585174 19.82782592392458 14.037445766919044 0.5595050649526192 -0.2975854018224218 0.5810664965882659 0.5106454126467743
118 -14.998015367414771 20.07134857331523 15.35926669043586 0.41154564997048554 -0.24443523417193241 0.6022894024139845 0.6388498023991939
119 -14.660063312842297 20.841089321805217 16.53901001584649 0.3546272464497494 -0.4424197993643948 0.522135158613412 0.6370864253345713
120 -14.463175795061819 21.44990156611817 17.582596122323853 0.299857776054309 -0.022994366872104974 0.4702895201129832 0.8296893035973252
121 -13.71137577276351 22.628524034621805 17.76296385368133 0.2539193517812639 -0.1040991020813131 0.3303746035572466 0.9030730651842293
122 -12.521387383606603 23.59140455957309 18.036384554258472 0.08609213537740147 -0.7106672216044516 0.3323699418958605 0.6140606371420575
123 -11.672020911319628 23.796489106179532 17.564504622009704 -0.592084385163778 0.805628800852246 -0.012608412567148461 0.015470747077607932
124 -10.661419614172368 24.11327827327413 17.09210446598749 0.42096921940235826 -0.42681915847149826 0.4659772172326811 0.6507499944660307
125 -9.780351072659458 24.33738138645546 17.035885107743084 0.29067166094385727 -0.4734179277648403 0.8186975336763017 0.14532652733525225
126 -9.196047015446853 24.008345634370567 16.84940890606527 0.8426492962733642 0.16270738008331664 0.4052575635747125 0.31501552203330363
127 -8.59823225715657 25.42775910444806 17.314281642398633 0.7266301921787119 -0.4996925141063591 0.3539099075552395 0.31155052960095786
128 -9.998344116133133 25.00661349012401 18.410976592484655 0.0443843482782966 0.853770212417479 -0.4858015973428809 0.1819430186504271
129 -9.339731051760127 21.70420930176912 20.298457616933796 -0.4599408535266113 -0.5006950618900559 0.6859911964117715 -0.25918129697505854
130 -0.25722575029617945 16.8374621611828 25.700147799550905 0.7278032291784812 0.48923815439035345 -0.22876874573336967 -0.4226267252099384
131 -5.675973753938805 7.197097804155765 28.67082046540468 0.8628675310215813 0.4172857479740675 -0.24540482152731957 -0.14528834095545226
132 -7.6760710294669945 5.3935527588878305 31.39258625422553 0.5999130886205197 0.5823569418130151 -0.3168288528079028 -0.4478662260680177
133 -9.191640288487601 4.843093163502065 31.12478380024337 0.35988889293104326 0.7298612340171872 -0.581016585355807 -0.014222916903896836
134 -10.87068355306792 5.445999273213445 28.83305705077278 0.31111325754332864 0.6576739927278149 -0.6284119252570074 -0.27526698397194965
135 -11.711442885877343 5.81261473386955 28.638311710127645 -0.11408004226575405 0.3898840274804004 0.8517520421511807 0.330899754855756
136 -12.991078571246954 6.757613576186718 28.422073108287396 -0.6021889245670324 0.6079397142217174 0.467519023803197 0.22181921779440697
137 -12.644362088007341 6.8158068353227055 28.562456851921905 0.7424783270902768 -0.4249945215525146 -0.26547611585228614 -0.44455373394400455
138 -12.178370280450672 7.027472589338503 28.628995528936507 -0.7476317335958146 -0.33835288133463187 0.17720988424536577 0.5432870102798478
139 -11.118996681463154 8.010051363632329 28.79977963344944 -0.6686059015268422 -0.3722283419535362 0.26255937075654584 0.5877710325610874
140 -10.274647289755121 9.345261195456443 29.015552451950256 -0.44604088062268943 -0.33556780356740923 0.41021256237008596 0.72122634151565
141 -9.499623701783138 10.880278129188056 28.90109772636575 -0.26055713076840653 -0.08669525440732362 0.6558525454276763 0.7031723495168328
142 -8.54215954150549 13.070512458481968 28.259316985994506 -0.1596590201576128 0.4456741433383812 0.7149238198896591 0.5145556208966059
143 -8.708359602698739 17.939095345495907 25.323685420889877 0.3876627534348443 0.5890476786734304 0.21283980437075664 0.6763428417039521
144 -8.714241131884515 20.84565708020941 23.31047931971031 0.6501587268628733 0.3357531381452962 -0.15233942642167014 0.6643464151082251
145 -7.146276659824003 21.671469827535166 22.35478515424647 0.7400964593771983 0.05962374415968597 -0.2736525854035709 0.61140535036231
146 -5.33839243121098 21.520368523189607 21.699322816706577 0.7963112064589498 0.10578372942216605 -0.32378896602266954 0.49985895064447994
147 -4.453170298776314 21.563186270967638 21.120557142505866 0.6951203992215487 0.4587613089907755 -0.27586089688449505 0.4798400332707
148 -3.760776891796604 23.11793883223833 19.54953190234189 0.7373850671073011 0.49784034338501015 -0.4071571625207218 0.20649770050422056
149 -2.4368795529544873 24.8273895787152 17.67186907830567 0.5854176151741123 0.566057620064001 -0.5792293177755976 -0.036856261890615805
150 -3.870113483693787 25.36470540890146 17.18661937799618 -0.5292221762900394 -0.10698039340343513 0.6972474755432964 -0.4715135643845059
151 -3.586313444985411 22.207025870809346 14.932971143512637 -0.18742578260722145 0.4096383410005107 -0.6298554011194166 0.6327323124964613
152 -4.229379143040405 17.32871758076939 15.12495504925186 -0.45311317895142783 0.5914220114657768 -0.5122196143989751 0.4272464371288204
153 -4.9404047628835785 14.493907296010324 15.489549766703345 -0.3843170459902282 0.6394556646746913 -0.4716850184760594 0.47001074926221986
154 -5.541108240260791 12.499680148766007 15.156386568532374 -0.03651302412913627 0.3536686460251081 -0.6397114635783877 0.6814356398473075
155 -5.710779937703341 10.974742557721092 14.663207701776841 0.16179456529444422 0.18327196707733162 -0.6374018852400261 0.730720700005993
156 -5.6301185271270615 9.68872651245582 14.004618322908248 0.25838572237080754 0.043262688121565716 -0.5328859220513272 0.8046103108778304
157 -5.314200640661422 8.52256437970851 13.391958563043595 0.31513195075391215 -0.15790555530653508 -0.29239189190271725 0.8889683182020147
158 -5.234033289875199 8.116732403055723 13.147420906160313 0.4264085789138344 0.01328010777887155 -0.6820707500038248 0.5939518958259892
159 -5.277492170070024 7.785203460325968 13.123121735408484 0.2752039423079938 -0.24070593712737062 0.8854148729962815 -0.28699119262923617
160 -6.105666454932578 6.846664556207659 13.612117296112437 -0.021526018304488633 -0.23151840458473094 0.9655318275691311 -0.11697926664802319
161 -6.191134715506621 6.656449640104069 13.834117919582285 -0.16382113582126992 0.5216640856855703 0.8318666346534888 0.09501115363127707
162 -6.330212810298853 6.504906069403654 14.08799212018633 0.30095625665034603 0.5013291701246185 0.6705952808878862 -0.45650450601945786
163 -6.938384731161515 6.033076224723993 15.155939045115321 -0.08165849603047634 -0.568779776779984 -0.5856016385257943 0.571744852629263
164 -7.45758301460169 5.563518217241816 16.082665729018057 0.34128591219939636 -0.43803219439049734 -0.6153966825482245 0.5594091936322753
165 -7.4457508705823265 5.577180260445418 16.192063619076507 0.30692956455275033 -0.5054908423095267 -0.13776718881481712 0.7945397739765624
166 -7.025129434907422 5.164484420120026 17.35483368513303 0.36458087022914476 -0.3967013877204755 0.497176189618298 0.6800916368550922
167 -7.193958048252098 5.728163710499874 18.436991879392135 0.5119631772175545 0.04131931891603372 0.31700021376738524 0.7973062670825145
168 -7.458638210314381 5.942008221491596 18.80851137379837 0.509128621148557 0.06506149130647683 0.8290702342835954 0.2218053112558187
169 -8.038546356753344 6.59131292844422 20.027891787343417 0.5354516251550158 0.28761903608095596 0.7849561270695619 0.1200446824256205
170 -8.606112994112884 7.340633620824596 21.19846906936815 0.5443739819950925 0.4204502194987512 0.7248227071344001 -0.038866745073625156
171 -9.22764967083389 7.990789254858659 22.45339731293213 0.49803984870476925 0.6267743660574074 0.5962573913341477 -0.05989429384225922
172 -9.88514572912275 8.626563478802558 23.56506937212787 0.39108321125027234 0.8088708368464532 0.43433370084373557 0.06431273193449166
173 -10.053690784612634 8.9080693044852 23.224568139623745 0.012480509197913867 0.44223752099774677 0.7775923933802036 0.4467888558023523
174 -10.836317854492457 9.692577213456243 22.500343677080515 -0.4388560347135467 0.36811294803107525 0.7697989995919337 0.2816162966069816
175 -11.505650993764197 9.787690501824082 21.233682410018485 -0.4777336830366858 -0.027745974062777467 0.8770419587378735 0.042403910536006735
176 -12.216261129160513 9.572411888560177 20.021252755148605 -0.2605939957000107 -0.4295542962018364 0.848536621465024 0.1660104757308118
177 -12.92238233005297 9.714477941849445 19.48431334041103 0.16849761280258269 -0.40058231267905886 0.6320026461580804 0.6416502322119993
178 -12.764172235800617 10.065911836798604 20.88394692483728 -0.12172775414688314 -0.5234184193123299 0.6079921375762835 0.5844322653998163
179 -12.584319095216637 9.888286394209501 21.69668343530182 -0.40726868331006144 -0.39549847032185403 0.8139831655405261 -0.1230633405388728
180 -12.285321490916141 9.651792139877134 22.272029796519778 0.8649963692338717 0.23318950516008027 -0.3814596135342118 -0.22779925183754718
181 -10.683585704530662 10.477352341056298 20.898804787588638 0.8120879350794417 0.0010066045227102203 -0.40073656309359423 -0.42417258214749914
182 -9.215273180294544 12.712156015404458 21.50035098164286 0.1309654099559669 0.02777188643764897 0.4122037459267541 0.90120189500617
183 -8.529737197714306 14.595411395628629 21.97395392944709 0.5661038075226277 0.3763853609223615 0.3895095747223056 0.6214039188735266
184 -7.866092843648439 16.217715045204415 22.232359519598404 0.7887549068242474 0.4268174247765291 0.28910124817256766 0.33483287050835997
185 -7.291570450580573 17.692830954727693 22.37896426958294 0.9547315470683275 0.1397836179902298 -0.24686543225202 0.08947441831665386
186 -7.279556946302097 18.15159831955747 22.299076716490042 -0.4839477932906453 0.3595452685559794 0.4334201370673787 0.6698273792647016
187 -7.317793537487494 18.570028554218364 22.040795105592277 -0.6423979219040586 0.09388249323700532 0.08178882239968888 0.7561888493805121
188 -6.1220531779087475 18.39104473160633 21.70306024351463 0.011546490984828222 0.1531265536377216 -0.33971735416371523 0.9279068145007753
189 -5.252927885787587 17.518784736000008 21.181336983965856 0.3458946874793405 0.013535917024305347 -0.4890379500964925 0.8006344530991039
190 -4.7466820287216684 16.534624754765552 20.516031245090165 -0.4795685803071051 0.7219661282898518 0.45551912348275475 -0.2031777904346141
191 -4.657157511769324 14.95370772765781 20.176404157894048 0.0394332272336258 -0.7857244069369076 -0.1992644730581014 0.5842737771887965
192 -4.5981037676276335 14.105192705857924 20.00415488189404 0.3440797573199666 -0.2507695783656782 -0.6566172912245843 0.6225572038245334
193 -4.487441385858988 12.5932831716258 19.460197054787262 -0.07877874648585141 -0.36443765547848245 -0.6990285454284716 0.6101952122457369
194 -4.810470570216376 11.408264269096236 20.08677855189112 0.0128062758472349 0.21776157972729437 0.8729141170863224 -0.4363906940861642
195 -5.420187653517065 10.266169110890614 20.105851233454608 0.23261301902601023 0.47410272615786475 0.7966955407482795 -0.2939285691815137
196 -6.383829700681346 9.816229456602796 21.04523863020588 0.28761388836795143 0.507432857173823 0.765039179299534 -0.2729564082687441
197 -7.323195922741755 9.50420253246018 21.849316477147553 0.6797767176097247 0.4621487094973227 0.5279389467081947 -0.213547776982927
198 -7.485637663388335 9.417791571002962 21.939315269752363 0.4582564551439846 0.69444456226711 0.5328653962636122 0.154279748254057
199 -7.763883435571191 9.468451946743983 22.013384918977213 0.016818510925355003 0.6658995899788483 0.6446122554453233 -0.37519316876237035
200 -8.357856802061677 9.218850889032502 22.429990587102417 -0.5438257869597859 0.2850217591923965 0.6242629856138753 -0.48302363815541377
201 -9.16506600829238 5.8498035458061475 14.772790771860938 0.5945002189218529 -0.4948737480325446 0.3562301290981369 0.5241846605279646
202 -11.212057293759942 3.8237282085746935 2.1408262557877227 0.7174030548440915 -0.6575202260317309 -0.1502767336053483 -0.17440445119449896
203 -12.27329723538699 3.326509557869435 -2.3061111708595794 0.8851599922646852 -0.3368356615190851 0.01635262029588232 -0.32057154744680844
204 -12.025871971279233 2.942714480013908 -2.5534964091699037 0.780642478318209 -0.26499556200364677 0.46302425936567776 0.32555062340969615
205 -11.266647653534587 2.975696499368668 -0.8926993219440487 0.5828108086894549 0.38055120400128756 0.712010771631358 0.09248244962604207
206 -9.849189471273787 3.033968785912266 1.6641784683433027 0.31089281728796997 0.8110483091219137 0.3653246891033789 -0.33478973694059627
207 -8.238839297878853 3.546651990140667 6.327242365375962 0.023779609218324255 -0.6549887741625189 -0.1116023589614391 0.7469733257491503
208 -7.349182160473703 4.023993421828804 8.771934349948081 0.5991141654387668 -0.3403399193562224 -0.19754624998023224 0.6972850458614172
209 -7.047378869825147 4.852561908220714 9.551956972725652 0.9055843679458898 -0.07378712822637405 0.39710056522831483 0.12955135404734555
210 -6.9195625926614115 5.832139073051309 10.312947383480166 0.9381436024552392 -0.2482636574831237 -0.22588440206668256 -0.0850174949547762
211 -6.367043657009817 5.406157571450601 10.867977623135905 0.747468776000316 -0.5994875373055683 -0.12032139692660225 -0.25966879473961607
212 -6.25260594295393 5.393102372252832 11.602319028946143 0.5997429631818679 -0.4556469380648875 0.5293619774983689 0.3904742536005945
213 -6.077391299206395 5.352266663163275 13.12434059925403 0.4350270711777745 -0.5522775651550937 0.6563210554642985 0.27383135416361293
214 -6.235615224504147 5.388051980964937 14.25569112678536 -0.08906214912445223 0.8055451851217904 -0.492778357640547 0.3167560237178125
215 -7.105457249545198 5.008239447512671 13.997336032712251 0.2160956211007067 0.8785392946222929 -0.4131818614609549 0.10369252482857301
216 -7.9272157918504496 5.356256439246352 13.758448019301191 0.425739266149485 0.6625704435162665 -0.4755854728807963 0.39187363093464883
217 -8.213570730919304 5.532638323836178 12.817031334075196 -0.5323735118675591 -0.5327623021326965 0.566969345690232 -0.3335993620132707
218 -8.438593459410527 5.659535599162612 11.732591672141726 0.5388102906030056 0.5682570706850069 -0.5300614299281419 0.32527258239718454
219 -8.695968678531605 5.883084357321268 10.73252144091292 0.65814522224375 0.5362228709284291 -0.41110811621779886 0.33211446206218004
220 -8.600565715911852 6.313644183118303 9.867133833136283 0.9006941067228725 0.03490363680400344 -0.3039436506105161 0.30846413001529627
221 -7.70150890778979 6.265614708203883 9.29880443567443 0.6259349623198208 -0.5541695000912086 -0.07732612517855071 0.5432515609542369
222 -7.16663214100474 5.1911414004012695 9.963197148886307 0.5971375708290547 -0.5942664167078294 0.040702701008103435 0.5372312701325724
223 -6.735728578998278 4.287670863766769 11.073841643243535 0.634410055058384 -0.6090610632985886 0.02690354432932052 0.4752312095358766
224 -6.5081097372378505 3.1107619170066414 12.221092876699439 0.8413146411931096 -0.43960568007225415 0.20565569098348557 0.23799633889710414
225 -5.819773307471346 1.9762325664623674 13.45172051674318 0.8623815540786713 -0.47324578311130483 0.1797517152815663 0.005079843064396914
226 -5.632181363487988 1.3208379334224953 14.142831981496357 0.7047971072458795 -0.32654259062090796 0.5069080299798878 -0.37373148552180546
227 -6.09153486975279 0.54607888268861 16.745065562481713 -0.4572407662623399 0.7639948629669379 -0.44511637059653203 0.09546804520324728
228 -7.014087530537269 -0.5015802888933455 17.7196711170452 -0.5103295590131094 0.701314330599572 -0.49678581636627656 0.030427020071833157
229 -7.746735358860356 -1.472316920076171 18.763152853858717 -0.22287897550173374 0.7137815016653543 -0.5397969845507007 0.3866007574095274
230 -9.035198956624628 -2.520712576937029 18.213943288052395 -0.35626632578090883 0.5982161876850622 -0.3681273798554548 0.6161930948224591
231 -10.977399298308079 -5.358613250365613 11.836044014061939 -0.1390614512671777 0.6096655964638433 -0.38882079642373923 0.6766004445226601
232 -11.851204927363458 -6.39387465193346 9.248886891969889 -0.21976845703666195 0.570069317708552 -0.26081914283434504 0.747459813655683
233 -12.304977368459774 -7.477733150948217 7.6243547387264465 -0.2774743666581125 0.18048587841835434 -0.514591447058907 0.7909667920671859
234 -11.704604528797027 -8.42018848202243 8.025495836679118 -0.26610644393843236 0.8793058898032753 -0.3816907010591458 0.10159095125398855
235 -11.581319607346183 -8.661292634370804 8.400271669107592 0.0963084538249111 0.00570464589397883 0.2953356816373303 0.9505098494433883
236 -11.322433873108974 -8.86172516344361 8.585833164888632 0.7939940554202123 -0.4201453002000758 -0.1050149787632871 -0.4266417946152265
237 -11.343413839830705 -9.242263658051384 8.923722079833023 0.4848616773273109 -0.4426534047220443 -0.04887270876498148 0.7527141392888154
238 -10.251984035391477 -10.192731952358065 8.9672313947645 0.4639722876864801 -0.6270687028432504 -0.08550839996479626 0.6198410051851351
239 -9.621181029350682 -10.620817881892116 8.518359103629251 0.8954178897048121 -0.1218275015593 -0.19348061966201016 0.3820341771040969
240 -8.395146457441905 -11.359112787908407 8.42705660711811 0.9726538810747364 -0.036626979292749585 0.20286370463305273 -0.10700097831653291
241 -7.107994503471369 -11.488036147783648 8.874680710567942 0.7543525520139355 -0.4158811939355937 0.262305338825827 0.4349608821770492
242 -6.518170720375939 -12.005376919384586 9.479865772184956 0.7687869437665809 -0.4111986752346846 -0.4652664458126928 -0.1530013692099035
243 -6.236229178363866 -12.34526057083663 8.447159249329186 -0.39852136563371954 0.8441683261682543 0.2576715168393195 0.24933100015330562
244 -6.982825997692939 -12.610724417627717 8.07913107046461 0.7141842233726545 -0.6730537600075832 -0.18460843099915705 0.053472034085892094
245 -7.030294950379109 -12.3048714243632 8.389453528297498 -0.4817704815288542 0.3668948329282026 0.7576292180290829 0.24348172967736978
246 -7.39042325681768 -11.46321673976612 9.129661064871666 0.7395974011174085 0.14782546235251637 0.5781297793425333 0.3113025460512553
247 -7.587361908310712 -9.420116540639341 11.458455123977231 0.9434733447741398 0.17234339210460975 0.27926904364193966 0.046525306682388426
248 -6.686249852976674 -7.553637324041608 16.0805733217711 0.8123243837184696 0.22370027236920176 0.5330776938984704 0.07691200183483742
249 -6.126444934853783 -7.022265978188068 18.962506636718416 0.7407730018180045 0.46422301477766176 0.4848016678805405 -0.0268271345567732
250 -6.169657428330019 -7.396915299722982 20.02307925862143 0.4503185298758941 0.1655547422193538 0.7094751095437477 0.5161878707573296
251 -6.8559922749284095 -6.857180383669995 19.450969712721946 -0.40068467966244725 -0.19340043347861505 0.8564722576032328 -0.26173141150826496
252 -7.282098980149459 -6.538698574267389 17.546186883572883 -0.09261464074290264 -0.09607816494616478 0.887765474401263 -0.44052693107430185
253 -8.06028342450178 -7.731201650959657 16.82039453635481 -0.14238287558821922 -0.089624363301252 0.964769204320291 -0.2022744982375895
254 -8.858613949910463 -8.307020554002365 15.974059677302684 0.5094516416265384 -0.21982857875290118 0.8301306794179832 0.05493155647296715
255 -8.788559542711306 -8.618305649138225 15.5746898247532 0.7968735996071059 -0.5249352593386222 -0.2756343439019729 -0.11602218845564496
256 -8.696777492233732 -9.330653530179177 14.484771398125039 0.9664573763671181 -0.19980287119185777 0.1313822870008754 0.0936890975060399
257 -8.777164511907898 -9.306169539415063 13.827991127917775 0.7842948980424491 -0.04948790209941832 -0.5731601843663082 -0.23220651047626276
258 -8.954466298877355 -9.337886005012454 12.115598240922292 0.8280133240558357 0.3725916395925695 -0.19779366539594676 -0.36938742699361515
259 -9.672609720197551 -9.930604747511492 10.147553072538829 0.9614580751304357 0.19120071617208512 -0.05576123924860651 0.18955563853185461
260 -10.178208818129361 -10.468983480203782 8.743066097073251 -0.6597503086760886 0.05234338077561565 0.7129993202198972 -0.23156353352103662
261 -10.65523569013163 -11.137261089523095 7.060906102679294 0.8252160140798831 -0.18062452508728605 -0.45881784598171205 0.27546233000503434
262 -10.766845603218037 -11.346595460330708 6.48590094252025 -0.39171509178412217 0.41227223191250933 0.799733555541696 -0.19239837266222537
263 -10.811720284238785 -11.398182697343529 6.553690488717211 0.8725702999129084 -0.10311431012169496 -0.12621193393171956 0.4604987062861727
264 -10.68663915837572 -11.328506868869814 6.467746463133463 0.8754290002316654 -0.4310359246346994 -0.21866869874765119 -0.004012158484627292
265 -9.905136505064329 -10.682085220605126 5.259677004600934 0.7807978068670913 0.45514388774640585 -0.08740810413237174 -0.41899719518227296
266 -8.243118645928998 -7.8982777726665425 3.7368427425972874 -0.5297446124670502 0.011332104743468751 -0.21172039231406548 0.8212287771641933
267 -7.263378985619019 -6.270945611262382 2.9944993159152267 -0.3735530942402972 0.24318230415492068 -0.6411155008036241 0.6247330368715276
268 -6.8626898179513764 -6.119155178959003 2.767484326530101 0.8450942940827704 -0.5043968803412776 0.16291303812088267 0.06970482925131126
269 -6.168539828678454 -7.057540521205798 2.971612599569474 -0.6095736409706592 0.6959133630804518 -0.37201031325776107 -0.07571587779119372
270 -5.843134974773016 -6.914184598476656 3.1506996494233253 0.40659353878804755 0.7397962805034558 -0.01512163487642595 0.5358679816220839
271 -5.584248747434309 -6.779951998002831 3.4282998346277718 -0.049077460603401644 0.393510725644831 0.2409527432498341 0.885823056362601
272 -5.5605911229349205 -6.477053438272145 3.9517017182570884 -0.021771886041442246 0.9344882063105663 0.1830834338665826 0.30452952810569894
273 -5.38869866201951 -6.150425501957265 4.543645638262771 0.7665486490761237 0.5852430870835482 0.24768092702445518 -0.09245461594098495
274 -5.277582339260535 -5.095808073338695 5.703335297975259 0.5336358202478517 0.8434863471314212 -0.03643720742544307 -0.04935507538571532
275 -5.348769679407488 -4.760847214699623 6.4944399937940505 0.41404746429987205 0.7622076860263355 0.17222157712807526 -0.4668445876742533
276 -5.6258822531859485 -3.8089337015464233 8.178234168970388 0.4181903138945631 0.7809988422394532 0.13583857259833196 -0.44351499634155206
277 -6.12818360996618 -2.703544948657837 9.94972358078205 0.23468467711007046 0.8895872957379227 0.303764687697374 -0.24755718551386766
278 -7.357865549813504 -1.7701467769621968 11.531902048978818 0.16009449166936823 0.9209030364834676 0.3186865831049872 -0.15730929051242565
279 -9.776420202941805 -0.9773487261221936 12.681312314780193 0.04830937741078191 0.9858242556097404 0.11107946661776526 0.11609519026039028
280 -12.90109603135457 0.10764887238784579 14.368303022843193 -0.11969203470798775 0.60842188965481 0.4362599461464145 0.6520535870652524
281 -11.689364443823123 -0.2577492755665197 11.064494423848343 -0.3802810290622182 0.6186644476269222 0.267092800747388 0.6334840771217304
282 -10.649978955038314 -0.8354757838746799 8.870541999413113 -0.2046728985744001 0.6857346358055051 0.38188014102381773 0.5848457674784618
283 -10.137152935634264 -1.1956485877440008 7.4790682623596645 0.24804043410249416 0.5331884735586753 0.7793880027851389 0.216195133684844
284 -10.800636099331433 -0.565348422153393 7.416972448332557 0.13522558461363743 0.6648513529261751 0.7041877484086712 0.20929962916656028
285 -11.590499826540892 -0.1903194421810162 7.331896367129975 0.041208579296290945 0.6722993326269622 0.7369072307429989 -0.05729915898515793
286 -12.515345916764728 -0.1758497388167663 7.501638143874845 0.2164849658717267 0.6094895530940276 0.7082115417548248 -0.2830073432722421
287 -13.235319409109007 -0.3135271286959586 8.360089157755937 0.2646432027252995 0.4601224568346655 0.8233324710952945 -0.20093516866850886
288 -13.883862905663047 -0.314918872656387 9.09846098562216 -0.1924057910364739 0.4469982383849952 0.6922583908304897 0.5328704408963925
289 -13.660559902072782 -0.34571379338064767 9.208213179517525 -0.4236910927316062 -0.29068219508342436 -0.3594386331547493 0.7789695683383432
290 -12.99726227159505 -0.8113679633614342 10.32313960657646 -0.49818263223098075 -0.3993164796422342 -0.30371409082774853 0.7071903315672645
291 -12.720945680339991 -1.1375032899115423 11.433632725900388 -0.7093275309632031 -0.40434022235002137 0.12205328219470883 0.5643283040155628
292 -11.802155605183861 0.005944577563561652 11.374902861749973 0.16324175152407408 -0.29123153858052353 0.48555944807244394 0.8079408046898963
293 -11.5369627568766 1.493576586923541 12.710378093001482 0.011171161000057914 -0.6633694140196407 0.4873849726959166 0.5676901567715894
294 -12.036876919389377 3.1347524334772805 13.99661799517398 0.03002825476889392 0.916445453640142 -0.24561695397343442 -0.31448107469076886
295 -12.60426788486768 3.9983293640374824 15.132888208812695 -0.11726299831966004 0.9462668782560946 -0.1168244035732743 0.2778136840947509
296 -12.956329001392746 4.679072861419361 15.750400988885742 0.20224063809627607 0.4565981449263919 -0.00739678939349271 0.866349898054393
297 -13.849059923176004 5.434421126966485 15.314743146318577 0.36851730355551526 0.8838539592001389 0.13492736445014467 0.25454229925289407
298 -15.624100126692724 7.223578080637298 14.915095175922758 0.30133111536302676 0.7707206794229344 -0.06420377935923975 0.5577338683816101
299 -16.98599090436182 9.105220477794841 14.48721039298756 0.20676566176547406 0.552889248658158 -0.29443556709765517 0.7515777648791808
300 -16.054053738726697 8.475049417628238 14.839254202217797 -0.11159932099237088 0.8121311510421461 0.5560507103185688 0.1370992072012703
301 -18.997287759558233 8.750808150801152 12.084259496452596 -0.5566734443863207 0.726106847493245 0.10155093450584625 0.3906032898472324
302 -19.065897618286144 5.949180168373233 9.604006684224348 -0.6751155275413158 0.686369382734283 0.1294684243399784 0.2373900208865017
303 -18.688979805970668 3.51102496578093 8.32999459283494 0.7178233476039165 -0.6484483195231938 -0.020517600860123435 -0.25263302752648475
304 -18.252214935215594 1.6881642252235485 7.520684473174928 0.7337647807491277 -0.6398811890942966 -0.03252368434383117 -0.22601663729061397
305 -17.890624339996887 0.2237206509092686 6.927202760668414 -0.6505581230671866 0.7454845275981203 0.1197877346907617 0.08171809004597798
306 -17.72215268015651 -0.10299419299919944 6.945954308800457 -0.46894634118269896 0.7246959105700859 -0.3449694751390711 0.3686478367176822
307 -17.438970527747692 -0.5785110196174339 7.23846203011828 0.286586557306188 0.9496912071564431 -0.07170354143141806 0.10398729906732845
308 -17.731954944229706 -0.5771370990801844 8.991037322909659 -0.4337220185607947 -0.5888503959363437 -0.4027118409980433 0.5504212885973154
309 -17.971663214238067 -0.394911080609004 10.940253276971202 0.050180388506672634 -0.7621845192003556 0.0893192853432554 0.6392016525060098
310 -18.01599634536671 -0.3455300634568065 13.021719366551798 0.026927772187427066 -0.804607013503029 0.19656842456492107 0.5596814302536988
311 -18.24662324949596 -0.060326136017745176 14.59171007352598 0.17197952666440236 0.9377400954718338 -0.23685742141384175 -0.1869896191609311
312 -19.529111394401898 0.5705135626713937 15.097071243628363 0.18410750704825346 0.8689009844784332 0.4248504623609246 0.1749788262979148
313 -20.571355402081856 1.6605318008744727 14.545849864098699 -0.07019923656677343 0.3040071435056696 0.9046925772113866 0.2901431795193276
314 -21.779164898608116 1.7827837734003547 12.8443114155012 0.6536666984619605 0.39921492624280386 -0.6397727201243543 -0.06354649141752887
315 -21.332148670273664 2.011669479143163 12.508163386858898 0.7644956336243482 0.33516465209487994 -0.49228257107055934 -0.24671633990391506
316 -20.50368330677156 2.6544185830518403 11.645505033623854 -0.37175950217287923 -0.4974520299877295 0.6893877579454276 0.37293547645703584
317 -19.842191009733884 2.3890120678341655 10.973936819022791 -0.6901841579335929 0.137362571037699 0.27803096919422277 0.6538165892544585
318 -18.643194370006302 2.066135635371082 9.583649815411919 -0.5648763694353653 -0.06191043946739249 0.48040132469971614 0.6680541534675407
319 -18.111404344861636 1.5185113270751207 8.932526418762246 0.3496730248816945 -0.08669258678601398 0.25613841011703753 0.8969984871387195
320 -16.99406126073375 1.8415336847834771 9.167442715960117 0.4380312615666117 0.06545262169624438 0.08350310261826309 0.8926767612392376
321 -15.796427275998056 1.9238706083463828 8.937598456064363 0.3367621707103954 0.0964878583234198 0.4245746209903999 0.8348758738791296
322 -15.021830845160926 2.8524208991668383 9.203767833475666 0.0675938532866507 0.29148640610925014 -0.06954043495710571 0.9516464017466533
323 -14.120210915342469 1.9563186487338213 8.529317750036189 0.4961039938595643 -0.4446115813406532 0.7077179145965818 -0.23523758707616985
324 -14.777583493229937 0.8491845327007879 9.423025880320784 0.44022783892764356 -0.3650651671574412 0.8203066382314171 0.004888029754142931
325 -15.789861360538932 0.26053389249144016 10.526898211593243 0.17571770109430843 -0.1707104460833414 0.967035773856378 0.06944814757899999
326 -17.485566072307464 0.33763006030298165 11.648867969019662 -0.03110318260388682 -0.10577182805341553 0.9436910475724014 -0.3119168465374247
327 -19.534748663523516 1.8228102532022608 12.421876654191983 0.04066827478712436 0.9160309633303148 -0.2837622698210295 0.28055719536663437
328 -21.072416562787122 4.260249203332541 11.69994473568215 0.4132953766503371 0.6816806438171463 0.3205098002966421 0.5116364914646969
329 -23.15220367343935 7.488205647922017 10.769113440192614 0.07849916646786373 -0.05611549655917262 0.04492459555439714 0.9943192206852093
330 -24.58410052150849 8.652574953247957 11.344311167940791 0.4016868240483316 -0.7470736468441522 0.15452978495937775 0.5066055735356156
331 -23.330227608104487 6.3579786436992 14.785492998546156 -0.6814903299485106 -0.22142202551649992 -0.4096584623298409 0.5645557200528483
332 -23.08685635253052 5.907778400891379 17.987295958294727 -0.7337284824036232 0.2596523613668999 -0.2637333703238309 0.5697963449548458
333 -22.61342022748915 5.729163961137243 19.12534266871231 0.8572080404165368 -0.13690566228977807 -0.2544421864195382 -0.42627501551027075
334 -21.938371653510682 5.9293375960464765 18.80255204317012 0.718551874683875 -0.2794762615637194 -0.5805702309110957 -0.26175261143013323
335 -21.868295526574478 5.761027340853938 17.736831111696958 -0.6268175954071412 0.49776887687143684 0.10841656361339119 0.5895521147790254
336 -20.89423372551949 4.561772811068043 16.358277259666345 -0.5523988507531025 0.47602879560518635 0.25901325028552785 0.6333752691871184
337 -20.080773368374018 4.226109184955525 14.414850601214985 -0.49817455221169815 0.6111742749699243 0.20941542862669282 0.5783020831682697
338 -19.710409466085697 3.734066165631414 12.674391117779145 -0.25073559080856467 0.7753859868272116 -0.011299996654244807 0.5794657410145014
339 -19.567916390614823 3.5693061487692646 11.372325109465216 -0.05201852319474659 0.9638759603437549 -0.25240530684761314 -0.06729611720748431
340 -19.34222427515064 3.570176748873089 10.725358339626307 -0.17274917032485526 -0.4728594718586528 0.5979387083113599 0.6237234524439267
341 -19.23285027655376 3.3236581594609618 10.61509053627306 -0.4157358014638619 -0.15893797573755197 0.8950584583328842 -0.027799629789072956
342 -19.628752377746288 3.21605503462884 10.318232619060495 -0.5782523314538595 -0.02557699296116407 0.8147481600592066 0.033992562118450476
343 -19.742124617362105 3.0172950600591317 9.764416988050574 -0.07068208702795165 -0.008400559306245099 0.9973423600903002 -0.01554638048631351
344 -20.312108542518587 2.5269436632622315 9.336209574293479 0.17503331829230337 0.18725641951548988 0.9500969589475067 -0.17780365417089602
345 -20.95313619574036 2.29540896413008 9.753764029131807 0.4842732665372349 0.19944000879045806 0.7853248321080846 -0.3301030055686048
346 -20.193579316916015 1.912809746567428 11.82991206911603 -0.17312915864816408 -0.04850600598161751 -0.8297113108922908 0.5284435659433135
347 -19.723370677519995 2.0080578616566807 13.26623578028209 0.6904120212677284 0.6278220304587396 0.21562799657470488 -0.2875331390515761
348 -19.331582606889285 3.15585523169948 16.089905405252114 0.7139265002965834 0.6443748618703397 0.06969828921828322 -0.2650134676651302
349 -18.726441939422763 5.452978982803477 18.549678684405745 0.9312531228701141 0.3318879238957878 0.09475663422700038 -0.1167870172012877
350 -17.781832339689707 8.904990801052847 19.756478586356934 0.9287108342770309 0.13012634313278804 0.2675034199640488 -0.2213712750717366
351 -19.80275412185882 1.866404426261595 9.307683319475348 0.6628636269311636 -0.04693191914724416 -0.6294602187086388 0.40272700445847065
352 -17.03976773762307 -0.3358499113371675 6.193008645764952 -0.4900224998570285 0.1802930431084505 0.8105423840081303 -0.2653175681461367
353 -17.61071328358751 -2.8572509216543622 3.746626156489967 -0.542045366652161 0.751682754085103 0.2623502582497343 0.26894646251299803
354 -18.229827804569144 -4.525196177613238 1.6578067611616008 0.6993346727735353 -0.6325364026737773 -0.30039909205057336 -0.14348902482224293
355 -18.06577621061887 -5.2923658337581365 1.4303432348120737 0.7190116673983845 -0.08560521912693435 0.48450266410200254 0.4908677388882734
356 -17.649633735683746 -5.47103488220177 1.6217961191303856 0.8408521473894371 0.307190444790017 0.22628523635502185 -0.38392276393571145
357 -16.747573820770988 -5.060561681109078 2.4961110223613736 0.7593596162608643 0.4898896989920117 0.16218928431792531 -0.39632775838453277
358 -16.032555446169525 -4.255082700189889 3.3512292981215057 -0.5336429608135738 -0.6548899564761329 0.07996035593666279 0.5291036540785685
359 -15.642737054405972 -3.295126795312302 4.224401125697544 0.22834626317390164 0.8495339937712114 -0.31769692918995474 -0.353862457326181
360 -16.305964651352166 -2.8372616323992865 4.408283649924503 0.7448326145124625 -0.5023653540738413 0.06632165986463981 0.43411388461738093
361 -15.996804992471862 -3.767550827819459 4.751514183695678 -0.3835438449358416 0.8998750330450153 0.20746174621025598 -0.00886948552371376
362 -16.84431639013487 -4.333683468603451 4.335963958669659 -0.4323199520241714 0.7594667731130835 0.12300435564205187 -0.47029736137055017
363 -17.013397098762084 -5.291241239854694 4.918788765171666 -0.4307419656713634 0.8151361206990485 0.15884886166762924 -0.3532442538643407
364 -17.384488642515315 -6.251938540556124 5.403805853313951 -0.5034959367752884 0.7874369020509121 0.04320709134949171 -0.35294208334563093
365 -17.679288867887063 -7.244217162533146 6.080118398087197 -0.6627745641086724 0.6696860669267997 -0.08619880944268657 -0.3237595005329346
366 -17.706759740725538 -8.150050843567088 6.742048312380684 0.8328545860111523 -0.4056100200053353 0.14835195148685484 0.3461581267592958
367 -17.064725488360132 -8.887202218650609 7.478458810001022 -0.5866197890176683 0.6100506921095525 -0.30249360767106875 -0.4384210231132437
368 -16.751484273071668 -9.429736231746258 8.670782338535314 -0.4810174575860785 0.688197123199207 -0.4945928425159179 -0.22446568835745165
369 -16.57702563180828 -9.494302023544355 9.003281316593599 0.7802396972608017 -0.240325454989214 0.41801742213187476 0.39841074947448535
370 -15.837611552124 -9.544361937463574 10.37776425217551 0.8107621696760704 -0.0901716625315678 0.507925242873967 0.27666897757042613
371 -15.145573975853107 -9.357575400370136 11.740748498402974 0.8540671952448105 0.1092173921632722 0.5037106321406469 0.07011694748193936
372 -14.390576911682684 -8.927210677118762 13.27762201173528 0.5240561118671524 0.27917233607129804 0.801336801301374 -0.07271402386925087
373 -13.709189624888047 -8.381289053547768 13.419256064253862 -0.017819202400830417 0.08856707312690885 0.8772888829186067 0.47138367121799335
374 -15.106509399613582 -7.0233236807314965 13.42854768380913 0.007208232121403693 0.03207774148414985 0.8219679129049896 0.5685840395628208
375 -16.15085940220836 -5.256353842845345 13.672212404392916 -0.19090660936747092 -0.15970366176947065 0.9135147888267483 0.32177653350121693
376 -16.970157922802255 -3.0524313744038363 14.034692770368277 -0.2621115245332068 -0.0688097611109367 0.923997774010915 0.269797848593365
377 -18.002502897500605 -0.6838661649437728 13.271475681805116 -0.49207345692505944 -0.2681544697207486 0.7557577560589639 0.3388024609050623
378 -18.982279355423497 2.293298762335356 12.201255536679971 0.6438704699496027 0.547884828214345 -0.5289451786959729 -0.0739596570685718
379 -19.763542937662045 5.31226161678495 10.063360448911187 -0.36009413587372063 -0.5615375106071788 0.7073523582893223 0.23379580559322605
380 -23.378164168269713 12.739643565222224 8.93377011756497 0.7239939618022313 -0.4648504627119176 -0.2878583374314337 -0.42057623347217
381 -24.04284656311206 -1.9861837729508718 3.2427791856272106 -0.4290436840744227 0.09324410860227285 0.8982101774297647 0.02110759409321698
382 -27.124054615477082 -5.244579584169918 1.3634323466891454 -0.35569199653451733 0.20951382095194704 0.44455579224604225 0.7949574265405019
383 -27.75112274329427 -5.306725744919258 1.2416660428050899 -0.47558113481165826 0.7406345496182862 -0.1482787275776777 0.45088409494116954
384 -28.174075324121908 -6.1894856914517815 0.867699941359861 0.05389390510315176 0.9916583081794986 -0.08429456234847789 -0.0812629901602503
385 -29.119490489499892 -5.946970116788483 1.1816981764870935 -0.19571523860868847 -0.8173982906281813 0.09404154961447017 0.5335838891876136
386 -29.495779526508898 -5.46726279914059 2.196365689644396 -0.2888343902811253 -0.7830397709810849 -0.10672060703676263 0.5404018172494656
387 -29.742865240276004 -4.861494560597377 3.2409100759478107 -0.09042334715868892 -0.7323055234639012 -0.32531346721084287 0.5913741511464142
388 -29.368245857505375 -4.781220370339869 3.2671736679601158 0.30253132469017896 0.7886966947260615 0.4395040600736367 0.30539892352164655
389 -28.91222697197509 -4.467670676122383 3.5630785814738086 0.5782154816624725 -0.3967076828696377 0.5945275067825512 0.3934805138719847
390 -26.71631742163921 -3.3177957202898076 4.148279377198096 0.42051667032254375 -0.5156605706772897 0.6957467688605249 -0.2705482201932822
391 -25.743674809231063 -2.1483889062806845 5.108112458470843 0.32764989542351775 0.6988865115027736 -0.5852845764249099 -0.24828442292571573
392 -24.87090749786775 -0.4931331786218395 6.7868122978248815 -0.7327933974286677 -0.3894875508387066 0.018755766726928913 0.5576392253429636
393 -23.32012753068969 1.7692747721300126 9.324306087539226 0.7720381686214511 0.4266007573792193 0.20909119751732105 -0.4221963182168749
394 -21.612227400604777 4.123114633636308 12.030936739225842 0.7933786461905276 0.350693848444924 0.45966008830193966 -0.1904645679753263
395 -20.310730443313595 6.182731263329219 14.453024803760753 0.7877421447155442 0.1703886713461162 0.5744088593623519 0.14312398961006564
396 -19.562610427012604 7.997963637409478 17.28626075205678 0.820447489718985 0.35153455175736514 0.43357853676203156 -0.12368923960417959
397 -18.829206569196792 9.576777177256139 19.632108712038693 0.7829612190153338 0.5237150493176718 0.24351875868256717 -0.2310690174080308
398 -18.330707385961283 11.159007102955549 21.513666579777837 0.681762005980508 0.5922985168565237 0.15700036703125095 -0.39966726020910065
399 -18.130891726031262 12.409136174560805 23.103977380778424 -0.4019752916171784 -0.7571861952224782 -0.07525132265840408 0.5093350264138056
400 -18.75138539792594 12.877340930821124 24.688624959710896 -0.5135094438338478 -0.5036700002173357 -0.13441548450416435 0.6815842277371391
401 -19.77840757420268 7.989516345825433 23.731576231541172 -0.2131224698493681 0.8220544533995202 0.46441342042078254 -0.25124781277533675
402 -25.30982333477352 2.0179925060863417 18.79329146988462 -0.2582998472895187 0.7564505270026111 0.5503907217412194 -0.2411096068365244
403 -28.092120549179683 -1.1047977905106021 16.379908508553605 -0.3549760183080043 0.3785694812311492 0.8314158932936507 -0.1985567593543342
404 -28.910401054341264 -2.5065570893201317 15.431187705319017 -0.5108095024349218 0.7527606090011112 0.41501715013742324 -0.013633886103213354
405 -29.620595724685607 -3.9626996060255992 14.431208141077715 -0.3390549954943251 0.9172226308158207 0.10129289186999058 0.1829866268508776
406 -30.90382496764325 -4.898910198103255 13.628973586653636 -0.30447920795884065 0.9298963416894015 -0.09227531553458534 0.18458188366255604
407 -32.22019013138914 -5.951484616378965 13.081856575185045 -0.19967083230743873 0.9308080499995528 -0.2748635165086461 0.13482573965747616
408 -33.760287935877415 -6.653806294664425 12.80587540701728 -0.04893481589977401 0.8280642501506401 -0.523837756843963 0.19367236746629166
409 -35.58452702084212 -6.91579511878553 12.00166598095456 -0.4984219983203136 -0.544180677602575 0.6447547684578385 -0.19933436799826154
410 -36.732769784692074 -6.058550692407443 9.717215800307418 -0.36613924819855326 -0.20693411709074178 0.8983762485230169 0.1266508515651736
411 -37.60140171093283 -4.671547173947243 6.846020463640917 -0.058157053946305146 0.9003055151722162 0.30485311603131077 0.3051758740018236
412 -36.90754254155583 -2.2068449103515646 2.9843551650366216 -0.07671668088309176 0.9373870097835693 0.01720193826383229 0.33929962876971625
413 -35.5954163842483 1.32968445246792 2.1338782354962316 0.4458879597966129 0.39277454112167376 -0.1155356184118498 0.7959670897928282
414 -33.69671189503119 5.607465660594739 0.9921111794655844 0.548621362462304 0.06313870002127875 0.007867102663201512 0.8336463362273686
415 -32.14825339026992 8.024815765519007 0.32266696822366403 0.48462528573885993 -0.19320673046941067 -0.39014922609521463 0.7586785044412121
416 -29.531865817562288 4.173979065054421 0.43236380730061136 -0.072456772466125 0.0027990541286865038 -0.5019251972821386 0.8618661599999522
417 -28.191612923714676 1.2962683749696446 0.8594067648827245 -0.23914027470730026 0.0319701145828941 -0.4756622750449282 0.8458931616259565
418 -27.213106617377086 -0.4646395324796113 1.3653238126777663 -0.26033418058401664 -0.036281607846396606 -0.31642603907098704 0.911473708424755
419 -26.213993938749784 -1.4623366381373035 1.8838571243636226 -0.2024243276404355 0.06757402324355373 0.019718757749480835 0.9767647176033819
420 -24.031699889207317 -2.107633426084263 2.116803265058231 -0.44828263294466425 -0.23032196008334274 -0.2579778186138292 0.8242826704515975
421 -22.01081016890049 -3.004899151286907 3.842606045081707 -0.5009096190188372 0.16551552779923642 -0.3258395184572568 0.7845525934207893
422 -19.85170126311781 -3.202083956317711 6.834637707448257 -0.31331669426598036 0.7319702836080634 -0.3661913915738632 0.4816181243954249
423 -17.701364996276343 -3.5632921477491424 9.244259774599243 -0.19291731783632188 0.8524528671413066 -0.41977173485542074 0.2447421263245774
424 -16.43340874355016 -3.3671891184117775 12.121449412489627 -0.18127990923850865 0.963186815873323 -0.14695097657413142 -0.13346970711811898
425 -16.14377603974209 -3.169320756530418 15.457883470437354 0.014300482338106671 -0.3618353871041569 0.8361286106832565 0.41201892582862026
426 -16.076510212958333 -2.247455461637692 19.159857724530053 -0.35780429632053745 -0.5532327800664837 0.6743518654045766 0.3334053662133272
427 -16.89655488938611 0.5785461909000765 22.902206782371778 0.22204492855161354 0.6555685802710317 -0.5667827239600141 -0.4468592956249204
428 -19.279493764323888 4.779602487521721 28.094118984756914 -0.45021506754838486 -0.2724301458898534 0.7231443944891678 0.4473817087026818
429 -21.991180326628122 9.041479801881836 35.54002766680784 0.848461841706777 0.2625566068408418 -0.29837251596980113 -0.34950017608810896
430 -21.057319455169438 16.05402306660553 41.23722986602707 0.7890059624137973 0.531429847875501 0.17292730475645735 -0.2552411709191268
431 -38.198082644234105 12.887486719068178 18.717593718569148 0.4767292514483389 0.4039643771130534 0.6275721973728227 -0.4644299085134547
432 -38.9744692843923 13.147247378118667 9.924539667811292 0.9617296883725553 -0.14082164804667457 -0.10205501256345438 -0.2117310661072663
433 -36.70792150532072 6.798972991646224 6.070582690189502 0.9690756326647547 -0.21952556878344745 -0.10228992014822608 -0.04730449304008022
434 -33.096359664986146 2.242578912338212 3.6952362171740867 0.9463772950589011 -0.2306645321988137 -0.13514839669262674 0.1813802631322176
435 -30.26496517364308 0.39405593674662664 2.7945056317510577 0.8380584991248065 -0.07802626481155739 -0.04549891774271604 0.5380517656587269
436 -28.02834483629616 -0.010711913215893931 2.54686157881446 0.767343536635001 -0.010701552273869153 0.16845030878016679 0.6186225561966564
437 -26.290944990582524 0.15483519870136042 2.8711045118998473 0.8471089139212049 -0.002805621671923077 0.27493275130859984 0.4547643331442725
438 -24.822950261740502 0.4103424684873059 3.639334808467538 0.9300416090950996 0.12805123386929293 0.22997694941461921 0.2563905021530548
439 -23.571767131827517 0.6951114877409359 4.5493832700117816 0.8105016621051845 0.5602890023034665 0.16952936498216248 0.020569006569698296
440 -23.383725656963886 1.075468864055205 4.974935777983446 0.9139698427281568 -0.21361735922755004 -0.21269190729464488 0.2716411290498583
441 -23.187409434327158 1.3508497175211167 5.581436000263017 0.5104938363552242 -0.23133394157116866 0.6169564794775784 0.5524901383292795
442 -22.933374650654663 2.0075966646070493 7.48002831690698 0.3163229737124737 -0.5022766713028111 0.6388826664868786 0.4893739472318501
443 -22.603761754781537 2.600789722996876 9.285860165100054 -0.25667125232968513 0.7170926442947614 -0.2968485442233888 0.5760025603400664
444 -22.46174177181471 3.1840930919412873 11.721174367818572 0.4641555530029931 0.882144183438172 -0.07976760911855248 0.004288447061145248
445 -22.227599201408623 4.155925709184627 14.887283127505883 -0.011654702260601637 -0.8036240038173567 0.2103697875842518 0.5565942695317065
446 -22.22026051619114 5.797291948011712 19.124138206995546 0.11613245876048707 0.8346197450799171 -0.2946894934781342 -0.4506453545512013
447 -22.880471657819584 7.558298069355212 23.103951590107073 0.476505032302869 0.6659444846233569 -0.4029078309861645 -0.4088106864060636
448 -24.24052687362392 9.89629513163141 27.29582383974086 0.3654367103912157 0.7163798688341753 -0.5381427097586384 -0.25230600104081197
449 -25.586446429812604 12.620035605410425 30.419649255229007 0.6224092744330858 0.7206398694426278 -0.29874682129648017 -0.06352330623196363
450 -27.78102222448283 15.608816287139378 32.32455774954966 0.7847308828613185 0.4490533912734841 -0.4248192121940665 -0.045575544103065004
451 -29.471762706683485 15.798314730322963 24.66154986926266 -0.4113148172232332 0.11060570326300753 0.8991276477775124 -0.10077684525917208
452 -36.03661414656809 15.133258179321363 18.140451301110968 0.24479540241448325 0.6308811033812286 0.5361521323719414 0.5045841211396026
453 -40.8442173898398 16.665809672985244 10.9700145373519 0.307808939175441 0.7100448070892272 0.3808297413309109 0.5060224668995753
454 -42.793055521022275 17.82461706045084 7.114474140114954 0.19828861573324197 0.7820874945304772 0.42888304341537886 0.4063005178933402
455 -44.04176969082754 19.25827034629492 6.159118659736384 -0.1838652065399478 0.14897085573981847 0.7930686845824796 0.5612872094558915
456 -44.45487339232095 20.76391937847448 5.667060868648331 -0.41647246454201153 -0.1361077241365332 0.8725610229998904 0.21601535790323137
457 -43.33554133520919 20.669084894111474 5.612762324852109 -0.38463356811176797 0.2233772759424678 0.8945549996111781 0.04394273028360989
458 -40.88349203879831 18.740245855918314 4.696099182615885 -0.48778749909264335 0.04692760370383347 0.7582994316663733 0.42993386430242525
459 -39.58551144295281 17.840310432709053 3.9935900240115263 0.968471114757343 -0.12525233485212706 -0.18629752212189016 -0.10802215395928395
460 -37.91589740894269 17.28112141095665 3.356379493656528 0.9598743953583926 -0.025042677169528234 -0.27240714744776257 -0.06171187466699919
461 -36.578945379677585 17.156443763032662 2.827370791193244 0.9159106751136147 0.24287086243939965 -0.2914805290928696 -0.13099801735371805
462 -35.61477024379485 17.726706147420174 2.541824059629019 -0.38584111567501006 -0.10049776630406553 0.9164765968816062 -0.03312823253459746
463 -35.47871069521412 17.964152102227388 3.6016902936530473 -0.5646935989427346 0.7115106059944261 -0.2808237669828403 -0.309857723428213
464 -35.61735504178499 16.135251130066095 4.48519468543556 -0.014175521805421906 -0.7109826158815418 -0.4270260233281912 0.558526230267028
465 -34.41367719014968 11.087964152674928 5.715098121463763 0.30444253871228927 0.6292657137478912 -0.47266312606525374 0.536590133511602
466 -34.16153459405557 7.179071080840929 6.814548673333558 -0.0116653693595966 0.696176475621773 -0.5112063681123536 0.5038554188950712
467 -35.87581573927443 3.5372552499727417 7.840277031494729 -0.033919329636202866 0.8155758798540095 0.04056469116778993 0.5762290942913679
468 -41.244983971656026 1.9580051904374465 7.42753858622381 0.2337822623928544 0.8147554274594648 0.3242156350513324 0.42000436807738595
469 -44.439535374089125 1.0775144406858836 7.431990736686291 0.23393629121674045 0.5924004116104947 0.19861593807518896 0.7449075601160089
470 -45.557665220843845 0.38845421477726305 7.265223000263141 -0.5611889706176151 0.7673245033547714 0.310076507558498 0.011515436110738174
471 -46.0708676688336 -1.304972090840422 6.547056308996243 -0.21615242732376155 0.8991383404506377 0.26242168969425755 -0.27561427697369223
472 -46.23006927282442 -1.9663299895577906 5.615766612901816 -0.5572774850138378 -0.40051995648930677 0.47464377453516693 0.5511250823955176
473 -46.849254198951485 -3.4418108415140845 4.1554554779773865 0.35595828240690247 -0.3284928704882915 0.8746071619893212 0.021176577185103053
474 -48.40934943052494 -4.00364614961024 3.561741777383086 0.6032177333381556 -0.21147205666386748 0.5630862453631849 0.5237764940502093
475 -48.27201892010503 -1.1753698210731875 6.492920111184473 0.7291771217625087 -0.057137840397147664 0.2770006105511735 0.6231425631805053
476 -46.26079687201507 0.983575339777351 8.904517741923422 0.8824145502023254 0.1642902796476852 -0.0632235020738229 0.4362981255862036
477 -42.10715094494746 1.561310825084133 8.692585651699194 0.9790036212662573 0.11007311277921981 0.16526591377007643 -0.04607599305918273
478 -39.23777787351602 1.6889188073009818 8.270852932227442 0.8714966614533469 0.08063754091836978 0.2508403060621634 -0.4136064517448309
479 -38.083832124702155 1.6797899453504308 8.106939038300569 0.9553997636746189 0.023160483547954195 0.004158990867225404 0.2943766063519198
480 -36.24173350616372 1.7606783641595023 8.172585916887812 0.9936084245425801 0.014343355489929894 -0.1033310756667754 0.04311908664209051
481 -34.698009778586965 1.9083404743214147 8.278778957819032 0.8046047194454824 0.01765782583993575 -0.5742793015700486 -0.15000910112683163
482 -34.07727675060775 2.1929026815570545 8.094242005637435 0.6511935605280211 0.03588075700987356 -0.3049726814954777 0.6940109376261264
483 -32.858829692274874 1.5814148031688593 7.37542603295733 0.5086362172580356 0.054708275935263 -0.18826520773976751 0.8383629372725929
484 -31.637249620851485 1.1758975094413457 6.9758015662771475 0.21801722355971415 0.06773917750409153 -0.04574893789499885 0.9725157730051798
485 -31.286911469788475 1.0512130443202914 6.890090105149848 0.6856924297991451 0.008974823501012256 -0.15015006110410253 0.7121799656053968
486 -29.971564257329636 0.6834166774416213 6.670368387707215 0.1324545015090704 0.2860481671963598 -0.33127015122455206 0.8893212793930265
487 -29.62329162976348 0.5680096420343931 6.79633729004577 -0.41345006388670846 -0.1989733058322421 -0.14342852805232956 0.8768676784891822
488 -28.495958133104395 0.30506443482044254 7.286594460412937 0.8573958140581437 0.37885203942919543 -0.1139681773645915 -0.3291729101917493
489 -27.6229499625585 1.044515322765541 7.403342422133062 0.7909284566053385 0.3608759572754331 0.1692511510761005 -0.464278760931245
490 -26.86122492317778 1.2701251737936425 7.955291583130928 0.6456930666753918 0.7247791840341764 0.22937096370936277 0.07186486655605107
491 -26.715505712935823 1.1688533111743997 7.894558402760001 0.3644350641169555 0.34602232108646064 -0.1631311859299382 0.8490252372745473
492 -25.865271808276695 1.1673200300982234 7.323142968758158 0.04053064528853175 0.712942125155612 -0.24878404101687884 0.6543525761440906
493 -25.836382854802032 1.07055191520055 7.369637238778682 0.2848273693349644 0.4929177634197419 -0.6523267102688363 0.5003751704999329
494 -26.129209165299912 0.693951670589266 6.596173926545155 0.13345315283267614 0.6731964289543344 -0.5516927063466699 0.4739535650314696
495 -26.617592804649046 0.3549782866671334 5.886973800014724 0.08039343991041041 0.8197933824498879 -0.3425350412504829 0.451824579263097
496 -27.277672796661076 0.2378961275060576 5.035435438091552 0.17821998214324195 0.8320293800609097 -0.1689270274403554 0.49742176076292194
497 -27.72287144007253 0.32314660993974265 4.160121197511665 0.15738442889299864 0.7910430456861078 0.006595433242985246 0.5911324231287023
498 -27.692646568621043 0.3576660390757371 4.179270671604597 -0.3303139257945002 0.33432806831150175 0.6702977851552441 0.5742981215199177
499 -27.772310977143395 0.9525987222226174 3.39846308793264 -0.4467230901298594 0.16004843187817122 0.6603699400615014 0.5820090398450318
