# time x y z qx qy qz qw
0 -1.862187665833597 -0.44964388218722673 11.043202517633505 0.027302205079756534 -0.004390344947013897 0.7377484184389757 0.6745091441632348
1 -2.074297598396707 1.7545630399861656 10.379610831154555 0.379620712004228 -0.030264056967660734 0.8527597490830781 0.3574535105674958
2 -2.597575927106131 2.7902130938759413 10.953038039187067 0.4758584105034062 -0.06777961337893723 0.869379728646525 0.11464547344691749
3 -2.67744246058754 3.182588044331798 10.861044062677164 0.2884152128697812 0.3619290081958402 0.6522552555112588 0.6003225297034895
4 -3.065978326321006 4.610269343977864 10.865913292538101 0.29263470726593765 0.03248341811798813 0.5909076844965333 0.7510911156801792
5 -3.0289755597905654 4.582993297601722 10.997778366374387 0.5888884714455906 -0.5319394858649784 0.33326690608622095 0.5091010910260333
6 -2.7884135320004018 4.298026825866645 11.96288863289926 0.6702110837404767 -0.3988306707312914 0.2198417538331784 0.5860211622347744
7 -2.8999687472631006 4.358941584567817 12.070037460158535 0.7021771015079347 -0.6321974174926378 -0.23549799900028417 0.22762784517808138
8 -2.663991215445395 3.343007667720345 12.047693533610243 0.7451359405377488 -0.5819347916658124 -0.22484486697079897 -0.23573102079420072
9 -2.47723844207783 3.4045207537407354 12.127439639382429 -0.21670563347664526 0.1672076202421583 0.5225177638504214 0.8074995149306254
10 -1.9541848569436508 4.158569129469186 11.703383911869086 -0.05688026873930688 0.3172800437143107 0.6097791128859721 0.7240631480587768
11 -1.87487011597403 4.117253665095248 11.883046820776652 0.314018218327084 -0.20419312369355852 0.4602579507399351 0.8048977236740246
12 -1.4883230075877933 4.626703047722981 12.58627923675092 0.2335759237730246 -0.08490107884790961 0.48948163069896794 0.8358479693415055
13 -0.9683356503827121 5.352845373910225 13.014936685374835 0.09163649186550842 0.10531961104537732 0.3846587681338002 0.9124407734125105
14 -0.45381783494454114 6.025857485011828 12.894106634912324 -0.3734124778817368 0.16622690990005265 -0.027924270018673685 0.9122236408530671
15 0.3958097409688277 5.534033817802382 12.238253744282446 0.8168545777912046 -0.4377066011807261 0.33785340367397176 -0.16436729495335023
16 1.738592411094699 3.8953097992110943 12.112919240090223 0.602078156073142 -0.5250949524639079 0.5633984014950396 0.2106167753749135
17 2.3939109239517125 2.6187475001954255 12.463637999835896 0.3097118308866604 -0.012867175386148207 0.4653605213163245 0.8290673089723256
18 2.285017156064546 1.8762535963888975 11.984210579514944 0.27862240324942006 0.21678177002469357 -0.2504798556766758 0.9014627349439743
19 2.085483625051541 1.3017007050151208 11.535863596906939 -0.004259894220416926 -0.29759541546038815 0.8510882331927365 -0.43251316895449055
20 2.039720906347474 0.684817440673398 11.058585315107996 -0.6355675042727783 -0.2984503097924366 0.7029902044963734 0.11307578201992571
21 1.9570171490726636 4.989077313072895 10.218570238564498 -0.11110692881148183 0.47713637082875165 0.4568828329316929 0.7424649560583715
22 0.5098622493930789 7.649021002807832 8.653670123815232 0.7104664127181848 0.642294110522295 -0.17692123070566343 0.2267038378883803
23 1.9169460025175435 9.129802914849288 8.302729947560984 0.0016671797793672066 0.8900025596495192 -0.44986405740574376 -0.07426300682930233
24 3.3106053403021702 9.698884313695647 8.213768076444934 0.33526647417615696 -0.4787027492618415 0.5033067871870636 0.636492220780489
25 3.5507137626124377 9.717084491842687 8.229652272583616 0.24816924251768677 0.7665332178225036 -0.36854507468418674 -0.4636953536201356
26 3.2080559639344317 10.594920068705628 8.83417192861221 0.04715961708866327 -0.5833882148520948 0.8054042709243335 0.09358483672358128
27 2.293820689648867 10.775568501986378 9.074003716923642 0.14295012186809028 -0.0363635436242152 0.9510191853738846 -0.27167161133210205
28 1.4717646565975826 10.28680665398149 9.486931507869993 -0.0031954982007422537 0.3913454520845951 0.8222290409076316 -0.4132528647354657
29 0.7142497629811861 9.626384875436079 9.895870208478815 0.4066311003880312 -0.29892071923941854 -0.2736312015757985 0.8187939407022944
30 1.971509479406229 8.836367048331441 10.273599518729032 0.2509647873874557 -0.5416857943477048 -0.33305459952452954 0.7298409480352687
31 2.2214414092904198 8.745023540414905 10.131553192229102 -0.023833316824456354 -0.5895489277668472 0.07526794560986018 0.8038648960750661
32 2.6694524118979066 8.879705662453965 10.937634225585759 -0.31963929390357315 -0.4949943083407326 0.33104812771745207 0.7370335770084524
33 2.9760885718179453 9.638453853259074 11.431655638427328 -0.3655576270841318 -0.4115265004017014 0.3341852021775835 0.7650711152522195
34 3.0290462882708926 9.574420588984033 11.38585669748199 0.07338846600816247 0.7720725206066543 -0.47332559108150385 -0.4177092778576998
35 2.381228146013595 10.068595612644161 12.010435323422204 0.13525649879519555 0.7358706757864834 -0.4984972184233358 -0.4378362151254807
36 1.8517866598674029 10.725276797507595 12.539214689158472 0.12521591665431372 0.80720861449355 -0.5084716547899675 -0.27238172328365823
37 1.823524010378949 10.85732933030566 12.700479748668865 -0.2559124984650453 -0.5881318624088795 0.2253420286384476 0.7333693991965781
38 2.027929499614391 11.504214418844988 13.552026137072477 -0.2053400873935051 -0.5324082288672471 0.2984765917210737 0.765041600527867
39 2.2600952260592653 12.080018862923064 14.324228685532852 -0.08103263944022523 -0.4744427785575565 0.2423752623176705 0.8423728351723933
40 2.746506354190858 12.387063558983247 14.939114652661942 -0.3024835785963381 -0.15848656812512082 0.3059607906485331 0.8886921215973498
41 3.937548512225572 14.46014916427752 15.50009202040518 -0.21743387702040468 -0.4669511939944561 0.6382403065645045 0.5721262121485745
42 3.7409028597191387 15.5960746729074 15.73722459813776 0.5664388498912043 0.7885291908262729 -0.1347373691790967 -0.1980267302550054
43 3.2483532238447594 17.282550983315975 15.975899194960455 0.5316605851374813 0.7827245651106463 -0.264764884945128 -0.18595384664914447
44 2.8745635057691263 18.51739290872498 16.13108305635167 0.5275701012747998 0.7999499369132316 -0.2754150555481925 -0.07678824031581959
45 2.4806130504433948 19.65257467137751 16.034700898518118 0.7843576409860809 0.6124035338540106 -0.0979503892966418 -0.012276969760743054
46 2.328578861416361 18.44580762439532 15.525624809291255 -0.3970571169173743 -0.5514753596657944 0.44226451773127434 0.5853397901583912
47 2.5331488476138 17.12652207012562 14.92271842300955 -0.09930118284753614 -0.6031863511636608 -0.16676916634580008 0.7736236462332805
48 3.1408640762601676 15.581545405425812 14.197792760155263 0.061519764357355025 0.20948245136513252 -0.18539340124782805 0.9581031823020066
49 6.295744717186101 13.523929238805911 13.439405405331465 0.09934018768082446 0.08552302219847736 -0.17455208569179964 0.9758836555482523
50 9.324695508108332 13.244195733524291 13.268078851803784 0.2717394404195463 0.16269152610738127 -0.41098139534029904 0.8548587231452129
51 11.158298793411534 11.397231543002162 13.089888124094713 0.34365373917389885 0.37663423350773445 0.1934162074672078 0.8382356067304951
52 11.529074184456011 10.946749388580232 12.566265161909584 -0.08034881322332971 0.6914136126204461 -0.18963135808067877 0.69248193660862
53 11.645326268613871 10.425038003736983 11.207261250374732 -0.15951074496014986 0.7087482069813507 -0.13100947527124895 0.6745878880710288
54 11.652907986089616 9.954515140269594 10.024059128910828 -0.17117827403299726 0.7884178428558216 0.10115973771111286 0.5821185541037804
55 11.321796234615988 9.818249808925193 8.919791354112373 -0.1833250347391913 0.8683843671144884 -0.08281946427698815 0.4532565045599635
56 10.697688606971358 9.35960755028363 8.20439280157983 -0.3577771880317763 0.8252885783481172 -0.326376249643961 0.2904699465358875
57 10.071143069849613 8.522540179365324 8.118679429496135 -0.14827671033385093 0.19316563094192304 -0.5679721101071327 0.7861989177910583
58 10.528721543526673 6.619820135476568 7.940168264822337 -0.34671122903125484 0.21289285079565462 -0.7436201289932577 0.5305629665739839
59 10.288633390376996 4.660384007660493 8.371199821349572 0.35283769770402096 -0.22651242803418964 0.7876755782895855 -0.4514032148657661
60 10.19974372116907 2.8336620636346357 9.129738661783698 0.21764804659414264 -0.19865344373440721 0.9100111284003731 -0.2916262733254573
61 9.264718711696748 2.3826136826073077 9.255201180246464 -0.04026827908235035 0.4038368347821692 0.9049709408521067 -0.12775708507209085
62 8.247839712060317 2.1439320162351323 9.199254873670363 -0.015046014467380492 0.7626215697421278 0.6466587867448749 0.0037910866973479814
63 7.223680530210137 2.0989067829446495 9.096691320743453 0.1799686787077612 0.9781322559499372 0.10243808640456889 -0.01936499440328337
64 6.231079139352568 2.5605129239390845 9.160464782713154 0.16741795003610488 0.9553935041132556 -0.21878624613004427 -0.10642866535020741
65 5.24688257110509 2.9607977354449355 9.31168388880886 -0.003409123568064185 0.7632720501575289 -0.605019644730187 -0.22661726504257945
66 5.111138267934653 3.088478971819724 9.257306253453534 0.00426069554932424 0.9793228424730372 -0.1908877509123797 -0.06686167239592587
67 3.9965422568782336 3.345119837965101 9.451276550325913 -0.507205300374832 0.8384983527413309 -0.19532408267286175 -0.0388818524475885
68 4.143858800407802 2.872047347199081 9.686117923079907 0.8871066391447309 -0.45417354785687547 -0.05022679273911931 0.06515725979183415
69 4.752964340028354 1.5287259699608369 9.86814864603299 0.7637257890481918 -0.6363480180821577 0.09802205270225949 0.04664543074795345
70 4.545435766917773 0.09181057161828998 10.174863776111007 0.9466319528476361 -0.30602445864602584 0.08254269870425775 -0.05851221623640415
71 4.205799808256753 -0.5085466310945941 10.263621607555674 -0.492162865097381 0.8406819300805891 -0.03822163053560464 0.22264032342392928
72 3.469353395781693 -1.9820841408461825 10.222553992936437 -0.3021345355300433 0.7133680501324996 0.22908019458604617 0.5893581355496995
73 2.9084551730448562 -2.800672297374202 10.220175622002582 -0.44710269194258606 0.8753876283106435 0.0419710499668067 0.17898076439395239
74 1.5333094351298717 -4.460541679744081 9.685074537538085 -0.4407319418731329 0.8691802660571706 -0.030255733471156787 0.22218373275657596
75 -0.23289918982494076 -6.19631813618527 8.77843878015876 -0.4617211748438315 0.6562531964773257 -0.06949223516754167 0.5927192658126973
76 -2.661129453812681 -7.717180629998692 7.6278844230703555 -0.636613896255995 -0.047630920956496445 0.11516718512930904 0.761045702919338
77 -5.2581050612338105 -8.509651475923356 6.283035243024111 -0.4688786988186333 0.12252367610436926 0.8298365877650068 0.2766079395002022
78 -8.292155070017994 -7.010806992723559 2.738790223889415 -0.43432472915826864 -0.3003269365706588 0.7548352644382289 0.3890880162278835
79 -10.96802861020467 -5.586390860330305 -0.7115878069759016 -0.33494635047644944 -0.5358972790087448 0.5657132340785863 0.5297108507873695
80 -12.73817474276933 -4.587638028531421 -3.7610983432170912 -0.250223357761014 -0.4539708950318981 0.2422866870256086 0.8201194175148494
81 -11.794467748529167 -3.579113286025804 1.8756640992846023 0.9308583938213415 -0.3141965715477787 0.16937830657549918 0.07806506479591402
82 -7.063250608172429 -2.768484839826845 4.753909441070643 0.8060299545247837 -0.5611262630817161 -0.1473195430501064 -0.1172603152146226
83 -3.3315472441634197 -1.1677120856373249 7.472006688156675 0.6520583226243736 -0.43847253487088517 0.5084264422087043 0.3522276720009204
84 -0.7177605222159682 0.19495846524808916 9.774316693262714 -0.5986594302534586 0.632217616876968 -0.48552021619959035 -0.07859956196134157
85 0.4345040110146193 0.8035392346589767 10.867311071248741 0.8647649315097354 -0.019170685672968105 0.41699671299155827 0.2791555827778245
86 1.6077927855062015 1.1257413142547454 12.210074296617194 0.7935693774989636 0.18687012600181946 0.5789118279652459 0.013722045981162568
87 2.068455122392582 1.3717869737089972 13.32788223227154 -0.044053048905644064 0.7255708771305248 0.6841434867797398 -0.05961476863175246
88 1.1206995077076294 1.1971644835373478 13.366407357281616 -0.3168279819651684 0.8895667752983724 0.32837575639995936 -0.021455645827820554
89 0.6697543367122585 0.9956752707960609 12.811154606502143 0.08851806366694102 0.9560845288545186 -0.20187326752657175 0.19316860497460278
90 -0.21301173066172516 0.9220069061770845 11.62216417872685 0.2173567897522273 0.9329970490849246 -0.0490501811766047 -0.2826068153353195
91 -0.8005825165112357 0.7945031615865265 10.730674015875694 0.042957787517800994 0.9393414205610784 -0.10651264795748482 0.32318319872010026
92 -2.1086908340679025 0.49266631264556227 9.146011086147173 -0.0024464735189255868 0.9684311019899172 -0.076875890940567 0.23711877373588475
93 -3.8963260208739494 0.12199054448192868 7.791802707738611 -0.33121291937321257 0.8217164791161357 0.45411821265497765 0.09410992999840202
94 -4.809721120215596 -0.21740096112495969 6.90128007360304 -0.3209712597826283 -0.05358375819578728 0.9372442592930106 -0.1252175294176668
95 -6.373971047205314 -0.758266402259789 5.450772259752409 -0.2420058220403339 -0.21275296823948997 0.9263239610206171 -0.19517498774930875
96 -8.114911159650788 -1.2263881871236562 4.074189564295417 -0.019709991740101112 -0.44879072526459174 0.8134429395306024 -0.3694712238725771
97 -9.272190994819699 -1.9754735308621527 4.303423496617556 -0.39617275234932575 -0.21499553940401003 0.8664812765867275 0.21455597324934558
98 -10.828021657883344 -2.857500699254149 3.3080030567411858 0.6613787471228278 -0.498514949235043 -0.5423272413911743 -0.14121671816205095
99 -12.287390646438379 -3.7462775896546208 2.725099303507811 0.2596798624427937 0.8829445320228916 0.33321613342145673 -0.20479826864556916
100 -13.840223148047876 -4.356123463176849 2.0372502586368575 0.7703075835136439 0.502567387045016 0.10267058897849113 -0.37882845513362073
101 -12.44711139496081 -2.0674343812075815 2.7931557695809515 0.8598027940597307 0.45497064713996505 0.1918277524509865 -0.13016519871964558
102 -10.885530569262157 -0.006804065746382218 3.554478411490429 0.7974418781183985 0.49911109806189763 0.3321547065382356 0.0681748761564451
103 -9.602445718392332 1.8793218696420217 4.345274902301077 0.486661589296468 0.6265269338710235 0.5851567565312299 0.16797639394706995
104 -9.883647451254658 3.5455190752093366 4.797130149024079 0.26549549647795806 0.09926401458542952 0.5304089392497492 0.7989525354626907
105 -9.43318115344373 4.511515019279917 5.29315124259735 0.3838855631081432 0.4513448543018194 0.5415148843171295 0.596390247233653
106 -9.49432397333442 4.487393671083947 5.792733575097165 0.677003161354926 0.033560672986090376 0.7279552131197878 -0.10306118782491122
107 -9.715484694920715 4.259216948668414 7.1778516273929345 0.6681166420355186 0.2512236031324877 0.6945345076286694 0.09015914583288054
108 -9.52529775647054 3.9763781645752596 7.478194740448486 0.31138263178383335 -0.12797779895639122 0.3953886521327214 0.8545936773474988
109 -8.56188507099795 4.640056943072694 8.324769347174996 0.7361009046122732 -0.13635793668728266 0.38811696795716744 0.5375194791959772
110 -7.7653220548784505 4.682614003327442 9.196917276251476 0.8502065246284106 0.12585557657921306 0.47413538377325676 0.19106249547564313
111 -6.848634777849176 5.374932389406412 10.13144983453858 0.7488388587082342 0.29196081322599104 0.39379369312112233 0.4460109578104492
112 -6.568904381927844 5.60390393303352 10.28500941637206 0.8512474596932689 0.43549378717550696 0.2910839747984232 -0.031512589751420135
113 -5.825748973411046 6.47073958167865 10.960451268243633 0.8061639091528608 0.4052992626745762 0.41987497282320047 -0.09765892919513001
114 -5.616934882114751 6.587506178086028 11.11769327135171 0.8818556539977502 0.42084954258363616 -0.006301159829757158 0.2125477908710048
115 -4.918682975895908 7.356103396301547 10.954933781505787 0.778818435666586 0.5444913468636979 -0.2034640534057281 0.23574010356347752
116 -4.762556623554369 8.09324935214805 10.446735396576658 0.5889481399244091 0.5257526435394286 -0.5650184443128206 0.2397465409076858
117 -4.898895505028561 8.08889763343762 9.617154678840834 0.7076710394051873 -0.27116730278001067 -0.3190405058699087 0.5691073268764594
118 -4.4516549150399545 7.384927538322768 9.328571409992259 0.24137065851003617 0.856495680361801 -0.2521499579752311 -0.38023118418285506
119 -3.5116006231176478 7.713603771160491 8.962710235287568 -0.2008489971944037 0.9637334393658676 -0.1756430638856482 -0.005201180914020473
120 -2.488645047795836 8.602130343283935 8.109889032563034 0.5015517581556881 -0.414487792734321 0.7402598776144624 -0.16929565014905024
121 -3.392887248309796 6.841140211889771 8.160508086618629 0.04934642760600745 0.22484556744193843 0.9719673785470566 -0.047841571092520005
122 -3.61497957681995 5.81762710930454 7.845615742495096 -0.23760974519747208 -0.16229512101551483 -0.5736385883155203 0.7669033007342774
123 -3.5657081895876566 5.2959647355435235 7.848023898889359 0.3474304371784059 -0.5720525854222964 -0.26180157967409223 0.695347297193164
124 -3.5028987608065103 5.06862583435049 8.00934030782601 -0.2445366181011325 0.9003812927782782 0.12481981457898945 -0.3375431585901924
125 -4.237956554609823 4.529366799903907 8.858169349582834 0.16601156388581428 0.9645315093176876 -0.11264526847010825 -0.17155224184144774
126 -5.206704756344452 4.9232388945204 9.33402403076091 0.35425185319842983 0.9302207384714426 -0.08788123464294315 -0.03836522931971035
127 -6.252403567184599 5.5633089544691625 9.544693525592647 0.6899995672461241 0.5944417280830633 0.14047566446854465 0.38833776124129754
128 -6.680984755547993 5.612552864975688 9.70463835774778 0.5242283740830084 0.7573886878187583 0.3750719038106625 0.10424996087438267
129 -7.2644861375634315 6.513644447728628 9.875681811048324 0.10511367916007087 0.8823353705092682 0.32245196192750314 0.32628230208028464
130 -8.489424415871422 7.008893686900838 9.068317281019363 -0.12810263065503613 0.6968935286099501 -0.3242569153917359 0.6267268772132482
131 -8.849889100141754 6.064207717977004 7.533408652720009 0.3850828272639792 0.3231707250685483 -0.6970498968936983 0.5112664078985933
132 -9.32834798390715 5.05333869033438 6.029555313116523 0.6985716207652805 -0.36531362264760653 -0.5780792809209554 0.21063711149596337
133 -9.49420891290493 3.968974845140627 5.04593810054467 0.6010732041152486 -0.5580320587775638 -0.5554747881109037 0.13696344199912897
134 -10.211564292553598 3.074807394202255 4.082914130520687 -0.50703874060487 0.7957796078349177 -0.14793292785550533 -0.29624716055353145
135 -10.32250800856855 3.310920412814273 4.2360297326626855 -0.334069499656657 0.09283305281616379 0.8602244262342355 0.3738897300193772
136 -11.278166918371438 4.004676646317145 3.3856399539939073 -0.5917413388476657 0.019693204068377143 0.6057506441581897 0.5315265964316639
137 -11.83664652757845 4.340747811318281 3.2773158489501952 0.8691688296442408 0.17987788270683414 -0.4524015857782577 -0.08673118281843738
138 -13.175690896096418 5.794598756068927 3.5457011935491143 -0.5861711815880435 -0.44533903281389764 0.27743694193937013 0.6173372133408042
139 -13.749476879288325 7.679794583789654 5.209996382559806 -0.04960249359631613 -0.35036396296011757 0.3327777445094681 0.8740959094098885
140 -14.381022060989475 9.349456152610168 7.038838609694227 -0.08380544879346201 0.06677896142495494 -0.13126214123173144 0.985539175955371
141 -13.238074677874696 8.952279473877368 7.187447353312527 -0.6479979126427274 -0.2675671086812769 0.13637159894189543 0.6999352359787584
142 -13.118321826179498 8.87020640700781 7.363167885402954 -0.466214555068314 -0.6178174887782881 -0.21185260630753713 0.5967109957113635
143 -12.923228618175163 9.045963739856141 9.03227122630823 0.2750027111335663 0.8545301925508023 0.3800839087253519 -0.22290778635197164
144 -13.977707945922536 9.344724365527846 9.959101367526538 -0.0865263202052122 -0.8414237120486101 -0.00672393516951195 0.5333611547628117
145 -14.532333060451675 9.513502566075971 11.124091598626388 -0.23332920157567855 0.7387997536381791 -0.3884722494654933 -0.49882032748419736
146 -14.952389871456576 9.491296415833752 12.210101965290885 0.17795186239513086 -0.5454759781793552 0.5948255050116041 0.5630024071769765
147 -15.448660060960393 9.917821675780942 12.983114072278129 -0.08726387709461303 -0.06514321187143891 0.5872197015699185 0.8020688248458638
148 -14.374700185247889 12.179794204402047 13.200821350507795 0.14512642972655945 0.19020356058458088 0.4278857934915193 0.8715931807121386
149 -13.573240705487553 12.97705028983404 13.004277413958873 -0.4438550664607928 0.0645440334516497 0.5233311086602161 0.7245352292548287
150 -12.387313731909009 13.85242298548538 12.220017152592037 -0.11675704824854308 0.0549147546908194 0.7528588800035457 0.6454112395994829
151 -12.38230427255496 14.867273814436093 12.257240225196332 0.3511492792963776 0.580585469569421 0.4508928134588802 0.579922724977756
152 -12.412655098407065 16.417449907371843 11.713311901359782 0.330667202406139 0.6528501147580487 0.41837814320740546 0.5379643651763797
153 -12.532298518049393 17.7056366370068 11.163048961867213 0.27483875662555957 0.7705963545001667 0.3220443946404046 0.4763741430517252
154 -12.78051465381924 18.695967485144358 10.640681076486878 -0.06319193658379967 0.8774251487801166 0.11373697435244948 0.4617312942655393
155 -13.273312004608801 18.27679295825511 10.694753068399322 0.41811513723443283 -0.32287700866401464 0.7406743383459427 -0.4151285268533228
156 -13.807995287280015 16.76005709943391 11.682198645503869 -0.40886254147983864 0.127428200420442 -0.6005143847837809 0.6752599126114424
157 -13.096577712128193 14.932673359699265 12.927692049260243 -0.3215528716762516 -0.10495294654928312 -0.30464527422686194 0.8903818768475804
158 -11.454283172238986 13.485363489496045 14.062773971966298 -0.14634954175444878 -0.3034481050377561 -0.16106981921056984 0.9276624237925842
159 -9.506757038683942 12.370804249276398 15.661038791624534 0.13735292799740562 -0.44325380831396943 -0.11930377558674893 0.8777396218221263
160 -8.70759019618034 8.547346636107411 18.467423469966324 0.1607996238581692 -0.6119361753784909 0.2493633566827602 0.733140855889319
161 -12.978702931120104 13.193010916008912 15.185525301824525 -0.33633455170705795 0.32008101694899105 0.8856493059062953 0.007246990037907832
162 -14.210124997709675 14.471288595199567 14.077874402672755 0.20356562424174574 0.2151333937642163 0.9525569123896208 0.07009984431731295
163 -15.422972037681735 14.750694189555668 13.191393021002238 0.6250732377484284 0.23923413643083447 0.5551741111393959 -0.49379366312000483
164 -16.554881746159637 14.304538741616193 13.758332087002694 0.4171924791060968 0.4498631658557782 0.7565571942529481 -0.22626263325532184
165 -17.878953483835904 14.024403036666127 15.048363608356619 0.6185487499836477 0.5170514899228488 0.5459148561986842 -0.22810561247764033
166 -18.786211156674494 14.063694846847818 16.017838261969924 0.8348608046847148 0.45647411507666835 -0.3025377961044286 0.05576469308118481
167 -19.671535492434923 13.435183178695711 16.57961695190774 -0.08510483999946489 0.7501275100060173 -0.5445979485995336 -0.3653477238495103
168 -19.910147384882762 12.531842965042715 16.924203469643366 0.7156871040795034 0.5145491564423866 0.09416314076201024 -0.46277903753363375
169 -20.441611689534422 11.741627853347037 17.346247821684564 0.35114754871683246 0.632060097708051 0.6007416119307764 -0.34103511199033687
170 -21.25645780625472 10.779562062658849 17.832929566501708 0.9063477249595953 0.37483341748784954 0.060619149895248484 -0.18536188729327094
171 -22.04781861786751 9.782766953246217 17.988006772905234 -0.5350402854666312 -0.06190461643899898 0.06512669467969166 0.8400346570418535
172 -21.49631244319364 9.419214530408523 17.895168826929392 0.7433568442644287 0.54612348778955 -0.38428198784786805 -0.03869227294303957
173 -20.889506866296365 9.143708688206578 17.580396727738393 0.7112975236240376 -0.05180052642787208 -0.43782373592690854 0.547433022941724
174 -19.633086906219805 8.345590917027303 16.54683413368881 0.20186672010326115 0.005947015272316188 -0.6567282641913947 0.7265827188533048
175 -18.5569400984949 7.595656728760451 15.169868305878047 -0.6862120306389127 0.0026996314209724744 -0.4571905200657541 0.5657584196091268
176 -17.72626498905734 6.702018776141817 13.84231524346568 0.6507791948350283 -0.21762219213705405 0.6482623437649214 -0.3299741728010665
177 -16.950220971468887 5.501924532277532 12.067239658910715 -0.35743421851794765 0.7098460112082211 -0.2351898384394028 0.5595043875601788
178 -16.64452656913368 3.299915968179158 9.565778142308925 -0.35238767238486823 0.6707713594375664 -0.35218448210834624 0.5494131435190959
179 -17.278169100260886 0.702243540249549 7.3372198494480925 -0.42630009889575654 0.6684966686704793 -0.3494794365923767 0.4992439814930327
180 -17.29410584210375 -2.1680134450904003 5.122209234672818 0.5108556914675693 -0.5115809428072754 0.5333960653643676 -0.4390900123043383
181 -25.237055409266947 0.5469023501735817 2.9115633027092245 0.6405923136692527 0.6446754814578539 0.3564454449508742 0.21675252258908737
182 -32.88410841563721 13.050922664702199 6.9200971345701365 0.5187413422961812 0.585674210728546 0.48442291379536795 0.39144294510216654
183 -38.32419155331598 20.612560897198218 8.541859137646572 0.4201297928739617 0.6153519871016988 0.6320313166209514 0.21300071342617827
184 -40.91396990149213 24.9707674295249 9.298995102364247 0.25585174327425775 0.10369334007441534 0.917045276725302 0.2877768877508239
185 -42.26144990470151 26.863513016320635 10.05740649043905 0.39507420875474186 0.09167059753017459 0.907183297044349 -0.11194345308690674
186 -43.174543083339145 26.9657094221333 10.997658924578639 0.1471777425968023 0.07054917424620441 0.9302549900953369 -0.32861402815463153
187 -43.57486071304549 25.94265159452832 11.431019830009491 -0.40807524199613676 0.14406731036070444 -0.5200166055246654 0.7364115268882162
188 -42.307564695439225 23.912531210880818 12.353121678468334 -0.05369738279408178 0.1576441505645082 -0.3782301043737396 0.9106079842716572
189 -40.7792017532315 21.724574880238524 13.06663406323403 0.37118956174558765 0.21893551128541103 -0.08445942806397155 0.898416471443184
190 -39.16103023790287 19.617183565054027 13.623059555354699 0.6875646331765786 -0.18065547390073547 0.6196081181393678 0.332722489306403
191 -37.13599793612219 17.97227324291709 14.142118700278346 -0.16067313195944216 0.7255704789966627 0.21679594467770852 0.633033287470887
192 -35.267950315915996 16.46835386849745 14.160870097211212 -0.618692046491642 0.41315237121491716 -0.2043596047379343 0.6362094165593842
193 -33.20497884655475 14.324780656160664 13.595557396842555 0.6693894112934787 -0.6107035921541188 0.05122484277240571 -0.41992255721879074
194 -31.1928051647066 12.171698296795917 12.458975633788846 -0.5613736939973117 0.7108843359369884 0.4037949900503002 -0.12826785496576432
195 -29.360790589920303 9.620654633595912 10.884838262587856 0.2853708444060236 -0.2711147769614171 -0.7582280200248582 0.519760068228928
196 -26.55021817232301 6.704752744126821 9.658581251820742 -0.3155742848472124 0.6710364061771069 -0.6421697508207476 0.19427049044798925
197 -23.039565474567762 1.9836867180487423 9.098103279503283 0.01997764333431936 -0.24322587289275896 0.9101017343898384 -0.3348983451481518
198 -20.87351455077485 -2.3468088548970316 8.242994791920433 -0.11249996086617302 -0.2750668322509091 0.8871334516696239 -0.3530952216177665
199 -20.517006083351095 -5.899158982445365 7.501987705714313 -0.23775571703491657 -0.552932722608061 0.6929655392764846 -0.39690853437750767
200 -21.09103567859373 -9.145920048047076 6.167109644556839 -0.007107459528103223 -0.666581110350995 0.7451497180647229 -0.019261490346180275
201 -25.222797636690167 -4.876421712004507 10.576908980019425 0.1053879617266011 0.5786996207391446 0.7118096133606379 -0.38383225607921917
202 -27.152119339931723 1.0230176789688974 10.444514222154272 0.1195319699953083 -0.2955108952171763 -0.6946965702880923 0.6448116734263942
203 -27.3211548057979 6.82113616194466 10.74325672622254 0.45185795646251936 -0.31401101863736525 0.4818656643342044 0.6819288444490358
204 -27.081740133102816 11.337947540454383 11.059996272112155 0.5855812151473865 0.756038120381126 0.23101812004323716 0.17925297545305494
205 -27.25942223961425 15.591778604725059 11.411383549859677 0.5429553934514533 0.775767836527659 0.2909950872211969 0.1367682848627599
206 -27.58182169939275 18.347781165803017 11.844733905694014 0.4387831901136647 0.771090887281692 0.3960983912691486 0.23663097865410898
207 -27.864646056934806 19.991854150707642 12.146614401377535 0.12232264959523323 0.3566631497314769 0.43864725841127566 0.8157310523131356
208 -27.46916195322116 21.07799002937014 11.75529649354074 -0.6971745538518909 -0.27765460467096875 -0.09582731600395944 0.6539668856095865
209 -26.997679613494718 21.850376992065726 12.815053839371286 -0.720611924391156 -0.4611044534834113 -0.026241167988488627 0.5171194625090411
210 -27.722504045631275 22.373948877344997 13.423938319762449 0.8161657388352029 0.16980079943749282 0.4580290644237934 0.3086268805613682
211 -28.170749765448853 22.59713570806078 14.218231797797818 -0.5574271730660612 0.7387981047706881 -0.17369297382477591 0.33657548627124606
212 -28.169106042061436 21.87288943078235 15.563993893753318 0.6834669586676667 -0.45899214103030467 0.3968116057435975 -0.40588136250531975
213 -27.942659564044472 20.43149771063373 16.22515621365998 -0.5229261079776374 0.6342321143195404 -0.2540953666204869 0.5096405158767586
214 -27.946533094894587 18.94831662488818 16.055895954869936 -0.3486253151469477 0.6282325471654746 0.21592579916690252 0.6611809930531936
215 -27.6078456570203 18.465723338578737 14.438357684698088 -0.2686368085437545 0.7558645225577664 0.13999417578188067 0.5804349398348629
216 -27.699488967719386 18.040335659587736 12.120443907053119 0.08764615503739398 0.682233837430305 -0.09334297407528541 0.7198348642314173
217 -27.90559653671342 17.99499524373325 8.924043462099393 -0.0613640803499802 0.5784575530936482 0.08404739169436644 0.8090471833342506
218 -28.086611860241824 18.667355268377946 5.067741022688588 0.36461085324444326 0.5599003345788179 -0.4511475336196998 0.5916387782623355
219 -28.052552111470344 19.152526187998085 0.9754002763628106 0.5555613897722265 0.5819735350680111 -0.25564896520889113 0.5360055533876684
220 -26.270290842028697 20.823806374597343 -3.967429784737127 0.5321288858684597 0.5017781209319707 -0.4396392211940938 0.5213203634678257
221 -28.865336017158562 20.148144779059873 2.7000757987264334 -0.22425666868868396 -0.6421716133466066 -0.21174642471216987 0.7017749049247093
222 -28.951901643511206 19.808661918968667 3.802536839050873 -0.28151232449075997 -0.6837412068161913 -0.08719943781707555 0.6675664995382361
223 -28.676891867134604 19.813678427120117 5.6946961702220324 0.6687206335572887 0.5370434163507661 0.15596655214142852 -0.4899709356912424
224 -28.427235611291916 20.55758423672045 7.152005484626439 -0.6321578544187634 -0.41950704006835166 0.19308932550240643 0.6221790761563603
225 -28.100633089740732 21.365625601878552 7.986732781131368 0.7295992592286047 -0.18609270390157764 -0.612618579890133 -0.2403183348416613
226 -27.87374032097996 21.73518207081799 7.1361064744394636 -0.3302772885385519 -0.26402672201245453 0.5738634816089144 0.7013469235796762
227 -27.845792251681704 22.117983593536767 7.243329822658355 0.6605609824692923 0.7033484398214586 0.17199220758307868 -0.19844102693400864
228 -27.71934774210695 23.189498381926388 7.992688605646609 0.4618674408530652 0.7824056405793554 0.38354105375901765 0.16557820131548698
229 -28.30163039213115 24.321760636715307 8.35866891405515 0.5489579253595915 0.6915044498661738 0.4441516369663603 0.15230270969446605
230 -28.725530536586927 25.169305758167848 9.067005553515768 0.5116822480545815 0.6803926140576146 0.5089255789451517 -0.1274438027406544
231 -29.22740144318125 25.818644481059145 10.057700926990847 0.4502288083138322 0.7087932563919412 0.5330524250309503 -0.1037364546639152
232 -29.838088702148188 26.476789324728482 10.861855653809823 0.4749488207887004 0.5720179725797886 0.5506149714292781 0.3795289315916083
233 -30.102626385350266 26.90491190287634 11.23499245246345 0.03810895768148398 -0.5647004651711245 0.5428002836938732 0.6205070056025149
234 -30.35740594767051 26.780294587284317 12.650005005014886 0.2782823527893706 -0.33509066954528133 0.4165046840128503 0.7979956287505988
235 -29.963612215972276 26.127054442571264 13.142062059543418 -0.5991866375876772 -0.33882354492159156 -0.018348493385033554 0.7251464069645792
236 -28.98644077795989 26.62032984740944 13.67940612390622 -0.5368689784675572 -0.31057846496010244 0.48042966265396947 0.6200806853179841
237 -28.30875885866155 27.782122617264985 13.452451685359947 -0.5255083608867854 -0.3944070964160447 0.6374306395325336 0.4024502263881765
238 -28.347991472491536 29.46887229987213 13.105464089504709 -0.35821874904298523 -0.0029085628410032193 0.8587459605335199 0.36636899891180924
239 -28.629402909463543 30.762288077153976 11.847695131438925 -0.3031479485508914 -0.010144987485475985 0.9314440416135327 0.2010233764042215
240 -29.667272990587723 31.691649438131037 10.447601104936249 -0.27702860070337204 0.18055071918704566 0.9231988696454932 0.19585821218079122
241 -30.349545964985445 31.338357036238666 10.449399524488852 0.9005188199142634 -0.4166449374060758 0.12433585309347012 -0.0036669809965376
242 -31.08203844383556 30.894349462261097 9.964580420319358 -0.2808848018181295 0.8655511728443727 -0.23881111873269084 0.33896038834200404
243 -32.36276023209725 29.91916836608201 9.03977650909772 -0.2681624073058201 0.7626943097443277 -0.3861242978951857 0.4441782747574703
244 -32.87265951460022 29.587817530675316 8.655851766512715 -0.4403453219150122 0.7829567363546786 0.32205860078540405 0.29891972856361054
245 -33.6484317874248 29.000402332547797 7.566562449598526 -0.483371901876521 0.7003151348841381 0.4384256373876728 0.2892979032238216
246 -34.18130955300135 28.511843890059975 6.368377119304228 -0.6094105270702943 0.4318898464702373 0.6492997404506767 0.14317757178589607
247 -34.41871540426248 28.13911707491584 5.15956778043425 -0.6319843561981997 0.15412542056270245 0.7594859801266908 0.004708954036463138
248 -34.588713000050475 27.86459050978338 3.7924157245956276 -0.5749910299973663 -0.08287928599019552 0.7959446652506041 -0.17025988733529523
249 -34.91716040746022 27.758074052657584 2.4951018960264824 -0.5960303008486313 0.028307626103388543 0.8012879962912616 -0.04340628726598264
250 -35.097162091531814 27.84509723280487 1.191436446933916 -0.38085316462386737 0.18194862918707153 0.874113102358026 -0.24035774923841877
251 -34.67627147567871 27.204111751854096 1.2429615633833349 0.2860505414982347 -0.29204598969090795 -0.28249075429923765 0.8678036652085959
252 -33.446430478508354 25.839707909039554 1.10850825084886 0.2529849814110833 -0.48620177510337426 -0.09760021087766955 0.8307109195763569
253 -32.61395392121807 24.791940228226885 0.6677535201126968 0.7431764397073833 -0.33143144664283397 -0.5086697020568535 0.28124208406547013
254 -30.31158932015826 23.104939988416213 -0.1375421742131419 -0.5523739870800133 0.8281066387537054 0.08994575545313949 -0.032126847422904094
255 -27.180081300189016 21.9385163548249 -4.054605541789609 -0.2517257525175785 0.6527506763295264 0.08558113672625967 0.7093846411555912
256 -23.154263899777852 20.007494170862046 -8.86175732532251 -0.19438370627220686 0.4828192283027935 0.19308778624438916 0.8317557780503942
257 -20.224726751461585 18.46166731870429 -13.240515145691583 0.7271618538579648 -0.5931179632785853 -0.29634536240350956 -0.17783741482613924
258 -18.211587684939584 15.954353921180386 -15.801778602317128 -0.3189206349840395 0.715247582368281 -0.03895341406919376 0.6206393123466015
259 -17.01662370045628 13.525535551807005 -17.688477331031887 0.21810613742878407 0.7709173098219652 0.41346310792205965 0.4326250947647314
260 -15.665287077133057 12.366504845696006 -21.212397202477277 0.33601676910778916 0.8914991848195926 0.1742212119199362 0.24893554117785985
261 -22.079483412524986 19.229783355301713 -7.314448521271054 -0.08913304218016531 -0.2695819766401569 0.9530169104840002 -0.10554443137383548
262 -26.432797748771744 24.170060593595384 -3.0590980013576896 0.21945486418272409 -0.5481801497078059 0.7942185317469167 -0.14337018477578015
263 -30.91728921176841 26.589613516754405 2.196351123555085 0.8062182123699668 0.030869895822995687 0.32031110546002445 0.4964474184582193
264 -33.519961922493955 29.41504738804783 4.668182043366347 0.9686394513546593 0.0425114142019541 -0.017758994648891115 0.244161854209366
265 -34.342541260601415 30.048175960045782 4.821400088138015 -0.6135177349341684 0.18488566804362655 0.7673169182805769 -0.025259168507859357
266 -35.373843559410695 29.964194220765382 3.78358388925667 -0.5043362905093176 0.47731501922011405 0.7155049700064836 0.076602326323844
267 -36.91970433444219 29.166902256807315 1.8663101970513702 -0.43115073004586835 0.19829843024239757 0.8673273258111236 0.15010026797324924
268 -40.59997115118388 25.472859613317727 1.0434544977615108 -0.649571873217489 0.11735334258697279 0.7234727420755049 0.20216766799401276
269 -43.88328962847493 20.571959252246693 1.3229358331023038 0.9858173692048927 0.027048629395146295 -0.04666265058789908 -0.15891847992571725
270 -46.714671635365995 15.267741813897691 2.1357115822753925 0.9673982361388697 0.12988961898084941 -0.18024652506268363 -0.1215752022381259
271 -42.525796596360564 19.050386266308212 1.055479094588712 0.49088473073823174 0.7033550958062851 -0.4467033912867101 -0.2545189001711629
272 -39.263510798142626 19.18149017412153 0.6843822022712208 -0.0359592989538285 0.8025504818518794 -0.4725043169345959 -0.36243526784273883
273 -37.022938449757106 19.820692079100603 -0.5345451136125727 0.6155168311904399 -0.5782349608742884 -0.5270354522273147 0.09495784664545288
274 -36.99088403296122 21.295812947656685 -1.199646434575776 0.01745815487676561 0.24967098085407372 0.9350147050325885 0.25121129656224905
275 -37.480470210988756 22.862175166226045 -2.1260442605066014 -0.2336848656449403 -0.25024459984750225 0.9314499908867638 -0.1231663033979597
276 -37.902745313127795 23.8361606256624 -2.9236445693661213 0.1944088519359543 0.18673155430553048 -0.5504874524583403 0.7901266288396513
277 -38.0917120700704 25.019244538374874 -3.6774489349029476 0.4280674878254264 0.825928952800348 -0.09551226649466699 0.3542273249510854
278 -38.7937163494549 26.922481823967743 -4.6278875649840865 0.34530605494618644 0.8448663752867595 -0.10242068942666861 0.39556862704805157
279 -39.756747438021655 28.215047770299766 -4.716319571085288 0.32581074114249237 0.8796530527641454 0.05319193510976849 -0.34238645673884344
280 -41.28945387391496 30.34039114612711 -3.7674540595043937 -0.17727518615651924 -0.756615419524627 0.27007286980018747 0.5684780209547594
281 -39.07810050704117 33.24722040645012 -1.8557030330997144 0.7012424734830189 0.5168892719617062 0.12575019181998806 -0.4746276047298039
282 -37.15812081824137 34.00481139712187 -0.1280533631124518 0.6450417490794993 0.6336472543270046 0.15044907636105861 -0.3997216211945681
283 -35.89085875032812 34.647881161958544 1.506530394277141 0.4675164779413609 -0.0004063507030679472 0.755081469492248 0.459652207828744
284 -38.05251651865267 33.69655923180929 2.4719148903558708 0.11696732756290235 -0.09510650582078177 0.9414232840714511 -0.3016547646590041
285 -40.69531007229696 32.13708410238923 3.220057916264462 -0.011591155776128754 0.06621833529660555 0.9207492503543437 -0.3843196523081204
286 -42.808015323579895 30.719379007395766 3.6150750759626904 0.09472166853256968 -0.0470040550800276 -0.8294744161513632 0.5484438141385157
287 -43.47240867437305 29.18466689827577 3.6734325511151473 -0.27110473935992735 0.333140825493667 -0.4804329593283858 0.7646591281590474
288 -42.98844712638871 27.84829046933749 3.4038081949898307 -0.4809834691719149 0.6973225805664023 -0.29224844507248504 0.44383213872846056
289 -42.733209470126674 26.884016178529134 2.974960489836781 0.044519432380068814 0.7727937478565233 -0.5452917230348427 -0.3216594164704625
290 -42.48057612735419 26.827413392433044 2.595376164321018 0.10945086432152397 -0.5795301140426907 0.16068173487875823 0.7914207068893824
291 -42.74363034227299 26.804020319031967 2.2887240357518177 -0.2365627169753326 -0.32724387850883513 0.8528785069836388 0.3309800254412704
292 -42.95961810377294 26.700456469288017 1.8824846339029955 -0.4012752898341428 -0.22051919589579236 0.7512415932429832 -0.4753793165375868
293 -43.22782172916951 26.47145520734899 0.5138901273990957 -0.16830170512196163 0.2404082085965164 -0.2891183518067842 0.9112019578232824
294 -42.371418868841914 26.068609354751874 0.8131399191275981 0.9509996791887744 -0.3025137916644634 0.0005514393186454747 -0.06391175126936235
295 -41.321606082814 25.299936611623394 0.5454740938072855 0.8102341031498234 -0.3642306013731691 -0.18421580519452674 -0.42062014244787954
296 -41.223324271556706 25.218940710068892 0.11938872728521682 -0.1594105668197981 0.5137295065654959 0.25671925445831045 0.8029729071771555
297 -40.64504099338901 26.027292202604023 -1.5611074381214298 0.6436215560200833 -0.3467384619360747 -0.6055052988289262 -0.31446313731594283
298 -40.710225792591544 27.60225957808414 -3.456987392715663 -0.39402082310582304 0.6333219029943165 0.512783217138463 0.4250933195991154
299 -41.434218428235425 29.21202350823259 -5.5114506531778975 -0.5655110716477433 0.6924713690269511 0.30586916411912873 0.3272990763244344
300 -42.44185930748607 32.2242512403854 -7.517286742785107 0.7360069632218781 -0.1857948653049959 -0.5842785462514831 0.2870411094346267
301 -40.30573662874253 24.86751773377652 -10.17739409482917 0.5554798561322891 0.5867461738279526 0.3930049126986166 -0.43899680582467077
302 -40.35642561631611 25.407010270636523 -5.1864784586048245 0.7383350976054943 0.5994717390174171 0.2086757519289573 -0.2279239968064023
303 -40.340407290600936 26.934971526767832 -3.987435681746573 0.46001933920401294 0.6550531384323025 -0.33488379201170254 -0.4971322150456137
304 -40.47819943870899 29.0972710859078 -3.681974557455472 -0.48218371949647754 -0.5294888966091287 0.3254264301950304 0.617444740483478
305 -40.72338514170924 29.899005712040175 -3.704642715676844 0.22297544980905126 -0.19316143748779258 0.6862789084432758 0.6648246894302342
306 -40.84204683683128 31.29285763026095 -3.2261811166206766 0.4593748485442009 -0.4284169531357223 0.5765093788801607 0.5225615742227046
307 -40.81879606208286 31.495325942304124 -2.0258812802645334 0.6035973190916166 -0.422933067446033 0.5190360496844557 0.43289661118338557
308 -40.65659186515278 31.368595847566127 -0.7568503055996149 0.6010666349392474 -0.3626677749843334 0.4991448550181603 0.5079816916579022
309 -40.30686354059942 31.376246836540496 0.6197730903673401 0.583093546038726 -0.26151847686355917 0.4907850587041831 0.592233086697865
310 -39.827798783462235 31.76026847848669 2.0751755019307323 0.6297431874139442 -0.016629924100979403 0.3928596893358438 0.6699315099508804
311 -39.43288541784433 32.260248365728756 3.6066249146984677 0.3660718197628882 0.5984906699223982 -0.3167263272395375 0.6383453410378123
312 -40.18156255436474 32.86021652502214 4.476384435558467 -0.30338919225013666 -0.6682448877836188 0.15544805086270364 0.6612410086041675
313 -39.63282403683341 34.26755934205269 6.113068511948048 -0.010941733091566009 -0.49978843231583303 0.2177744236729775 0.8382518128785276
314 -38.72172771893174 36.15090454422729 7.9158186885581925 -0.037029381599334055 -0.5937101850167029 0.04720082399851887 0.802439482652533
315 -37.48833754007719 38.14185673425863 9.202710466989036 0.728833649012895 0.18524312081218283 0.6588953857185618 0.018530216865979547
316 -35.46093328644009 41.32931546499483 10.757239953602392 0.6188399282711058 0.69298082239581 0.02727934886568908 -0.3688774323464431
317 -32.45548191297978 47.66412794592182 13.227725149795619 0.6582797471972217 0.6133677295573385 0.28269823583010195 -0.3324597873821549
318 -30.223194225489475 47.63747836211686 8.315943309717191 0.2892286346677794 0.574954373527459 0.676284647240127 0.3583480726293335
319 -28.950064849479933 48.9017958820787 4.411474198567812 0.6901875092014333 0.0762212234083911 0.7158967514448114 0.07296141799072081
320 -31.69394176242078 48.99849458959501 1.8829541582447307 0.373910718542786 0.04051387640314581 0.8992875076589263 0.22322943118282104
321 -21.51772929705647 42.85413983445526 12.932567172974759 0.5561244774155055 0.732916106929609 -0.17255748058755369 -0.3518287391839325
322 -32.64926999873174 34.43233983503671 12.065865289345181 0.5771614967409867 0.7443793785201682 0.14881719773600463 -0.3010604410606582
323 -37.88566765237153 30.957175900069956 11.076283691875723 0.7256230542046862 0.5918542941449998 0.33329872651290965 -0.10996197803632309
324 -39.88827427535541 28.69690006809361 11.087334763304474 0.2609327906350447 0.5848081711492065 0.7678733685888531 -0.016851455145976888
325 -42.047633868252504 29.44441582803415 10.71701679378333 0.7174350389861758 0.40772966884450346 0.47377264278009074 -0.3075434358461021
326 -43.223634370687535 31.350825049121884 9.34118787390733 0.6041437254665162 0.6130610137803781 0.4861313303365226 -0.15113861858326216
327 -42.41049038318571 31.253104233075582 8.018538729709286 0.39080856415301307 0.7084004489190227 0.42008550034495773 -0.4110543060909534
328 -40.66523347117232 31.372665125730464 5.257327842264402 0.41941628832011235 0.7282433179239409 0.319982320421575 -0.4374505247551267
329 -39.860113395139145 31.65691793557865 4.3402382112078906 0.32117461699010574 0.8287217669000811 0.21507063953040156 -0.4047366038292696
330 -39.6517861619522 31.889531333757198 2.0865926889469 0.506453472436718 0.8470581675254535 0.16103945681518367 0.007977119397537999
331 -40.054779480661075 32.20199848880743 1.7454131571755884 0.11026705622336483 0.9806240367480616 0.07289240617134163 0.14458344298820136
332 -37.57548023864158 30.705796893529328 1.9501495904209087 -0.35525991237465354 -0.5888516640077158 -0.389800408708923 0.6124538789372288
333 -35.254585170180775 29.38423898139681 1.649432239524966 0.2906200240945034 -0.701439879480036 -0.3492757161337523 0.5491161727627399
334 -31.875708829719187 27.808815847580263 1.7115023444746793 0.3811360763363589 -0.37179900900559365 -0.029247527593008683 0.8459582556764138
335 -26.850774469246076 25.875775553701718 2.328685918641572 0.5216069522205581 -0.0925644464322224 0.1793549452400007 0.8289691274527861
336 -22.481309964814006 24.020240296014933 2.82498477737669 0.3062091753768908 0.07569374765593773 0.27781527040575227 0.9073726208180312
337 -12.815124438021266 22.82089546271783 4.555058476256209 0.06402072215013324 -0.017967435045982007 0.26393452517692517 0.9622458546717023
338 -7.082358523477696 21.62991510303646 5.26137423305489 -0.3531243398140384 -0.24481585032166697 0.14235413262145608 0.8916858757363895
339 -2.6786074053304456 19.43638355387099 5.455269358017347 -0.28766255552140363 -0.33689636703703774 0.27028817673073946 0.8548072259566561
340 0.6457158555781194 14.94182201116047 4.700041662354028 -0.09670851171097368 -0.22855389198650133 0.12044855915961797 0.9611985886469264
341 -14.361507266809111 28.178039174095755 -4.1943084106275 -0.6696006079280129 -0.28014008717026295 0.6877190951772231 0.014106861851485861
342 -27.14419062927009 31.075950843608528 -8.178043232735833 -0.4001171182619333 -0.01970010840368833 0.891235021785217 -0.2126460282868081
343 -34.68694782956631 35.56150821629116 -8.47592768574766 -0.5375949547370688 0.35296672410983715 0.7185573039833023 -0.264729214868076
344 -36.907812717343425 37.12007623636463 -8.889307318376297 0.3718815964818895 0.6336838060913502 0.6771987354344132 -0.0393800053541666
345 -39.17100870200457 37.0239357916419 -7.920183656708747 0.5298782103381307 0.8000721048274129 0.23180336228528367 0.15931387422045526
346 -39.546656824824765 35.672646542494334 -6.441789142415519 0.7827600207208273 0.5691950492641211 0.14189843109120853 -0.2077705010539257
347 -39.943477516618 34.9292991138836 -4.820630328401683 0.8522061877452415 0.44322801564127756 -0.15762808797472205 -0.22901293762766248
348 -40.29961942838721 33.86934028632947 -2.830258135784263 0.5913660911510878 0.6468787902577279 0.19466296829471758 -0.4403865412635496
349 -40.368905641525245 33.28569678075402 -1.2882986700979495 0.5862190478140922 0.742395553355247 -0.3060157072259184 0.10747305368936483
350 -39.87991242055107 32.35415980718549 0.6453738041084319 0.19217176798393726 0.9518834689959466 0.23762561318471392 -0.022846028117812237
351 -40.82759437604134 32.52404811267629 0.7100815486049331 0.3396038334246913 0.4351121201823059 0.8307624829512223 -0.07197482972841392
352 -40.11704304070126 32.329798870267304 0.08684458918014584 -0.2678579235072958 0.16391681739827482 0.9361822095883368 0.15794391485169681
353 -40.88596954938227 32.349696426728734 -0.5568077713429276 0.3060361190623641 -0.13071426285697316 0.908817957734856 0.25160603135388304
354 -40.33179531456232 31.93808336446771 -1.4571652763916632 0.09482376823626772 -0.1209509510435777 0.9880305626076837 0.013226026322117538
355 -40.35287279555934 31.959421712399113 -1.7069371701815206 -0.29682773305694915 0.521092029306536 0.6556473731049931 0.4587841715033237
356 -40.633217076050165 32.351884024850285 -2.703589862198543 -0.28461037973096487 0.32173244603119244 0.8907831842625431 0.14829188634334015
357 -39.56436555899848 32.264730107052195 -1.9122955564926971 -0.521201806491495 0.07912061879006588 -0.5437062220720883 0.6530483509453018
358 -38.70047226492222 31.727447277726682 -1.1500444293627603 -0.17848420753537594 -0.22258302628489654 -0.7490888487646785 0.5978846717609808
359 -37.37404304925268 32.79638067244069 -1.4696019049381324 0.2830557527730054 0.8012896444503239 0.5226705246137284 -0.06804314233478662
360 -36.250428685650796 35.27330380704427 -1.6465023032986998 0.7524174515866016 0.4388045462329935 0.19258211854256266 0.45191888251193874
361 -35.20451103294136 34.739522696552015 -7.084225561224559 0.5643356787827827 0.24435914456626956 0.7480717086308656 -0.24940442832017726
362 -36.85029502233531 34.874053662653736 -4.32358518754401 0.4275243690712091 0.314453758491758 0.7090714405702156 -0.46428379229556443
363 -37.84572746289888 32.673412775162575 -2.6920987100306752 -0.3571020029610925 -0.24640065894168264 -0.680577396270868 0.5904060318454134
364 -38.21178918631916 31.069325328512193 -1.6390465096095415 -0.10582177721102422 0.46835478715902584 0.7372560803832188 -0.47528835116284684
365 -38.1443222017351 30.631723612538803 -1.3759543421319391 -0.09131680293598939 -0.5074517548226738 0.11773930796710022 0.8486998370380233
366 -37.55123293390729 30.959713251051884 -0.10381740766452191 0.12564544733167063 -0.3594135453172274 0.5519961133876863 0.7418459515372552
367 -37.1261111559187 31.921835258478804 0.8129337594327262 -0.28781173083209866 -0.5386323578913222 0.3604409377659836 0.7050687349544337
368 -36.80000683102802 33.04525191978922 1.6298398062406276 0.7379757138473843 0.4664205800970596 -0.12119620734440974 -0.47239302234336333
369 -36.38905247796811 34.08273430117026 2.428323459769584 0.924052343352056 -0.26918557176523816 0.2709852239906334 -0.015277535067672906
370 -36.39603549584242 34.270691894375545 2.980956483938522 0.3094058528086115 0.02897776639474571 0.8020050541180096 0.5101139093101883
371 -36.565932672070225 35.19005976204282 4.2068481654586405 0.010020424328156056 0.33046605639289445 0.855318867032491 0.3989002536558097
372 -35.260879244150786 34.75545438595005 5.614538243079771 0.5110287856396182 0.5438385120788115 0.6650758299581929 -0.02762957533193524
373 -34.12724123226841 35.354337633415824 7.023925145555709 0.39641969971971375 0.6608936098034047 0.2599226941066848 0.5818171974800004
374 -33.02989134957006 35.26351156752741 8.943177532533761 0.3920158580484914 0.5436783219012568 0.6994906075674491 0.24789178941235676
375 -32.53100978981774 35.455625234371844 10.311504149060877 -0.1322922172945611 0.5371945780704664 0.7624553457136061 0.33553330732988135
376 -31.873084040245462 35.18033607118295 11.803093118422805 0.42623276804304455 0.7011350557074386 0.5682031889344437 0.06229283417232428
377 -32.028731876275224 32.31935659577632 10.417603493446848 -0.026558232418854688 0.9551162470717584 0.09644437607322244 -0.2788298714165923
378 -29.1743258063903 36.681727160185304 9.666983031332618 -0.5283781117466337 -0.4532462023846044 0.6661152541145267 0.2677217198639987
379 -27.357348923607944 36.58132072571332 7.547440839387114 -0.02756632745874846 -0.38197267734188517 0.8871329220498417 0.25755028629380156
380 -25.59097899377067 35.596256195127616 5.414937888407717 -0.2637616469426317 -0.45380629809389417 0.8315553274313278 0.18167381438447258
381 -30.811104010338912 32.97625900672451 4.496381007543011 0.68193327366 0.0044906170465817555 -0.5393309662979779 0.4940333525441245
382 -35.82627944316674 30.751784677984343 1.2065488792843517 0.7428019208165538 -0.10253861424494105 -0.36794590721212517 0.5498608445650708
383 -38.46852516981987 29.361456717234642 -1.2567060477469953 0.7135730063506738 -0.12468271713850974 -0.13480895122762895 0.6760875175031171
384 -40.43480494642425 28.895713324843708 -2.883193864885803 0.32989780061123425 0.1758989793763109 0.9254945933113216 0.060718596473855135
385 -42.88858892787932 28.142545173834336 -3.6772327825431517 -0.1827840439763502 -0.3436418794952094 0.801209356113034 -0.4544929257992805
386 -43.8377965103853 28.371715245115645 -4.985758732642934 0.10716894804755044 0.02035189315319345 0.8943627948918399 -0.43383845856807135
387 -43.84540250956442 28.496665020237728 -4.606483882190429 0.35168388256232674 -0.24478312707113836 0.8775350482793313 -0.2152484761584976
388 -41.92749531883944 26.5964822834081 -9.067944193604756 -0.44441234497598575 0.8403024071327769 -0.06652785266350018 0.30325497031341664
389 -40.57405369944354 25.36342964738278 -5.410813924022105 0.7142407599657297 -0.44989229228751 0.4665789868887091 -0.26412328776117605
390 -41.00110239334956 25.7302952304458 -2.947493272649825 0.7632338696482562 0.17427989506822536 0.6217847609335411 -0.022006577825220724
391 -41.40887147442528 26.738372364068713 -2.0043943557248465 0.8712508566648709 0.3935957303154064 0.005418697423420375 0.2932149101878097
392 -41.85303877207176 27.148910290334836 -1.6558853013018908 0.6675843830021752 0.4163951288844783 0.60127206233948 -0.13934882583973668
393 -41.99478810158901 27.800347154972624 -0.23331153395642112 0.802195126206212 0.4420062800309083 0.2747653641111264 -0.2926045498435018
394 -41.67123701975321 28.222206745711013 0.4125989750744318 0.8326512183716983 0.20931217473877262 0.40241455332475895 0.3177151071678654
395 -40.215490631186285 29.46921148086664 1.7360737687621053 0.9090623927455613 0.23251342803667158 0.31074933999653775 0.15158469437930497
396 -38.01840276427018 31.02507231069072 2.866437634573322 0.8801390466608273 0.0663054353917657 0.3874936829933479 0.2660967745402607
397 -35.0053875375999 33.22621928622246 3.526549710178145 0.6655522205624076 -0.036820134980290284 0.6811411154938835 0.30287175528304133
398 -31.292305001836304 34.85585731368464 3.4200664199618225 0.3390325749212062 0.2592540549899521 0.24956359889719842 0.8692308428829724
399 -26.88044974523641 37.015410107900315 3.214244159424374 0.29089572036148764 0.22676959332487176 0.22117186420858329 0.9027946820297202
400 -23.90953818656083 38.62436647307173 3.4044296820224504 0.573744713239058 -0.029716131707100538 0.7259755838169253 0.378012443245289
401 -28.405621081432 40.347513252285644 7.11840239520367 -0.2448751508332735 -0.33750551129305595 0.8892404256782189 -0.1880894885176084
402 -33.673978962820875 38.515418842921704 3.3666911717963393 -0.15808113342191552 -0.29391098654868053 0.9406049700487049 -0.062361667406341366
403 -36.96631658752713 37.16601644219278 0.8591236524744179 0.07726453653451917 -0.5888880258259723 0.8044833811978271 -0.006897376994759254
404 -38.35511308157732 36.16092155345544 -0.10531646287514171 0.009599726595927035 0.06621902562769375 0.9674251070423016 -0.24415476271904898
405 -39.15860044570281 35.535512454533155 -0.43321346567869135 -0.11473772092528792 0.6961846138732811 -0.6788377872619895 0.2033260863446426
406 -40.64190752037107 34.76836389185156 -0.6389793294484379 -0.11163827568718343 0.8316320771759649 -0.5075492202727439 0.19575181382074985
407 -41.214235382492774 34.4642267023667 -0.5968503105574265 0.04508105045545228 0.8349295285931223 -0.27232981971386955 -0.47612692684589
408 -42.009765253698795 34.03035017891474 -0.5736557938764713 0.358360024538105 0.5116200863100853 0.7805120495766463 -0.02497840192594139
409 -42.86341663921434 32.467882325010926 -0.2838797953158345 0.6544826380940526 -0.20052013617039527 0.5884081748124355 -0.43037189875450127
410 -42.85596679996716 31.48629217045435 0.5267719524748581 -0.5275729093393448 0.8231614127498348 -0.0018803400817971507 0.2099251728880883
411 -43.54834149377025 29.049676836699053 0.3333986980051191 -0.13334222703445672 0.9640340569087325 0.19989148933676645 0.11358512270677304
412 -43.20481424979559 28.530429556466096 -0.2777390765474974 0.08360040248531299 -0.6775272033364363 0.6921970277270579 0.23416049250295998
413 -43.15755401182975 27.711833170581098 -0.701835467045918 -0.49497130277563084 0.4468451179633733 0.33330451870186734 0.6665140267044743
414 -43.708743512773474 27.774009011789342 -4.404981643552734 -0.10429711702339772 0.83204228469985 0.4997946881683447 0.21687096977412523
415 -43.93358094478762 29.176557445765116 -8.28225132508389 0.4375475278507374 0.8195158520454423 0.17878729415375302 0.32400776621420907
416 -44.26984821989302 30.837627961587636 -12.77008082229849 0.6019454886145782 0.7741632255143844 0.1090152357804782 0.16263027813248548
417 -44.60265301726176 31.74516842860617 -15.215280497141638 0.6025042247963033 0.7051822713158054 0.10492375339078468 0.35874451814471014
418 -45.36448195139377 33.30376641922221 -18.158863248981454 0.7759259154246732 0.44643894855307736 0.2794184398913781 0.34721257816484014
419 -45.99227530877146 33.7893452876289 -19.056227547765257 0.5739610896830787 0.6786758073977527 0.21315194283312824 0.40562798874003453
420 -46.229844871842566 34.611562523453834 -19.3218013295591 0.5616903406743939 0.6815332571667114 -0.46862721897237225 -0.02012238074975361
421 -46.779100387344734 34.4887172241444 -14.19706918132708 0.06850427157555594 -0.39354165005735114 0.9030198466985653 -0.15807368824235243
422 -45.7585190325911 35.28256267308555 -9.555157290201791 -0.3322625165475557 -0.39713350169441647 0.8480931568908981 0.11235924156137783
423 -46.16749200556844 35.40643328271475 -6.047923616824046 0.7566170403803568 0.24372948374726408 -0.38906489507727193 -0.46556965147749346
424 -46.668724406239406 35.1583593044449 -4.119958548574772 -0.2768498884619217 -0.6297654358248812 -0.205766265846785 0.6959956026717349
425 -47.00971671355993 34.77425056195295 -3.2576709509557733 0.31848066677329706 0.8736893390733701 -0.15020175856774406 -0.33567310795524236
426 -47.012991540684126 34.49321208693362 -2.595976813300566 -0.2279493803428519 -0.5828149541450302 -0.03825073561015103 0.7790395949189742
427 -46.07231147113362 34.68172110757729 -0.9228272231065844 -0.33123316272707704 0.9339816174152178 -0.055871008111871644 0.12182512340578802
428 -45.126964864461755 34.58261420072762 -1.8913164135694467 0.9060218276896047 -0.015113396277733353 0.10301338555815193 -0.41022466454223444
429 -43.948419547539544 35.0892332119774 -2.2418882865060468 -0.45318504167155255 0.27677855514453525 0.5163179009644141 0.6718874716505437
430 -42.823810481638006 35.58950696592135 -2.211531104514829 0.7548332222266544 -0.5497435817962689 -0.10246644372648651 -0.3427964830723669
431 -41.76589888749463 35.984497624165854 -1.8188997553399584 0.903057293864271 0.15047721078394594 0.1863621534582998 -0.3565294949812845
432 -39.897768573487795 36.71525738292843 -0.9332405697915079 0.8376084353735834 0.07105093274753711 0.21567405393001574 -0.4968385818433552
433 -39.01378497454416 37.19275241190172 -0.5124134405900406 0.5885843579932644 0.5541854207420873 0.5487389804746791 -0.21291431203698633
434 -38.09803103542648 37.72239570454019 -0.08926056638147695 0.09165367749204495 0.5792377196845769 0.7990510300683941 0.13266770082968754
435 -36.95529195604648 37.865042797507826 -0.18073549295636515 -0.5217521310784982 0.09219129662918789 0.5715962245325555 0.6265406887353817
436 -36.11900885535817 39.482066231565796 -0.16741641040069916 0.43145787529521246 0.42504094451836744 0.37895207499780037 0.6996996657020339
437 -34.41208624517861 39.87428056467732 -0.6284669462359594 0.553184795342917 0.43491461227364575 0.7042022971626156 -0.09452505965708875
438 -32.49976750146636 39.19360295878296 -2.474262164991134 0.33400914305963497 0.17704871669233513 0.7612883741711556 0.526812732972556
439 -31.394351714913636 38.17439833903864 -5.453983584574622 -0.17727564759151024 0.32233492683090864 0.4177127977360716 0.8307764791587611
440 -29.55657015481505 35.241542436407975 -10.154721781862584 -0.3947851693350151 0.07709889534352948 -0.37390066774279934 0.8357025314496898
441 -31.69594223173382 32.51782731094134 -7.558081417440333 0.41746445515053593 -0.5217370489620929 0.5627754500279661 -0.48661861171970583
442 -35.47625486547078 32.001407731469094 -4.671033165925635 0.6568190429141996 -0.49416021711430785 0.5474154499250968 -0.15726013439559083
443 -38.14511282968967 31.28706246467976 -1.941477325882516 -0.41093234252252814 0.7912520675144151 -0.4526343170166387 0.013302277323561767
444 -39.78848318146107 31.018890493467392 -0.3541880036268753 -0.46360741506369757 0.8504630670712826 -0.20448085371617586 0.1413092944896685
445 -40.65031580098745 30.37202327531349 0.03757992959925355 -0.7361006908151516 0.4319477705617888 0.029915665960110343 0.5202710345755589
446 -39.92933659450896 29.907195423693633 -0.41019590876301587 -0.5882825247535516 -0.04909131196501496 0.20946832429073844 0.7795105741925322
447 -38.89320541698415 30.312573920443906 -0.5127355630786997 -0.10972449793813595 -0.3419224766390942 0.5598237359038254 0.7467576174635897
448 -38.793747190448514 30.463415343581442 -0.5778603899485503 -0.07398573203044242 -0.5877720334246079 0.6606465254844457 0.46108168099063757
449 -39.23927122852885 31.262938584732503 -0.1287604055422518 0.034203540408124095 0.9406550458067705 -0.3168106301200536 -0.11674428150769181
450 -38.25113945360299 31.227065279335555 -0.23013718560909138 -0.34519368152874996 -0.4214177359500431 0.7876723567995503 0.28778580992330166
451 -38.86886670412527 32.3532226793445 -0.4832967735554404 -0.5707227127295809 -0.5836581219372008 0.27913850983582483 0.5056683440734334
452 -38.54455623168911 33.69315143530579 -0.01881262758611696 -0.5071164437196815 -0.5809691659114503 0.1813820424409559 0.6102526488670144
453 -37.923483071414246 34.7517940718322 0.8527909732949753 -0.567575957807575 -0.5778588619841288 0.15745867441076608 0.5649278127318844
454 -37.14785808043546 35.529717922247336 1.8446178773291186 0.1167312156342149 0.7857691733552457 -0.41929726540476575 -0.4394660768765426
455 -38.026598490584036 36.289739820556036 2.6385722360812895 0.14264544912511418 0.8595662672329406 -0.2649765775356537 -0.41302000125492316
456 -39.0770937934555 36.87000077052758 3.523642023036669 0.17783506144254016 0.8480596676008186 -0.2340933565675593 -0.4408738952596897
457 -40.162807868146096 37.54908254871272 4.556349185208517 -0.4198255538732469 -0.516750042550545 0.38707075249662254 0.6378809688341024
458 -40.7724491566621 37.85758531919293 4.766848642810467 -0.34885559976769254 0.10918163402767686 0.9266700191088084 -0.08753180557175698
459 -42.361726747151195 38.29330968236131 4.390764504541053 -0.6465066205232967 0.1248773321553961 0.7484681198411285 -0.07893234517473968
460 -43.57839424860607 39.25799706850776 3.5886401666146774 0.9673011273949897 0.11911378656467576 -0.12227787706604806 0.18758612840726985
461 -43.782964530378486 38.23446533029283 2.4751563487921633 0.11820733863490095 0.5269813181048788 0.06731745223363825 0.8389195885697693
462 -44.49204208055621 36.8309544976033 0.016246051854299504 -0.4785373145888404 0.551764267896614 0.43929197682638554 0.5230495103855717
463 -42.67056584382306 36.016951669606534 -0.35938759910853957 0.33647374257173124 0.821492260287374 0.38209716186030446 0.2567832660942203
464 -42.66468709025487 35.07499993196417 -1.7423552775302806 -0.2968995488213879 0.7567259053809835 -0.03374466614491418 0.5814446315357643
465 -42.75973917001526 33.93638183863347 -3.3196547830747782 -0.19382463154271506 0.7349467949211774 -0.09818357020103971 0.6423746627825538
466 -43.06956807044553 33.18389589654184 -4.503276393197942 -0.0006645234840547054 0.3969816648877974 -0.13171822341836223 0.9083256165995554
467 -43.02710591945102 32.970533690008736 -4.790234615995754 0.8290421830466033 0.011372786445337752 -0.24826755531113381 0.5009220891891546
468 -42.019628050839636 32.71491063123303 -5.446625166122991 0.8663673109609847 0.12027839875296541 -0.010479298096723945 0.48459361696482933
469 -41.24189422167423 32.96038985606919 -5.691311711647273 0.356925438604091 -0.06415025124455512 0.21433930959107403 0.9069441200573273
470 -38.91923168180507 33.57629610198008 -6.33390456041265 0.3650821939716952 -0.09411108650410435 0.060753269304691083 0.924211629071298
471 -35.2712969625606 33.90673405345576 -6.303357650935692 -0.2847077920729948 -0.0018760098991936842 0.8883479081093888 -0.36024428916702134
472 -31.390092680769285 34.77335883983344 -5.528380359472414 0.4627442960646462 -0.1203037921525072 0.787866570094696 0.3881507204432088
473 -26.15954846027406 36.820546301942045 -3.845442237001976 -0.07231269137315911 -0.49041158368484256 0.17150208558853605 0.8513838076290139
474 -21.698374563481536 38.82703983068316 -1.82784599899606 0.747558180849743 0.6177339728112903 -0.09956962364640927 -0.22281695430625867
475 -17.53473396177398 42.202283502609916 0.849084558729581 0.24343402751140764 0.8032960860130697 0.18234324313834865 0.512060752379494
476 -13.617060786479895 47.725482340983454 4.350103195539289 -0.11715088525169702 0.43316239477020596 0.4164651164423729 0.7906976771360373
477 -15.021506346419022 50.88443771646215 7.2599135543343465 0.3240431081550065 0.18703891930633992 0.9270188758953988 -0.025465868443696252
478 -33.685127546844136 44.27250791476598 16.51539421891071 0.2507521909405009 0.12724606297135874 -0.6865137177820912 0.6705450719331555
479 -34.86621646103796 41.09317759936831 17.387592408796824 0.2180890345428349 -0.288375059585464 -0.267820985027006 0.8930559433766838
480 -36.813682475720604 40.53033620490488 17.521789959986222 0.3027925737591862 0.7726291422494916 0.3173652597601213 -0.4589555073430262
481 -39.59471900325291 36.3335436905032 17.951492941649118 -0.027133386919903562 -0.19772808344999285 -0.5351734656773443 0.820826867228619
482 -43.8044208462531 32.72912483900182 15.324732150006595 -0.019530274484362436 -0.2658462390515433 -0.4150921246834948 0.8698522136469263
483 -47.428828741200405 29.75404085503882 13.424398409646301 0.08022474558568057 -0.32246212795951107 0.8481083212195455 0.4126674711019779
484 -49.89997858850869 27.641332287336336 12.234791129719824 -0.10656584262818392 -0.46624855206192783 0.8412337961545797 -0.2521541375675927
485 -52.019348160797534 25.904994889187222 11.202027312407436 -0.22795994299480196 -0.47935714429387566 0.8378178352655532 -0.1277194876092533
486 -53.5355050184396 25.256156802120127 10.427420975755012 -0.3384934027866274 -0.44410394946792925 0.8293725684735921 0.018304125229980803
487 -54.706008251366995 25.487200206200917 9.59925664580104 -0.590249796963526 -0.24945776954303076 0.7116017784542794 0.2880953094027044
488 -54.98370914640233 26.220236127683428 8.71429436044021 0.7329571639073773 0.0950275363892239 -0.5623298477999187 -0.37084862879343417
489 -54.51764278889918 26.854038133143504 7.781691392730903 -0.7085976978611376 0.09102098653469415 0.47050340275190233 0.5179102534175504
490 -53.80476585110584 27.341329393597977 6.952560266811198 -0.5491258470174984 0.06884576480243344 0.5029385475823566 0.663908037428252
491 -53.14175734020372 27.91825985970138 6.291303544364685 -0.3067214006251726 0.0437496252520403 0.8915095454768549 0.3304825003120301
492 -52.994749228760654 27.90770945338709 6.1527408511300985 -0.1788631670500368 0.0018727149965638687 0.6054040984142186 0.7755580816641914
493 -52.521853723223934 28.725878676822923 5.812884111766579 0.08580473665556207 -0.1350208995304941 0.9473188837562787 0.27747763213672894
494 -51.632902875208806 28.455241946667574 5.365216323421471 0.6671709174063664 0.5348552976760699 -0.47237384454387926 -0.2137188070943346
495 -51.48468342133723 29.410481419157033 4.849747687224915 0.178454800093379 0.8155416681845463 -0.5383502024423985 -0.11499883177071003
496 -50.489482642399466 29.078184124787267 4.733433944910772 0.6376356965333743 0.5701964946336778 -0.5055371660787713 0.11282220405093218
497 -50.621921322408554 29.74808644868439 3.9386085329517466 -0.48798642340830894 -0.45822487448174076 0.7400245873813349 -0.06529031357288585
498 -50.15711698643589 29.407351839318352 4.671823845772 -0.4824412511159562 -0.2145376283509073 0.8436325763749716 0.09750959605171193
499 -50.604328310991775 29.770261116779242 3.899422211866945 -0.5493553212461059 -0.30579362001992355 0.6980733718324617 0.3426259775792791
