# time x y z qx qy qz qw
0 11.909958882638149 12.393516453047074 11.898736883748295 -0.004207249910069443 -0.0044319947533740835 -0.7088084697393032 0.7053745173285798
1 11.868828985780945 11.409897644945676 11.982108513691289 -0.002055084382626502 -0.12978723295484448 -0.6942129416846244 0.7079685320603489
2 11.833434216998802 11.312842984474416 12.12852081316187 0.5704956662359432 0.5140101541533617 0.4919727708930976 -0.41023292034283654
3 11.782241195073839 11.231404862831518 12.264267685243373 -0.17111898698828687 -0.6650993732211116 0.14586719267770173 0.7120982222511958
4 11.68460995641974 11.16622968511497 12.197955242824218 -0.25648939906197255 0.7981958142936085 0.37942957430164365 -0.391318065463716
5 11.033472913984422 10.336760623641688 12.740177120395597 -0.4967621699229333 0.616679506543104 0.42050268014035824 -0.4428444746612383
6 10.963908424351542 9.317864560587598 12.92000833034715 0.47363740306168894 -0.5863218449343748 -0.4118719955357261 0.5121091327706893
7 11.005857592288985 8.289226044803474 13.097095865442325 0.5784690978581915 -0.4884677293197227 -0.3501851384754887 0.5514917488297247
8 11.385059181866579 7.306500647851519 13.245218991896957 -0.5218100441874767 0.5569619160325581 0.438077590806126 -0.47496918458770093
9 11.384641666918258 6.314789330315344 13.422143334441428 -0.5508381971788014 0.5603917475880055 0.39451557290147915 -0.4763358400354588
10 11.5547827137229 5.391441900753239 13.525299822518415 -0.5289210396027458 0.5369163746814789 0.5057808144455559 -0.41970121301139757
11 11.423916873397994 4.4325271691285 13.414834849422899 -0.5465697831573237 0.480501476928411 0.6154594827072664 -0.3026374529939675
12 11.107180009454336 3.512402938718168 12.953358485179566 -0.47478144342421125 0.4861724117343267 0.6419476488117841 -0.35513685141572215
13 10.831519087940304 2.4185345510365477 12.710741892851024 -0.5177896554384878 0.4793527332430193 0.5231786567479462 -0.47791099901211126
14 10.821455375052047 2.2715559222686457 12.606224106014423 -0.07843321257060469 0.6464882957668071 0.7300297608262492 -0.2072623046054291
15 9.94971605050608 1.808683001435836 12.684687863152279 0.03355935828378522 0.668218434320617 0.7004616457423697 -0.24841774564143998
16 9.127416135043942 1.491013793856343 13.025412284093317 -0.011844650501854775 0.6348426132107197 0.7052873655489217 -0.3152844631492873
17 8.312976161024192 1.001716888780968 13.415111262606453 0.02281308188315556 0.6688702422069359 0.7219981747672876 -0.1755300487601279
18 7.2818470371099675 0.7739379054346358 13.699987705252877 -0.013933940597743968 0.5518837297401348 0.8279637813756335 -0.09851990092209215
19 6.180441458825983 0.5563405095294955 13.920957817338627 0.09865032744755262 0.5967804073672377 0.7962910552899095 -0.0064663391781430695
20 6.161253509430278 0.5690490569296542 13.911434524632936 -0.42845381264699434 0.6016952264043615 0.5140355582810576 -0.4360706706178943
21 6.2240756023517125 0.5065774577737239 14.026915765158497 -0.02295648944279677 -0.0830933937695134 -0.810783595631451 0.5789632532028807
22 6.325339795076497 0.4333995034561553 14.149868334304417 0.5513271304204216 0.5606248583966539 0.4988743505708277 -0.3645031491669851
23 6.313534453581186 0.6127811518416797 15.253808625650809 0.48507272179658945 0.5759885888008789 0.5368980942533976 -0.3803709196653842
24 5.885359398001676 0.8470367198414266 16.126870560112888 0.531020351121606 0.48636533036189983 0.5298669818602284 -0.44800349736467227
25 6.122084850508634 0.7390582710109439 17.155699837046097 0.45223019953828997 0.5918710741289834 0.5546144578765454 -0.37091681189893183
26 6.115686272068514 0.6679981825456633 17.12026475466687 0.5813569409675552 0.026283924208130298 0.8130345028450806 0.017554478075988002
27 6.129171282923634 0.696047664184134 17.04879436092918 0.3896328980924931 -0.4455608443568097 0.6566389281139288 0.46742599070385765
28 5.7688796357144305 1.0504577138766305 17.910753397150028 0.28582960410815506 -0.4793168183804038 0.6282150739641786 0.5421278870130566
29 5.662197597815863 1.0229580999455878 17.824420454422878 -0.09960908531560159 -0.5979614027640677 0.7944962125523422 -0.03599943287055092
30 5.586264208660358 1.0851682120100896 17.8510218590877 0.38020914075294004 -0.5625458457257411 0.494533974538781 0.5426042100569213
31 5.513562895042453 1.1664877187230478 18.84106315048969 0.32129395086718515 -0.6494669421082586 0.4159718340221137 0.5494818664387213
32 5.488702894471289 1.087292681511936 18.758899674540412 -0.18935492055434816 -0.6848482031316243 0.7034794000563828 0.01563286363891363
33 5.60528351612756 1.2242002033307342 18.789261661084463 -0.12788781158586 0.09438121641718418 0.9803303586131364 0.11700120348454233
34 4.5368365974987945 1.4600250267376997 18.533757005171665 -0.07974293637828855 0.1541162482711062 0.9596908554394227 0.22109434208625955
35 3.625169226336337 1.8588733436816456 18.351272665282867 -0.062089767405702316 0.0634328431450322 0.9617849242218711 0.259019101097916
36 2.681812995558388 2.432970817995807 18.206324161641565 -0.06931212348387704 -0.0494479801554259 0.9734877538631542 0.21230242550469158
37 1.9185014731691574 2.707243013134135 18.133183322075165 -0.047978411048813126 -0.027298359852818824 0.9855574775952455 0.1600916299457082
38 1.9113339624293506 2.557098944886473 18.16260521922264 -0.12464273815523853 0.048104409215734806 0.6838607214703174 0.7172758655282271
39 1.962824520993097 3.5645869042468523 17.967405206657357 -0.14519375731362869 -0.0075232715527048175 0.7316649618302226 0.6659793967175516
40 1.9955354131328025 4.497371232892475 17.77885221257055 -0.1753899337898424 -0.0850460238177841 0.6625942202539378 0.7231697202206795
41 2.113836757151139 5.508541905737102 17.483546969313327 -0.18638482764721398 0.0071342572041887065 0.6558709269693047 0.731466421343788
42 2.2465362983815336 6.394861849810118 17.30012196894908 -0.18561917399807146 0.0239292204355968 0.5971646978893917 0.7799789985943787
43 2.617693720511113 7.292972155075398 17.04390280306313 -0.20059678654529842 -0.04015140812230505 0.5104222635893501 0.8352352402083021
44 2.6999665592071973 7.337340898644072 17.049626374031206 -0.46330394525925356 0.5776102140926642 0.2091016049791756 0.6387428384554859
45 2.9628583365281234 7.14786515527801 16.013734620924673 -0.42623017037333705 0.5835369557364661 0.1494870249687426 0.6748822804899589
46 3.2764500336760713 6.819591095757581 15.02458262166645 -0.5249920410821407 0.5434488564950108 0.19348657991342771 0.6257872166863724
47 3.603339355369332 6.535513206727994 14.099260599291188 -0.5079271315471254 0.49345378746532675 0.319867565306404 0.6294427133102639
48 3.554970905452985 6.531779685147462 14.117431586493536 0.7964240159117523 -0.07374642653217581 -0.6002251037520848 0.00027618568110163687
49 3.848620991000351 6.508840509740427 13.065949657596686 0.8055480739046631 -0.13915147541754314 -0.5754605678317337 -0.023964606994209867
50 4.022426748911082 6.326617261338146 12.230202001968076 0.7096925263112585 -0.21878244553904472 -0.6695494777763747 -0.01320062238239224
51 4.139374648658875 6.027622471739767 11.275724624375018 -0.676698884184359 0.04337866823026888 0.7349448675693704 -0.007276875679334397
52 4.093690588732651 5.900004555446337 10.313338669376234 -0.6704715748343737 0.08835365965031095 0.7313303465765523 -0.0884161882334423
53 3.9664744105329484 5.702877011019749 9.29845240650608 -0.6647927103466167 0.13388431475469012 0.7319823587346107 -0.06578350122927594
54 3.850204212825621 5.5175178346224465 8.331362359297165 0.766816197669193 -0.13265876052468192 -0.627995123812287 0.004086161549329798
55 4.0401978409747965 5.358587727134774 7.45514567643599 0.7904842623624785 -0.08176895537406248 -0.5912098743672816 0.13754764027385433
56 4.0597319092988915 5.032956839325086 6.3107513723100315 0.7611420839368467 -0.17713879142256944 -0.6142671561516998 0.10936378517100065
57 4.138856326201218 4.5501732537259585 5.450929798387049 0.7694685905889695 -0.10773416151878 -0.6272414294158555 0.053662163236533326
58 4.435420954996933 4.296907263260975 4.52038923921275 0.8163777061441477 -0.17654641389287026 -0.5484892524657572 -0.03896594130701833
59 4.769004371244233 4.063161734730318 3.514080394568423 0.8549215772411379 -0.13612891429416388 -0.48982609663940624 -0.1031911358190235
60 5.448172577804923 3.9434625181150977 2.4807721207147586 0.8544976664648914 -0.19376024434636788 -0.47694330370993443 -0.06939589874872798
61 5.776487546923928 3.677468785083349 0.9543616936795458 0.8106595559502563 -0.12541283458251148 -0.5703980536105424 -0.04181824608730383
62 6.013347693149639 3.533591058563226 -0.16483581912245637 0.797590895989323 -0.06573076314262083 -0.596857170343451 -0.057356321545631556
63 5.969911456811882 3.246584802626596 -0.8198103703715646 0.7844205107974007 0.013725224386638509 -0.6148338753047065 -0.08046978460066924
64 5.676611234411551 3.0855573607666806 -0.45377085837481457 -0.5460921854017534 0.46421736031207084 0.46190880546219576 0.522423030564808
65 5.587159245409355 3.1882542901549584 -1.0123252537404988 -0.4554679783663928 0.5055382691925976 0.42761216676349867 0.5950863919637296
66 6.310017839138767 3.3569811288099984 -1.9835160769068596 0.5826940107304398 -0.5279124226813681 -0.3692065846272367 -0.4954418852957974
67 6.6364129337233315 3.0066459040433005 -4.167662140005687 -0.5483536920497794 0.5791718064258853 0.40747263781744403 0.44478567477701764
68 6.476993626412813 2.747544867993411 -5.692095293308363 -0.5299589244030946 0.5756478823644942 0.4227265287549416 0.4572475651784134
69 6.410545850168427 2.48419983753654 -6.58571371025706 0.6001502558412685 -0.510346081191152 -0.37288797471835017 -0.49022556658842426
70 6.299090091021382 2.314419219181101 -6.435029925451339 -0.7779864212166555 0.012408649046082397 -0.08476311815143774 0.6224133414641722
71 7.42940339654712 2.26716895793261 -6.177466615508579 -0.7191972756209662 -0.06023919065936518 -0.10821452217080407 0.6836783862602566
72 8.839616718942386 2.2888466809518198 -5.29407687198373 -0.7500923134108834 -0.04174706356857087 -0.04433057679463235 0.6585237307845219
73 10.091751967877 2.658141307608906 -5.055406523120752 -0.6354067484220517 -0.07185340915937209 -0.05337061806869627 0.7669725736810001
74 10.537126606786522 2.08098390544903 -4.882375226240902 -0.6457511684555453 -0.012666581080806465 -0.1502193330664505 0.7485179611305884
75 11.485394078035174 1.8440959012163711 -4.754987135427157 -0.5028546694854269 0.0908000768924431 -0.23855472580358977 0.8258233286907088
76 12.463837394320047 1.3239204836845655 -4.642125516975489 -0.4603849557099681 -0.004743932338420825 -0.3401029145875569 0.8199714599612282
77 13.142102998675746 0.8365843758794842 -4.675435170754128 -0.5682914922631861 0.036131828704376916 -0.24917794027670281 0.7833579161885194
78 13.016931813944858 1.010855185326406 -4.97005270758193 0.9449268935874718 -0.14756554555399112 0.18723197303837186 -0.22423595566421256
79 13.197894660552475 1.2346834288633257 -5.238434953917336 -0.6626704337408558 0.737360826993623 0.015756126085801337 0.13007171695551437
80 13.155874175786357 -0.006048956729219679 -5.146209984829737 0.7163340125351455 -0.6640338677197858 0.1800010964759658 0.1162936381486531
81 12.669167471162165 -0.9024411062639444 -5.003553412543794 0.8709471949707235 -0.44418912406207134 -0.1970454337296367 0.0729390340208735
82 12.491560796472449 -0.7771552101381363 -5.129168936444801 0.6472703922690528 0.585496531828446 -0.38627002163489377 -0.29837949141136705
83 12.471651522850877 0.33813668427153765 -5.177908353980165 -0.4256987862146844 -0.5410365407435936 0.44790154520973696 0.5704771781537641
84 12.572233740013111 1.3513828406402602 -4.7753765341392524 -0.2617876874373613 -0.6203271412157608 0.46722768309817386 0.5730268202483975
85 12.745818429745356 1.422970968143018 -4.485409700916436 0.4817306677517171 -0.43739665190241084 -0.18077471212270765 0.7375230410699042
86 13.438865639041165 0.8684532531406837 -3.7961001496675264 0.5615734912035371 -0.19489326208027238 -0.08942117872595833 0.7991593603083438
87 14.327849852898485 0.584677963132469 -3.573993741973272 0.6312299988870713 0.23391724111191742 -0.024614653842271583 0.7390707216713717
88 15.08713410533884 0.7905307575597109 -4.050514096759803 0.5760081119082925 0.37255945111408334 -0.10371804671411591 0.7201782259880021
89 14.96421780865618 0.7359386971788102 -4.132767170579238 0.635850828707481 0.690581124511363 0.3402139084877439 0.05518994991955597
90 14.891678802174427 1.6915880873809233 -3.568308276941025 0.5463922073913389 0.694597852177254 0.45127363723209396 -0.1238607435472684
91 14.995477874314421 1.669551620064731 -3.707501540553059 0.6729427076057973 0.6766894892236972 -0.12919642055869066 0.26934686255676443
92 14.957110470765517 1.72858238846025 -3.1618608842561042 0.5158840133515226 0.2720956631029629 -0.5469318364145064 0.6005773898550821
93 15.283590696992412 1.373587216431582 -3.873628227699994 0.6059857054089468 0.18994591609696024 -0.5236697737926505 0.567866042138515
94 15.607482918045317 1.2469619986810265 -4.876536057634994 0.5669027566264477 0.3889709392440377 -0.46181187442908 0.5604040199617126
95 15.357981712417876 1.028649635522442 -5.052788719089246 0.7137407557904677 -0.1761200971444306 -0.6749892864662448 -0.06281168729844716
96 15.19913637462528 0.6448259417217947 -6.089094833856658 0.7592531345954364 -0.19622555459407465 -0.614954174300337 0.08283461137617999
97 15.268122448269999 0.16416012185948503 -7.099189070399243 0.7324109944502907 -0.14430052355324616 -0.6606132638003566 0.07963422506457508
98 15.215757682684435 -0.17294367212756834 -8.161315265674048 0.775751407663191 -0.09794162765408217 -0.6196132174893002 0.06853212234860052
99 15.501106177025697 -0.31300977211755754 -9.42483313007898 0.8112091207259253 -0.08307984411545045 -0.5764322079220731 0.05256816168468961
100 16.05228091717646 -0.32348812366417423 -10.570273501638859 0.7522603340398774 -0.13119902541058845 -0.6419886873889116 -0.06886022673638861
101 15.814168372396 0.5434096803253379 -10.840775224211194 -0.11705001775775532 0.10687852084005767 0.9863832901114238 0.04386661731787931
102 14.970729572464883 1.4946649209691558 -11.127336213116406 -0.4425812103839077 0.40704773951529605 0.79848067074414 0.029370536573090647
103 14.578253598448393 2.1121996736159145 -13.361852145756579 -0.271454810887827 0.7630635194130247 0.5195984899883567 -0.27214657849894736
104 13.916390850703326 1.4624827308875337 -12.915647465435658 -0.12701145854783505 0.8965113894707307 -0.18856266994564005 -0.3802361601028791
105 13.435868287892943 0.044488950023726215 -11.290774154460205 0.03377914092481092 -0.641603743562563 0.718778964947616 0.26563208660423593
106 12.60841297282065 -0.07362893650775604 -10.790964092584977 -0.00028841203737587555 -0.4400289195850283 0.8841109137005939 0.15723345389207166
107 11.406437351157663 0.14009019613028384 -10.969359610239113 0.020583944242054664 -0.01386155792106416 0.9949660552396705 0.0970912322109961
108 11.187140018705538 0.7180877860496615 -10.76069622431963 -0.1436459440381995 -0.05720108343784043 0.9788986599384344 -0.13360872870306864
109 10.094493391105171 0.3432702027844061 -11.327322035553433 -0.1952510940053869 -0.06756359352107753 0.9545002221154998 -0.21503836193032916
110 9.765725880909502 0.2450284168994319 -11.756149342085543 -0.07821025353464416 -0.6462791535426066 0.7408552488741297 -0.16534785197863994
111 9.020483352168682 0.35700020945723754 -12.164933473283533 -0.15738882164314558 -0.5796902773565252 0.7755673818970157 -0.1941215528927829
112 7.717670855201739 0.12409514757775231 -12.826761646516953 -0.08613856598412045 -0.6596854552949255 0.737202021687354 -0.11801875589330894
113 6.7137177888006025 0.40546416567009747 -13.588913798976002 -0.0038884983785415534 0.7079962723628238 -0.7000807385060753 0.09280688268385237
114 5.2631610376814875 0.1420626672739842 -13.933992316743327 -0.035010470877317824 -0.6467911517638524 0.7585246304142496 0.07124505585557647
115 4.116118864995294 0.2061627981392391 -13.792829750948432 -0.05835175541964679 -0.5782825510695275 0.8124117628288787 -0.046599263784297955
116 4.030499498583833 0.2104697135317375 -13.586039375531284 0.07748464505048311 0.9853925127272682 -0.13905354499739195 0.0605131164798182
117 2.8676497341086744 0.30650527896556934 -13.553392138115228 -0.019157199940541582 0.9718293076502975 -0.22632991844522493 -0.06289329454686855
118 2.862558376423755 0.34632035338555145 -13.208749927297204 -0.19379711921998385 -0.7310739873711564 0.3350593041654276 0.5618796706265974
119 2.8455097424665845 1.216575863183969 -12.174350875429797 -0.3505748765448444 -0.6001389687718041 0.23657825354310327 0.6789412375512173
120 3.1091531229596936 2.1093478956656684 -11.060726882708906 -0.17727499082403556 -0.7403164650343407 0.04915230346916045 0.6465981443609865
121 2.6936041218563305 2.035926507380334 -11.367388396739177 0.5440693087028153 0.6673268125412334 0.37247992912678024 -0.34629787032106685
122 2.8465948674800265 2.621743327925669 -10.547961773193988 0.4945140971811946 0.7645029509793999 0.34393215296413565 -0.2295685513965532
123 2.4281043631824195 3.301704558808485 -9.8920095582835 0.44756356004823783 0.7518169084780569 0.41629013299279916 -0.2473069368543538
124 2.424861495796204 3.4321357526142426 -9.99765955265289 0.8516992996796767 0.22283120464684486 0.18260996415183042 -0.4377306913540008
125 2.436502765336585 3.467245205351907 -9.991199601108853 -0.6473240088621269 0.45773802392349283 0.32705082477132535 0.5142813306174709
126 2.379067855044634 3.555938402686569 -10.119447288625647 -0.12639287135839236 -0.04858071933652077 0.6686932980657835 0.7311046634377547
127 1.8138120744387394 3.3528978403244016 -10.792810173942812 0.10404886388614902 -0.019479243181869388 0.9821777375372401 0.15531028586443293
128 0.7537687760990113 3.7993080018091567 -10.820340596736255 0.14753947977562198 0.15937665841957482 0.972511763376044 0.08397650119984494
129 -0.218936195915032 4.34423979213836 -10.527473171115235 -0.11707541749384573 0.21437068714967433 0.9683001819364534 0.052281093824150145
130 -0.8687657840921039 4.8686008293746825 -10.69335339436396 -0.3269814234873649 0.198203836558543 0.8064273731002158 0.4510801256787268
131 -0.8153441562799106 5.828008712613304 -11.705096194137061 -0.3358950252027692 0.6931586039654153 0.1213190441898809 0.6260889484007855
132 -0.5389219082709071 6.241508033040948 -11.829625689627731 -0.46982618411113547 0.8795087576287001 -0.047739121127256416 -0.05872544841878318
133 -1.5218995157845647 4.8863064985366975 -11.296720171375771 -0.18030682526613506 0.7812373175170151 -0.589922588096003 0.09565062746987153
134 -2.7860036526184007 3.9763530727933554 -10.010755765069455 0.03732305537817434 -0.5803565577650064 0.8015109713994617 0.1391884266836938
135 -3.166271349629847 3.660710205316663 -10.05476373446057 0.37024196437366996 -0.3771080246155211 0.4703795230928774 0.7067202627930111
136 -3.5004525813924223 3.3361187522808606 -10.071799367905513 0.5956233258570498 -0.035692540842962237 -0.13755372289156262 0.7905933654805303
137 -2.5388390700526324 3.164964339496139 -10.255409833544974 0.6048925392430667 -0.10013799427006642 0.0015075410135152892 0.7899842564201748
138 -1.497302496639255 3.1560458251106374 -9.792491284621725 0.6533102029749471 -0.12959794179147135 -0.04528234664514938 0.74453989903467
139 -1.5506534977594284 3.345560204242534 -9.55685601960186 0.571910354436709 0.3586838806081389 -0.48408762106990805 0.5567078187046053
140 -1.133108200909628 3.3361401331603613 -10.458542933489385 0.5294393073679052 0.2963400259095445 -0.5131016128945943 0.6071271231815382
141 -0.9415841923698998 3.6233239182797927 -10.162919136436594 -0.05752519481327995 -0.6405627641539112 0.7657295303742103 0.005336989234234888
142 -1.8733136589347505 3.6704482966483445 -10.28695125891811 -0.07016986153899114 -0.6239223581207736 0.7774141547112599 0.03774007979841019
143 -2.8725723831166956 3.772821803276458 -10.407889523437166 -0.1472545599969244 -0.6285883787045501 0.7632223049301954 -0.026162147747041477
144 -3.024274144622166 3.71370630478492 -10.449327433881237 -0.020915647939160002 0.9916940377476703 -0.10147637328468394 0.07621034596427519
145 -3.9385493320893192 3.7200421803437784 -10.613094639870393 0.014507342194405557 0.9723272994597034 -0.1914749545137661 0.13306577900348635
146 -4.659395533605901 3.7403468845004664 -10.872204173789877 0.0436778064071666 0.9885148529499787 -0.09395604891722514 0.1100131610154176
147 -6.343548626279165 3.301869673945326 -11.36417297877585 0.16762425526453412 0.9824114566509307 -0.082031706814929 0.0063747913719781595
148 -7.734430075443392 3.8984472285403173 -10.935051728763684 0.17103068130029403 0.9808630415706332 -0.05564875740658408 -0.07456148827556472
149 -8.013862259428574 4.309563198016832 -10.857374395407989 0.07170410010594176 0.9873891168483868 -0.05238129664691829 0.13106278540816746
150 -8.781793195435341 4.414281490095953 -11.41022869966106 0.09372314079103841 0.9893319461845402 -0.10048329347236958 0.0483878173915597
151 -9.518072645776769 4.096271951795198 -12.584818387943056 -0.06115903693078015 0.772945132934592 0.4367805811535121 0.4561119573105102
152 -10.36806498455197 3.9538868791636883 -14.192983995910945 0.17007499321870934 0.44046318082828906 0.7638790310796146 0.4399494390190205
153 -11.060353731426435 4.683690785418443 -14.84859162269624 0.1543120806202245 0.011414582445827116 0.9878988987994611 -0.01064212540131132
154 -12.079901072860512 4.7794638671440755 -14.18106956846991 0.20055799555773438 -0.48550632521732606 0.8446733653896935 -0.10289316980771968
155 -13.017009695049513 4.608462868860114 -13.43704022320858 -0.05145382397971248 0.7842013335434417 -0.6094657728424031 0.10455737276808726
156 -15.161262920216378 4.780697774977751 -12.723397252257136 0.14202424237468825 0.9671830603315631 -0.18007462386178558 0.10935800028623517
157 -15.175396582263975 5.137272308617457 -12.935237561029776 0.15151686410436455 0.968356327089655 -0.09620501415873259 0.17341643211682906
158 -14.931193956363796 5.408268330467292 -12.906659426171416 0.07397641302994058 0.5589432844594552 0.032006304704827244 0.8252790385875811
159 -14.849960926953964 5.725549018263107 -13.488922517336157 0.08547670730810188 0.47145145703186314 0.0016948381091936582 0.8777382204815294
160 -14.418746049340387 5.753015190398796 -13.661327296336859 0.643687119211147 0.317241602662864 -0.4826107934087778 0.5021070405669569
161 -14.050362882603137 5.718657192469499 -13.984249417176231 -0.2272830484565491 -0.6741480926836356 0.7025204536413755 0.018214753109228314
162 -15.6376735554044 5.779133614220205 -14.374036949986012 0.1816600365287201 0.70747094233355 -0.6823587884647816 -0.029512381925883933
163 -15.85223760550722 5.826942473859752 -14.142514071533917 0.5655422284300102 0.5676187929099202 -0.4474934552283485 -0.3971404050530463
164 -15.688945828596916 6.928208017020776 -14.01686583377191 0.6026704605585598 0.5245124249608359 -0.46734731300539195 -0.3784990370641349
165 -15.52157235809279 7.006509983398003 -13.929189207519329 -0.11068494963438073 -0.6775796255155867 0.7168574529343229 -0.12144992870770481
166 -17.003819729941007 6.71927319698994 -14.35420545124898 -0.04745140288708507 -0.6370831384622212 0.7284397745179343 -0.24748521966257742
167 -18.11054687962356 6.238422731286053 -14.943121885675687 -0.06162828771094639 -0.673926083563844 0.6907025748442399 -0.25486376978623787
168 -19.042705338724936 5.780863235979959 -15.633167090967838 0.06590686511044631 0.7649326533824818 -0.5985725874304947 0.2285720422477589
169 -19.732472262435458 5.605918691564169 -16.209625264133262 -0.02468913915189861 0.8357754332542028 -0.527872711494587 0.14906465723316317
170 -20.129955462732607 5.393469544461044 -16.47104403864259 -0.07652737862972514 0.8531680828403994 -0.48308578458074036 0.18131714612388705
171 -21.35669822184328 4.315417386590955 -17.21463137274733 0.09887166373990511 0.9928522951248376 0.06463972550661332 -0.017041715320814808
172 -21.81462074151296 4.279437904925109 -17.685008916312405 0.28660224812331436 0.900886907227196 0.3160510502441174 0.0798352390669056
173 -23.0376032173734 5.16565840586788 -17.18955053144165 0.6196254663482048 0.454127667498991 0.6376867515122756 0.056461934171765815
174 -23.760430354866813 5.652063733644189 -16.826131467230162 -0.5385993764948893 0.4554346325331301 0.33076071830081655 0.6269667888794882
175 -24.034471084272145 6.751441857623716 -17.37060588318417 -0.08195815849636973 -0.0379863064964307 -0.00918568792348954 0.9958692303269618
176 -22.964576115039687 6.769538075524499 -17.17843768490811 -0.1293659305863293 -0.7425019689003163 0.020466519844942258 0.656914304721796
177 -23.205713496105496 6.572121292225907 -16.097921482487642 -0.3332469143387997 -0.6734187804200593 -0.08928659178701927 0.6538207283256525
178 -22.83738060035654 7.863532352426475 -14.875177473587849 -0.17617342507808678 -0.7481449342609391 0.120995855261476 0.6281736102746539
179 -22.820449458573233 7.735181272502069 -15.183333350401199 0.03921797737100974 0.9783816047356666 -0.14218795329957606 0.14496196639900621
180 -23.844737860562088 6.704462899425683 -16.006782328651838 0.004580316812626873 0.9905635474608946 -0.07554544418198972 0.11426182653419255
181 -26.254851609835992 7.34093451181019 -16.06753042370798 0.2723581957291275 0.9293871302210559 -0.11817689684284122 0.21930525860371164
182 -23.31132759058873 6.9322583582765205 -14.872126875223401 -0.07683340200376752 -0.13592770434722418 -0.12694655137957508 0.9795431897676865
183 -22.168398105819158 6.985866689601981 -14.538919252403957 -0.05662939728181022 -0.017710030367475534 0.07929148535503612 0.9950840801349774
184 -21.214334021109778 7.154260276668685 -14.433650463209343 -0.21082149712648102 0.04640314478493271 0.09627589689959189 0.971664549203889
185 -20.515823839654548 7.242707337242524 -14.53093512472336 -0.14604170355048698 0.03546971366463474 0.17252075023065974 0.9734733231971335
186 -20.7312698096775 7.282560484202354 -14.357501000603232 -0.747142689809764 -0.07725098307260973 0.09165646968365994 0.6537653847086691
187 -19.980416651267973 7.44498065341338 -14.383296113719624 -0.7168495126372294 -0.057461494984639344 -0.14059995865076672 0.6804826261215647
188 -18.24592083227033 7.787541027057838 -14.27542448986084 -0.7856607050784485 0.07405234855953487 -0.20073444801552198 0.5804818580699631
189 -16.962381157005836 7.531665669894918 -13.99523853700747 -0.5337393785521892 0.05176767592928286 -0.30784310373357654 0.7859230286709268
190 -16.08085218659751 6.980779788050079 -13.705687013068903 -0.25822441658268525 0.10616470862776822 -0.22327367892020217 0.9339154510039714
191 -15.168924266556191 6.441952388259066 -13.865230733249609 0.13791396900272906 0.04848627375765214 -0.15212993738185185 0.9774892841168163
192 -14.41622876643218 6.008273126701407 -13.990096486731929 0.5666924531697635 0.013883736635293926 -0.2740489753559977 0.7768938566392485
193 -13.91931946294076 5.497950486206226 -14.217498475775537 0.833402947422399 -0.04804034117627295 -0.3045025504391307 0.4587045341212474
194 -14.553673871771048 5.493613456494408 -13.781687462002683 0.5105551043898207 -0.12438907373905862 -0.028552469469694964 0.8503208807285756
195 -14.205405202080842 5.558218572850387 -13.194528679540817 0.6582448626002002 -0.14645918831586907 0.08047230196118282 0.7340215362204086
196 -13.520029621538827 6.049565764733657 -12.335166027872377 0.7532010641306455 -0.35443973699422887 0.21474252804835442 0.5108290090424841
197 -14.349913071860113 5.700628566148117 -12.69385166729706 0.5541712180026693 -0.1040840699995714 0.6805811619891498 0.4678354940096576
198 -14.753590094286738 6.815080766614328 -11.380576125882232 0.4630987642130477 0.015669438828704876 0.8002803969999776 0.38058545617075284
199 -12.705589930372907 6.9775138100712955 -10.223352052285772 0.5965636250858225 0.12121809521689231 0.7819152438111758 0.13426304820076113
200 -12.132419858036313 6.379467759600394 -11.08903347138472 -0.07012527110420491 0.05134178657738448 0.9960408998003683 -0.018681360455715796
201 -13.505866886552027 6.771948934084556 -10.502445501552929 -0.05373946790274314 0.1457580409057443 0.983410259932987 0.09365321008584976
202 -13.762386872600803 6.688743658461572 -10.600205106911766 0.054623651415356696 0.7812523802094568 0.606162586234522 0.13866468249914082
203 -13.988972763164886 7.277800238045671 -10.64215107550098 0.05491627267452012 0.7817591252637022 0.6051997385894587 0.1398933503556193
204 -15.050526264766326 7.448860750333036 -10.94246996086986 0.11763386676747395 0.744692477595862 0.6427264558407607 0.13600768420881357
205 -15.088966736073596 7.499772896892766 -10.945395884334308 -0.5731170560225415 0.6284940543146362 0.20665394240036658 0.4835558001695274
206 -14.604967853367677 7.515037081349184 -10.997782394347537 0.043040573254663525 0.8007420639161534 0.5240133637346854 0.28700113372018077
207 -15.567534757968161 8.042828611706287 -11.065466764312706 -0.1733070963153984 0.8446936921695786 0.4492992940573346 0.23363938267173942
208 -15.774993397481612 8.192840560069461 -10.869702829428757 0.03938877260022821 0.907322997105094 -0.17407258804264675 0.3806734001863164
209 -15.195667467457245 7.411858108986647 -12.115183046280954 -0.21733378843859077 0.9751998307038204 -0.036571304576924465 -0.020343408753476778
210 -15.750815577162914 7.1367496559173205 -12.024280223859353 -0.20947723714347433 0.9744446419431726 -0.041811368732723245 -0.06948910959045951
211 -18.605076480668416 6.463778910494179 -11.585422124604422 0.01599759600137157 0.9786778735551213 -0.07377707033037277 0.1910252355822908
212 -22.43143144706896 6.105650064505747 -12.260129322156716 0.10697775523118465 0.6767529021463501 0.35944165499225766 0.6335321349218328
213 -23.552422139080086 6.700777909051731 -14.245247264487853 0.27603005848928086 0.6932933307339626 -0.003115515884677628 0.6656891601423179
214 -22.556420294936366 7.223117975704302 -15.704650400860864 0.2144456088616029 0.7750126017398726 -0.5204738141124134 0.2871855790384443
215 -22.86234615069717 7.038263973353629 -16.806802509238608 -0.09451527341664721 -0.3243280740521332 0.9411778937618731 0.007895300283993684
216 -23.650183117264657 6.876615399678158 -17.2239125683678 0.03576948220095323 0.2935248124334271 0.944349640677576 0.14410928069048992
217 -23.639167707376224 7.770591672803791 -17.73923546694562 0.05733707320404968 0.7997197082997962 0.5921958631250196 0.0804046509282591
218 -23.408403211309025 7.612265932743999 -17.951852440752177 0.1310191506886428 0.9576856225323197 0.25592496356199046 -0.013215278033549115
219 -23.207267246516317 7.819028268775785 -18.333963606986728 -0.28728081033527997 0.3659549759592845 0.6375315858696221 0.6140848219931092
220 -23.43754927787593 10.414370318829508 -19.253143805928836 0.7182658504108218 -0.6244102606414088 -0.013344867687990055 -0.3066397055923063
221 -22.89107690125008 8.204341292725065 -20.094560691763686 -0.409087594186635 0.7716067387058041 0.2524528489204902 -0.41657885224566127
222 -22.967361168377987 8.551882572890225 -19.426064564427737 0.12896542685314358 0.8961651145098579 -0.09251558700409636 -0.41436321310344054
223 -23.047883583854535 8.865566894264227 -19.035631307301056 -0.5692317193870662 0.7283230809499524 0.34241882118629274 -0.1681371175457821
224 -23.21713743522644 9.05018431049653 -18.910746513662684 0.890633259886217 -0.05040237169838099 -0.36645933208468884 -0.2644608765766175
225 -23.432624974621195 9.14505882480275 -19.164290086358598 -0.333680889481747 0.32959049229100984 0.37509450548085965 0.7995819428577096
226 -23.737583060078872 9.364576698571593 -18.14185327157861 -0.4570540346720311 0.16873611434272767 -0.025745831836667277 0.8729071458348671
227 -21.209944459827803 8.46513795387822 -18.06705907240013 -0.2491354450039668 0.5068787615991588 -0.4142727938842585 0.7137110783291157
228 -21.11017580522492 7.927552467288804 -18.674136396100746 -0.12937654529827652 0.6772848565483941 -0.5373982326895583 0.485541009719101
229 -21.84108014135136 7.064291136151881 -19.04314356969536 -0.25956169915360866 0.5423140953152997 -0.38652564375843934 0.6993719132707316
230 -21.67007356779953 7.379098712830013 -19.30818975545733 0.2138137359750436 0.36021978820095973 -0.497216444960863 0.7598033938837938
231 -21.924603629886935 6.985163755725113 -19.979620060573435 0.041273927811849076 0.5810084657935127 -0.18268222393860226 0.7920560779490915
232 -21.856817900734427 6.56019878372358 -20.82644473371936 0.13044257374859813 0.6791741882612249 -0.07591454166172887 0.7182925165403289
233 -22.130825372661686 6.426591827983409 -20.77780298763704 0.552051097806106 0.28386215893206757 0.5985996380391424 0.5063006354695857
234 -21.433262219365893 7.261813837335803 -20.39646326582797 0.6209956124883947 0.3909462350080807 0.5078398709831067 0.451247333557807
235 -20.72104941250741 7.319825048066637 -20.46277457779719 0.7596476982188269 0.6295222680243304 0.07222271122056237 0.14635904015910167
236 -20.15769381381646 8.8734363655303 -20.75627187623042 0.6676257843071209 0.7240039018283744 0.041725191790900895 0.16838399756391204
237 -19.735234536947083 8.897601293358461 -20.999964614303256 0.334164290952994 0.5187663979949896 -0.4529014562741812 0.643502853037898
238 -19.5569076831544 9.41368455635519 -22.11638517206695 0.6849994156126115 0.2796273602791845 -0.4074409237864646 0.5353281550765939
239 -19.04448067847968 8.671463171669204 -23.20055775925987 0.7760067049550503 0.15118508725856553 -0.42490499004611754 0.4409222297518411
240 -19.144941113409114 8.158636157108116 -23.406995046974586 -0.2842639415124481 0.24963884032293976 0.8891904283600207 -0.25732244960544826
241 -19.43818390608466 7.605282575025441 -23.834775604658265 0.5021304090172783 0.1160562482040637 0.8400485396332164 0.1694533878476249
242 -19.86048117179608 7.265769435439459 -24.39688878822374 0.30934266112976155 -0.5175219469933647 0.6804061969978423 -0.4165639920495876
243 -20.16154011412238 7.008153821066857 -24.9027799264972 0.3491793779971915 0.668042518665752 -0.6349589552003246 -0.1691747039220853
244 -20.477145255222062 6.937619132979673 -25.526389312274897 0.14170585088641433 -0.722840129794691 0.3010227243051539 0.6056458685030857
245 -20.682307804879013 6.926144670342109 -26.28388552062147 0.7188495591875962 -0.3092676552928816 -0.35583582950080606 0.5108715015431171
246 -19.95925233508054 5.908962635402855 -27.22753892913554 0.8219672834145861 -0.331472192667701 -0.20754271551932676 0.4140313897749493
247 -18.853635565514725 4.1558827137040595 -27.26925320885234 0.8708026498618571 -0.29117083710219344 -0.26805164914082313 0.2916686510540018
248 -15.820683228082139 1.3889123864274833 -25.515218449300196 0.8663271855421933 0.0965674076900239 -0.3038502960478804 0.3844826926588324
249 -14.619306910305074 -0.11343533002781925 -21.04392203169663 0.7133783507299234 -0.48052359206822576 -0.3698732485154428 0.35125800518755135
250 -14.231391671441738 0.6992713472735073 -20.11226156895077 0.85755149716809 -0.26797976936666795 -0.41287695943926445 -0.14941515746116282
251 -17.09855558161624 8.6449949703884 -32.90671405753274 0.7945735227015629 -0.16399030945972712 -0.3480623694015971 0.4696942435579542
252 -23.986997175428357 20.42819157676484 -17.41936992037405 0.03792981946205565 0.23875888716281776 -0.4161210662858279 0.8765835845996057
253 -20.7220971728141 17.27256637532142 -16.361536258195667 -0.20662501181198653 -0.25273272122957857 0.9417984591192649 -0.08029905674518613
254 -21.025975333051434 16.595327306691757 -16.775691969990596 -0.48179194035133466 -0.26663951822789367 0.8338963734849535 0.037372875462512285
255 -20.292286956140877 16.14192035816685 -15.940277226664088 0.15328944862654062 -0.30643663720945497 -0.06896847383354439 0.9369323785271826
256 -19.75029250877188 16.291011907710487 -15.46096064242752 -0.06892914747195014 -0.164847256002661 -0.10757083872057434 0.9780095446743531
257 -18.920888950398787 17.138672265851305 -15.243845196705456 -0.41841951552003037 -0.034095372790628936 0.0007344631602924389 0.9076133952020085
258 -18.702696618796892 18.096929377997693 -15.558426046299957 -0.519614259795753 0.6490982642156254 0.403557085220332 0.3818561815365103
259 -19.70566749469309 17.823061019593617 -16.461463825936356 -0.4346592554795427 0.606688313575046 0.2399714512841892 0.620817464610974
260 -20.61922610908385 17.07316583125757 -17.748048564529846 -0.2246601152669258 0.03975743388263252 0.5079271314311828 0.830636628264977
261 -18.771412010410963 17.80452806128363 -18.054519958573778 -0.16302452378855953 -0.07657455164897319 0.6587699347885807 0.7304666424292908
262 -18.502100884452616 18.64938721039612 -18.292556021757072 -0.199576425803097 -0.10282366707889239 0.6532316814627782 0.7231078163631078
263 -18.337231805827322 19.82736527832668 -18.46585837681866 -0.24461325060774047 0.04808354333498115 0.7847781175144307 0.567428970672083
264 -18.436120557070108 20.82456360724958 -18.921279026764395 -0.15957222438375263 0.15515737588880008 0.8292040640163933 0.5127216731631489
265 -18.70583976376029 21.637100961268455 -19.420400758934207 -0.34081136975637183 0.35911394827432647 0.7078247478514939 0.5038540549887258
266 -18.885259007911277 22.019009616052703 -20.29266047320113 -0.5341143809808504 0.3147608087971785 0.5898361732526402 0.5174367111033737
267 -18.801981596675013 22.20204859689894 -21.300565833635716 -0.5027086985563191 0.3894598851260185 0.6191487897348791 0.4607165489140534
268 -18.906222022558143 22.36263181734478 -22.155397035421224 -0.4070967828644411 0.23237828389892873 0.5861992085195723 0.6607897021629789
269 -18.99992270671608 22.89978395830537 -22.713949095011944 -0.19023784775306532 0.056405582964782514 0.6818355252112324 0.7040797455207807
270 -18.987328251226163 23.690440357559684 -22.96496121348677 -0.19497558736937173 -0.09494784631694593 0.7131675331813716 0.6666044527497094
271 -19.17958211974929 24.335244639077537 -23.28225098904113 -0.22467740499336453 -0.23822418995498298 0.6998693379177922 0.6347851674765657
272 -19.48605291397815 25.620220403852507 -23.241203456304113 -0.21616406499826407 -0.3510286482196936 0.6760537671029094 0.6107399521223799
273 -19.9968160295307 25.203813990798448 -23.52041157014289 -0.5403141785864398 -0.3629682907978808 -0.20237649408316197 0.731681872767348
274 -18.76463644901183 25.32219578708986 -22.617542958373626 -0.5399533820665339 -0.3362698492112187 -0.33401929100099387 0.6955602396238372
275 -18.330780339812588 25.365217739162897 -22.585256858038697 0.6276563145014412 0.6760746452620101 -0.23960357211822328 -0.30259007440512947
276 -17.46387229249276 25.00176196877272 -22.821780357436026 0.2331619617995362 0.7530586295679904 -0.5902743496420819 0.1735349882807185
277 -18.73098596190207 25.134817300546086 -23.29574018930037 0.20882265334284097 0.8062738759279706 -0.5455262212847218 0.09336315299815112
278 -18.980442445081554 25.94696438864883 -23.88210694703365 -0.2491581976837547 -0.6123956853226098 0.7502603528471515 0.0010583340220380304
279 -20.47111772594222 27.03911326703023 -24.132237629106037 -0.14961901424467552 -0.6091581706578507 0.7787744559279016 -0.007128849236254159
280 -21.41616953838338 26.84906768081132 -24.2027574907339 -0.11982530842465353 -0.5788158188204529 0.8031334895231271 -0.07477126019100465
281 -20.837349638167897 27.033265149888596 -23.94845943389428 -0.2102624890149235 -0.20901474041229295 -0.03133176806094997 0.9545265026775348
282 -21.1000316663011 27.229641367998546 -23.911430043737667 -0.09100653990338943 0.41958151210304595 -0.1633131528170743 0.888255581751717
283 -20.35659208714698 26.570685839851123 -24.490722695330653 -0.05495782747014032 0.6073010508410691 -0.11812916534431676 0.7837158739888778
284 -20.688920461637533 26.59123526867851 -24.339771816275174 -0.6391697271554778 0.4930548248645126 0.24489355584424427 0.5370159642615681
285 -20.000227379854792 26.09518982701129 -25.080530047482764 -0.5051255649688022 0.5738274923881582 0.36127924449004223 0.5338983799330795
286 -19.915937026289875 26.387209463680797 -26.14812561489068 -0.45871681718694723 0.5482314347002905 0.41120374207163124 0.5656258994623776
287 -19.47401813093789 26.050549416476628 -27.21138577867527 -0.46919440717358285 0.5425528686699176 0.4867496426834065 0.49856572116687814
288 -19.141903876330502 25.927159978585077 -27.306080265944 -0.6743710325414619 0.009651633800338625 -0.13948440974780207 0.7250342446196966
289 -18.212051613636582 25.79998640466461 -27.194840507515117 -0.7760905772503779 0.018408306052364074 -0.12807424889947563 0.6172046151320448
290 -17.25509944919228 25.364159498439815 -27.003864029246976 -0.7278247627794364 0.1251623692836058 -0.18948177335496452 0.6470719848414317
291 -16.316632084836204 24.840039013000897 -26.83629035374171 -0.6414807904723161 0.008236952645015398 -0.1684592648205893 0.7483689091365587
292 -15.522905150974676 24.563045221451446 -26.698313864132913 -0.715348421066491 0.04403436671469602 -0.16921108455355338 0.6765391488228341
293 -14.702858710308053 24.366071134553035 -26.35547347997388 -0.7690302814708478 -0.04043016493256234 -0.01919182712518844 0.6376437106378375
294 -13.642619107611173 24.56294229215953 -26.249049019795226 -0.7486726776226938 -0.14581365048711542 -0.16892464239413127 0.6242532068839552
295 -12.808397918452188 24.860154415422432 -25.742274086683523 -0.7058364708468969 -0.20356131622969065 -0.128035398703237 0.6663066888724265
296 -11.940870609194164 25.090945217421204 -25.25053547793656 -0.6651178943241287 -0.09634606245888039 -0.08121396532684033 0.7360298327747307
297 -11.962150133171189 24.893242604715795 -25.28063812502899 0.5987216900073572 0.49633518169301816 -0.4721720591187779 -0.41501478517761997
298 -12.018168619960717 25.77019061591572 -25.463787546553267 0.6443558635753746 0.4397496069962451 -0.5105792821648023 -0.36157240056004986
299 -11.870178962409447 25.002839518944285 -25.30860097861892 -0.7633257614328304 -0.009500241321921224 -0.11123384948502511 0.6362943957607656
300 -10.989906739101283 24.989865325183608 -25.07715906826204 -0.7219109121920395 -0.1093600129481928 -0.09225682894504356 0.6770330124440275
301 -10.016815643853295 24.8441048812098 -24.71678890444549 -0.8138277629081235 0.0016081693021769354 -0.05413091080873155 0.5785772468793368
302 -8.473636520751208 25.250010022745368 -24.462631280373685 0.8222898496589366 -0.30937222646714874 0.006812706591822195 -0.47757911979852724
303 -7.574624515875797 24.7451647484808 -24.627557644411016 -0.8014747195112546 0.24315485897567882 -0.0723028426086989 0.5415591264964272
304 -6.939971263058196 23.934352949336855 -24.73448408559748 -0.7776048976002369 0.11748057565228116 -0.13266453209013254 0.6032653309264837
305 -6.5465476642373694 23.282480159861105 -24.748666320437724 -0.7537725691460794 -0.09141415144760383 -0.12641053267710647 0.6383500169549015
306 -5.556401729502907 23.2237971500128 -24.654930188302924 -0.6855691981329254 -0.1609769746371654 -0.17922946692289782 0.6869920570098155
307 -4.9755916872890324 23.39296851877027 -23.899963718586125 -0.7704907011899248 -0.09472450830663674 -0.06069445401642483 0.6274452407641425
308 -4.00097796270331 23.71873354691351 -23.779704913833903 -0.7735139884056329 -0.11649728075851618 -0.0718898295523897 0.6188185079032551
309 -2.900949527729393 23.82086136442992 -23.77767891238056 -0.7810830883334575 -0.0035912617911445406 -0.11951019769929451 0.6128732532947517
310 -1.9781178176234602 23.897768407682285 -23.785777697542954 -0.8010202490950867 -0.07150598652860997 -0.1249947075635612 0.5810591858935851
311 -2.0229475303260007 23.996391526806708 -23.849064242041884 -0.08934943349173267 -0.08139715737718274 -0.021034144740063 0.992445840467214
312 -1.139935406791111 23.85929795769852 -23.654435835242882 -0.08381105653110883 -0.06783406823631381 -0.04924034297931267 0.9929499658154635
313 -1.2761421519817309 23.81500453220447 -23.496427219389137 0.641314114782901 -0.22525533405698206 -0.11948252744710028 0.7236713109512867
314 -0.4599277583060206 23.371661666924368 -23.18193468763348 0.6457661115169672 -0.1285719123354185 -0.07781384279241997 0.7485989570154006
315 0.4849042018291041 23.196334772334154 -22.95616089533932 0.7055462578282914 -0.002070446068283724 -0.2228026319169966 0.6727251879693757
316 1.348248438141415 23.248119715501616 -22.978704306097963 0.7192613415957321 -0.10699346043994447 -0.2584677387585229 0.6359323469757219
317 1.3696361858926192 23.459667094633826 -22.763894177941577 0.6984528247042877 0.34167922022943736 -0.5892270888369848 0.2196142069782793
318 1.235279458854762 23.39760792788436 -24.318504241905472 0.7139668961390363 0.212155989335291 -0.6578324269158229 0.11179268985400055
319 1.0222167230204247 23.669244796574425 -24.178927327901953 0.4687045103818615 0.6150214344806401 -0.14019204873810637 0.6183938118607645
320 1.0890721984843146 23.714824201299688 -24.499638284629626 0.3654489924715605 0.8597862707448592 0.3552386701889208 -0.031938843788967095
321 1.1986021687000248 23.798384339358947 -25.305183602533727 -0.11910627559992792 -0.043910757253816275 -0.6784311608515231 0.7236136403466737
322 1.6480001266606585 23.34397221070777 -26.583521864607068 -0.484219610239095 -0.37608936018134226 0.7868499346269234 0.07039419433372633
323 2.659852899576742 23.431315631551726 -25.502273113781378 -0.31044365122118467 -0.092362629977268 0.8256293951263328 0.46198483297990045
324 2.566164618737541 23.098585248652444 -25.929365559935825 -0.32658899888334325 -0.0944556377845801 0.5785541464029632 0.7414127446834338
325 2.6039932036375886 22.192913924423507 -25.90731802967462 -0.4847427436586416 0.6206728403837611 0.02448761882452937 0.6157840970701914
326 2.5180024313990748 21.418558625766455 -25.746234385729633 -0.155208432614551 -0.039288158714372357 0.007829172274403105 0.9870691399753445
327 4.60403474048565 21.70912005990006 -24.665348320444657 -0.19412186695136036 -0.0854519890869671 0.0011322937253137448 0.9772478581420984
328 4.473288134793174 22.156548655608848 -25.704578275523815 0.6647855191723684 -0.12833203189893888 -0.057475767702035344 0.733680883773372
329 5.56449319559526 21.856535760815436 -25.523332619039593 0.5841013169819631 -0.07023488599014673 0.029127208225147007 0.8081115752363012
330 7.285509298303608 20.996099346138998 -23.82943785525785 0.557295049647827 -0.13555983431749133 0.04780835328999403 0.8177775494066459
331 8.51977974195562 21.408621960448865 -22.936804935798797 0.6088876030742276 -0.18575871627966423 0.11290857155408617 0.7628900580150907
332 8.515367468652215 21.869817490199374 -22.30142914371017 0.38697820352612466 0.4042924981394446 0.5632142118530272 0.6079351918672203
333 8.168008681905606 23.23795610589864 -21.919262979727797 0.3226133281714952 0.4184033594817765 0.43896076365269154 0.726754922400887
334 7.432354502354338 22.565478674237653 -21.253219913011012 -0.7073037133696052 -0.07954198672706124 -0.13130211885600418 0.6900393343752238
335 8.225275620016866 22.62634973757249 -20.873797864168974 -0.7389538066758314 0.14443066564291288 -0.05405890252500276 0.6558694149592862
336 9.364086974222648 22.263336133203275 -21.339540057413434 -0.7073304252677902 0.11507986068897956 -0.12963139272024635 0.6852999322746943
337 9.555188405210838 22.137376221671666 -21.697516605032174 -0.1251514409789767 0.019279032756736477 -0.03497197412742392 0.991333645521265
338 9.600371586853514 22.073212530529364 -21.988230944059676 -0.05665680068535377 0.11883200046233436 0.6499805269597791 0.7484612729963439
339 9.741680001039082 23.09387323735038 -22.609322062573433 -0.07466001290735864 0.11337233926384156 0.5935495098616276 0.7932663956739493
340 9.465283679027962 22.089440991917066 -22.323753151497893 -0.7741295500530263 -0.02576225470809888 -0.03248086214420921 0.6316682195278018
341 9.44624310055539 22.055357538574942 -22.20255462686444 0.48186813879590346 0.6160320629670845 0.4872157122664973 -0.38849510155282374
342 9.157347657870275 22.226102319874155 -21.282579123428818 0.4605406611804719 0.5992747101291619 0.5453761725495968 -0.3624044034144944
343 8.770075554265738 22.334096952666275 -20.241326493643303 0.48233949234442763 0.6510187246678139 0.49627083431053803 -0.31183087286145295
344 8.342988928845655 22.610560000498637 -19.10419770221286 0.5092155932035896 0.640815439754253 0.4425433305030484 -0.3663474477025174
345 8.067581189546583 22.936683308477534 -17.995082444389784 0.5752339038924238 0.6267644180737965 0.37336523102528213 -0.3699604361424809
346 7.95067363817283 23.39738002570161 -16.970458420433694 0.5471608464712242 0.6171293789189634 0.4133288174237736 -0.38590883178679913
347 7.982453945504298 23.727873142258208 -15.940541131742444 0.48324658865656417 0.6019061173058574 0.5243421008476391 -0.35950955728640144
348 7.984632992330786 23.73106623510507 -15.952810027667766 0.5490872625766715 0.01793551638465565 0.834262591603732 0.04676990034945509
349 7.786363852823532 23.92541785250898 -15.412760097054365 0.5971194893018212 0.0745199509782697 0.7948168250240971 0.0784939937876956
350 7.394579619231379 23.824154225531423 -14.503557860395594 0.6166523767546047 0.04521063400158252 0.7849618263902317 0.03912513164429802
351 7.477289593857559 23.892858542758855 -14.343506308277155 0.5608326809474398 0.5466629071156494 0.5200588160947488 -0.3408301597090577
352 7.264091228754435 24.274930224576206 -13.423900620309553 0.47832736649791013 0.5934900058711142 0.5202665892813139 -0.3850911833161954
353 7.484091239475536 24.15382020730322 -13.820627069336421 -0.07390776953638789 0.7706604244136074 0.6312776831553122 0.04591991501359388
354 6.66801586417405 23.986322932448495 -14.248934038662988 0.05045516197790407 0.7936863100577449 0.6056564763824233 0.02639224266204233
355 5.598241363527751 24.238927475487493 -14.077738523285896 -0.02334511354042716 0.7756274118906296 0.6232640216195696 0.0969488677201967
356 4.223480488383046 24.454943216145686 -13.872957753876651 -0.13495391936465742 0.7924555833653966 0.5825505292370874 0.1201518577747171
357 3.273201436244768 24.738198171096343 -14.234333863913605 -0.11554257475298102 0.8577041587313504 0.47949833437172995 0.14517174948706252
358 3.135139079404898 24.766584282952007 -14.028721928148496 -0.15909844318514846 0.1560369142331793 0.9702168804299042 0.09497037275653591
359 2.3183303348732376 24.749570778585735 -14.613676238866612 -0.15849645132354565 0.20136849200273835 0.9484265620224833 0.1865922340200653
360 2.3769908897175513 24.657717502407102 -14.771959800206325 -0.292956388067075 -0.03630462215779656 0.5805672812887851 0.7588149715165226
361 2.830712552079465 25.59738828857631 -15.279550312317346 -0.17634465583671247 0.10216886016773967 0.63253096862522 0.747240697566652
362 2.6311555119847125 24.45550206048557 -15.017888143221466 -0.7980791369019219 0.0037537788371507256 -0.14152390298992779 0.5856847149011347
363 3.747873158598922 24.16436571631218 -15.180755621095559 -0.7219635775323052 0.10958717701653248 -0.1504324795611421 0.6664302757553776
364 4.692776231635904 23.924146953723906 -15.219932798324967 -0.8031402372074508 0.09382647288288051 -0.06608645104447351 0.5846323061147606
365 5.7718400103690595 23.82154579394804 -14.880569658279711 -0.7753977446005671 0.011849815420508319 -0.1262842878758051 0.6186034256117211
366 5.869404657400218 24.04473221178633 -14.541001691289193 -0.5163331497130103 0.5930917767478524 0.3896003979565731 0.4794306548121407
367 5.8751819659432405 23.92228524414027 -15.4230234370112 -0.5462199386900827 0.5385907016683541 0.35835362210429705 0.5321151343257594
368 6.025231323719428 23.883001472194696 -16.060339802134582 0.5945612878324545 -0.58871078851745 -0.36605208659484756 -0.40733567532654547
369 6.097947505033305 23.378333592353997 -17.059623694844667 0.6379324773366002 -0.4963958684164723 -0.4019279641462523 -0.43021762843413625
370 6.242893805738704 22.839729577264894 -17.61359292327927 0.6118942953694068 -0.4894838900823742 -0.3980092640818252 -0.47705295130545805
371 6.235534450625913 22.818852764888646 -17.485377700695203 -0.14447340508704326 -0.04331376075389518 0.7140970619192696 0.6836056900803088
372 6.3829861930433305 22.825541276185138 -17.436314993832774 -0.47150346487411254 0.4263529211595572 0.5751133129603164 0.5149294577767198
373 6.419345043821595 23.314075274196995 -18.504184504323785 -0.5632449823698162 0.5381787067572156 0.33779106193034464 0.5282196209043407
374 6.616583936416583 23.07040173432308 -19.320560341646683 -0.6057683076506973 0.4153063284441935 0.4043359124030569 0.5450485124660028
375 6.981002015349095 22.98487682599602 -20.281781729016224 0.6170149800692198 -0.5248885387810079 -0.3820441797467651 -0.44477722620221943
376 6.8262583880580365 23.082581647002897 -20.77934636552854 0.6924818703387227 -0.4614526667659357 -0.3250891031282538 -0.44927427103503126
377 6.544269255609181 23.24702374761347 -20.45002677800326 -0.12524648347083087 0.47210627200249916 -0.20081452678510028 0.8491775504252153
378 6.784493744889564 22.35098736405425 -21.51982952141303 -0.23351946605605506 0.47415378748724324 -0.28567005428892706 0.7993994401217442
379 7.729583737938656 22.3558492874241 -22.95037934503262 0.9186602158015067 -0.17040484805567496 -0.08669384993059154 -0.3457018542716594
380 8.828009611247477 22.53982871811009 -23.639781654250775 0.8031911575153206 0.2982288928650357 -0.4851806039304744 0.17476633977787406
381 9.39340345110116 23.290557983970135 -24.751895688371132 0.2517145588467289 0.6317088118145099 -0.2580876933481658 0.6862758195381218
382 8.929772247818324 22.379577278544026 -25.79026117417693 -0.18551507260788558 0.6907816208023327 -0.27426239054782475 0.6427947194306937
383 8.839541886473818 21.60201866504048 -26.490684991840258 -0.08532969446389166 0.7213728909243943 -0.27045986531466953 0.6318159991137074
384 8.593202294603044 21.09408885185491 -27.218100055940116 -0.018487597769256486 0.6951957750282737 -0.1866786924494724 0.693910735539461
385 8.561956163500668 21.155826020924174 -27.046555872602088 -0.2392935664343357 0.05157097947115619 -0.05223474050276607 0.9681686604224135
386 9.422663912448504 21.00140916480912 -26.98733640204633 -0.12412955227489396 -0.07142211189778104 -0.10674911276389033 0.9839183721773963
387 10.406961365099363 20.550685203219928 -27.597598541811177 -0.27402148936167 0.015183144383895513 -0.037755663881112185 0.9608622197482459
388 10.750097893464023 20.747327461137697 -27.945453764256754 -0.12384836967158336 -0.024988475923317568 0.6390057012191795 0.7587548162681442
389 10.845997990349316 21.47275138576852 -28.12000770798742 -0.11844424274852068 -0.021299380610175944 0.6182056846805055 0.7767490129855716
390 10.56217464750825 20.513992100978456 -27.677025929398095 -0.8006442073915102 -0.05819330814553313 -0.15879401879042399 0.5747754793429195
391 10.558628401864109 20.55653099969914 -27.437602545439262 0.4923877468066693 0.5794627951337834 0.48070273016799286 -0.43669447106579146
392 10.41892935655481 21.13156679304627 -26.48865372673927 0.5156379274487858 0.5824621991988886 0.5153728178205075 -0.3595082376420113
393 10.22297135497233 21.357175571506637 -25.846071907181553 0.490473570518733 0.6350975830804498 0.465148095540189 -0.3737967172184798
394 9.895575967498381 21.423185310340035 -24.560985850398268 0.48319686964289044 0.6237569812104672 0.5315563222847665 -0.3080517648019728
395 9.474810084031674 21.79568956218216 -23.517410732221144 0.5333794306791781 0.5700798137536583 0.5372782191943088 -0.3191355574960932
396 9.261156615009915 22.018526379591155 -22.667973678013563 0.6314250967983875 0.5281114315112266 0.4861520329861661 -0.293354502034191
397 9.389427746070403 22.182528302289516 -22.16140340936584 0.529008498115029 0.5360374384162543 0.5373914624043745 -0.37950532232514145
398 9.2098523108711 22.17067311802272 -21.27817719808219 0.4987107042660071 0.5593219108168115 0.5352089918014525 -0.389869168600963
399 9.210034581639952 21.963241013459964 -21.183793225015698 -0.7714551740603178 0.03463882629480164 -0.059059456566596474 0.6325891610820884
400 9.186442618787641 22.07779258217178 -21.132427918487096 0.48680731055806276 0.6137532923464009 0.4821295496536739 -0.39227112546289294
401 8.98343061167284 22.107496571126866 -20.334849699475676 0.5465118655219253 0.5737651261726038 0.521860965212604 -0.31587892272079465
402 9.062088648223078 22.152719438934145 -20.27191519127191 -0.07344727816295869 0.7617656149188323 0.623075731728804 0.1615403286749221
403 8.865492030878192 21.97169305990607 -19.5839200025846 -0.03473378518620493 0.9675200176791637 -0.14543635881114167 0.20383043220408953
404 8.251903965485642 22.06658721531779 -20.509565050007684 0.04520133687754778 0.9833791054646309 -0.0890367524832153 0.15164046553379873
405 7.353513263334501 22.097252346224042 -20.705160791098486 0.060133571525521186 0.9846926686657016 -0.09885910595331267 0.13035021680732103
406 6.271725252661683 22.349334070292965 -20.817936337873583 0.1475097256580373 0.9724273696978911 -0.070153807758499 0.16644619177294073
407 5.320790100640512 22.737452557030494 -21.05423128667264 0.06035547130711811 0.9590025641577345 -0.1625488128356922 0.22416329420289316
408 4.474975306358884 22.825722972108505 -21.39468093828662 -0.029527553873788335 0.963618595653931 -0.0796625004651502 0.2534190436644728
409 4.440932071130827 22.904804861424473 -21.22881510625365 -0.005138025984759976 -0.8295636771134116 0.11699229103724336 0.5459949726333674
410 4.097184798617793 23.144763245084064 -20.293198578493783 -0.0703613015768327 -0.8002106063284498 0.05587568672219771 0.592950402979195
411 3.8471468868178196 23.359219201272566 -19.294878423851813 -0.06460341219248594 -0.8266042431186436 0.047944090510861605 0.5570037599302434
412 3.5101480937841334 23.51471027767522 -18.45737592991198 -0.07815720766376438 -0.7916252429008334 0.15439131320561356 0.585989972694965
413 3.1720009996532545 23.81255241659892 -17.67523180695248 -0.034115884465511316 -0.6630742024105907 0.3587431025285723 0.656103722678716
414 3.219095252849816 23.78958280887022 -17.765452230366282 0.4410002141491779 -0.5943971167429194 -0.19799299111235852 0.6426582717109179
415 3.429749483445509 22.97642183556654 -17.214650748353595 0.37252091623175465 -0.6393681658075483 -0.3520855477430243 0.5731250148023894
416 3.365410088821609 21.90722915224989 -16.612173068603678 -0.5145269923815821 0.5834386824240176 0.3894602463668069 -0.49313486437484283
417 3.3288854278330433 20.782668852987886 -16.335409635538376 0.4852176546856811 -0.6082858877363136 -0.37819889852423194 0.5015154030707625
418 3.451578779358544 19.88838452829621 -15.997207982114448 -0.4772673814192788 0.5680724813514515 0.49700434351628325 -0.44999576119152296
419 3.4871999586777562 19.838164393430265 -15.723726153794308 -0.12901910822690163 -0.8143415107267147 -0.014743164952867333 0.5656718242115638
420 3.3426074447950183 20.282882067977688 -15.382290427563056 -0.1365692542806647 -0.723822694478075 0.1818951610362072 0.6514166839553116
421 3.0292216340243447 19.851162559907394 -15.844986709110302 -0.08413384147849023 0.934204916869072 -0.3086380522011567 0.15787723949068116
422 1.9043634688883082 19.19166463424362 -16.715307125094995 0.05042246393806091 0.9783130855550706 -0.12702705989613375 0.15564449176336498
423 1.4534914299000992 19.7520392204121 -17.408620915376737 0.08422452432064367 0.9625357085613495 -0.19026159296700387 0.17387284287351865
424 0.5424838117217368 19.756102857772497 -17.827463203982852 0.023827022049226203 0.9680437493690472 -0.22267938438130447 0.11286037435408919
425 -0.5850884293790188 19.728490265062838 -17.635225655025454 -0.011707268569870664 0.9812959809309331 -0.13245012771392264 0.13920524896711328
426 -0.9271021535521078 19.551788971366037 -17.2042501120447 -0.11837097683985677 -0.579812166655668 0.7964697485606235 -0.12426625796174677
427 -1.9609161687383079 19.410006450696173 -17.458659031650384 -0.15420615046370043 -0.4918330037801011 0.8523864308092428 -0.0880802595596124
428 -1.9363641577853574 19.45569737767411 -17.467671602751075 0.45382037112487483 0.3020456303293662 -0.4635355759177695 0.6985343784020935
429 -1.5304286810205772 19.159816208494814 -18.263208587755166 0.5876922612315219 0.2742772399571061 -0.5544857863704346 0.5214741742821495
430 -0.570441853950757 19.09477186519446 -19.9634387117411 0.46251458562781583 0.1807714345025215 -0.6239085337343785 0.6034402108600695
431 -0.2643037021093799 18.88423025891337 -21.26950604307431 -0.23424431145663532 0.4299254897342245 0.8689702456391087 -0.07200269453916437
432 -1.1324890634062887 18.313400011808813 -21.183486489259092 0.1881321310315446 0.8147014551501147 0.43833956826033615 0.32973665726933804
433 -1.0520509866779646 17.447383974345467 -21.666687993313996 0.6337470229736648 0.5183439596081683 -0.26729419646284613 0.5081712929190557
434 -0.5837383938436611 18.48749814433277 -22.775863763315023 0.510628234959399 0.37610019561497393 -0.5097186963074599 0.5813727712537349
435 -0.5240707982604018 18.47045638610908 -23.781661283746452 0.5123152791058185 0.38420977713039856 -0.47837769485328663 0.6008915734298409
436 -0.36935418832309086 18.137720038189357 -24.71628073804156 0.5247211526399849 0.3910327511185597 -0.5214679463731442 0.5475694297805429
437 -0.16594316640243267 18.001926183728862 -25.736881172474977 0.4895464960151882 0.33865654199371564 -0.5574695172806049 0.5786913789810911
438 0.02595122648269177 17.62933817608226 -26.570759749092314 0.5217830022363303 0.4261957550051859 -0.4274408093511696 0.6028217244708562
439 0.2836836151359221 17.47773378802707 -27.435328223268968 0.6447169574623528 0.3126565027124946 -0.36846813061196226 0.592298229606846
440 0.7898923586744524 17.387445851533524 -28.179898346525455 0.6663539142319994 0.45231226885995734 -0.20523090915287245 0.5561172055913512
441 1.2734557965883928 17.708995149431253 -28.892570527968612 0.6892722593455429 0.558838972380217 -0.08935693225411932 0.45234731579157633
442 1.9640982078417446 17.99886516591239 -30.102418484807288 0.749811269662142 0.5325762040848333 0.24816182739446166 0.30423897540334466
443 1.713761501003746 17.20206731965728 -30.528497724273535 0.7330370254868449 -0.12887972968785696 0.5884646656706413 -0.3158418461795775
444 2.1662569676325103 16.976016350531733 -29.61710105217778 -0.5106353457500801 0.09529122640386531 -0.433175469044649 0.7365664524393521
445 2.8358883444372482 16.324190066044373 -29.207288621798018 -0.18791883792614086 0.0019397272670313153 -0.33107837135714263 0.9246998755434762
446 2.868051297772535 16.4975107780361 -29.212229351114523 0.7122649663049494 -0.1630370012099656 -0.15551354567972778 0.6647654406790333
447 3.0233054628118508 16.572143879638446 -29.356732673458488 -0.6430730114625793 0.3001450031810642 0.6584477541258982 -0.25063246812902845
448 3.069942714386536 16.70974249834247 -29.40382216695376 0.5331130116773942 -0.5584297041379656 -0.24107013062184052 0.5880748034379738
449 3.0863104699562007 17.33430216338281 -29.04919825362015 -0.13818290807322436 -0.8016623176985102 0.07704954431617277 0.5764602154696787
450 2.7031488916578557 17.237733205238854 -28.56952068593209 -0.09062819142180172 -0.7701220552491105 0.059978192738779586 0.6285707337557871
451 2.6568808358761418 16.18412318091844 -29.370156842757236 0.325794786468002 -0.5452151695072955 0.5840953912491289 0.5054015729802614
452 2.262572992831238 16.755433246235693 -28.449754032561096 0.07119282816036639 -0.658944465863359 0.5337684190701738 0.525180965886907
453 2.222630023342485 17.544515589693177 -27.10243445303148 0.11112652940772111 -0.5927903589357664 0.4581903739644182 0.6529257737453376
454 1.878594304485413 17.636928065489652 -25.918519549666133 -0.04762869453081597 -0.8477441566455309 -0.030259573081877128 0.5273952128788709
455 1.243834676253635 17.496983336533376 -24.616696824077557 0.5235557387409527 0.6393818199429637 0.2801425821860576 -0.48846740976647285
456 1.2158938723291688 17.900708559819396 -23.823502685867947 0.6588338953433455 0.2668091691200552 0.6022387604332978 -0.3633995611609136
457 1.5103141018886426 18.036622307659687 -23.04137859316991 0.7350757412317852 -0.21054307711108408 0.6254236325263127 -0.1555009556585744
458 1.5783714345759394 18.0960397334718 -22.03845259836257 0.6319443158314301 -0.17153517085763623 0.7538903449488201 -0.053585582390568966
459 1.258073492841393 18.216318897137032 -21.016751889028804 0.5581039508413319 -0.2550082357411273 0.7885008000183059 0.04191978208417989
460 1.0018836514577258 18.5824249660542 -21.000137375834075 0.533140263799871 0.15956165999580038 0.24735282421348292 0.7931696641503648
461 1.7278658596715593 19.086203806743917 -20.65284760418303 0.5651079791699822 -0.05032268363944752 0.1421475645700529 0.8111193927385445
462 1.5767913995232035 19.08597793078092 -20.271386474761336 0.2970353896044581 -0.540250541371032 0.5896695096577593 0.5217175473863362
463 1.4391115035796735 19.24836621187234 -19.4808965920792 0.45799889316424014 -0.5509290783749481 0.5971028543179442 0.36080790710102956
464 1.4540301863737328 19.208235966871644 -19.037709519683045 0.3762998426558247 -0.5244542009436786 0.5647002895034748 0.5142565532537434
465 1.3114530909547635 19.453266532146895 -18.115893975328806 -0.3859917879580912 0.5692269553964407 -0.5365376032036352 -0.4889973550312038
466 1.429873474602347 19.502554107415353 -18.44104659369288 -0.650079325831804 0.749883260085136 -0.12276778181392269 -0.00019523996684693446
467 1.2468387600542514 18.132697099074605 -18.222614099688272 -0.6927850246613116 0.7115189793843077 -0.008259426609537017 0.11713852249802324
468 1.2814548758416175 17.054476979166022 -18.3336177924787 -0.6798825870324312 0.7053922787408952 -0.08787109637458934 0.18016678762952357
469 1.2982831047501704 16.35236767480039 -18.2387156745729 -0.6754406656231375 0.7163373204417103 -0.12524692936613624 0.1222863739315151
470 1.3505701306113935 15.309273438168969 -18.404895435617153 -0.6736909591296283 0.7124535229189137 -0.09189163003459587 0.17351195231745528
471 1.3181623472154063 15.218421961610922 -18.559784676276983 -0.35245406170535226 0.3914937655565988 -0.5545074608729619 0.6442284080618733
472 1.3016053120113122 14.005523503466133 -18.56038075592742 0.31762295506795457 -0.06891195771025425 0.8472524861672895 -0.4201547633691499
473 0.8392135899378603 12.93896388827354 -17.903984679071137 0.3131181970586186 0.3064398930417303 0.8640221873291287 -0.2480267050668545
474 0.0882802460026395 12.607742638951795 -17.19627321595994 0.2191681774768547 0.4556862295718867 0.8449175908878757 -0.1744409205669926
475 -0.7314116217896267 12.49460185737256 -16.93515376335309 0.2891736656234241 0.6866436211007577 0.6664212791132956 0.027960820026433148
476 -1.5077069609228635 13.045912672248203 -16.71405369190554 0.29847292898176225 0.9034027773131764 0.28714536678866104 0.11101743529595949
477 -1.2360672081335968 13.415769738567956 -16.8919200366761 -0.5953301640994411 0.793243166992709 -0.10817601360474961 0.06815587878750223
478 -1.465396226207818 12.429485909152133 -16.910070631770044 -0.6815030080036965 0.6869330520535253 -0.24842875903599254 0.04426944501775211
479 -1.544961553298478 11.847353172670555 -16.623368002201378 0.7365074463888565 -0.41677302457133375 0.5062226329128912 0.16611945500202455
480 -1.3119470284866859 11.516925716388245 -15.587884283397605 0.7128794792828275 -0.20651989162311382 0.637935354981003 0.20540415099672207
481 -1.172147836261173 11.567008434244228 -14.43968597953435 0.7550798649992636 -0.11707891284922076 0.6237171791269026 0.1646930663407479
482 -0.8762704394816234 11.662118446424845 -13.241689384742948 0.7309910833530578 -0.0325143416112595 0.6749452077894914 0.09509900172930195
483 -0.7679090459998876 11.845476289713506 -11.974027448233945 0.6424345602362517 0.014935815966860735 0.7584899758739928 0.10838687058001
484 -0.858472219538517 12.029418920430215 -10.993023194593972 0.6627892981546849 0.04743728815125717 0.736918249492199 0.12414323787395073
485 -0.9348616051984266 11.993064384220066 -10.876006884207346 0.38578206325711695 -0.4976486780182081 0.5047346984803894 0.5905597997542013
486 -0.9717507448833336 12.186854353122111 -9.788849211741336 0.3702968120017658 -0.39431584755892557 0.6555769403870725 0.5268910310661389
487 -0.9703680754726052 12.159948342670361 -9.772480991493556 -0.17577579785527997 -0.7084316816527831 0.2784171427146902 0.6242686248415312
488 -0.9993787064348487 12.11076084538871 -9.747919294131918 0.45576788624360215 -0.6032953889316315 -0.33612341929425127 0.5615437245351504
489 -1.028210790812355 12.0648071406618 -9.68979897472331 -0.15106834971600172 -0.7554536784494259 0.1898884412463775 0.608613566487253
490 -1.252029346801396 12.509739486251629 -8.755194555030231 -0.14889864174857967 -0.7676888644672474 0.11895564328210576 0.611827227891795
491 -1.3709927544653664 12.509797234928419 -8.809222575946407 0.4773775489504643 -0.6232675199966368 -0.3309093198010286 0.5235907718286344
492 -1.449350626629652 11.461898101146847 -8.388424884625312 0.2814692302233637 -0.6913802459171475 -0.4013618497731041 0.5307326007884975
493 -1.8501787446920652 10.673525765980596 -7.898269143147955 -0.39958142429222937 0.6984045812496378 0.36959948249769203 -0.46471706315515177
494 -2.159979858008816 9.739190167609179 -7.5207334581673715 0.44397924384337856 -0.6875885203992506 -0.2546661725632947 0.5150238811971667
495 -2.16558428961128 9.662720022665596 -7.620674868885324 0.5390546717570239 -0.1382816223476775 0.13284397832091738 0.820152870629429
496 -1.2334869057547528 9.751179294438487 -7.229619744659746 0.5729266003261801 -0.14968898710122297 -0.01469825186490148 0.8056874574991295
497 -0.05002919107353199 9.728330214399843 -6.875092268632898 0.6659677085916754 -0.22059471839711137 -0.07261163637966331 0.7089093958967677
498 1.0245601859659412 9.333883959954274 -6.8225331681739 0.6994511213755731 -0.08762350011843353 -0.03302982047717002 0.7085190766610973
499 2.0272340590128186 9.148234870491926 -6.857211439290268 0.5966793889800432 -0.029444367964493307 0.08518052845775446 0.7974026671219702
