# time x y z qx qy qz qw
0 -1.847337762102518 -0.5026750498092165 11.05509425023581 -0.0004110305396269351 -0.0010114815997539636 0.7073997612361715 0.7068128364439036
1 -1.8263548963016598 0.44388261892859115 11.01632313029136 -0.05286632789563202 0.034490849630322826 0.7499015460976642 0.6585310955656861
2 -1.9394620072117477 1.4259150087530736 10.931577123408776 0.02941179949317517 0.042930953498549834 0.7996944144421285 0.5981477432811563
3 -1.9703586772472175 1.3645317162825312 10.98308033989115 0.06205374245357237 0.0524432866644334 0.08606208602760253 0.9929714759649017
4 -1.032991988765444 1.5876728884559799 10.903158222438101 -0.017805366268533553 -0.032644568918203574 0.014832896380570866 0.9991983217745871
5 -1.0368201561176207 1.535332048775569 10.856862005541373 -0.010821274416714047 -0.6547514365008757 0.14565588459339937 0.7415981524406275
6 -0.9203646171514204 1.7194420625287188 11.820790487483336 -0.003450591144897976 -0.5775687151745617 0.10718711756038247 0.8092671959874894
7 -0.9131024259786337 1.7629384782949948 11.781230461770855 0.018902051084614256 0.9938720268869442 -0.07355662504332228 -0.0803151887793837
8 -1.868100949905757 1.7724580646766386 11.891663453217097 -0.04012561310125971 0.9829726349879534 -0.16962364199754462 -0.05815972931140828
9 -1.8333512679071085 1.7889800736349688 11.875514755770173 -0.19104648951882314 0.6854804608762294 -0.09630076800786884 0.6959482298853421
10 -1.8230925986822888 1.3789093278995068 10.926374091992319 -0.17981470154662413 0.6508362552651615 -0.09567982408388943 0.7313851332939411
11 -1.8015840271829557 1.3933636092639463 10.925505347320914 -0.13553093349457979 -0.03237436535386087 0.09406501182036932 0.9857662197931395
12 -0.8620015594823258 1.5444499002160665 10.991326441937694 -0.07730752496643432 0.06934284882170831 0.07438273250065736 0.991807604834017
13 0.1444480890109255 1.656709594817585 10.79440489434756 -0.10393910821460617 -0.01838127658027809 0.01750972444752478 0.9942596240442451
14 1.1826840809599368 1.690855793310444 10.882273912901136 -0.05310546931097744 -0.08068207468847494 -0.018190956716258116 0.9951579276913647
15 2.123444950100293 1.6176269423551954 11.013558785411151 0.0067697557622796 0.0036596984549950263 0.021374853598428348 0.9997419130194469
16 3.1599907235180393 1.6951841387097017 10.995189678704037 -0.07228631713259424 -0.01889365175852983 0.024613369521019092 0.9969011487201002
17 4.114925250956495 1.7093080312650983 11.045552213269765 -0.00527656767425084 -0.014467753789894061 0.016135983909327814 0.9997512050290972
18 4.076605841615337 1.66010184058269 11.075328004118088 0.04326582707860097 -0.07108507461246641 -0.6791185724007056 0.7292961983960785
19 4.049829984870702 1.6869268638224693 11.045817446422515 -0.0762136949254883 -0.06109172663799389 0.9937896164256471 -0.05330545869569541
20 4.096209354512393 1.6856772916560747 11.078979685008832 -0.6884699868174203 -0.00035155456756027196 0.7252321148817804 -0.006879913161318555
21 4.048096194759789 1.6901507723370899 10.08398718247209 0.7174480050062019 -0.038024926121514875 -0.6954700272502451 -0.011996095307122399
22 4.017751092048715 1.6732786273811855 9.057554772717554 0.7112585483678043 -0.020769494110140972 -0.7013956562257161 0.04152154760879782
23 4.058032126329356 1.7100808415465119 9.046997643293478 0.5371939929934532 0.4907652221442651 -0.4945765954265318 -0.47535891900935257
24 4.002706886780316 1.68977182051792 9.036789534748204 -0.014469845474269665 -0.7059603060973373 0.007283667500431846 0.7080661113022197
25 3.9854148619367926 1.7148055191805456 8.98030866532659 -0.4873843176137688 -0.49475266178607546 -0.5088127329391733 0.5087100681122045
26 4.031069609321826 1.7202433753252986 10.021278390615816 -0.5668546402076277 -0.4162885194088197 -0.5027592307204828 0.5026060499126943
27 4.126245616200232 1.6686060227482196 10.955676623949499 -0.5035779403017019 -0.5100007311965346 -0.4771362180601605 0.5085759939632841
28 4.154051373670024 1.6882544035035072 11.998823610433213 -0.4554490798127342 -0.5651734853995463 -0.46112555723161197 0.5104001249675572
29 4.07484498305265 1.7322223802994485 13.03170041103638 0.4984674961486975 0.5310718768635622 0.5002811599050137 -0.46820036088405115
30 3.9824093193159125 1.8461047724978132 14.056082038301716 -0.4282788866030686 -0.5196821952632408 -0.5096020707869826 0.5355495688225643
31 3.994543739356912 1.8365399523209547 14.046766493530331 -0.6558790195723248 0.005629861109601527 0.06867241464980992 0.7517147835548382
32 4.937747134117252 1.8961298894211696 13.89331798577858 -0.5879384637647679 0.042752850364686734 0.04042918948634291 0.8067626895494715
33 5.87501918471875 1.9653025952304997 13.747358816592646 -0.6460766784484511 0.035198564444342634 0.13324778603164183 0.7507269904191136
34 5.88493543549357 1.9479279965312837 13.793375109158445 -0.3563697665274259 -0.48939292576550525 0.4868378979644241 0.6296697664819615
35 5.982568198202654 2.866351222661427 14.033962345241873 -0.4193215650595243 -0.48737232351856724 0.4698182377468176 0.6049036839238284
36 6.01568874908102 3.805887407491899 14.227829556670157 -0.4271934832718449 -0.4143410146057429 0.5140529668850614 0.6177190289299958
37 6.06195246366081 3.7952813424791776 14.219539975185722 -0.7145479825807087 0.08223428918627018 0.07565878882895284 0.6906044091553459
38 7.094021406635921 3.8026075732550693 13.99895987591721 -0.7054207329500298 -0.02790915971523741 0.019782803106966035 0.7079627878846905
39 8.050400233518028 3.8407773707230173 14.060825132698094 -0.7004659165745835 0.02540449191818266 -0.028948318842228617 0.7126458491732877
40 9.09120408237005 3.7662097835991344 14.090166834721671 -0.715950476556703 0.04039534362359807 0.011722499529259028 0.6968828555335167
41 10.144725494179815 3.72719042690966 14.01110947260705 -0.7178111397988578 0.03635591531279135 0.1270855244357969 0.6835749296758273
42 10.117070153788216 3.7010425341169273 14.01973271011706 0.999765068522342 -0.010087304831798946 -0.018398829310738263 -0.005434806688507527
43 11.10450026146669 3.6677397503349476 13.983731686739516 0.9989613482338695 0.03662220513390142 -0.0010186709490746532 -0.027092455322427534
44 12.065565234953326 3.786916566240295 14.007204648977973 0.9965945626610494 0.011095200760161721 0.07930676478998178 0.019662432531857916
45 13.006314152464116 3.8416352877756172 14.207684272111884 0.999497488647341 -0.016770070247507284 0.01252031122739246 0.023807073283409867
46 12.975608278352324 3.855677890403777 14.250516237430471 -0.7196274701192171 0.011998131233637337 0.007930046389600301 0.69421139681006
47 12.962487552156713 3.8110143465784208 14.228226933789339 0.5296498317833193 0.4605971499124854 0.5163468482678075 -0.4906192550932943
48 12.983533976815758 3.7839224719057425 14.172221508597016 0.0459196558438891 -0.013373038834236938 -0.699673175863704 0.7128604309514696
49 12.991352060010524 2.793667345726196 14.131428627948393 0.022491041712035875 -0.005481014051053771 -0.7052898570799407 0.7085409861312446
50 12.958249406263986 1.8125787334933585 14.152339002544359 -0.0053825935095399725 -0.009804598656640245 -0.7072990781794837 0.7068259414726835
51 12.94492588409126 0.8529361149166313 14.185212625429154 -0.009477205054850772 0.0005981135409955687 -0.7107929574900714 0.7033371854431261
52 12.952401017123897 0.9060119786641798 14.194089248437574 0.002713095505114928 -0.05319802398568841 0.9967671920392718 -0.060147936215167105
53 12.015453394938286 0.7534381420087021 14.15486526271656 -0.05844099467575622 -0.12708112737354396 0.9840891604540062 -0.10956076616976743
54 11.106718846187361 0.5375972493616176 13.964982916700171 -0.01569959675632023 -0.020624025810211687 0.9992681967433682 -0.028129045457071747
55 10.151556303431486 0.49845622217658886 13.946417442754193 -0.10483640688108996 -0.05784608258668856 0.9920363369420039 0.039077675318875155
56 9.177655368003686 0.5452528509513042 13.714282351188785 0.005922614923015769 -0.0941050849059266 0.9955446496800496 7.82352166348269e-05
57 8.19480430584272 0.49779820108849254 13.765888994492059 -0.012371072879006344 0.01091671645709257 0.9987355279727694 -0.04748817771373391
58 7.248051937414111 0.39646187737682154 13.709979197777049 0.06492721163260991 -0.07290021570930849 0.9867171283097435 -0.12984346128829047
59 6.236209191742554 0.1363266202626721 13.7774669618563 0.061310142899830014 -0.16056145408348482 0.9786717869327599 -0.11252830444842736
60 5.223763616922744 -0.057369755204978834 13.866256924417188 -0.013090061108244943 -0.25035947313375895 0.9680197450012353 -0.009303644453235236
61 4.246802776286974 -0.08808332421778979 13.880472152790716 0.0888191840516961 -0.2809843362197914 0.9533450859835066 0.06551413873824974
62 3.264924457792741 -0.04030667734644031 14.060915379204358 -0.024897254205126073 -0.3104880685222481 0.9500536130691632 0.019375715021587896
63 2.232380498237797 0.07833120439863427 14.018546920606886 0.005248744455476464 -0.22862202466395717 0.9688443973069507 0.09510496478694189
64 1.221556242002654 0.3121268122844694 14.090121968783341 0.030089972267788433 -0.14162990715876358 0.9724869851451137 0.18249555252249605
65 0.2551966027374693 0.6417811697826459 14.236254197674532 0.08205456317579772 -0.21727190207489405 0.9692588193329785 0.08122382886830289
66 0.21847048507574449 0.5890842816187457 14.279373770591848 -0.14541031266491236 0.7937699137013633 -0.5835698698167568 -0.09072690954328932
67 -0.6635771398978535 0.48775222284526143 14.635239852576555 -0.06742380299043782 0.7467576346863086 -0.6585490834566053 -0.06418855432615199
68 -0.6710500449333299 0.5033469451624968 14.59668327382447 -0.5017877689708503 0.5171460028747212 -0.49179587506124506 -0.48877997493217706
69 -0.7159581802010647 0.443927630613831 15.607828004161655 0.44567749188478883 -0.5036621249549169 0.5841054665534279 0.4544412404872428
70 -0.8557665054446291 0.504032624049265 16.54760184766334 0.39309821525468663 -0.4633633250962654 0.6763590604340394 0.41630114519191075
71 -0.8101442163594647 0.5418770057302899 16.55346748685243 -0.07318189016123501 -0.6441470407915141 0.7569051963380817 -0.08254407639785245
72 -1.74291995618778 0.5361662130406654 16.319279293577306 -0.09657120330693932 -0.6464490276500814 0.7559979054736573 0.0352820671383814
73 -1.7904911090320055 0.5796545788883607 16.34883878098413 0.581267686839787 0.4437063945460979 -0.5323800752729959 -0.42640821653334143
74 -1.8049425175349019 1.604818944249278 16.142379604644542 -0.5307605935068317 -0.5085517830984498 0.5354823465782813 0.41584484220762047
75 -1.8717647442383045 2.560620366830383 15.978445396328954 -0.49983423520177667 -0.4841226289154763 0.5127633716849413 0.5028565820892812
76 -1.838578169327967 3.558438848779426 15.900955773704483 -0.3836412394689737 -0.580899274282551 0.5019188596841578 0.5132766221152768
77 -1.8867944613189733 3.5678776674750075 15.953681119718746 -0.6955856530003067 -0.05226915353501646 0.7160571673256811 0.026280564118594456
78 -1.9070334971780343 3.710414179422067 14.960710632329057 -0.6926572956757171 -0.049704220098176134 0.7195322506065098 0.005357386374441877
79 -1.9510652758809652 3.7923930887433497 14.01684469512977 -0.6659924824039788 -0.024737719448840862 0.7432314619145942 -0.05872863558904886
80 -2.056077645223506 3.741713234766644 12.981882146158966 0.7128035319227166 0.007821556989221407 -0.7011170648856857 0.01687629849363621
81 -2.0153414934979827 3.7110210283382594 11.929743472002857 -0.6599709293440583 -0.03407553038347027 0.7500586191202354 0.026254495486883564
82 -2.1559547045848233 3.8045357424683974 10.978846251244049 -0.6365399863621537 -0.027274042154261116 0.7707574493102852 -0.002434485436358014
83 -2.1100246506725027 3.8589258066767527 10.923860594796594 0.9979714030454025 -0.02442046197983077 -0.044517593516730763 -0.03840447379878633
84 -1.1044805425181345 3.845642044876248 10.785309970574605 0.9877118004865477 -0.1057272599904843 0.010847273015119677 -0.11458395325115132
85 -1.1612819456881667 3.80787131575651 10.800607723270955 0.7119405144663711 0.7006657534637762 0.04323593649175103 -0.018408138962944215
86 -1.0952699156444916 4.860768097706551 10.867588621209466 0.7016761575808356 0.7057140341547505 0.08165151538001403 -0.05432588624007246
87 -1.0587045944022664 5.7989283987255265 11.007939277774547 0.7579310786325661 0.6452296057278355 0.09233854081077678 0.026321660588063046
88 -0.8828939685979378 6.825570265941603 11.09077060673512 0.7054886169691671 0.7084594696560954 0.015124241495694827 0.011926797588457893
89 -0.9400058513889894 6.789553043004927 11.109586374108817 0.4728441317249811 0.5447310352133461 -0.5050604948177619 -0.47392027066066955
90 -1.097883786924838 7.787709024640416 11.100075184129453 -0.49471862574401526 -0.49070014510366583 0.5354388119668199 0.4772547826651449
91 -1.0548828022586423 7.78323128611082 11.140156334994655 -0.050255499326715296 0.7326980923003993 -0.6732822423759917 0.08555064247528726
92 -2.0161906520626487 7.578450915459995 11.137835316734048 0.019174132737746923 -0.7038875056657206 0.7098249678615313 -0.01797907121687997
93 -3.0462270256955186 7.469051705913844 11.121526403091128 0.04464191894396845 -0.6780140637560258 0.7318561299483939 0.05187131653427933
94 -3.100393411015805 7.516276334458712 11.13577315874604 0.014665480440326213 0.9940926164785141 -0.10720969852599953 -0.00841867497415387
95 -4.053842606884232 7.5301614482347405 11.144127966955192 -0.013543540761288945 0.9966527069822696 -0.07029644023395434 0.03947612771024761
96 -5.034602618483756 7.5393598576774306 11.01448068214607 -0.019223079530565207 0.9990234883866119 -0.034498263312845265 -0.0198094092189603
97 -5.063630243566324 7.573521631532426 10.980712580736322 0.005343304761820786 -0.7011796412683199 0.7129061808086165 0.00912891723725673
98 -6.109860193511394 7.622028141185146 10.944316927373041 0.04535842615445097 0.7197474556953348 -0.689277718908114 0.069299635018595
99 -6.113017782395693 7.619126846153863 10.912088852774367 0.5701358120553738 0.4583377412235055 -0.5040915871463437 0.4590896890046373
100 -6.017267523672372 7.718087750105072 9.885032571620405 0.5011788307123216 0.49618792632910597 -0.5000290009047074 0.5025816547241779
101 -5.976293083816058 7.7602149569166805 8.928864485840464 0.5695380664139235 0.45387102729828493 -0.5022306230690416 0.4662530243723584
102 -5.9347271137660975 7.851507094547413 7.876365370420208 0.46465379863865713 0.48181677712836385 -0.549473383050828 0.5000284411980784
103 -6.04599243680454 7.7619995455075035 6.927054065783026 -0.50048582723881 -0.4697498997549348 0.5291715110623603 -0.4988250999030533
104 -5.993024167972036 7.754728854043014 5.972121565251123 0.5086200046093406 0.4830017050907624 -0.49668162345490346 0.5111970351173907
105 -5.89430856024864 7.749661040014371 5.012007023423107 0.4861267433957469 0.4494209099498418 -0.5196888045231524 0.5400233157083123
106 -5.907915357542041 7.704402148328474 4.984237877493237 0.6875075051731538 0.02373257601932627 -0.05139247713218176 0.72396754655184
107 -4.959952687063973 7.627672751549617 4.865475801715769 0.691590391795106 -0.05807157467925275 -0.01729186889614374 0.71974399161163
108 -5.0018060064165635 7.635900695570867 4.866120482614347 -0.00020827758358674882 -0.0015325171922026361 0.018275945662248706 0.9998317847626441
109 -3.963833278614309 7.72064491217604 4.88116209819896 0.006748558984129498 -0.031969451380140686 0.003755079426069186 0.9994590089186222
110 -3.014094307072622 7.70205611999032 4.962493735880946 0.022864149897826244 0.009479966222588121 -0.016301934569981146 0.999560707420587
111 -1.9620431003145637 7.681523779295705 4.9425307884992025 -0.041346101676513695 -0.024450394298522072 0.04061983458604255 0.9980193921628
112 -2.0093347226282763 7.689851741903788 4.932801374119373 0.7019581787149833 0.0381224715861119 -0.014870497275046059 0.7110416730446271
113 -1.000519324703901 7.76343808439097 4.85002862766536 0.6908135075235676 0.034582837489965684 -0.020260325918850224 0.7219212175631011
114 -1.0436166426125373 7.71661766996564 4.865571770384484 0.4809756385139112 -0.4800393583123802 -0.5074922721966605 0.5297888667080912
115 -1.0390106498161724 6.674481970718573 4.938856942917667 0.4615537483503294 -0.5416332070981948 -0.44724219593092934 0.5418265631465152
116 -0.9919603394760614 5.675578316933364 5.06299810960254 0.46934553500704645 -0.5136263284278939 -0.508337085769702 0.5074408051643069
117 -1.0385471509863047 4.72778474374813 5.110134394615449 0.5152284859924742 -0.4876048065330197 -0.5012975622963411 0.4954613142350726
118 -0.9946437752949512 4.762110005533091 5.059262051979111 0.01860384654147159 -0.7017001335069597 -0.014176146575608154 0.7120883768174026
119 -1.0345061676751677 4.749000446163673 5.098721381740866 -0.04160421377820854 0.9976976095843227 0.029380966988034156 0.04478088883076872
120 -1.0448390987079077 4.79837572262241 5.03906864248308 0.0036538505151412584 0.7445040307436349 -0.667605579604532 -0.0017854029770964553
121 -1.9887315917786819 4.788171885323431 5.023944916419445 0.07544724796876133 0.7295228472532665 -0.6796163500582693 -0.01502480758291064
122 -2.0000910107127745 4.742017991004919 4.961983030653969 -0.526746595686554 -0.5321925893804684 0.5519215742633192 -0.3670036070719706
123 -2.0382391154163866 4.772870346791494 4.921679209795694 -0.6945614666098433 0.0005491500396301568 0.7178347588975764 0.047930433478904515
124 -2.0818329764563708 4.819934698115664 4.861172958884015 -0.024791673287523363 0.05489555852956488 0.9977702410746774 0.02874711490066269
125 -3.0190253706095085 4.884319943539257 4.826268911964978 0.007512572393924027 0.052888354568240974 0.9984796185085599 -0.0135953900308367
126 -4.024295119654298 4.900738171772918 4.8818848428740385 0.07667090889191445 0.058612459579098275 0.9952762538776204 0.01055129276944673
127 -5.052913144804678 4.9439900485717 4.976921021599678 0.021770368061036986 0.10711799636508011 0.9940059923805284 -0.0019680042729509316
128 -5.059905297327323 4.929590946513796 4.972378503527142 0.7062754330104828 -0.0956642757116224 -0.700238375667758 0.04110445621347391
129 -5.103684155957042 4.695763649008569 4.009362609474365 0.7568293165516181 -0.05561618159952496 -0.6511839553672042 -0.008699553127729588
130 -4.989311878814358 4.676465781690877 2.9939133579131343 0.7444816143822042 -0.04424055975292216 -0.66615189101905 -0.005617544958312319
131 -4.840516634338961 4.645902216997649 2.0504427081565244 0.7100177070341537 0.016540845159234468 -0.7021491985570069 0.05087002167420295
132 -4.876837986838281 4.65031612953352 0.9946798536220469 0.7193753834312082 0.0171435082493193 -0.6941626901920657 -0.018528825743195563
133 -4.867756624942475 4.687676236790858 -0.055602786211705814 -0.7007357680267687 0.060511291957946724 0.7082678093991861 -0.0605349248152902
134 -4.8661461697468225 4.522700802073727 -1.0964280607401142 -0.697513554221092 -0.01058291925255325 0.7164822146183547 -0.004009941836465586
135 -4.842558250620947 4.502939593957209 -1.1263338096785724 0.9973195126350445 0.0325452193574682 0.0010859750977827937 0.06552418692710756
136 -3.891841987552069 4.516310263864374 -1.0768722248523586 0.9953108032809904 0.0011309521205341874 0.083032241934445 0.0496061752082385
137 -3.8684338596039027 4.5667639244323 -1.0304343152688953 0.6843636677944164 -0.05085228513751322 0.01964557134848744 0.7271000390769199
138 -3.856175450273646 4.521817768012204 -1.071465816264663 0.5133195859685773 0.5286144261023228 -0.43496693742091025 0.5175650244444973
139 -3.8155147998667043 4.530912841094303 -1.040622877657906 0.716903885823477 0.015920296251778723 -0.6932557116643553 -0.07205470771020574
140 -3.75229876904991 4.660013452645962 -2.020006048716279 -0.6694937976440815 -0.031033660113643943 0.7411419464482183 -0.03903308943707713
141 -3.9037575524981363 4.693069576937551 -2.9542062266357365 -0.6350117953689516 -0.06450044718967989 0.7697433319562366 0.009742431089981973
142 -3.8737450574755674 4.675262238912537 -2.9396103315740056 -0.5356236908380998 -0.4712286973141653 0.48342440958221505 0.5072983509342921
143 -3.816617241788212 5.628340114718244 -3.007162636023567 -0.4661844049837205 -0.5386738548596014 0.48003081686689414 0.5119306530173537
144 -3.908249920341943 6.63630578528019 -2.901505700150966 -0.5081055944845541 -0.4473364016296696 0.5144793760871342 0.5263362235411034
145 -3.8830542949101847 7.626301977514533 -2.9059941321410228 -0.4291406332603 -0.47271685041244893 0.47935111740137065 0.6021624386053482
146 -3.80027105098026 8.58382052605351 -2.7850990197992607 -0.47912393072806325 -0.5154298495363576 0.49531877052348033 0.5093443283062317
147 -3.8704282206041665 9.609545724519416 -2.790231662277543 0.5326865853673773 0.5398936650378642 -0.4971391161847761 -0.4214410176770245
148 -3.953417199653388 10.602351848994886 -2.9123904811793895 0.5560065932641153 0.48142773347110923 -0.48879771708614655 -0.469212955344452
149 -3.9003741085063997 10.616436093566278 -2.953582774981518 0.6887074152033942 0.7132540637634059 0.00887501841053037 0.12989215071381172
150 -3.9059999912767696 11.623262870067254 -3.072867211084598 0.7067703696663603 0.7074260497313528 0.0006782314122297489 0.004854763158114879
151 -3.8869162177704486 11.662596355404336 -3.0856057816530815 0.4858849816907236 0.5294036968665086 -0.4839672916193955 -0.4994228378379048
152 -3.8853504422988636 12.65621518986533 -2.982987868934286 -0.5102813807179678 -0.48433317825968547 0.5673246262122802 0.4279918847624716
153 -3.98387691034699 13.601899945468885 -3.0990407256437655 0.49155083160515944 0.5188676588279979 -0.5094780225833802 -0.4791516222190606
154 -4.003319062264719 14.63217198373056 -3.108102144944932 -0.4967833910335902 -0.4989578205844636 0.5077634954578109 0.49641070531489856
155 -4.0186343539155756 14.69615667537488 -3.1521109175787516 0.058750646803820195 -0.03551172853066203 0.7038357217120736 0.7070378741474476
156 -4.02468179436371 15.7294481505767 -2.979030159565877 0.01490675530296007 -0.031539362234464415 0.7219239465367232 0.691092521080227
157 -4.087266346780556 16.70578516606211 -2.930991999625389 -0.05743429775935028 -0.009870481301723766 0.717442774859122 0.6941755828622939
158 -4.0856566352614445 17.703398482299093 -3.0173110547048116 -0.08240204612936096 0.043687915215832936 0.6413482678616004 0.761560022695988
159 -3.955668767233597 18.699759880972916 -3.146261999274442 -0.06790269996511854 -0.04996194053150434 0.6961351135903293 0.7129438487443122
160 -3.874333387385165 19.691895730154837 -3.1995913710786583 -0.05668411388256351 -0.06111922212630689 0.7190951655879502 0.6898938286055776
161 -3.91524442614389 20.644906948241257 -3.2373947230960596 0.01782444007276743 -0.010624485615849336 0.6940079817732312 0.7196682088827724
162 -3.9050598793610036 20.619069704751258 -3.2835892425709967 0.49378798385598444 -0.5022323207597355 0.5023862291435657 0.5015418225339152
163 -3.911154133267653 20.606521673393072 -2.3314525621193725 0.4903901627880788 -0.4990817367138461 0.5080646222981782 0.5022999580812066
164 -3.966229443627826 20.604552489985792 -2.3062855904206585 0.7115355444377224 0.008015293102510698 0.057478500098370085 0.7002493456652682
165 -2.930564049449668 20.70883346371316 -2.213066362720958 0.6979726941255948 -0.004597064932942396 0.0005424086635842052 0.7161094127589044
166 -1.9440078683408275 20.706602612190228 -2.151069651442882 0.7295481440107375 0.0698238285272946 0.0050198021817220604 0.6803373722840278
167 -1.9155329867176232 20.693008400988457 -2.0992870189192754 0.5121444501889122 0.4887449955344829 -0.4693010699408481 0.5278190004471905
168 -1.9277885748379304 20.714378781179175 -2.0509345691947956 0.010365059608737147 0.6367175024279109 0.09379153386387579 0.7653015979447135
169 -1.9424044624494183 20.72981493354354 -2.0272533711385745 -0.43233628496986465 0.40422640392979453 -0.5785001809236201 0.5612698920624394
170 -1.9656150559288788 19.77675012807462 -2.0055762633340417 -0.4205648310273305 0.3499129902988281 -0.6472368796680052 0.530820632342705
171 -1.9583213747096357 19.833511063213944 -1.9671257523825385 -0.015153974490001079 -0.12418384501516357 -0.6683224292613058 0.7332761145985004
172 -1.9393464352107186 19.799721584273676 -1.901538525133901 -0.566174875181702 0.36490957645636457 -0.4808602809486705 0.5613024157523159
173 -1.9564633330137402 19.85276227009483 -1.8787002827351424 -0.1181414776860322 0.6039022566765804 0.06137766812054966 0.785860953023611
174 -1.678876785259656 19.81560346415612 -2.793301796236994 -0.20972945933551543 0.5054191580814678 0.0924699635664158 0.8318739894774198
175 -1.2463325131546448 19.719010479900806 -3.6726945332752385 -0.22172763029644574 0.5255514206989478 0.14194535384616858 0.8090019027702756
176 -1.2959471608077637 19.696816662218115 -3.6749767675703517 -0.17864818352568135 0.9642995623344226 -0.03701443937741228 0.19194038627186116
177 -1.3065487464479588 19.743111596547458 -3.6960735988986673 0.6298297666031705 0.7530807232648716 0.07302882757000372 0.17564361557199987
178 -1.4156181232774003 20.706713346126325 -3.804551201942979 0.6152903748760382 0.7779630429105099 0.0298193515252794 0.12370151464285457
179 -1.668554225310746 21.632993751705204 -4.001339372922376 0.6226724829961346 0.7778323190030649 -0.016563164734274084 0.08355551452613891
180 -1.8707266397569446 22.610490676089476 -4.112449621715982 0.7299543878482444 0.6834026813565708 -0.010324256791444249 0.004558124334455377
181 -1.8828289901456479 22.677277313479724 -4.143494542838576 0.49417386066086183 0.4285549022275969 0.5354226266138623 0.5342803591057291
182 -1.8167684912738875 23.648766498256215 -4.016843722044476 0.46595142634255676 0.5369616295687539 0.4928691003917301 0.501638840740281
183 -1.8268613148585162 24.631316039311436 -4.136320850258296 0.5085129402510791 0.49494916239772063 0.5083902700238487 0.4878311691395655
184 -1.8561222200652825 25.61380772160689 -4.152574836933128 0.5072965306407141 0.5054676677245374 0.488679626493073 0.49834214103926916
185 -1.8941048125768631 26.595261446259414 -4.211272835207142 0.46785196857055755 0.5204667799733451 0.4583031888147881 0.5478932866635878
186 -1.8413737956628733 27.568135610478244 -4.394867960036801 0.4695719172103295 0.4974517049912948 0.5346714663365605 0.4961556599034035
187 -1.8711476005708174 27.589019307503133 -4.416118745689554 0.022143008717120327 0.0016790540658550485 0.7184957946966986 0.695176712027638
188 -1.9171958730446463 28.637924258193895 -4.335636809029004 0.055966229210721134 0.03859749703596843 0.6825168930781964 0.727700972291076
189 -1.8993383512444522 29.630230296115734 -4.3195616927119245 0.04170315284697785 -3.828866461339659e-05 0.7421118104772156 0.6689775080874016
190 -1.9487784422814722 30.613702463023607 -4.2948289563202 -0.01486619469030394 0.00887619781166603 0.7179484998920296 0.695880852496045
191 -1.8902540413737814 30.065973354514483 -4.245656174377009 -0.7100123978141383 0.027899230034078598 -0.004522587173590923 0.7036217550068934
192 -1.8689404976965758 30.021352105511248 -4.28038530466055 0.5328353369945017 0.47014546080193415 0.523396731294692 -0.47021868423886
193 -1.9118552926499732 30.03337142678192 -3.2938656316708665 0.5725762264168182 0.45182591988400184 0.4898281046497256 -0.47757536678362045
194 -1.803803978847859 30.033438587555953 -2.2557813558524837 0.5186934466974289 0.4977229969111475 0.49374663147687475 -0.4893293273493493
195 -1.7437287740513403 30.066027796314724 -1.268208597348706 -0.48437797464766524 -0.48405322820769087 -0.5116001712403866 0.5189756398182356
196 -1.756318985790988 30.095890568513564 -1.2350452748747724 0.705629887647321 -0.009844944644275993 0.7083088058726983 0.01697569577284896
197 -1.8032982920571254 30.100573761096825 -1.2315919691907498 0.5308692534474985 0.4770536282658892 0.5568614807033033 -0.42485640257782503
198 -1.8263413636092212 30.146083308509134 -0.2091807743771153 0.45344416310442076 0.5384157758715645 0.5494206923240194 -0.45014858223185356
199 -1.9593403681353307 30.145550090492627 0.8012094478522331 0.47337789932074087 0.556699952266259 0.48102468814533883 -0.4843694632985309
200 -1.9881119550886768 30.174772278406568 1.7801905009063717 0.4978232881735734 0.5053615430831289 0.5001033138331011 -0.4966672528140349
201 -1.9956154958465488 30.222042232835275 1.7744284891724806 0.7066360348397824 0.7074203132053029 0.008497862094275412 0.012239324746372432
202 -2.0314060655915163 31.213890576147858 1.8140682621282154 0.7158068207888153 0.6975165838571908 -0.02919406963931202 0.015456935475656493
203 -2.0852519649839896 30.17471681461658 1.8455895145914418 -0.7121582970959341 0.0014995862134585213 0.01199024708586096 0.7019149130011613
204 -2.0391635450017658 30.174043988554736 1.854123890082559 0.5329630506277752 -0.5198592478394582 0.4740520606437639 -0.470075943758803
205 -2.040659069138085 29.192871847645854 1.882676493903545 -0.46398592268248434 0.4824408917162663 -0.5210327004598596 0.5296156857609141
206 -2.079327246260477 28.245586642031306 1.8092607227190451 0.5318039660783783 -0.46770843663262 0.5076021477515918 -0.49068668166555
207 -2.0466213893053555 27.233561687971488 1.8637292683066091 -0.5200275765632771 0.4099638603450245 -0.49748716709846874 0.5603636956451317
208 -1.858909011058457 26.232766555603696 1.9780877945751925 -0.5087870186046171 0.46657661653776666 -0.49978145796032675 0.5231257256899583
209 -1.7462295872419036 25.2467491264238 1.950908603690923 -0.5046422040794536 0.5064285104141377 -0.49754557291381246 0.49123804064365234
210 -1.802523576487827 25.20418526240336 1.9812625219604925 -0.6857256019154236 0.7180473858129864 -0.07384826877572176 0.09346006528830879
211 -1.8164362757616892 24.15832800685274 2.006221351577509 -0.6916890755568789 0.7123556864605816 -0.11859610612372795 -0.00711071971277843
212 -1.8162590497290088 24.11756847347942 2.0100846015041878 0.9950404214467845 0.020457576423951313 0.09205104691131018 0.03166468089836228
213 -0.859759260642937 24.126403944715697 2.139213813889995 0.997474059632484 0.0034432183467896843 0.06591848474575696 -0.026237339356945236
214 0.09988954543787568 24.08919181229901 2.2591640066512553 0.999704855615659 0.02386878273497647 0.0019064361934386916 -0.00410467663344476
215 1.122167166538751 24.133417165079006 2.3147133733870544 0.9957828131800158 0.04577229367453712 -0.0723583475720173 0.03295080641976483
216 2.1229024008074946 24.178653780003188 2.207570506844047 0.995125279579966 -0.021882882754324928 -0.0837091445998164 0.04732437525865549
217 3.060418779752322 24.168744079174406 2.068604545878933 0.999447457609528 0.0172440118155939 -0.026916853342777568 -0.009105302876777827
218 4.080147810650199 24.202978572476752 2.043400267402856 0.9989509971915117 -0.016907069878793493 -0.006382991872983662 -0.0420750949249951
219 5.070607253856606 24.12486872960141 2.0340670417413436 0.9973241837945468 -0.043948267581440256 -0.058169749960671056 -0.005413167708847581
220 6.074418565465123 24.09030951437138 1.8929263597756045 0.9996580803353142 0.0043193138480484405 -0.0010869968180917242 0.025765954011332772
221 7.033723753887471 24.105247685054476 1.9402474519315238 0.9997186423221247 0.015405015360834263 -0.006490086484132924 0.016828561220981354
222 8.053905236404805 24.110482450360365 1.9215519281024005 0.9977251151163048 -0.02069356466934847 0.06172146191803805 0.017516625991683476
223 9.096743633905886 24.10107922368046 2.0497236720155394 0.9996146165046542 -0.01808593124107541 -0.008103623673711372 -0.01943833441298389
224 10.125245540111791 24.07420095657121 2.052587724142207 0.9969828764889345 0.02446642384279426 0.0033286212964684244 0.07358979801888045
225 11.093262404456324 24.16985970526629 1.9973432287038368 0.9999201771294293 -0.006709949109672106 0.008101739223801526 0.006998412244622161
226 12.119943555896548 24.102964131131692 2.0589278376960474 0.9994652970761919 -0.021324075309425452 -0.022505119448967402 0.010388616423042433
227 12.16620706065023 24.08679979187689 2.0232036967739178 0.7253673683294295 0.0725790583296314 0.01870862970535152 0.6842692806413057
228 13.168637911990123 24.205851732756766 1.975298886080104 0.7129607552272487 -0.02393293362866991 0.014283454815257933 0.7006498120404067
229 14.144635957985216 24.13896349190515 2.0333746422308434 0.7166257387059989 0.047728446658034225 -0.004664650479063182 0.6958072915970348
230 15.099736381241353 24.22845528120271 1.9132749896325019 0.7178149860092263 -0.009991030212599051 0.016271918099701785 0.6959720180130962
231 16.118959124621004 24.18112786301833 1.9602012043447647 0.7183192576588111 -0.05439308998818744 0.0385084482250337 0.6925142130334446
232 17.08424763101503 24.120536362317353 2.0802883706536233 0.6875551531186808 0.07412845692315873 0.01244426867748799 0.7222312811497582
233 17.087977963261707 24.135208046487758 2.0732286462464926 0.027117892913722186 -0.014506637166372821 -0.00870316761074071 0.9994890856010297
234 18.08643221683885 24.099195193195044 2.0637505191402714 -0.01906889261779131 0.0027394760253983573 0.0076146203167761425 0.9997854220595882
235 18.06928717699769 24.117573285385802 2.0227243110818636 -0.738731180294802 -0.0431598106268098 -0.029515628973382668 0.6719689737281119
236 19.09203292074965 24.181342475567536 2.1835690915187187 -0.6831863580852194 0.008573734643139793 0.05620233672644964 0.7280276015008017
237 20.016517385885336 24.292276761453657 2.0736244387672715 -0.6927840408114169 0.005759845300591778 0.012267258425626603 0.7210177607728101
238 21.039731196305535 24.267601960423026 2.0001133260617703 -0.6841697434608862 0.008069735432293272 0.005467843035654829 0.7292576665316968
239 22.06654245837808 24.224435106798186 2.033285609645554 -0.7113357235364561 0.03478056054779277 0.009466125681482284 0.701927484497815
240 23.067320674256674 24.23900060635837 1.9331321788190976 -0.6618868185263602 0.04560012595841664 0.10957764470903714 0.7401480985273486
241 23.008686708325754 24.26265879512773 1.896212588803627 -0.5396633993398887 0.5595253144761362 -0.43431464564783684 0.45504464225951624
242 23.068354510131964 24.3058464100608 1.9393204134010982 0.005263263103403803 0.7314151695951325 0.016787848249931757 0.6817054465814139
243 23.008861788206374 24.310774589499076 0.9464954666514552 0.08432027352426563 0.6729054429400864 0.047179713552949545 0.7333910491432662
244 22.998283209126452 24.25442494971372 0.9883817648330729 -0.5221429073351114 0.4589041562308925 0.557811697877807 0.45345327148927683
245 22.9606443993568 24.32650329163785 0.005129482793914621 0.5496227229696579 -0.5188302104343606 -0.4893594733772286 -0.4350372178929263
246 22.94513319717015 24.193974231664395 -0.9363738005806505 -0.5164376241376509 0.44749198340516716 0.48338495377704993 0.5471581961600569
247 23.126019212056235 24.208941335547966 -1.926005159887458 0.5440842534688894 -0.48319928537644535 -0.5030821155473943 -0.4662608291023935
248 23.16931606849342 24.1412046651167 -2.9716028867813398 0.5274981547626565 -0.5022411312553379 -0.47908316407952767 -0.4898763769492251
249 23.230282283424156 24.06877706424566 -3.9314443978581135 -0.4989854256295591 0.483162026720247 0.5325982854459496 0.48363939798666744
250 23.157286316636622 24.145426519435592 -4.946019854727665 -0.5048340067101244 0.49876276388723045 0.49571765154382025 0.5006419289037352
251 23.198434694421397 24.131172385441158 -4.9586753876331855 0.0038019359481552347 0.7041889859531706 0.7100004171143078 0.0016807863637222733
252 22.222325412197016 24.093830041018233 -4.914393807999088 -0.008174204597508963 0.716468733959388 0.6975118304458617 0.009109447068465731
253 22.186740839208465 24.144868353156674 -4.914119059433885 -0.5013000061129879 0.5349737953320886 0.4860772841161507 0.4756366428749637
254 22.107968692357648 24.024107758996763 -5.876993897030038 0.5221949263990096 -0.5019190277662409 -0.4799132315089596 -0.4950485214925423
255 22.135513806366 24.02783695212561 -6.873587554250763 -0.4976262626292133 0.49081037119029 0.466761676137748 0.5418549805647362
256 22.206904523008227 23.993071658326965 -7.83127392149895 -0.5325310965884745 0.4328529674409288 0.4985419122452162 0.5296271343867717
257 22.30235654273904 24.098678940770718 -8.839802843121188 -0.5071375572815892 0.4901362601573808 0.486464428922816 0.5156843063989798
258 22.324387632633687 24.157894598707962 -9.811631475674393 0.5489756734134388 -0.5162874484162631 -0.49384161011798516 -0.4338126839134166
259 22.30911375223943 24.030233114888787 -10.765810625412211 -0.5133460205477691 0.46859506802377165 0.4974132127755468 0.5191094500853111
260 22.353375557937447 24.117296902100836 -11.819725635815873 -0.4820980685200647 0.5785084271807373 0.4802876141157691 0.4497035242657933
261 22.24907516359123 24.00978522617935 -12.760615366054639 -0.5143425616875119 0.5023413236831583 0.481918634340763 0.500858616409976
262 22.263246447991122 23.98989390109124 -13.789644929473276 0.5526450875246428 -0.49754562317137074 -0.4870548994847619 -0.458049435089468
263 22.27174920528065 24.003236011718165 -13.779622557860089 -0.7418313335050005 -0.023811453848677222 0.007545651166067988 0.6701211460954544
264 23.313885680127356 24.097076936254293 -13.78326325602447 -0.6960605280463531 0.022591596276465568 -0.07040656435632961 0.7141654407551875
265 24.306970918911244 23.983293058177928 -13.686932854814254 -0.7709418511703505 0.0415802687679972 0.017719017599385756 0.6352997558464251
266 25.328509271635422 23.98987794305321 -13.785141684330076 -0.7380299807047539 0.03322405141105658 0.03764965446252336 0.6728970303899617
267 26.298996174438244 23.938964353561495 -13.877674505632482 -0.6916664146329061 0.0035926284877970628 0.09099406959473752 0.7164528897199016
268 27.268472254955554 24.052724409332694 -13.958277798723016 -0.7126466010308352 -0.030642495688124927 0.005351554473914855 0.7008332329177273
269 27.29770381057436 24.069602734844445 -13.954553650404472 0.4822340410385009 -0.48073297455561836 0.5602609730653548 -0.4716500597884477
270 27.261251597405167 23.03676548838215 -13.88459322595007 -0.5065755247900483 0.5082934444963442 -0.49245362160290174 0.4924514621116636
271 27.30017200796613 23.03659585907413 -13.850260546259618 -0.007550577003799892 0.7094674249292409 0.04601357295546581 0.7031939368730747
272 27.32095758426354 23.10141010068786 -14.803969875054333 -0.009912954931245034 0.6995575409107002 -0.002918223380649615 0.7145015495097302
273 27.281600200996028 23.152470723120466 -14.846446495186118 0.029505232265106176 -0.08397883960791239 -0.049495646199833994 0.9948000687446455
274 27.288115697964393 23.09828113623591 -14.807175260436619 -0.018057758864154675 -0.7740351182615138 -0.03050660168537744 0.6321494287716297
275 27.06853071311363 23.13787690690754 -13.86253233417935 0.04226443264229741 -0.7727457261240344 -0.006993951521383819 0.6332683831777645
276 26.851241414113044 23.077602756752402 -12.891783300752794 0.07934950782050391 -0.75017552996364 0.042316793193415386 0.655095121998509
277 26.899196381554454 23.125909845577766 -12.85240160223321 0.0419064088197397 -0.004804182079356993 -0.003492590029442769 0.999103885764272
278 27.91827443751822 23.1423927288871 -12.857389729973052 0.0030158121345228647 -0.06400092248971603 0.0502393921701663 0.9966798835493805
279 27.90881825022121 23.18991111285826 -12.811516239476733 -0.05388465393258695 0.6223945397351821 -0.003039863481624237 0.7808407265303272
280 28.081838981996277 23.165173498821417 -13.745627203117902 0.0320036176865197 0.6620636410432266 0.010149677650805405 0.7486951901188797
281 28.14582218532643 23.178287113082096 -14.707535676496889 0.059542726126652415 0.6455216597708339 0.0342885392334624 0.7606449543705327
282 28.35951834328319 23.332809288357527 -15.698242843205431 0.02531949731480455 0.7147726480143056 -0.03802395385491574 0.6978632843470003
283 28.34102900801192 23.260185663133313 -16.63490740595733 0.015945066210428616 0.702288197776106 0.014934893810437382 0.7115574404605753
284 28.382693171485275 23.20930154314537 -16.59158653440473 0.4888355111049519 0.4985986670357942 0.49392699193671397 0.5181460594747779
285 28.353897629002056 24.241333063241353 -16.648192774331367 0.5231929970513135 0.5339415394999807 0.43598239262117 0.5010936774268612
286 28.373712804916746 25.189513435383137 -16.772937512686518 0.4910601002688298 0.4963621581408997 0.5052225012052655 0.5071832116361618
287 28.404200499921746 26.141316592040464 -16.784014000447108 0.4741193571866965 0.5950242223981206 0.4588955109625576 0.4588811609979196
288 28.23661541706027 27.152796733590836 -16.90163870962204 0.49710162248609024 0.49501075787552024 0.5090613709760267 0.49870918087519506
289 28.237646088846784 28.161300131259676 -16.841143525926768 0.5450973209436498 0.4698373301423786 0.4921009433272892 0.48985554552452415
290 28.27922451684311 28.178598115091063 -16.793794416499498 -0.02162300048495235 0.70609396850377 -0.017406370754653143 0.7075738631053129
291 28.29647433303736 28.142095052216984 -16.777532864996093 0.4303869700247003 0.4921137998948135 0.5628756962090359 0.5057291909740242
292 28.240587255836573 28.191402244930828 -16.80099969777397 0.6920454461033426 0.010672928105206354 0.7188246471289171 -0.06519444618427403
293 28.25485325565624 28.139599756737773 -15.779955706716414 0.7398123853019394 -0.07545175495460782 0.6657259575393902 -0.061592342757736035
294 28.399284489007563 27.972620007145842 -14.791431359567074 0.7193606109651663 0.0038226695154439105 0.6945019971749361 0.013140567325010424
295 28.487789454298778 28.03960719744727 -13.791491851389367 0.6965916140062286 0.017054002568979945 0.7148022661509245 0.05938858979701182
296 28.461173232072 28.042349395806617 -13.783651997412502 0.46987529978424053 0.5270535125000775 0.5295164228509088 -0.47015333195158604
297 28.39844337137333 28.079553859150533 -12.82931347720536 0.48725944423044687 0.48202169659853844 0.5723506786332153 -0.45016443516186483
298 28.32887264278121 27.999435268095382 -11.84815691242608 0.4660627342424925 0.5525881175868594 0.5476131267297515 -0.4213689161358346
299 28.07133060176308 28.101793193862125 -10.874832962546813 0.5249885735313098 0.5668441844297026 0.47851945066254026 -0.4172454955747355
300 28.092099401200016 28.154413342588757 -10.825660753876804 0.7034020366741675 0.0036364671463265824 0.7107813029421728 0.001513372774313931
301 28.099047418819502 28.101460931718965 -9.846993710568906 0.6851356355125304 0.021552238330309045 0.7271940176063589 0.03624255415001536
302 28.075924772183274 28.137318288850086 -8.801517606769645 0.7269416643852928 0.005234503904480111 0.6866700395747342 0.003559957871579022
303 28.029682933681066 28.09373227840075 -8.801139434530128 0.5436421625912611 0.5553734919211952 0.41656756299177183 -0.4716831022916247
304 28.06693633139049 28.247189574225118 -7.868069610282414 0.6129699889321246 0.5174548708817586 0.41969693484457093 -0.4246913375045059
305 28.028275179520158 28.286739472241496 -7.8861625717899155 -0.02532626341752001 -0.7042556370048618 0.028701944935832745 0.7089138004617226
306 28.062927266490732 28.33330829408212 -6.8418381651051705 0.05523309813519339 -0.7032048659765004 -0.02297423353947883 0.7084662348557152
307 28.045416264449226 28.227305352983723 -5.866526890591209 -0.025966735576108967 -0.7174552156836029 -0.01969408978069667 0.6958418534118403
308 28.009363805549217 28.286525190188502 -4.917657490540987 0.02103416856130481 -0.6823276464371352 -0.031253386151156574 0.730075182782281
309 28.047858899030768 28.166357235517083 -3.980562527390726 0.06967868971960796 -0.7202982544186376 -0.021562986833444917 0.689819065030275
310 27.954228319252202 28.086728022582136 -3.04002581708818 -0.021808119038808835 -0.680122958225926 0.021195757022920963 0.7324670009783577
311 28.015150085452444 28.184330462379492 -1.9999073530042715 -0.028373295670431852 -0.6982719733338747 0.00011272331496191747 0.7152700151989241
312 28.005838980581583 28.17803468516817 -2.0374061877176826 0.019344405228939373 -0.003925291573494962 0.09601725103455741 0.9951839395690469
313 28.992256091092766 28.37801799636684 -2.021370486358452 -0.06979497882551905 -0.015386189032257344 0.019060501577134074 0.9972605594314041
314 30.034615056303657 28.388338775952572 -1.9422759604385995 0.0014025575399917091 -0.08687309683555694 0.022801548417163295 0.9959574224174077
315 29.94343213762299 28.341323439913623 -1.9878213124316786 0.9912477448028335 0.07788580632724597 0.10659090755641559 0.00029668561004125453
316 29.891562608280285 28.355470549090477 -1.9874259108556915 -0.6576285223592239 -0.020728890505695936 0.004460631156284666 0.753043918007253
317 30.881201943588703 28.352159850605542 -1.9646632979370124 -0.7030477082292671 -0.006862871032508904 0.000620142119942051 0.7111092998818939
318 29.8675762978016 28.318138676603585 -1.9341252903201709 0.9987740834694667 0.006140441338580739 -0.01927293928149827 -0.045179408820233795
319 30.86899045592944 28.323233076524456 -1.9309749854492382 0.9962824819179601 0.05046513828878734 0.00586413290457774 -0.06957081274615347
320 29.8876109419747 28.260434511552273 -1.9173695917860487 0.9971269949139642 -0.038823202150342004 -0.010381344978258697 -0.06420858715999787
321 30.89486421006349 28.204677468208914 -1.892859421359256 0.9975774980406924 -0.013799874905549738 -0.03262546384744462 -0.05986883967643274
322 29.88495942685476 28.226050415742133 -1.8788292753868474 0.9938023469576935 0.06716845160635569 0.013987165881740333 -0.08746229748172357
323 30.818354242038954 28.301745774660546 -1.832831031829485 0.9989225557333908 0.038082846040967705 -0.01675288891450631 -0.02056125476494171
324 29.817124488546487 28.18398415597348 -1.8482923866278962 0.999523227485286 0.018682250004215604 0.02289643673062446 0.008946755681121864
325 30.826931421612386 28.18097131688681 -1.8019162059746088 0.9999967452689459 0.001695654315098252 -0.000771258007337893 -0.0017433786291747324
326 29.8765456916987 28.171200041002614 -1.80275348027128 0.9999291616941168 -0.0027731078654114824 -0.006752234048273182 -0.009401531887144371
327 30.87697856762294 28.146467790599896 -1.7922782239633697 0.9922960974436715 -0.04320246663198841 -0.07676576526051343 -0.08711497666268056
328 29.905560772048045 28.20133789089048 -1.6253851957217076 0.9978101891194212 -0.06214279759017554 -0.019585097167365322 0.011380824490187189
329 30.94198907148654 28.110380365416898 -1.6179238104251807 0.99437002442987 -0.02291302609218443 0.07654675624838449 0.06959771446311304
330 30.001501160113207 28.140395006481082 -1.7794002944759948 0.9997793286261 -0.018225970562833822 -0.010408966952993193 -0.0008726144386287112
331 30.99848181238581 28.073054224393193 -1.7535365514088512 0.9985590597270501 -0.016629590970314103 0.05098313682646752 0.0019951692969669087
332 30.028273580846207 28.122904937808052 -1.903969559779362 0.9898862469944523 -0.08662679555036851 0.09651182754519527 0.057502029945033055
333 30.94602340721278 28.02401697133873 -1.6862770744010969 0.9804673497635433 -0.00023584164491005714 0.11485543382947239 0.15966198591466874
334 29.93936146737089 27.93346847708779 -1.9493371202897345 0.9864944304440789 0.09018829067856493 0.1037603829534412 0.08904265189585361
335 30.894811431082637 28.173551927040883 -1.8012200698089171 0.9804864345207904 0.13251229646638646 0.13846717170024625 0.043745689699064345
336 29.909293525296558 27.95016226847795 -2.0316575955671228 0.9899760324469081 0.037381334262717565 0.03562447285936031 0.13145717159177722
337 30.936280975720095 28.09520055864665 -1.924382295980704 0.9888046917605683 0.09149994911370153 0.09773354328073632 0.06588774834724605
338 29.956662815729374 27.861131111949863 -2.0456977793294184 0.987159520887575 0.048688926935243425 0.015076629496248932 0.15138746301441505
339 30.913262519332992 28.023923954257157 -2.0010654705966573 0.9752529287926971 0.018935300443286694 -0.023204830443787464 0.21905413742375146
340 29.88030691551877 27.987890198083473 -1.8909821484862919 0.9833231235944816 0.09640726530493883 -0.013353391171558907 0.15363255105945023
341 30.90427413299138 28.22828204599567 -1.909240388295318 0.995248239154215 0.015697622749389885 -0.04645580409422527 0.08412125395173005
342 29.909548359354446 28.214516318597475 -1.767269410037579 0.9895358361780947 0.0022407757282372404 -0.008837121771783503 0.14399900389324016
343 30.95698416787745 28.200904258475067 -1.7910266138809126 0.9932366738523799 0.10137413458498347 -0.01600022335696907 0.05429721359640674
344 29.98170551206871 28.05154037324402 -1.7628063709206032 0.992999321252307 0.08223190526541357 -0.08391719729425003 0.012172335320537105
345 30.91929535253642 28.17552794281431 -1.87855925340558 0.9986351242699062 -0.00039435168826159326 -0.02109043875473872 -0.047779979639047704
346 29.934446356041867 28.149293824092485 -1.8414850020576858 0.9919668470734391 -0.0684572276081943 -0.0015638090913189897 -0.10636229029362873
347 30.963021254588146 28.046897517996 -1.8162429182955313 0.9960097683171305 0.02024874934071902 -0.05834261989337977 -0.06442568021347737
348 29.947831584700467 27.98169976334804 -1.6591950349307238 0.9902504260796607 0.0921509832752514 -0.10219808167806776 -0.02162965630280682
349 30.950576457714003 28.20286458163023 -1.8578776287744332 0.9997718825530689 -0.006918093152506607 -0.009796753767491036 -0.017673326202074124
350 29.95238575800202 28.179536855554524 -1.8222779553115045 0.9999880249314166 -8.093277135268796e-05 0.004161969727436585 0.0025732181483704457
351 30.91354841406046 28.164011738819447 -1.83237622159407 0.9966617551816547 0.06534788752647726 0.023867190711914493 0.04272419176030903
352 29.90050421224585 28.045601218504935 -1.9231288992826843 0.9997536998440006 0.007280701946736582 -0.02095006314916805 0.0007911266904670141
353 30.939983383954786 28.053266028958067 -1.937253186512155 0.9995808461863078 0.026870805470837617 0.00854948879439638 0.00655728542674163
354 29.97392875193918 27.99139760745044 -1.9895336636253862 0.9980022731924292 -0.02052649636525296 -0.045219752341111835 -0.039055084789559394
355 30.0081355126719 28.044164198254293 -2.018972981426381 -0.6197616933068487 0.033964344843915785 -0.015899398250456973 0.7838935360902171
356 30.96217350934191 28.00305595146945 -2.075239528578025 -0.5913482222523784 0.037664722548300486 0.012899903059382862 0.8054329526505417
357 29.909036944155325 28.083991002605693 -2.032370111578023 0.9952864145947109 0.010468066489581797 0.015126819164951724 -0.09521844279931223
358 30.901969978246278 28.12450446089504 -2.0092939629230897 0.996495681892978 0.031172372844587282 -0.054922175615045525 -0.05484700325083293
359 29.861393559157307 28.06693652523722 -1.8564549652367734 0.9989708781122318 -0.030357079222864628 -0.012237515671369922 -0.03139865657836357
360 29.838795085518196 28.014616374807325 -1.9073337681185176 0.7293567975484995 0.005838071188564528 -0.6840944508607185 0.0044001245626288195
361 29.90940151790452 27.995366698831912 -2.9544068906102368 0.746754602254016 -0.016437203037530764 -0.6645880572796983 0.020250839240531837
362 30.05338702470473 27.947946287513272 -3.9434265340181116 -0.7042967873229243 0.07283928035748613 0.7046995883474277 0.045375817200100005
363 30.047674731330737 27.913042540630077 -4.896925732520049 -0.700623214633196 0.06815165460695731 0.701003323952133 0.11435384951737064
364 30.0713400423845 27.95404382708502 -5.84740950839311 -0.6639444618755141 -8.57060464615564e-05 0.7406699143861736 0.10288742451089851
365 30.029022715437037 27.96163974724272 -5.789590154853723 0.4288436547578068 -0.484822992551252 -0.563934696290991 0.5128522633144981
366 29.90778245905144 26.98092232101425 -5.763707774879111 0.532684218043284 -0.45295323695967105 -0.5128707236756523 0.4980406708008735
367 30.017909993586724 26.01729658664885 -5.807459933958784 0.5515189333586543 -0.49541060484127564 -0.4924841650989465 0.4559106775285346
368 29.994303680292187 25.012346776763057 -5.907267074651084 -0.5573855316738872 0.5583358181307907 0.40157093454069603 -0.46510565230380835
369 30.07091899814246 24.06403687188211 -5.805136653447172 -0.49229164912062395 0.5945245454549585 0.41347935243474826 -0.48293304108107254
370 30.040474672499226 24.109358748187052 -5.820810194423988 0.632704216206515 -0.03189294546747402 0.009511045119627613 0.7736780692540282
371 31.052553721475654 24.0497550221223 -5.762152053618734 0.6728420294292964 -0.019445684291044235 0.024689093107884454 0.73911833793881
372 30.1054125176911 24.055949110955886 -5.866174365229128 0.9997197373696728 0.010713185454848456 0.018928056862162784 0.009348958997937473
373 31.0848226061653 24.121554530895498 -5.795748609874855 0.9969999385497401 -0.009485112558567117 0.05184484298443857 0.056685689794556404
374 30.056365829961425 24.11981155022636 -5.904014449575969 0.999879138481971 -0.009235763465626693 0.0018251544311989967 0.012372465924813784
375 31.044740873624676 24.056531829312952 -5.925735757725494 0.9934482151610956 -0.06236011732872477 -0.028340722069824003 -0.09148039698504924
376 30.072154850378748 24.18738977819658 -5.828440525658865 0.9998688665205577 -0.0025155688520737403 -0.0012683292781597985 -0.01594719464632456
377 31.11383460242177 24.149491211309627 -5.831049729720551 0.9998699667506149 0.003069327813371847 0.007910588670749528 -0.013713183575690069
378 30.075737882733044 24.103191478009613 -5.870422602786108 0.9973594664389843 0.04246625942233163 -0.0537398169888864 -0.02414008254377709
379 31.04267123921145 24.183177249830248 -6.022857875768218 0.9975677906794468 0.005829045780554055 -0.05077375192216093 -0.04739779889364661
380 30.07792403003797 24.132903638977535 -5.87083073859592 0.9999633925465349 -0.002421267166836229 0.0010166975955654303 -0.008143547023918585
381 30.02678551666336 24.126253359280128 -5.914829438593921 -0.6594424540877539 0.7514217405242618 0.01508457275516722 0.016537027514146842
382 29.938258029722128 23.12037187026301 -5.9485664546920285 -0.696245747202344 0.7177878696425937 0.0023647541058249085 0.004103856066644125
383 29.895815715136685 22.12549622826629 -5.993164664887651 -0.7063515653950582 0.7077189682958618 0.013166284167510268 -0.005289323152541019
384 29.927226627032795 22.090366950748077 -6.011346977984237 0.491966312438738 -0.4962848421970828 0.5070449846778708 0.5045551370701369
385 29.91037799021644 22.138630866945913 -5.014687662552579 0.4636182764342769 -0.4924221129249454 0.43731675594464703 0.5927331705149399
386 30.001504884383262 22.186786906183183 -4.009658596561321 0.47430687317403136 -0.41628125288745504 0.49129179822028435 0.6003126498382346
387 30.03783741395523 22.22620657720748 -4.068170921473428 0.0003909467220003808 -0.7082217089741984 -0.0002529218186180008 0.7059899391130727
388 30.06279491467243 22.27662062080899 -4.0705794491544935 0.5956321664960028 -0.4979719197916126 0.43772116473699135 0.453482603057301
389 30.19341651298918 22.134964533334987 -3.139447107202891 0.4836542697893222 -0.5293993637188619 0.5316861289204182 0.45069360026767874
390 30.020523066775375 22.101990575554158 -2.145554014790812 0.5066692612431434 -0.4776206765062298 0.544494939648631 0.46764303670865526
391 29.94536741474036 22.125986301498962 -1.0949430662968627 -0.4968441135903534 0.5140004134259355 -0.5112231356569964 -0.47707484460785804
392 29.914073499108138 22.158290477941083 -1.046150548961836 0.023091378307429668 -0.04124699895191621 0.66996061717029 0.740890170515258
393 30.03861678096811 23.11209019236298 -0.9429951704338697 0.0433082625446327 0.024077291498449928 0.7202719962847345 0.6919197423093715
394 30.08753182773989 23.166719095357028 -0.9305057839890272 -0.4580608712684644 -0.5017291648573632 0.5489246771132436 0.48695973365405626
395 29.974733713176605 24.109485493621694 -0.93025569666199 -0.41374624052525444 -0.4950787508864551 0.5593916081068132 0.5203768900053115
396 29.896892782508875 25.10910045024424 -0.9384104324084728 -0.39898976159019484 -0.4238511858406812 0.5543884330192275 0.5948199792728325
397 29.930344853151137 26.15600920037158 -0.8239921300085061 -0.42642520333226186 -0.39736034759470895 0.5295162734132066 0.6163430995095519
398 29.900023528944914 26.159515689156738 -0.7714650603010781 -0.06023511147335884 -0.6444452052129711 -0.021120160613957693 0.7619816583353201
399 30.060146370189674 26.20571308686082 0.16436181786929327 -0.04832436876928394 -0.7091398949555123 0.07913788479641212 0.6989438889892986
400 30.011968881941762 26.150462284389995 0.12147481338835373 0.5047132963820095 0.500875343699276 -0.4991313808880227 -0.49523352384723873
401 29.972576919736575 27.194873343104533 0.11505265257949288 -0.4764577381803894 -0.46128889921485294 0.5150139743352268 0.5431032879928179
402 30.021437001213247 28.142306448643044 0.07313902623745083 -0.4422232005713839 -0.5062702835527026 0.5040797709103831 0.5422477528093615
403 30.052656210835387 29.166551394957693 0.15968266283069568 -0.494093521730335 -0.5036096112602891 0.5014113552756508 0.500834906961377
404 29.993377960755538 29.113548107057312 0.11328648925098496 0.0607080930508429 0.03886639654485484 0.7053301818987102 0.7052044137414916
405 30.04296186781977 29.065449239799968 0.15221223619685964 -0.4552992899206955 -0.49018215876847915 0.4814151503059175 0.5662715434124481
406 30.073724315536104 30.084122260026938 0.3301317086579782 -0.41642483332481633 -0.45760446016943274 0.5173087228556693 0.5912530773542558
407 30.120413905393825 30.04322265963689 0.33796625543203407 -0.6849710370677696 0.012351618559722444 0.003967136915594259 0.7284547876992453
408 30.1440057120461 30.063526104636324 0.3097312134810301 0.9998810039384608 -0.0009707511126600546 -0.015359445315894312 0.0010597381191751957
409 31.11031544558816 30.07541458774076 0.22810039574807509 0.9995859075010775 0.003795840375803468 0.02561143371114305 0.012556256780930591
410 30.136554415468492 30.051059660153822 0.12105843551379411 0.9973188095849 -0.018878489486030058 -0.024611556718618394 -0.06628020789624904
411 31.15350739885732 30.02992041601551 0.11421408165028214 0.9987546385108217 0.01786018448835259 -0.03475297415866888 -0.031022840783637103
412 30.092039739543544 30.0323446377812 0.1944690710214389 0.9935417296553039 0.1007628889757522 -0.042713475511938576 -0.029953808580851646
413 30.12375332422513 30.06147167781028 0.13723389529018518 0.6831863555988565 -0.0024023422489864144 0.7302369944613514 -0.0021363977447638707
414 30.09754046049013 30.093301343837478 1.1288794326793534 0.6161849463408897 0.03329540148979459 0.7706187661522506 -0.15923016484476518
415 30.152148089742937 30.09005898837099 1.0992424019225306 0.9703671916547042 0.1538207661087771 0.11455558990743557 -0.14698197880975444
416 31.10619536571647 30.411286122503014 1.3920315799743146 0.9669605250690453 0.0802089474936195 0.17096429036273394 -0.17124566891144577
417 30.10303958184228 30.323015496522444 1.067553506608329 0.9554687316274751 0.03184336211487271 0.17430349136851772 -0.23597414279566728
418 31.019144854558206 30.280918033142893 1.3918967748435083 0.9717106280901965 -0.012608790489698003 0.13525630638012423 -0.19319732203979656
419 30.014595761512968 30.327333053931795 1.0590410103580317 0.9878373171669432 0.05794067863918197 0.09949102945131803 -0.10450764388294255
420 30.029614226393367 30.282578078450083 1.0380799808617667 -0.6633523599356186 -0.030013012676751175 0.020481378140592543 0.7474244970479443
421 30.01982628566162 30.240396939263533 0.9794919870106542 0.3922795218018232 0.6030695844691902 -0.5237543076193025 -0.4561855744248344
422 29.735048608286952 31.14449199949925 1.06204348376041 0.5065990124709427 0.5796296920840307 -0.4771277345796291 -0.4239528104788885
423 29.816544258864273 30.203063100526585 1.0266843214009245 -0.714751256486493 -0.13902800419264988 -0.040568177393368404 0.6842193203821187
424 29.790317052616995 30.255528013399804 1.0217208868721004 -0.40655311425245655 -0.5634128084530461 -0.47939897121039027 0.5361503510817646
425 29.83132624741981 30.226201959767206 0.9625575440472349 0.6349950700729017 0.7679319538447945 0.03705512238186554 -0.07542342575415009
426 29.85783915753348 30.20296180153918 1.0018085708673823 -0.517497631801244 -0.5102190987172769 -0.422639307431319 0.5415244114517919
427 29.927903353716378 30.320932587052024 1.9368464672696142 0.5176774647611744 0.5286277294738705 0.4805691724387018 -0.47076112478764104
428 29.8803960830177 30.324411641102884 1.9356740955296572 -0.017824169661128736 0.7309826177652845 0.6767087640328195 -0.08609274175026134
429 29.907631484799577 30.307323755176512 1.980188175324864 -0.5194378617998016 -0.4941099800192792 -0.4791565570369805 0.5064075722406439
430 29.853598783821557 30.261103730443814 2.0239776565744036 -0.010329488941902543 0.023047297625879964 -0.7276884695106252 0.6854426417079896
431 29.79576688253422 30.25878555544475 2.034500942890914 -0.01535381189016086 -0.03526043908737299 0.9989360014715081 -0.025452443103217235
432 28.842789346461917 30.217803652606012 1.9802944025662845 -0.08224343077236831 -0.022771380429105047 0.9963132818114877 0.008793566635136668
433 28.879706219362607 30.18361644096948 2.0184747531612657 0.004539818124002719 -0.017933472260856606 0.7136041644107842 0.7003048458776054
434 28.910497140216954 31.15644603530193 2.101561135906326 -0.05726841062765342 -0.0400606984727278 0.7241068778242574 0.6861375219805906
435 28.90937751899053 30.208778159233194 2.165586152529874 -0.7216524850813365 -0.08614114970091763 -0.10297222528224813 0.6791127402166428
436 29.836117652248777 30.143709879981927 2.4654011454818643 -0.6421545627316276 -0.17585254928024283 -0.08048440413664248 0.7417787130710625
437 30.763238704368558 30.30092126202446 2.788439283075788 -0.6679728442155911 -0.10688677187028305 -0.15620751753094272 0.7197129350348678
438 29.845270469824694 30.333470624518043 2.481481556066526 0.9889216928003122 0.0015735422689131208 0.14840787948062878 -0.0025516233570102146
439 29.83224645109182 30.363517534272543 2.5256067313752486 0.6607317139828024 0.7429148735456339 0.021266896124227885 0.10516088593799568
440 29.774624504153724 30.383511637984313 2.473423428440094 -0.04863383769717977 0.9900559229934771 -0.1220027534289007 0.05039193717396982
441 28.807936612952062 30.229149720554116 2.4439152162475053 -0.0012921746430083227 0.9997440484264466 -0.0207988654444021 -0.00880767374603359
442 27.84672408676817 30.183272433795313 2.4245127881669144 0.03435155003158084 0.9950926511968323 -0.05792512358886859 0.07249321762552421
443 26.905528678263067 30.19604557872688 2.2768835928213575 -0.009935977560726703 0.9964824063468913 -0.07275536474922412 0.0403825097192988
444 25.90850541382257 30.190270340333342 2.240980295286416 0.01657134018536911 0.999010249444568 -0.04006156344768636 -0.009949036299555654
445 24.92580813370008 30.186261994236478 2.2763513290446653 0.0019085624858838218 0.9972701452324254 -0.010127467812422491 0.07311668218021813
446 23.975350593430637 30.234879007472735 2.098131909101633 0.015636874351154944 0.9994570926639493 0.001729855132846781 0.028948500573800197
447 22.970923924301637 30.31590283328856 2.0632159753482164 -0.030693052796488304 0.9976787191637525 -0.05256110958663699 0.030535873932604134
448 22.923713508151657 30.26609066496559 2.0816823406416134 0.656859467170817 0.7455266274485804 0.0665766211029993 0.09106723711480295
449 22.84520296218476 31.27067695937239 2.0694252102285464 0.6854798688172115 0.7279272473796768 0.013140983892856563 0.008160055815548307
450 22.871681998169155 30.254577579572256 2.0079983840335514 -0.7106013390880783 -0.003973496977481111 -0.0019363168496822807 0.7035809824640356
451 23.869637268011246 30.20174778580005 1.9925998967087535 -0.7019512363000402 0.010984168119420752 0.05832328190211011 0.7097479867500411
452 24.871828795332462 30.291241759254845 1.8992060237310517 -0.7237499618820056 0.0407490773299762 -0.02318158373075561 0.6884679509957491
453 25.929594222951327 30.241805871641514 1.8947105883930995 -0.7139268907311803 -0.011785153222581538 -0.005470590840268371 0.7000996911085505
454 26.92233108869745 30.265134438595034 1.9427452358493853 -0.7361798831763688 -0.026915164707069377 -0.04504568981828753 0.6747485749106951
455 27.87975613257859 30.285581813024823 1.9843142660288786 -0.6965243441951084 -0.051927601114250516 -0.026726714984951456 0.7151524626904436
456 28.888635186093914 30.26523568428226 2.048440898248261 -0.7338542082053824 -0.042159463673239535 -0.04608994080232336 0.6764290783806343
457 29.884398130926918 30.275078851289738 2.1176788253981296 -0.7523679294736776 -0.033760482204584066 -0.12627476798167628 0.6456449577840591
458 29.844297604812756 30.230647418114202 2.165238983619519 0.5475293224638882 -0.47889510337562863 -0.4718528651732574 -0.49822283632213166
459 29.896571404204245 30.223027962769365 1.121931455576094 -0.48731961752433384 0.4508843179070982 0.5422644516032455 0.5149487224654691
460 29.869418688296143 30.234346694645115 1.1658941810629955 0.7115475608112347 -0.7002784950527211 -0.05516730565167637 -0.016329925211482948
461 29.87505992454268 30.2852428662298 1.139650571413877 0.45004784339054565 -0.44347741807784685 -0.522321850446354 0.5726819386542772
462 29.92933600175726 29.30365845426501 1.125683056290171 0.4752039773290783 -0.5281818642108238 -0.49235010819158326 0.5027886924077968
463 29.924879070223692 29.326491106700995 1.1430186061253453 0.7261618781206276 -0.10424806873053853 -0.045603492611554275 0.6780424679855264
464 29.92716500742187 29.3769453369835 1.1082906595681115 0.5478742968630512 0.45538417825619815 -0.5136991642410484 0.4780922229955145
465 29.972336557899318 29.33180991484825 0.06526368800775037 0.4439773014680613 0.5197236927818896 -0.5264525840457834 0.5055878911661265
466 29.890748763087014 29.221923672982406 -0.9710969127862824 0.45731505731498107 0.47530791069516776 -0.4921994730891748 0.5680537008719584
467 29.916486655933575 29.267675112167574 -0.9975792037413613 0.7317155170744502 -0.07591424745847539 -0.6770191357037898 0.021783456938165822
468 29.997931430916644 29.170964612152336 -2.038313259434094 0.7610689572230956 -0.0051695582143601575 -0.6485951524569586 -0.008464409521791392
469 30.052071867412383 29.17684970388356 -2.082357519644964 0.5075632833049775 0.5052293585925581 -0.4967494818052775 0.4902680501348331
470 30.06663650329685 29.256066703796094 -3.0360823602058415 0.4817439511863188 0.44687452944488726 -0.524936738667477 0.5409873758471243
471 30.16920013300948 29.16162045539255 -4.047290745025163 0.5490808015090582 0.4496936945537166 -0.49381779874778414 0.502423960547953
472 30.230900102424375 29.215693162778912 -4.992146560404885 -0.5240538106698026 -0.461996720930874 0.5665315598843512 -0.43699957096841907
473 30.182443051175138 29.23721281435944 -5.039358446759332 0.01186877459025659 0.6776746370276846 -0.12993372081705803 0.7236943047404453
474 30.190876487647838 29.260866295229764 -4.992061718724667 -0.5422794463511326 0.5622362212630111 0.4193401272791182 0.4625767949416969
475 30.249791326601276 28.98266565557149 -6.008217205176113 -0.517750291481203 0.5116955872362101 0.5492440979105101 0.41040611908765434
476 30.15237642231754 28.854608213580352 -6.949426078150857 -0.4999075830382721 0.4658783381109775 0.5272896732168411 0.5049904781465331
477 30.154854442112747 28.92001718614988 -7.896431668745848 -0.5240168926478511 0.47872425670845414 0.4728232072535685 0.5221758295259155
478 30.195162817102702 28.853029887113067 -8.852689658036208 0.5916250281560372 -0.39194642137875096 -0.5188874372959645 -0.4765644303178593
479 30.211720735807887 28.902393612856308 -8.874138864352023 -0.11101889606051148 0.6568973313322861 0.7457239123151675 0.007519801020384698
480 30.189114249152677 28.94651701550056 -8.883015414624872 0.43032368432102713 0.4041921161920342 0.6048092169160187 0.5344680262223496
481 30.185511398345547 29.905079083719112 -8.826873397609155 0.4236968400431819 0.31151029105949524 0.5920558995114668 0.6106653241793897
482 30.31805665656726 30.856168855377728 -8.745379475602544 0.40563115363943747 0.4142205112202026 0.5371357476247188 0.6126744028480766
483 30.18606781910958 29.907380785336557 -8.678689816616599 -0.7661269874532645 -0.05215340337593558 -0.08376489387126605 0.6350692121074898
484 30.176666004766716 29.935751444137903 -8.632262659600276 0.5823623821795078 -0.4537950996200605 -0.4838621814091823 -0.46989515084215927
485 30.310249253548044 29.85826742875325 -9.571508854973091 -0.4720088985734431 0.4931630213863774 0.5270720298510475 0.5061550250202406
486 30.310176172488713 29.925419064413372 -10.619257241678133 -0.5207568387899044 0.4553024483018995 0.5480874793981116 0.47022559516775164
487 30.348251359849233 29.930934031186137 -11.62683565587889 -0.49447446765669856 0.4816948577394929 0.5371326979904697 0.48472005282681785
488 30.256565656347313 29.990962104155518 -12.613785777384106 -0.4998956828319078 0.48531502375510754 0.5036665838362815 0.5107774528405588
489 30.246378646908777 30.069488392570307 -13.566895588123604 -0.4559931740581649 0.5359305706027345 0.4698953397319927 0.532960616184669
490 30.21744379031201 30.09113296271811 -14.578032698023248 -0.4871267423748181 0.5386240330231342 0.4729258907465731 0.498931648399609
491 30.190960644355087 30.088206525527116 -15.631186145441527 -0.49253540192083306 0.5236309623301993 0.43403938277235793 0.5429818664987105
492 30.24106162448436 30.0612828798139 -15.678761308520775 -0.7413649259818359 -0.006601888620760159 0.03121403298793285 0.6703433043860543
493 31.221376543018618 30.116211285934007 -15.766828549598094 -0.7798263032969213 0.03756140094998757 0.04056006937687008 0.6235502855560859
494 30.231584787794993 30.118310851179118 -15.6529046291989 0.9857569482191842 0.006705901621727316 -0.07907534839868269 0.1482746073900294
495 31.244451418670895 30.099714963853017 -15.7628196217216 0.9932097038384804 0.07912246594907148 -0.0036478855072771452 0.08521040144572667
496 30.25633123059909 29.92704564463312 -15.729920442633874 0.9988505163917957 0.026895955636676162 0.038555496578846285 0.009366277691350821
497 31.251917225827405 29.986553454670695 -15.65684298859921 0.9953625879789095 0.0950973575235782 -0.014483697600684653 0.00018316050999941987
498 30.29004326460382 29.791897770742402 -15.608475751070708 0.9913066796911528 0.02978033966866848 -0.11527233054908305 -0.05600435678323144
499 31.265711102699317 29.845903004537185 -15.78888956614399 0.9908045124221473 0.09446553947543629 -0.06957828471754778 -0.0673909660955356
