# time x y z qx qy qz qw
0 11.910250158676579 12.394843509078896 11.894930382798579 -0.00041798424120110313 0.00016137875147205838 -0.7074213065148913 0.706791973875508
1 11.913558941387695 11.405081757248235 11.924270649758606 0.054632613152777884 0.033455170061419834 -0.671564934983376 0.738171096208077
2 11.854807607274656 11.441946859535367 11.964764579175625 -0.4718582797856786 -0.5086748443544685 -0.5100820797331718 0.508346278095688
3 11.804649446274292 11.492018021912003 11.954867389485353 -0.053974336560131786 -0.7735078956526041 0.040829280445820355 0.6301628965706015
4 11.794005103086558 11.434345804492933 11.92871292075122 0.4115843827601112 -0.6079456888623879 -0.4262233310040602 0.5285205836761865
5 11.63370845939047 10.480356402668937 12.267630990889813 0.4701160221385632 -0.5521313882934206 -0.4440033761632767 0.5263106095694882
6 11.677986133734647 9.476095857319908 12.47920347285325 -0.46299818247612107 0.5123935484350357 0.5398915863258583 -0.4812510878538465
7 11.613476831824112 8.435535253062321 12.490839251148198 -0.5307805313799715 0.4996978445335201 0.5420575366996105 -0.41802837054881775
8 11.572649341707242 7.407912692928942 12.2738511955385 0.5455859192279229 -0.43975879880583574 -0.5015154803953293 0.5073760208532783
9 11.729405090508076 6.398782089197471 12.19695971729581 0.5272987298754377 -0.4623743693209571 -0.526561213580845 0.4805198023173084
10 11.762751755175604 5.384644367908034 12.035561765903466 -0.5177546002928155 0.43617285244202353 0.5511582537356824 -0.48775813269206364
11 11.81787020538736 4.442667962085318 11.891829061099962 0.4581759640019816 -0.45076278738751013 -0.572999842930046 0.5084868489151335
12 11.730566523076005 3.4395627972657405 11.818411011536258 0.4244572527214599 -0.43164350644082145 -0.5079711437698033 0.6127685052748887
13 11.81603522421731 2.4486973530332077 11.920230795359208 0.4523889401276108 -0.4814056926018786 -0.5043273677595745 0.5560995523370101
14 11.76473743239461 2.4591693160227295 11.97259334251298 -0.006779490913432178 0.7031713622583851 0.7109867434233818 0.0013872558726587723
15 10.784242246417083 2.461969799274441 11.947884993606719 -0.05061376820590194 0.6850384598520715 0.7265810421482567 0.01550948684687596
16 9.828908031204334 2.4668923407147467 11.872828011312691 -0.03110781870775051 0.6129156717699212 0.7885229622234443 -0.039977755820416974
17 8.86574967350352 2.3808223856209993 11.908118696777876 9.654136158122364e-05 0.6484474268728067 0.760949082601031 -0.0217352007225674
18 7.884453380296113 2.3774016213325924 11.90893290830559 0.03796061169606446 0.6484181160145605 0.759771553702636 -0.029327887207782045
19 6.908068242385396 2.3816566165461186 12.04557448243465 0.025100698373790364 0.6852221921916611 0.727890174801619 0.004049159970922861
20 6.925720617713124 2.3944849071459284 12.009217005800853 -0.5040506624062344 0.5234063031984738 0.4830150585056853 -0.4885439844647503
21 6.963708607380154 2.4467816930935973 12.04883941499996 -0.01768330065571942 -0.007934299458489256 -0.678422638773994 0.7344161429114648
22 6.9989668740227104 2.4351362434405566 12.024203422870997 0.4880259748332238 0.5223546349466643 0.49642177434262735 -0.4924852334804938
23 6.945442655599365 2.430915043141434 12.967075796155882 0.46952035137204357 0.5498366027730747 0.5041686078255846 -0.4722757296131674
24 6.8046110309613255 2.444607196343311 14.003029795646809 0.49060704786619336 0.5237167902592184 0.4984479186987672 -0.4863898853075254
25 6.806977928468611 2.421298960352184 15.027941826079443 -0.5231767482612367 -0.469826674179102 -0.49505105509854463 0.5103659854990523
26 6.855588992179634 2.4609791380223096 15.02721094887555 0.6611381011660449 0.031152250246281054 0.7496171949202495 -9.783172380560864e-05
27 6.888908285287158 2.5105297840358065 15.06202496454381 -0.501436355324661 0.5310310230592781 -0.4780116294165334 -0.4879267529556944
28 6.863720558263647 2.496589413334768 15.997556600755814 -0.45389034378309184 0.5436117617747974 -0.5277865180570828 -0.4689469049239449
29 6.85272776278974 2.455735427682464 16.021994760992673 0.03997490165257821 0.7272627989099052 -0.6825178957107321 0.06049917845881995
30 6.836964616727826 2.5084462942759154 16.031139925611097 -0.4954169477292661 0.5617689656438264 -0.4933330105241653 -0.44226713405954804
31 6.71833846344671 2.3821912918020547 17.06915607797998 0.439172595088305 -0.5642664346351837 0.5695471667630461 0.4053971476215506
32 6.725797464506669 2.3476393491223546 17.092571584330962 0.09367015645305393 0.7585963564736308 -0.634717703807805 0.11353812667091095
33 6.765898372292132 2.3070408784922702 17.075192902280172 -0.06473914027747169 -0.14853006429445637 0.9844569919869001 -0.06776499571993429
34 5.832161262694345 2.137564767358935 16.972525283001573 -0.07183817152233792 -0.09490293226403142 0.9928236676027334 -0.011570462733734344
35 4.792449540143211 2.100647663317666 16.816094275053807 0.0008452048212905641 -0.007826941151873969 0.9994575363142842 0.03197902008499649
36 3.7895838297897027 2.1463197458282823 16.83373703013239 0.036012213196774924 -0.013091234791874247 0.999002670135802 0.022921717514890784
37 2.749572265396107 2.2502392487492164 16.88071504504181 0.06532420073938147 0.007073733098557503 0.9902109535303312 0.12314616764789352
38 2.7384543065168825 2.2254353551098203 16.935591780077676 -0.012503632278970025 0.0782085386083537 0.5899738253981804 0.8035284494114785
39 2.971389126554461 3.1375180078559124 16.806173973444416 0.09879510223991694 0.02845730540657529 0.6373775002064237 0.7636619879063057
40 3.1670920355029852 4.0838310003320775 16.8329567251728 0.07719657612898276 0.03791138230970123 0.6921818444297101 0.7165805676734588
41 3.1956395586443658 5.033213769056617 16.921473553076677 0.015078234210211781 0.00949926868671806 0.7428226755437917 0.6692509868842064
42 3.040344959513025 6.058529378473981 16.90277218548384 0.00085675400047094 -0.05006087037521584 0.6931642294756007 0.7190386124578814
43 3.0249955802011175 7.070864902761815 16.93347242607812 0.02589863559734664 -0.022606189952796178 0.6810091755286508 0.7314675137665385
44 2.9924243012342866 7.083738899772908 16.988173241142924 -0.4278868582104752 0.500302885649671 0.5482660721836332 0.5157656185455856
45 2.829388602360083 7.234684616978314 15.965017924182103 -0.464117715630069 0.5499815960321158 0.5041303082677897 0.47745955048581534
46 2.663605233562214 7.189147088773385 15.033621495126134 -0.490487799897958 0.5359366574444403 0.4549007463274138 0.5150329390915724
47 2.6754707086105243 7.139921444169517 13.988851064378565 -0.5318987428080363 0.4358552657996024 0.5432107561626683 0.4817011408157213
48 2.7134429429697957 7.157324799927427 13.966032935193487 -0.7025818537338123 -0.07140719447699304 0.707991842213015 0.005225202456024867
49 2.70288268147643 7.267539468723105 12.938505739308443 0.721339190291847 0.10469428746547002 -0.6833304129178793 -0.04205265155350965
50 2.7754155613924736 7.419156488572212 11.981815762802876 0.7099554588336804 0.005262307836429502 -0.7042077238949297 0.005199634142519403
51 2.7374402773190387 7.418717789489562 11.014434467523555 0.7391838754428961 0.026520401636000168 -0.672972466856138 -0.0034533224365296132
52 2.8487950884550206 7.431298481916467 10.009753707180698 -0.6794370205917668 0.022393577240243677 0.7328868023045905 -0.027217600105817787
53 2.7660624375647638 7.3110909173964975 8.978285535828688 -0.632663141935998 -0.0042689773756511016 0.7737891318910601 -0.03113685975041549
54 2.5778307065924304 7.25982333544791 7.932182254649281 -0.702675500951006 0.013967821433196793 0.7107725333794578 -0.029230910369179252
55 2.570960745048434 7.216287247251927 6.935196809005473 -0.6924077892455917 -0.001127856273015953 0.7212172588757508 -0.02039232286937866
56 2.575529715210331 7.223262230364097 5.963118744350841 0.7249824470773103 0.08218524027951161 -0.6828064255346119 0.03770176333594718
57 2.6698344493043216 7.3439316923227675 4.942164763231997 0.7189414367745398 0.04332716322737427 -0.6925756491643574 0.039811274782376595
58 2.717175206729964 7.35251499919587 3.9171031406245502 0.7183739484529261 0.11803763453285827 -0.6816861984692544 0.07286915557749188
59 2.797090163396168 7.446303831133098 2.9648379209630695 0.7494199243701518 0.18660784898710325 -0.6266587845854389 0.10414439665840383
60 2.9794124196872627 7.624081038952029 2.029523404669171 0.7141276822438806 0.07425621204165236 -0.690242772400531 0.08984755742388029
61 3.0725704834476932 7.5694811925649965 0.9656988222407996 -0.6680771942948727 -0.014090727679384204 0.7394988412675897 -0.08133743062359604
62 2.93757442227265 7.516943570854353 -0.08533599116198079 -0.6687073010578054 0.01574051870833618 0.7430715448694972 -0.020675124861440377
63 2.8351487669758617 7.409050118488418 -1.0806620416510266 -0.6844212028882217 0.04387899985934654 0.725047592120805 -0.06283501864570645
64 2.7906179794812105 7.397703052769566 -1.0633772744144774 -0.49689940880128003 0.4888488209536503 0.5173291626437416 0.49647592616711106
65 2.786192307354716 7.373391789565378 -2.073869157270722 -0.4442853007602359 0.4549375785007548 0.5300547923798685 0.5609672791450394
66 2.855514526676077 7.505262400400938 -3.0328124696319008 -0.42725872144259475 0.5167780607369209 0.5224534416481212 0.5267189214393788
67 2.747755966571696 7.565189084584741 -4.081002845194955 -0.48708947259341506 0.4937745467593667 0.51646415899853 0.5021905167674839
68 2.7618141056588192 7.566130238236403 -5.044739420280857 -0.5769852200203279 0.42485097240743724 0.48303566697241085 0.5032556522832743
69 2.8941340749271887 7.511422693039558 -5.986120560462955 0.5817930972354644 -0.46742096326501165 -0.5141489609173087 -0.4227118180240854
70 2.952101986418438 7.473975029783205 -6.006467694878166 -0.7268853820864228 -0.10854206312115766 -0.017148126208685246 0.6779101737029827
71 3.9414786619300473 7.585425818390745 -5.883500406810934 -0.8058283769220023 -0.06224246446832708 0.015779410523051086 0.5886573814772965
72 4.926290870743417 7.760836329686393 -5.832731453633073 -0.7405640187413068 -0.043717904265980115 0.04495298696376398 0.6690537407079888
73 5.973804825889817 7.906872544423367 -5.892038309006574 -0.7030782187542935 -0.04748198953409111 0.02874488723429003 0.7089430234095422
74 6.96814076497402 7.9685560602812595 -5.863362549996362 -0.7031046909017246 0.000867257543726232 -0.025701984399274628 0.7106211715775735
75 7.942379005054113 7.961372864349745 -5.8194101951295005 -0.7183743116704605 0.014841583593176451 -0.01459230439920409 0.6953453389365308
76 8.935893386632088 7.875169302314068 -5.803386178597697 -0.7195940354829553 0.07165980953588888 0.0014459193003517196 0.6906860394651186
77 9.952492091810816 7.770313501020502 -5.95412830956245 -0.6996893189744413 0.1307098927166115 -0.07879421706095865 0.6979550502839316
78 9.952555491676112 7.719246794290265 -5.960430333120272 0.9904795735957508 -0.076385317373289 -0.11431628455743696 0.006876384540156085
79 9.961190377487654 7.7145507417179635 -5.907973380839272 -0.7008456829218757 0.71238721892434 0.03493311686926596 0.00997278240069452
80 9.907232904070854 6.703690152340571 -5.976397857598834 0.7388741434982239 -0.6737976894686913 0.0024498745554443605 0.007461357187667127
81 9.957542897959048 5.659018659722192 -5.910655251882355 0.7519074921393746 -0.647871481346331 0.11440435214464356 -0.04253599808575834
82 9.944880787703733 5.6522845611121255 -5.93695386350453 0.9962632166117065 0.02861488479195837 0.055711239140410665 0.059473098357817784
83 10.975947329514945 5.767207052904591 -5.804431720181044 0.9996074922810263 -0.02698159246148699 -0.0071722628247449715 0.0023267337305119488
84 12.017245076001721 5.664413983929217 -5.76321873983131 0.9959672826574334 0.0654897110448924 0.06069460847259442 -0.008742661241454747
85 12.04430559475415 5.620642282336971 -5.806302209898171 0.626707637482725 0.7760915307191251 -0.05607955462644802 0.042125486581937016
86 11.852511995074382 6.603042923973926 -5.989330980715907 0.6406009216472137 0.7675278986187376 -0.020311816731742042 0.010900189342464672
87 11.637329116583448 7.636793324640148 -6.077225451676654 0.7187447852679129 0.6944232075012282 0.026838173002843864 0.021495464725330114
88 11.710002983450662 8.593113383630444 -6.112373612558334 0.7065415565524542 0.7076417407282171 0.005970621979033361 -0.0025587725099164155
89 11.657952887462947 8.645763072568943 -6.123440428636954 -0.48881775123869026 -0.47636348361108377 -0.5115365054501515 0.5219822230188551
90 11.71708394683168 8.570477333244254 -5.099692683603104 -0.5101632329746706 -0.5174437399015528 -0.435466162101195 0.5313705613057431
91 11.698698149823258 8.570154899575067 -5.098588554277618 0.7091554878956674 0.6999303491622646 -0.022141626424120972 -0.08188863589255353
92 11.744464527981654 8.60916786665026 -5.035088146415155 0.5457019563358053 0.4896549376920657 -0.5320039140367977 0.423579098037876
93 11.65890782682372 8.686475859624316 -5.974467075935514 -0.5002318481183065 -0.5093697718583374 0.5214731125144809 -0.46730752890317195
94 11.59477186488652 8.658877274356342 -6.922052579006084 0.450456446227789 0.5621523235609495 -0.48985519520043613 0.4910352766370254
95 11.586008630778247 8.691912391757175 -6.968887815122816 0.7278465666948206 0.09806405828253327 -0.6786918777622263 0.0003884370031413865
96 11.647781942160412 8.839727866705937 -7.971801161069471 0.7287070973451218 0.10314467192595736 -0.6746090117480557 0.057007229370018765
97 11.703281010711526 8.92221571048709 -8.96501188333132 0.7380289603042326 0.07301393557860086 -0.6642143478725575 0.09381641137781221
98 11.837296218581326 8.859879229596164 -10.008065905202434 -0.6767495670620901 -0.02211921666312865 0.7346281983487696 -0.042920553658170886
99 11.812081447404413 8.797757247142709 -10.970939313239798 0.7217008610236455 0.019625591868494285 -0.6917692917946723 -0.014763138942550645
100 11.893519654667683 8.843760401497427 -11.966116049722373 0.7109050303335234 0.009986751577379787 -0.7032167981880431 -0.0006613513297437208
101 11.951355520269258 8.87048888847328 -11.948450130443222 -0.04376235453531735 0.10450988466303222 0.9928563699564464 0.0374001199216274
102 10.96387561645838 8.917949701301207 -12.060419036134716 0.0065555422392630765 0.14900653175191025 0.9858847308290806 0.07606165840479266
103 9.920992435174092 9.033207591256293 -12.014030805607645 -0.034509535022917426 0.1159977099709445 0.9926211897435097 -0.007536374869756256
104 8.868413419733482 9.053912345826223 -12.072150245752136 -0.014518953798807636 0.05856645249937445 0.9949032926303052 -0.08078743055453277
105 7.9028453703337975 8.893790858117855 -12.11532434847688 0.041877796635676895 0.0407694959861299 0.9974624505219615 0.04065412826148235
106 6.855026510973651 8.932042060108738 -12.07572134056781 0.018668276019941324 -0.001663271492881502 0.9998235685187363 -0.0012493329597610527
107 5.842733643791635 8.882375761761427 -12.000467980187802 0.01186484780883151 0.012841649604665889 0.994784620760206 -0.10048818697178478
108 4.885797696683269 8.715564380275877 -11.967721931613296 -0.006278564181142209 0.032719222972607036 0.9988962512721444 -0.03311059157352402
109 3.8974969655285374 8.70092179949561 -12.004548563798506 -0.020439183085422502 0.05833763993049647 0.9978357943201055 -0.022420685442340053
110 3.8878853858894353 8.732073776448054 -12.030091468818005 -0.04760688554473337 0.7107162561658517 -0.7017298705195584 0.013826658704489634
111 2.957513377252461 8.601830636375714 -11.95709717229175 -0.15043352602205756 0.7583933179872159 -0.6341980374701222 -0.0014760589275820773
112 2.039178737867719 8.337648228524237 -11.793970930731547 -0.0923783516454734 0.7949100094992058 -0.5988492203187809 0.031047194218256483
113 1.0173658128431786 8.145331793681557 -11.740002074427 0.039564737722729844 0.8163854099232397 -0.576132555016732 -0.0045577454171201355
114 -0.02891196081911085 8.198983760463964 -11.776397069798664 0.06724000017388519 0.8055420032742115 -0.5884999273756968 -0.015770187582442786
115 -0.9730580159137177 8.326213829064558 -11.80300435107152 0.09377144495333105 0.7603900326623765 -0.6425343346787605 -0.012788397006568508
116 -1.0086443009469976 8.386935125829398 -11.8320160815753 0.06940113915980624 0.9935285935164762 0.053118768349416236 0.07254524241833307
117 -1.9684875147649308 8.532206180449544 -11.965281098780357 0.09411095035241691 0.9851962839753418 0.11323837608341501 0.0877979569633261
118 -1.944054607984594 8.571034668508759 -11.902496056972538 -0.06419841564732875 -0.7806174789344577 -0.08650595918308356 0.6156554507483865
119 -2.177279733930597 8.5733779427582 -10.979519563054284 -0.022552351468569702 -0.7279125621250278 -0.19232365567111007 0.6577585459825798
120 -2.268687755308741 8.325918632470906 -10.013134350013638 -0.06214295942796387 -0.7572066899478442 -0.14271691026678154 0.6343564966291955
121 -2.268102247749411 8.275483064302811 -10.015212158123978 0.5821661647699274 0.40275780755372986 0.5641887839806313 -0.4249231943328616
122 -2.2251051127375256 8.244468473826903 -9.066665505911383 -0.5781230846654878 -0.3452745847108909 -0.542086441022007 0.5026941919195814
123 -2.0644815683300486 8.106476885036994 -8.080952367002155 0.5960844347496974 0.37737079808665464 0.508957523290049 -0.49319049756360267
124 -2.106873952389823 8.125081331155162 -8.083849575306614 -0.6717245652435099 0.05971168146997725 -0.041602014269121995 0.737217672029908
125 -2.097349100474197 8.141989078505922 -8.132917417146862 -0.4646210526212267 0.5161174393570205 0.5291850428987607 0.4875584648274847
126 -2.075104260701749 8.127664232631485 -8.110973516865245 0.03231655098569835 0.07900396028010791 0.6446969224081921 0.7596577472979876
127 -2.12830078500597 8.1224576786455 -8.128832703708461 0.031504343107706126 0.026278694609526514 0.9959905910909935 0.07949622024465054
128 -3.1099250411211687 8.234437919546039 -8.04569812537653 0.004556172013689504 -0.01861158118654742 0.9982459159209063 0.05601733383113154
129 -4.130884454273906 8.354392433853853 -8.078499195751343 -0.010553407720607536 0.001018830723717324 0.9997663039765754 -0.018839453348158553
130 -5.0837376279098665 8.301195157670731 -8.130827138689616 -0.007743160189020472 0.009043506075539873 0.9999116547044663 0.0059111127822833644
131 -6.106908598441788 8.287067847356079 -8.09005595108816 -0.001700339830355395 0.0005135974839550481 0.999997129304937 -0.0016082425100696733
132 -6.147483822311153 8.266422272378398 -8.133354202607153 -0.006928767245322579 -0.6773829011494933 0.7340698425300106 -0.0473905444442395
133 -7.15099609040788 8.192375944898137 -8.186368159035837 -0.008065230473368669 -0.6877762311194794 0.7171481375214761 -0.11223794729935989
134 -8.084037332195324 8.03453836779749 -8.317769274151017 0.01845001525983516 -0.6827809032713796 0.7108486099800371 -0.1678215979970395
135 -8.119784839714242 8.005983662279192 -8.287627077147775 0.3930438952139938 -0.5159985637382825 0.610472246482811 0.4545169027982028
136 -8.084795373794874 8.011247982852245 -8.248567957728962 0.6773633375383243 0.014437155482219098 0.06814178010463398 0.732343618327282
137 -7.0685250306616405 8.135285349673028 -8.186085574105254 0.6409845886760285 -0.07267335812375203 0.01008567939970581 0.7640390167850634
138 -6.088665427718249 8.085865643256595 -8.04492087157424 0.6983968591040527 -0.007641382925090784 -0.027547589130697728 0.715139543581302
139 -6.111833357258542 8.104609784105742 -8.014889925752705 0.48267215510385325 0.5016502991175068 -0.4969182345566023 0.5181185542401144
140 -6.157407223075401 8.05970168734444 -8.999578040102588 0.43895727764233966 0.5354399798042025 -0.4601747986490591 0.5557514652435955
141 -6.126007158715989 8.020689190380429 -9.049803617586122 -0.0006373700015388316 -0.6196614611879997 0.7848657129210819 0.002253876375530937
142 -7.105415227382348 8.08440960957633 -9.012974106802767 0.029914130207879808 -0.6620027030324135 0.7487114701397496 -0.01699118809439531
143 -8.101410559408023 8.019488394518497 -8.945729433799553 -0.03420683463681573 -0.6749013729751329 0.736541161538539 0.029071404848597753
144 -8.098091247708227 8.062480967083772 -8.96471694342355 0.0684066141676764 0.9933947873949518 -0.09207660090415568 0.0030382693412601826
145 -9.063825516672267 8.199706022495501 -9.05516976518279 0.014647118008083975 0.999421293073819 -0.0020459437859035165 0.030632580673809754
146 -10.09772000595926 8.237926524141725 -9.096529104834246 -0.007361128420894864 0.9999057352459159 4.8608563365012436e-05 0.011590170313826986
147 -11.071887996054343 8.256330880869138 -9.079307367219153 -0.02881307653653391 0.9994534138788337 0.015559810754464044 -0.004535680294099426
148 -12.101896823453993 8.206978974229513 -9.067417224137474 -0.06381867100611471 0.9968059120722188 0.0359931262321108 0.03177492333467644
149 -13.075010491181619 8.085186291461183 -9.1725364852426 0.051484464992466825 0.9986415757077379 0.0023150815170480603 -0.007680724573631245
150 -14.122882185089836 8.140752532563601 -9.134205870799855 -0.011000255448138173 0.9999356187037063 0.001964920270070243 0.0019727939689553027
151 -15.160319044082454 8.115976061553887 -9.112152847767264 0.029488150915878534 0.9992234854038365 -0.0257861882541884 -0.0042364688469368585
152 -16.168783390878364 8.169195496334224 -9.07095891893274 0.0016759005675582226 0.9999064028041169 0.002631413700950328 0.01332113548283514
153 -17.13556553417397 8.160861094057292 -9.06169621948294 -0.028940627903004605 0.9945775933060538 0.09317682307014243 0.03599903599644143
154 -18.119965168457195 8.081925909746253 -9.098073870197997 0.0057521040002464436 0.9931736188368507 0.10072316665121411 0.05854844016569325
155 -19.123515341866824 8.054888748806665 -9.187874180226407 -0.0841509544577269 0.9956129602101494 0.026477405432928126 0.03118328601954761
156 -20.098024857688323 7.862456654526951 -9.201772580221224 -0.04797030517545294 0.9975781809553638 -0.023387249124415543 0.044605596975645916
157 -21.09582251750976 7.816285200763395 -9.343084901459568 -0.016600755834491047 0.9990141478887193 0.039145986300436475 0.01275691892527011
158 -21.056019316158114 7.871705135513651 -9.341221301919404 0.022184540768384445 0.6896915742563865 0.1229851521088221 0.713237709961702
159 -21.09665005863791 8.122792830353742 -10.288480961711103 0.04901888328549104 0.7022836161959823 0.05183896663610906 0.7083132026457215
160 -21.105422572396623 8.176830882171416 -10.321831008005525 0.5076370438211014 0.5144145510301952 -0.4754955864760405 0.5015837404370111
161 -21.15513240153989 8.162150413528407 -10.272627586937881 -0.08568099137516236 0.7871594081554333 -0.6077694231599997 0.06045793695718254
162 -22.082751320102194 7.934603351903192 -10.256119934476354 -0.02887145339464007 0.765624096265073 -0.6338133406671538 0.10614533239626794
163 -22.030711916746963 7.896034383076603 -10.311635407571794 0.48393945291231766 0.526246505880717 -0.49409307845175676 -0.4947112802325506
164 -22.05419311314682 8.919837546089044 -10.24777105504835 -0.49702786312221753 -0.47658149071212497 0.5276118827473038 0.4974525979172458
165 -22.1139358252843 8.951660175225339 -10.297495508540024 0.0003742359215056364 -0.6953986647984295 0.7185313085591155 -0.011546235939100305
166 -23.09075734350486 8.942890907199965 -10.308780595627871 6.33720537075124e-05 -0.7011938968859401 0.7129606753008004 0.0037670185184297523
167 -24.043507181324266 8.99106816373642 -10.32010271170656 -0.06034888414652082 -0.6999906038934617 0.7091172752616027 0.059362080225484386
168 -25.085469872922467 9.179719021039928 -10.272606540063142 0.04221460739681038 0.7373806620387252 -0.6726392735427767 -0.045211656257090165
169 -26.06017654142052 9.280398344641876 -10.215570463856096 0.05727250679212571 0.73420885948381 -0.6748170744422364 0.04774019964820462
170 -27.111325172901807 9.33917979375651 -10.31620614158537 0.031168789329065565 -0.6994433919535564 0.7140070890787414 0.0011509863449889787
171 -28.06858590668242 9.251792689927077 -10.299645046841363 0.0033093126204797652 -0.7055643536711296 0.7086165375388669 -0.005531184778008127
172 -29.05545739934405 9.225325672116988 -10.27235268254098 0.051657389685278804 0.7644742576402012 -0.6405395430565765 0.05118317377067434
173 -30.03817517626224 9.213231977514578 -10.428445279639476 0.060153067306433494 0.7586199157632082 -0.648668840123789 0.010303773750861603
174 -29.911806973718157 9.212544865176325 -10.400313005392222 0.1605547179266274 -0.11083437085730184 0.03222217500297028 0.9802548934977295
175 -28.928213291535187 9.205641319026704 -10.217282272180555 0.19998815275412182 -0.03085914224913253 0.029263030458965472 0.9788749292662468
176 -28.95849957516263 9.2333582099684 -10.263651738891353 0.18005641878305811 -0.7083758396571347 -0.08258125653276942 0.6774685910907889
177 -29.00757128051146 8.913231295032105 -9.318986278158738 0.051035532375147546 -0.717664903106823 -0.08750342974390539 0.688981575273905
178 -29.109872260135678 8.693673210607281 -8.30651819615701 0.09848410276904404 -0.7674903968182347 -0.045140640534485264 0.6318399281983531
179 -29.057230013539343 8.735248589141738 -8.349130874019865 0.05957854904967788 0.997821044516236 0.023073514773812812 -0.016467317014166694
180 -30.02884806394707 8.801191230550758 -8.362886856322673 0.01913813783465163 0.9977724722917283 -0.06260298468389246 0.01283321961717071
181 -31.054652264908796 8.808247603275362 -8.400605012816932 0.0023787993180526884 0.9997522167962554 0.0025158211270797657 0.021989019278604284
182 -30.102580945693667 8.861550578285932 -8.371857927591176 -0.07064407167789546 0.024374465447579787 0.04272673838025469 0.9962879736292607
183 -29.055078237254513 8.971975723843705 -8.393287117709678 -0.031511255253722885 0.03074571002393394 0.015728677243007975 0.9989065776235755
184 -28.065775857659442 9.034799216212615 -8.503052150547699 0.03731091516137417 0.009612904730054208 0.07533467027019726 0.9964136566345085
185 -27.080942690225818 9.161164904122744 -8.495697442540294 0.023528153602601493 -0.032119814471019456 0.004956678196771137 0.9991947632206913
186 -27.03664433131101 9.118044151464895 -8.51245851752816 -0.6624621203098267 0.053053577429447225 -0.03806383665610714 0.7462441969057874
187 -26.00122912846205 8.995625641544924 -8.486790464306205 -0.7176499197243155 0.015098578130260698 -0.0042499011179828045 0.696227379523827
188 -25.042720890476826 8.924988052074577 -8.458159973372103 -0.6669145062316061 -0.06523741510531374 -0.08537141461998808 0.7373471655970564
189 -24.031779494278744 8.933660242247347 -8.283448760051025 -0.6909545264303553 -0.02795119218592049 -0.10332029492746686 0.714930409142659
190 -23.02316360503906 8.860008263681737 -8.065426645931716 -0.6761108784864406 -0.054652927605903366 0.01374017796793512 0.7346416439365574
191 -21.99305093607984 9.009942268824632 -7.951144167044393 -0.7174268962257468 -0.007110786752531697 0.05119863252326883 0.6947134555422106
192 -21.03880376141725 9.056524785433457 -7.984122795331698 -0.6898538656969229 0.029824552594352516 -0.003988420886860917 0.7233230485366742
193 -20.002903525893068 9.037322170941794 -8.073856711106886 -0.722200991945378 0.01549110628528811 -0.010485421361079442 0.6914302631488224
194 -19.9532984744911 9.063848267712723 -8.022602351737088 0.9983147910680968 0.041445826499291766 -0.03139521195181231 -0.025771341970358706
195 -18.90955196434828 9.136671872765737 -8.109388206433641 0.9984873305061146 -0.009906809108967959 -0.002030874700426171 -0.054044255013855354
196 -17.924115926673984 9.114306076803022 -8.098721198235777 0.9992640002302737 -0.009249852127600593 0.01863596645268264 -0.032227299511194664
197 -17.962811169827226 9.171450374477507 -8.113989232145837 0.6643301210470383 -0.04690825670769494 0.7452458765678395 0.03276719672026246
198 -18.044048412481068 9.16548744203179 -7.159331705772529 0.7073432811310967 -0.026351098862651356 0.7053826196586102 -0.03750282803978881
199 -17.991031612202473 9.076634518115053 -6.168292234961854 0.6937205690268632 0.012491046966648987 0.7160615673330561 0.07649560538520368
200 -18.04361345860997 9.031178973752604 -6.192238291196519 -0.0062197769248130644 -0.0036653465202297177 0.9999311393548668 -0.009251819192447166
201 -19.01938817767654 9.059010071707345 -6.236305025829192 -0.005938267758345597 -0.0016347230798911103 0.9996893643269898 -0.024150352129566517
202 -19.076787597768917 9.068632516180804 -6.18536710115181 -0.0006501172259907144 0.7466544723871321 0.665188768736187 -0.005529752175430778
203 -20.06463009021327 9.09258075852728 -6.1617073764690815 -0.04744953424404172 0.7581510471020042 0.6477178905814237 -0.05845567294034983
204 -21.01890879619658 8.996929923712973 -6.1847964339483585 -0.05920080937076348 0.7157374171934764 0.6950616277297843 -0.03323473268555745
205 -20.983688300126406 9.02009816853693 -6.170486481170689 0.5873122926270538 -0.4740587920297113 -0.4737836507938877 -0.4537197206083278
206 -21.0427572019513 9.054437606990323 -6.180142425086965 -0.04016059514410557 0.7859485927044177 0.6111836196481211 0.08441871414228534
207 -21.978053950305664 9.039366623781225 -6.38859868511892 -0.11954899272851889 0.7787677399157432 0.6141897593355838 0.04471895718170458
208 -21.98598590869447 8.989395153319554 -6.3955569422409475 -0.07756855540791191 0.9933611020251181 -0.07001394527967864 0.04811327947403602
209 -22.970901546341356 8.816319716720527 -6.429521932046797 -0.006541402053090892 0.9966362447093083 -0.021800403081931527 -0.07872831902417705
210 -23.9341495472859 8.758554417383142 -6.299021256577449 -0.05544864683955008 0.9977099856678558 -0.015607516160278381 -0.03544908322672979
211 -24.974841805938272 8.647432868680594 -6.23915347757189 0.010444581076727381 0.9998812216331947 -0.00642719659875645 0.009335121601988357
212 -24.965966064955875 8.704934687510299 -6.242694036805661 0.004351228258200946 0.7220785271318507 0.6913463651928897 0.02497740583650096
213 -25.967891866375947 8.751455499612247 -6.226608597212076 0.028605360304266244 0.7743318379198627 0.6236151811857327 0.1034216802232298
214 -26.98876327141455 8.89605225194733 -6.401811162196796 0.023758806165131006 0.7200993389892145 0.6932573738936709 0.016931469485989593
215 -27.951649804653734 8.940628589256905 -6.440689259939934 0.016311349424557642 0.7052384370490127 0.7087822802139024 0.000605015204817931
216 -28.973880045758822 8.971696669143162 -6.443844202614355 -0.025058968176419488 0.6828447390878514 0.7274077398115145 -0.06303245573736363
217 -29.992984305821086 8.863464975450215 -6.431212084156708 -0.004197727261950727 0.6987946234064666 0.7149718993337107 -0.021991738157662574
218 -30.038429438211445 8.868740878478357 -6.439504927230496 0.047905048402729127 0.9959375263654565 -0.006203514640926562 0.07599385712469016
219 -30.047712867271933 8.8732175020716 -6.40064919077911 0.7114125485517723 -0.699913779509139 0.05492755308145533 0.03155710583668202
220 -30.09584006942232 7.917333803254439 -6.334145902403566 0.758435136976138 -0.6497232943374887 -0.04591697079050487 0.022965530445707028
221 -30.150694619197978 7.9097874180646865 -6.29255011533372 0.5641197684963271 -0.44914759700370244 -0.48596209462254264 0.4938381976796861
222 -30.205331447932846 7.907634733145112 -6.241854917890998 0.15226816573780727 -0.6477298272586584 0.04612220412625196 0.7450726265733086
223 -30.149597863515982 7.868799509243851 -6.248393591114624 0.5775677224914498 -0.4101947069188513 -0.4619466502437196 0.5336301347191714
224 -30.173315258095542 7.883428984003847 -6.198040608956117 0.7404163877993882 0.09172918710551438 -0.6656285666374857 -0.017548224616575885
225 -30.128426026848906 7.851413311759509 -6.179321521901146 -0.5463475140600021 0.45118943685851276 0.4964381538872044 0.5014794565212215
226 -29.996570374617374 7.889541507462066 -7.205274099865476 -0.4965799787195397 0.5078485393921331 0.5115615972491195 0.4835317135329461
227 -30.054330522857807 7.823688022447258 -8.163568314991904 -0.48043486320877915 0.4918485116840039 0.5209913587886895 0.5058017277899622
228 -30.024928544274747 7.8541933495546346 -9.15801742375558 0.5200194338131036 -0.4820240770967037 -0.5016124503282541 -0.4955981509564524
229 -30.018245458052785 7.8913171514513065 -10.169970410678173 -0.504601556469612 0.4750392831497741 0.5020250229056814 0.517383634307796
230 -30.03345147095249 7.900606640853845 -10.163323081359666 -0.01674851517112709 0.7123057571737652 0.014213049639706675 0.7015254697846768
231 -30.025808215724584 7.855021769474793 -11.110676134362036 -0.025062608321480925 0.7372943205679425 0.018912943921801713 0.6748416488885302
232 -30.164143173795875 7.877543781091724 -12.153973367696162 -0.031225084367711355 0.6761308935298207 0.0442264062625172 0.7347897889259889
233 -30.111177014918194 7.858929060055688 -12.126145615936272 0.42865427794645433 0.4911405116835186 0.5478363426611068 0.5243203690885531
234 -30.195504043488206 8.807598175979658 -12.12105394903458 0.4828369703909569 0.5280930450640428 0.5653899932679715 0.41026863308217026
235 -30.148732136863607 8.863905235367863 -12.116905172071062 0.6891672444695566 0.7212852624778978 0.03356366157983965 -0.06057689249030976
236 -30.199693844678755 9.839089869413803 -11.997084417485103 0.6218554871693248 0.7752456069365162 -0.08343252614744659 -0.07300010673752692
237 -30.135250370130564 9.798359752427514 -11.988187939286973 0.4617769485856091 0.6049521673713786 -0.4659790155218837 0.4512853665264264
238 -30.267883619205485 9.92840379764008 -13.018686769976213 0.4998431463079547 0.6003917723432147 -0.4742553748477187 0.4059167257204207
239 -30.380732246765923 10.094246642817279 -13.944198377850325 0.4799680102067648 0.5375618434716679 -0.5171010394047234 0.4618056828018223
240 -30.360130853054585 10.146163741573694 -13.942115712867782 0.045142497128376306 0.09759172572762578 -0.6472123747763654 0.7546881156867753
241 -30.32378287748191 10.198929079459848 -13.946286497292604 -0.5165934643268235 -0.45715274348623103 -0.5047248628027877 0.5190331151347957
242 -30.30857179908982 10.15858149679498 -13.976390713494144 -0.6024649486244549 0.11113392629959698 0.08188983785346914 0.7861165884018102
243 -30.337816779718597 10.114962532559636 -14.017716712305692 -0.5085958061910013 0.545558536769999 -0.42103318107640564 0.516165912585271
244 -30.380295701856618 10.060525288048535 -14.027347976279218 0.6928650511704464 0.004007525143604693 0.717571766173398 -0.07080057202867396
245 -30.37783549553117 10.056007860615747 -14.023621885741662 0.43985912118662723 0.4894249160441092 0.5598318744358023 0.5035627840000095
246 -30.50286052200298 10.997527283737567 -13.99231892257936 0.5568875962407922 0.46262424536551133 0.4976903673915215 0.47766024636642657
247 -30.453159511221063 11.999837358231776 -13.92861002314586 0.5288610509634255 0.4187575099553069 0.4556416340358426 0.5808087791718022
248 -30.210670054922765 13.015015805927042 -13.946268864607829 0.48280850360424693 0.5216444371573713 0.4317501133958161 0.5553151083960323
249 -30.134163482095715 13.94756530314367 -14.091958431400316 0.4907908355783891 0.5476284101403444 0.46652447896691385 0.49151031590809413
250 -30.10028538013206 13.938318337182546 -14.099139652020833 -0.00026663204557027617 -0.0022921662899816537 0.7126755687876444 0.7014899917563042
251 -30.124539848288162 14.977770450283282 -14.072370909049503 -0.015252630527325152 0.030266737827881373 0.7133355882762716 0.7000025859536522
252 -30.15285723947991 16.021568356605616 -14.166631214118555 -0.04202572521786137 -0.030860479010952752 0.7451454917282279 0.6648606360826471
253 -30.11223478719981 16.02614446315922 -14.188642678560827 0.006349868938267077 0.005521081649560968 0.9998492893598194 0.015185367580338444
254 -31.08878138291362 16.037586757259003 -14.212853905425844 -0.026218130120385676 0.08305493744541052 0.9961995215482634 -0.0010001429601737939
255 -30.118168212941644 16.06334804800676 -14.106789405438278 -0.029139864236843456 -0.013818035391666676 -0.034336524464923385 0.9988898504328907
256 -29.1232847081655 15.988183008924317 -14.08969994235873 -0.08842212722453685 0.008499382199522662 0.05092275486331326 0.9947442691247058
257 -28.154742419608795 16.130824239705504 -14.129268901796546 0.01660148358784738 -0.004323706501058234 0.025347482657908652 0.9995314909634824
258 -28.129779266772054 16.17448927606593 -14.091214028291438 0.06456523169686157 -0.06859745797678504 0.7158153786078036 0.6919061087774996
259 -28.118418117357383 17.177113864137617 -13.928136467884029 0.008798458429935041 -0.008887940445404547 0.705775766500172 0.7083248965446506
260 -28.11202025629601 18.13617523495243 -13.931438139727423 0.07800091776205584 0.046283074446061584 0.7293956469338673 0.678052891802714
261 -28.170912777677884 19.126759095446136 -13.91475086412273 -0.0011881241926014767 0.005135702030359972 0.7011361721719678 0.7130079108941212
262 -28.181349826585482 20.18847374366562 -13.970587126401487 -0.0049243971656429955 -0.06015096897519939 0.6983348146625646 0.7132223341105492
263 -28.1458462122292 21.159177642681705 -13.86468078974868 0.010065854253251499 -0.1327867613440044 0.6681913827329005 0.7319744740299468
264 -28.11287300917534 22.09217128600037 -13.680177550846015 -0.04209404567858691 -0.03653489996246989 0.7459637327762534 0.6636500597345397
265 -28.27441472575395 23.037733587385535 -13.699287004276702 0.0033404497125506753 0.003695896732098905 0.7123580764074253 0.7017985129082119
266 -28.338251894478375 24.08590483331092 -13.69840321090112 0.02876502605184785 0.09583559715688524 0.7173072741851386 0.6895349055667203
267 -28.33616962102788 25.090890525287502 -13.815273383371006 0.0011029254826699668 -0.0029607267214730223 0.7126329740604795 0.7015299437189956
268 -28.412342462418803 26.115944348790837 -13.810169899840835 -0.030622856923750025 0.07198027775559744 0.6545981149014862 0.7519191367530659
269 -28.279508337157715 27.1467031893472 -13.974085830717039 -0.04965943152088177 0.10010213782419776 0.6706484729173017 0.7333103903789583
270 -28.23255951919184 28.149645519838632 -14.210227325483736 0.0015476173831609464 -0.0107719043001139 0.7002977841749847 0.7137678785416108
271 -28.252516436425417 29.158407175225836 -14.203065600340588 -0.014115726803344664 -0.09854568900437594 0.6916720475724121 0.715317602217681
272 -28.254571292573306 30.20015023599992 -14.094132835011784 -0.0036157903375574423 -0.02365954740658948 0.7335510457442481 0.6792127907837657
273 -28.261778752189485 29.76990574687572 -14.120498399567616 -0.7276055498787468 0.0325797672091599 0.04035399125037849 0.6840323661526607
274 -27.265326708719233 29.80700864022663 -14.273960361165548 -0.7054196465274271 0.1125793089042789 0.056115537404920396 0.6975385781170194
275 -27.328784602829874 29.784456993574175 -14.305802086806823 -0.4903836449121586 -0.45409499320491276 0.5448793690844839 0.5063872935757713
276 -27.30323418726241 29.73805305714836 -14.348311732431043 0.05807924929609027 -0.6574947774837056 0.751202795352509 -0.004666758771496634
277 -28.329770095191005 29.595048964753733 -14.30473467319033 0.02162313276405338 -0.6485260257751736 0.7595800455260732 0.044548720075164
278 -29.2708058840515 29.682611284725475 -14.189513682334418 -0.02033027555442497 0.715639694086488 -0.6941582329713725 -0.07477202512799166
279 -30.289817566033634 29.74799149688172 -14.084009461725037 -0.00875138712793009 0.7249558479374788 -0.6883228260441359 -0.023960778601773928
280 -31.28082208465725 29.783883625220405 -14.084848667554503 0.024178729998147783 -0.6661536336471471 0.744569757865292 -0.03564549153540681
281 -30.337013131780818 29.875521761783663 -14.02939163118494 0.06471933222374046 -0.06544579365582466 0.06948443248949603 0.9933278259320459
282 -30.30182041495657 29.825834084486107 -14.000481648211673 -0.022106826115861528 0.6604756164124118 -0.025105173358187644 0.7501019788231358
283 -30.151671399961288 29.710686438031846 -14.973644641350399 -0.01726538871642466 0.6896476173952274 0.001096531629463208 0.723938441990714
284 -30.17749454146033 29.706268388713728 -15.026173309203052 -0.48732846133329727 0.44352101228430696 0.533023845245426 0.5307406738102949
285 -30.099108646372933 29.847750084075074 -16.040210439188105 -0.464981564495923 0.48580732215333877 0.5638005145238927 0.47949178329114134
286 -30.15698504150933 29.8913847941985 -17.0496364159384 -0.5013359435633233 0.5339888320096168 0.5099835860356404 0.45103762698327693
287 -30.233252075669835 29.804781908467024 -17.994602838564074 -0.4932179822815907 0.5461405463832617 0.5588349093260409 0.3823219450526265
288 -30.22888325883613 29.831836745652684 -18.007269736680172 -0.6787251455207313 -0.006499916658400828 0.02141349849703133 0.7340513537916905
289 -29.202151290068294 29.82187112983802 -17.98352092519664 -0.6554494865499937 -0.05809576571926653 0.04000975760256798 0.7519375452013457
290 -28.166434729302967 29.918078410535916 -17.90314659741765 -0.6989540466570973 -0.04465682039977939 -0.03961724183803939 0.7126706695259717
291 -27.19459056005833 29.959923421274148 -17.830597023698058 -0.7011026165038906 0.017139054116928325 -0.030512154955994977 0.712201082809705
292 -26.237487866118936 29.887919616095417 -17.865034038689487 -0.6745624920902484 0.01311253726241782 0.005575869739161141 0.7380802228133385
293 -25.23088551764496 29.901257605642606 -17.867923483180093 -0.6405719579684466 0.04131477737564917 0.05628866127764923 0.7647170996168723
294 -24.249310825596133 29.940498950059407 -18.02025258118531 -0.6728727736315807 0.007598483570570591 -0.0022886133823832454 0.7397156587510889
295 -23.203522250648255 29.931468466883153 -18.080597453403033 -0.6894271978471399 -0.020840101459077796 0.021616344769599012 0.723732383328685
296 -22.20746711935171 29.936722442016134 -18.08395487015314 -0.6751538131225643 -0.08514128221475205 0.014462558480740396 0.7326043441661264
297 -22.201998014990817 29.944297648152038 -18.033979833775216 -0.43878641147590075 -0.5761654685620036 0.46861394747893126 0.5058663916184186
298 -22.288098937319386 30.946403154139315 -17.901768549811287 0.48496544507399103 0.5779200197371602 -0.472614605066334 -0.4554694314102523
299 -22.198254333480588 29.97003164679418 -17.92246461447535 -0.7002247295570297 0.025403499614447905 -0.004554297512847982 0.7134558491583679
300 -21.210591483249317 29.916434813430413 -17.985776546757453 -0.704955912534865 -0.0060114076779512774 0.001527296061672822 0.709224006733137
301 -20.189463010608335 29.945286968461 -17.993196531388786 -0.7230639520537963 0.023671600192815823 0.029069003497326516 0.689763125732544
302 -19.24564109718802 29.93061642164367 -18.098264704597124 -0.6825967090651751 0.0018392481987351268 -0.01197577690779068 0.7306948273437489
303 -18.296674873164335 29.952488281095587 -18.045626928991943 -0.7056386297060178 -0.02748884394604582 0.016386301821014318 0.7078488375619153
304 -17.294408222847228 30.0556694399445 -18.054240517706052 -0.6847260619183317 -0.06585114456903259 -0.006520631136142485 0.7257901406455917
305 -16.35183827642097 30.08621373398895 -17.957277698135872 -0.6186367148664461 -0.01875192903855096 -0.05696612240474474 0.7833848614025883
306 -15.408999025368672 29.96918709284631 -17.8376206919313 -0.6899317248698502 -0.027148052870053074 0.03241992474539516 0.7226383235913943
307 -14.459871676196725 30.077863164743444 -17.78564511075528 -0.7004911155273841 -0.03532293717980277 0.06058801296988948 0.7102067162879785
308 -13.419038582977223 30.171926574644754 -17.84900168351334 -0.6577631132776283 -0.06880568731346158 0.08097731977288201 0.7456917177272685
309 -12.42586311388007 30.426023857539082 -17.88209673114219 -0.6988803851665075 -0.03858016861619152 -0.008711620697599712 0.7141441629558283
310 -11.385313834802847 30.501273248077602 -17.79080852943517 -0.7363678867900353 -0.022792954457928862 0.06521219569481397 0.6730454561648255
311 -11.410505419738646 30.44870315282253 -17.791275482442003 0.012367642497399575 0.023800300080463615 -0.015071542461191082 0.9995266058204638
312 -10.46290310764975 30.368034937253956 -17.85158824319909 -0.059173917885840484 0.013211423522461019 0.007496073171962945 0.9981321128074933
313 -10.414172287194434 30.308149965091182 -17.89175440746198 0.682911169154964 -0.0732031462255416 -0.009676988269032327 0.7267599261957989
314 -9.475498261179991 30.162789442971864 -17.824423614329913 0.6343484814255883 0.020372737459040675 -0.01726212978283491 0.7725859010859801
315 -8.493464097828975 30.100349995701652 -17.910371720495192 0.594365246033951 -0.031826974190500526 -0.025225920165728322 0.8031691297433377
316 -7.4442468034856555 30.01758330622359 -17.93669953746806 0.6777455793979019 0.008892288663205095 -0.03229960872079249 0.7345329074217277
317 -7.414068103015651 30.00436070432046 -17.894493333695987 0.5009157637800425 0.48671425268323526 -0.5028703182426468 0.5092289041896526
318 -7.349209822098667 30.016693079696626 -18.94478706319152 -0.4858905038301367 -0.4901444480467213 0.5323644234924528 -0.49016013601293695
319 -7.318574911175181 30.06343900895256 -18.95413844458225 0.030023922208122823 0.7606621205634948 -0.025416329078612847 0.6479550236330107
320 -7.263026103229191 30.022057036784126 -18.96077995753935 0.01481024216091242 0.9992558864480343 -0.03417942496107667 -0.010004850594491256
321 -7.278375871157875 30.07493129189652 -18.983047702661914 -0.025137807393848133 -0.6698031123878647 0.04254691114919532 0.7408924629300947
322 -7.32886672125337 30.024705269979076 -18.973489554595567 0.0009394992842067018 -0.006099076428208501 0.021724496103217663 0.9997449499131662
323 -6.341151298148545 30.120492842112224 -18.960499450481898 0.04151822542374159 -0.045899110974862406 0.0404599572333452 0.9972625032708572
324 -5.375467963673673 30.260590672123595 -18.914910329207633 0.07179598768532304 0.07622193869149306 -0.0040226866280855065 0.994494530003404
325 -5.330112715248102 30.261023079937875 -18.87373039835948 0.08010473211338806 0.721818731903721 0.12136666761601021 0.676632161634171
326 -5.3566602083685435 30.216088786082842 -18.865502377452238 0.05819972168285386 -0.0020453288233488465 -0.0274847967922091 0.9979244435183124
327 -4.34214247199353 30.178047685219003 -18.845078599732226 0.0625581340955858 -0.01387430109659416 0.054137997760394366 0.9964753187239789
328 -4.3293960345136355 30.163329124188117 -18.810321924028155 0.7189643653287472 0.028411084302378375 0.019926797340123564 0.69418007348523
329 -3.283372496659241 30.217090497282864 -18.79088083582064 0.7243094132622218 0.019154211940937055 -0.06654574305086632 0.6859888148552168
330 -2.2920608076967 30.138865299013723 -18.866673088801942 0.7126130890860704 -0.0011938971861123308 0.0188106793215501 0.7013040126907728
331 -1.3333285149465774 30.16811201633901 -18.866438671579257 0.7604655321622723 -0.0514304701755423 0.040820475242147755 0.6460501295810407
332 -1.3499081937845578 30.193816708763013 -18.91630340680339 0.5278565293949012 0.5287323695400014 0.44444779470010326 0.49424257562658436
333 -1.3297612227594247 31.13652022495542 -18.989295786651542 0.4925940835249853 0.5162528485272565 0.5467246485236785 0.43809385291320013
334 -1.2376013043024507 30.18751837485331 -19.075317511073393 -0.6508104204239309 -0.04966682559862185 0.06313901477079614 0.7549784552663449
335 -0.22929351418793326 30.374114591212546 -19.099606952600865 -0.6472893911061053 -0.06091669244745599 -0.039594179724672184 0.7587739463599684
336 0.7544095461867182 30.37230935426767 -19.00986242440212 -0.6815466393398741 0.03342590428540799 -0.012935332850146867 0.7308964116010439
337 0.7496365110464552 30.37324738871632 -18.986673282165505 0.06552869178551951 -0.013303237497126015 0.0410455800240137 0.9969173861386237
338 0.706312056889461 30.32639082968638 -18.968725781853266 0.015074295193705203 0.0023860813674675733 0.7033041895247533 0.7107251854528953
339 0.6595568512871023 31.332152165757822 -18.906777968717318 0.003707259835389621 -0.03014004465120272 0.7278154845002829 0.6851003243719522
340 0.6677928252840517 30.26709114323587 -18.976253041264723 -0.700060188570664 0.016423452086482767 0.05896503496265783 0.7114556396935944
341 0.7099539683025058 30.24052703348951 -18.921275962102623 -0.4678922317807533 -0.524019693617228 -0.4560147369605348 0.5463797029679527
342 0.7216952817565127 30.276402624346648 -17.867715122391896 -0.46098263687917773 -0.5849593298615313 -0.42542439245960434 0.5141319647758207
343 0.6553155914173062 30.397019713079146 -16.852182569581192 -0.4178448313080197 -0.5430448920824027 -0.4979539213886623 0.5315541687410971
344 0.6264582824263055 30.28313826370762 -15.865980061632493 -0.356527581294835 -0.6322436811803405 -0.42932306401073184 0.537436245606887
345 0.47240985658139667 30.219597542354435 -14.924430152303277 -0.4155074520146764 -0.5957813834552396 -0.43730643974090694 0.5302463372900981
346 0.41769436304534674 30.291097843912805 -13.884994907930142 -0.45346410211289917 -0.5136339398408127 -0.4484333481969583 0.5739843344233465
347 0.5247011571305882 30.28781932017209 -12.856089487868925 -0.4346174134788217 -0.43919981208216097 -0.48093792933242674 0.6220208494073257
348 0.5449487982022848 30.28247348760446 -12.838981933846815 0.7273956292342535 -0.06265969394372894 0.6817037193623278 -0.04742784343982128
349 0.5850139473435 30.098834475188497 -11.852761232509993 0.7191928745454929 -0.06454388060216125 0.6890724865011298 0.061439441948598406
350 0.6000032260477098 30.097974928936356 -10.893908109737865 0.7041769538938649 0.003888341447911599 0.7099661962386444 -0.008227916137922684
351 0.5836768479989075 30.072631033475194 -10.857525205554708 -0.4773339372817935 -0.519816416673666 -0.48205331738769314 0.5191991953683385
352 0.5393884775502222 30.087953957964434 -9.807594617923815 -0.48474961661742194 -0.48869079345457567 -0.42884460637643335 0.5850567674711942
353 0.5997560340251623 30.059023212718696 -9.791235150907283 -0.011729955140259749 0.7044153850307313 0.7096864128082789 0.002562998191796722
354 -0.39578115882160575 30.064577402665165 -9.85515030755107 -0.00386573135946139 0.6897457531310001 0.7235249148048584 -0.02734135723457452
355 -1.3521759811400076 29.995063017456935 -9.859185469364874 0.07015632729052661 0.6577957971573271 0.74983592066064 -0.011352139457915739
356 -2.340484910786426 30.02421061116479 -9.786128828963697 0.004046759600357957 0.6527551948888052 0.754560986600692 0.0673201068225918
357 -3.3832640763167734 30.152773192949837 -9.916475269136246 -0.009279712692638586 0.6920978176602911 0.7217426401750113 -0.00143494787666772
358 -3.399261256192844 30.12226966905357 -9.876603920067513 -0.057554658353581346 -0.006663554979807844 0.9963853740555154 -0.062122819519758156
359 -4.4313881305159635 30.029674636437132 -9.953854845787339 -0.004296813314579241 -0.0018555274738212152 0.999559170624193 -0.029318233818039163
360 -4.429790948644868 29.99148049261789 -9.93253647007597 -0.016427620689611035 0.0035400115104522985 0.7150784913548947 0.6988421515611322
361 -4.483898674304147 30.935700488599426 -9.908921711935657 0.05862296266447642 0.05172373210007212 0.7343423876704186 0.6742620124673994
362 -4.398278195976291 29.988511577316945 -9.972850261456529 -0.6582576874745519 0.05654207639121948 -0.03697319102653765 0.7497551557830994
363 -3.390334185979697 29.904885073549938 -10.003177981012309 -0.5930720999157483 -0.0012572370547477057 0.0333449542977152 0.8044575922193762
364 -2.3589747343450007 29.98713372568857 -10.08342491377369 -0.6170720248196306 -0.00869234852994553 -0.08236338190349392 0.7825361541701793
365 -1.3669619695664175 29.91177610578228 -9.93964244784232 -0.6856549995180041 0.009885490739097317 -0.03812371630307669 0.7268604274302296
366 -1.3819525853737302 29.88589170136641 -9.967850008740735 -0.448445339757867 0.5008528051393506 0.4406053296017039 0.5949035118068028
367 -1.3228206677115781 29.955051901272032 -10.999769299138233 -0.46423548699919004 0.43152510714520126 0.5377621546033845 0.5559526594866464
368 -1.247465823404248 30.108954221513024 -12.038175877912995 -0.45603020283489404 0.5460644144898615 0.48669387725737046 0.5069311384896381
369 -1.362230092939003 30.156770328628426 -13.013311787140534 -0.43187958911854135 0.4918255390178258 0.5244586643740784 0.5445463883229589
370 -1.350692915006108 30.30186671555197 -13.971591210273903 -0.4609359637991786 0.5225830728966064 0.5047150153760158 0.5096152690534788
371 -1.314032487857594 30.249611862824647 -13.96437522260919 0.004886788741724546 0.048038528484671245 0.6751952052392559 0.7360569637594225
372 -1.291498246570831 30.283851498441454 -13.954694534273061 -0.4298013264410385 0.6535364561625249 0.428016426183842 0.4527282398667702
373 -1.4738533331399277 30.14456957750032 -14.980078621887593 -0.476650010512541 0.5289500263864554 0.45218296586189677 0.5371658984415335
374 -1.4166268992440942 30.108213348791654 -16.00765230970422 -0.5261467746850115 0.4666504554465557 0.4981233112429697 0.5072278489164657
375 -1.3170852966487958 30.1148455005105 -17.018900545129892 -0.5036503987171718 0.469575166075895 0.5251207638441384 0.5000836156649949
376 -1.334078536988279 30.16999225198111 -18.017955611484414 -0.5258480568432855 0.5083812357108951 0.546775494436502 0.40751551991908613
377 -1.2800205459640421 30.182860550953272 -17.983148095352888 -0.07646546097149838 0.7375615397715825 0.0024863212632180265 0.6709320580615937
378 -1.416843875110222 30.06593016919174 -18.95998445504402 -0.02941530379218531 0.7154300972371213 0.1085951551970106 0.6895662463736418
379 -1.4323175334023293 30.156666575968785 -19.968361721980674 0.0020960418833942222 0.6685864990527342 0.01963398142408474 0.7433721858304023
380 -1.276262168313913 30.142682512672607 -20.940537980303883 -0.05913628644920575 0.7049453026300385 0.0016791225401561237 0.7067900681760712
381 -1.2971545835857943 30.10699582070729 -21.989317146665204 -0.007350266026433967 0.7192563461454569 -0.011240001593031092 0.6946149613152712
382 -1.3152539940449643 30.032724983916292 -22.966721205145287 0.08387496404505745 0.6836676462973137 0.03248424551696497 0.7242294619842001
383 -1.2527921222574727 30.209744579445168 -23.976932181220175 -0.004179829195698694 0.6835373125342237 0.027625684458479488 0.7293806228297993
384 -1.2332510348110337 30.225138559233372 -24.996269815285764 -0.005010486558547572 0.7022599404242327 0.012724491437176444 0.7117892654553488
385 -1.2261734417228478 30.277381809991674 -25.040463923406552 0.023492144178745164 -0.04253209634764902 0.023755905711475418 0.9985363272740692
386 -0.20499014371959934 30.330784629716977 -24.951140036826782 -0.04676069529425345 0.0586684276840006 0.005168953306210322 0.9971683583479789
387 0.77479981600508 30.338580584020765 -25.022624706176504 -0.012121262266141955 -0.03098240081360365 0.08299932131419951 0.9959941156966154
388 0.8025614941416679 30.29780366429029 -24.974769625698055 -0.0024221656649111895 0.01768518934782817 0.6939923278665201 0.7197610826195261
389 0.8214190943925891 31.326961096158737 -24.99959550492434 -0.007592443724750926 -0.020984941501156183 0.6451715537121966 0.7637117606198491
390 0.6913744316540434 30.337084596756107 -24.9681846630395 -0.6558472265547005 0.09574513870258758 -0.012907297360056236 0.7486859725613865
391 0.6957079591045828 30.350543918929635 -25.003797020428063 0.5116385312105437 0.4084054755677926 0.6002072651369035 -0.45954566670119096
392 0.6215872091037308 30.26590682095629 -23.984207462900354 -0.5075030535689697 -0.3612789903989718 -0.5862301861967643 0.5179307970242508
393 0.6631172936815452 29.981500875765644 -22.968936813539717 -0.48478245119078944 -0.4408980591712061 -0.5489510635535377 0.5188907459764076
394 0.7025053869270504 29.809772619761272 -21.929922031518203 0.5162157199079316 0.5109640077221618 0.48776271111101827 -0.4842774524816021
395 0.7417543584427023 29.911940593200555 -20.969696107561848 0.5252822046460025 0.547367241340618 0.4357096231478406 -0.48438087584643835
396 0.7013236286464507 30.101234766976198 -19.94081332938359 0.4938288031452968 0.5234251590722863 0.4987525659295267 -0.4831201651897248
397 0.6516271242514325 30.08878678692522 -18.97391323703804 -0.510636749535633 -0.49850557283088126 -0.48488892020452845 0.505593748916191
398 0.62743919059605 30.109387987900202 -17.983479837909705 -0.4738371806033956 -0.5043776391549064 -0.5121587931120702 0.5086992176486399
399 0.6540340996291502 30.121824721601797 -17.935829554728763 -0.7152500382996686 0.04158127468665982 -0.046402179057290105 0.6960856399082589
400 0.6672650608790388 30.166713833378616 -17.888686201305028 -0.4927971545940322 -0.5035837884918278 -0.49957139670917317 0.5039670147760573
401 0.611105686432248 30.19560126093403 -16.90423388501796 -0.5087564738755469 -0.45238768351470016 -0.49334110575663903 0.5414118464392307
402 0.6579733983505274 30.14599967689143 -16.919728156721728 -0.027277485493591346 0.6946884940973763 0.718768966073258 0.005916786614809811
403 0.6006873423164771 30.147990517174907 -16.93439235338276 0.0194171532548814 0.9991349445748627 0.005794540229011132 -0.03631473519655954
404 -0.38223052089382725 30.1798420758291 -16.912702123924443 0.051631773771989464 0.9981598672067817 0.03178251865622684 -0.000954433216114473
405 -1.33996247404979 30.26099378185154 -16.855483184527756 -0.04438828782522714 0.9986231816046535 -0.005917311959256553 0.027320440789283706
406 -2.338470628331708 30.209904996128884 -16.89076548439628 0.009091435952937972 0.9995569623784988 0.02782476845923211 0.005385815924411112
407 -3.314308773790736 30.20256860552751 -16.952295625477074 0.03517210829658375 0.9990304896793062 0.02608922364204371 -0.004511751196011428
408 -4.2979298062241105 30.23521863238877 -16.969419448310127 0.0004369586167786037 0.9995203836006482 -0.010012781202051738 -0.029301127053069687
409 -4.267487782776152 30.28551118933095 -16.95303483267945 -0.042141844591415525 -0.7005647003607829 0.03535431655031063 0.7114655563301009
410 -4.200626932246436 30.43508747060716 -15.934749557699131 -0.04828742171360662 -0.7408230210022528 -0.06350980730886241 0.6669453357157077
411 -4.289481104410916 30.437064989157278 -14.940339596912008 -0.012305408519240604 -0.6835185051698374 -0.17401810083044994 0.7087797475908365
412 -4.277841413836727 30.21364860716603 -13.996141458866315 -0.06595488573998813 -0.7149444532118192 -0.09085640343256193 0.6901083218046121
413 -4.360218710145907 30.237278023524546 -12.955988128405028 -0.028448781589219173 -0.6851979333417965 -0.02556636045754736 0.7273519232002996
414 -4.413801591523235 30.185960663460683 -13.005520938877387 0.47867205550965936 -0.503471680366089 -0.49773622068593626 0.5192764051647086
415 -4.402296608613408 29.135229315859654 -13.016098970671028 0.5029674867850399 -0.5013925875740383 -0.4860868098527974 0.5092629906542225
416 -4.429854892028838 28.078282470591134 -13.041192587357589 0.4303754127208022 -0.4959241450970437 -0.5318191359149718 0.5347940286781627
417 -4.482485702608984 27.125439512182272 -12.98662049146308 0.4055775104160821 -0.4864014507061767 -0.49321781203560106 0.5963696015781101
418 -4.486666372461777 26.141913732538594 -12.802016628290929 0.39887001300425684 -0.5395779451594488 -0.5306599436596305 0.5178401085457248
419 -4.439399016399513 26.12935665876964 -12.83097690102681 -0.049487842634356315 -0.5990224410085325 0.030436555382429113 0.7986217406858072
420 -4.134374782207356 26.277798667918027 -11.894143622757145 -0.0050970790913023355 -0.6976063337920522 0.008700775422236507 0.716410300976333
421 -4.182491184762682 26.23032170432214 -11.89070170755197 -0.0049036912971046264 0.9996475549843626 0.02460202881345171 -0.008686760253990547
422 -5.224825447715346 26.20908864060193 -11.823901868921903 0.0023055457949521484 0.9988610828956452 -0.047555649579706656 0.0031115475535327705
423 -6.2676711377424175 26.196643541505452 -11.823625280738831 -0.05963684301321821 0.9954890212655033 -0.06748459315689606 0.029847699772596884
424 -7.269186114114844 26.04410689847909 -11.825090999392794 0.03252207715450111 0.9942499660966092 -0.039775463220772425 0.09395334980734188
425 -8.29621985178142 26.075829024145794 -12.016311616118246 0.03491341126292218 0.9989451228679854 0.02910182325510173 0.00654057302378643
426 -8.341279569651082 26.074871850327717 -12.066972165537422 -0.07791350051071806 0.7245537812836285 -0.6847119806020742 0.010991273163200208
427 -9.372752706882036 25.92852637261107 -12.030098454542268 0.008763106857338936 0.7695733362881123 -0.6384953156822857 -0.0019544524475155456
428 -9.367435773390259 25.947368254329866 -12.024620990841054 0.4916064534335611 0.5019441030384284 -0.4949638748031761 0.5112592053031892
429 -9.391541810978888 25.972225216205285 -13.08115376771341 0.5252166712235941 0.4982856831525482 -0.4810829638433416 0.4943864967145765
430 -9.350862061127495 25.989354528819035 -14.035659974403197 0.5083378104018771 0.5133025357975591 -0.48050554747820123 0.49721986696258835
431 -9.338317049336633 25.986745397242974 -15.086984385491993 0.47567330629094584 0.4788982049136107 -0.4931047330014124 0.5488525642687364
432 -9.233446626477512 25.885957352434758 -16.076691291959047 0.5474275727019035 0.4729400461284135 -0.5065935235785138 0.46905625172473986
433 -9.21556117590519 25.88024008828754 -17.054652934447635 0.5077314530767622 0.5414641400853147 -0.4500861985628122 0.4964350616359676
434 -9.223136692047099 26.036549219031425 -18.067082983821752 0.48655919079097737 0.5113896843442154 -0.4909899753044517 0.5105581149621349
435 -9.259998242035975 26.05504586463387 -19.052828684060234 0.4500575215634493 0.5020987332104789 -0.4925603861691712 0.5502084653742383
436 -9.2986180837183 25.936983929148983 -20.00956461328862 0.49246842534277563 0.5567849004337453 -0.3902433615284289 0.5433006013915166
437 -9.200458169839836 26.119105028129038 -20.982704188242682 -0.45459497535508553 -0.5094826884169348 0.5354508107161673 -0.4970545522261726
438 -9.309537931665409 26.060622283742795 -21.930972423820723 0.46076620957686004 0.5505938908123345 -0.4791104250390703 0.5049693734586234
439 -9.334601170801028 26.1251050308172 -22.954256321492036 -0.47821472668898524 -0.5114359667212729 0.5209984148520089 -0.4881644997778411
440 -9.409501481899335 26.055542274339256 -23.906347006334098 -0.4871009616895449 -0.4869143072632392 0.5522617168791057 -0.46973833841110285
441 -9.504346949584475 25.963052833321413 -24.94226159849235 0.5477661358967505 0.4716348817078051 -0.4946719066133027 0.4825064802971751
442 -9.427410552657332 26.024125267744896 -25.957884153065393 0.4955292738962692 0.4797083302559798 -0.5169063389416958 0.5070882500677291
443 -9.37777326000251 26.044917747154493 -26.0105895706338 0.7573680851885533 0.03599099884664743 0.030779787604711995 0.6512686359827672
444 -8.330041876084726 26.102511692955755 -26.011665369897525 0.7262061077995947 -0.004213222751476026 -0.01346637452794709 0.6873322300792267
445 -7.273796059598135 26.041872453803855 -25.98512910538632 0.6962083070654227 0.07736011309470064 -0.007085280051202349 0.7136239940484553
446 -7.282405389966745 26.09195233515659 -25.961238231819536 0.9920019119784909 0.07749349626189994 -0.09954780347343734 0.0041472269939647685
447 -7.244033304336954 26.059331670817517 -25.972950669319363 0.7072172376504354 0.01487227277814991 -0.7066335865748534 -0.01707537984525206
448 -7.221664342307268 26.006091001684812 -26.02378623532796 0.5471057308006403 -0.4925846753886108 -0.48012215149020904 0.47698886417379543
449 -7.176076444385525 26.003094357591685 -26.069238673983364 -0.050603365876877346 -0.7279297918983308 0.002727898275754468 0.6837763347760591
450 -7.2631950679675485 26.020869631841965 -25.026693728257968 0.007836928069779257 -0.7100418995793013 0.005838813462977819 0.7040916074330035
451 -7.2770798471113975 26.068826178052362 -25.07388917644637 0.4836744907062271 -0.5217254125328249 0.4709143554277237 0.521633253167031
452 -7.308808054869463 26.11052360203425 -24.071375941809965 0.5477385886091672 -0.4559481030119051 0.4431965855689468 0.5437559677358108
453 -7.118142625853773 26.046459209385155 -23.066966391915383 0.4968490352084199 -0.503165594215131 0.49420478287955466 0.5056946248375304
454 -7.065359143838729 26.037871063852673 -22.046090497276822 -0.5025567961744476 0.5343272633595084 -0.470385883346871 -0.4905794155869129
455 -7.098273218387402 25.912316310976475 -21.081347683178006 0.46920288376401464 -0.4806185743971005 0.5471415918590533 0.4994902584335086
456 -7.110249192016088 26.042926266675725 -20.044760106559647 0.49024690223732603 -0.48884095938327277 0.5552465300923803 0.4608619989718377
457 -7.1916535381655144 26.124411706364352 -19.003934985672778 -0.4989957198565814 0.5352957691653131 -0.5260079457462056 -0.4333328421552938
458 -7.324493539448556 25.994933436244924 -18.06507741679162 0.5230536880228923 -0.45984357675921766 0.5638732323713689 0.44385324396021336
459 -7.413719294132648 26.0474941783551 -17.07056289454333 0.5450638449569907 -0.41089622712356777 0.5221350989265003 0.5113165691871657
460 -7.4143004376345605 26.02193000333638 -17.101408714189528 0.7374416945813498 0.08497761979973986 -0.056416084892887984 0.6676644191444655
461 -6.474505804463451 26.086632026297686 -17.24821236948503 0.729339454778637 0.019890787587750237 -0.07926555059244052 0.6792534790206203
462 -6.452262596644427 26.05501037730698 -17.272190938505414 -0.4828648634120322 0.5305542757886054 -0.48839383583964363 -0.4968150010198443
463 -6.501695481567634 25.98156624177444 -16.223302203115946 0.45913504490876167 -0.4843410825757448 0.49444512301169696 0.5568956334861432
464 -6.433393639096017 26.12026473537369 -15.186524577807548 0.5305252069987694 -0.4886115997675506 0.4355581465296092 0.5386007893636976
465 -6.241754896979772 26.01528354715148 -14.159461237577824 0.4454974752453121 -0.5361864121665965 0.4756722160895517 0.5364439148675485
466 -6.191828127926236 26.01770561363428 -14.215383669844863 -0.6830979427601731 0.7253865809670934 -0.039723748581287056 -0.07492351131881694
467 -6.238343834152149 25.073933325113952 -14.080099546685787 -0.6941951836268804 0.7184605682228461 -0.020395579073714167 -0.038619674939004894
468 -6.3220219989492055 24.09242763748431 -14.036904766045506 -0.6855328885189028 0.7241120634736571 -0.044980771876693616 -0.06068861880310004
469 -6.392057354537256 23.06273197724987 -13.937084502640271 0.7154551784979589 -0.6983871811823644 -0.00739582534172919 0.018014840774153593
470 -6.335408783372048 22.043451608303087 -13.965664787017184 -0.7029159299557146 0.7064947499045217 -0.05259843336714764 0.0633069394234424
471 -6.3227422584203525 22.098341265149028 -13.97385322734974 -0.5137712406481645 0.4808154147053705 -0.48956407799751933 0.5149588942808822
472 -6.277469647434067 21.061297572807373 -13.943563688771818 -0.4548321257427344 0.4996112227931025 -0.4716909324399138 0.5665898231573622
473 -6.189782951865681 20.08730804456623 -14.06167992254713 -0.4415875611336379 0.486185172016091 -0.4892402775860766 0.573819096189061
474 -6.100407358555476 19.091662110556154 -14.131697368800415 0.5188134984486273 -0.47588163787480353 0.5064344708383062 -0.4978888905245993
475 -6.076775486797874 18.126082291394372 -14.124444412231192 -0.5168774642141029 0.3958036662184325 -0.48055679449502897 0.5875732397414895
476 -5.8754197920211615 17.197455806068852 -14.073315792146225 -0.5557523922966118 0.3412655382322086 -0.48379701145692405 0.583624504777705
477 -5.877634874782608 17.20426046174634 -14.061579139064362 0.5794506798720026 0.1524467880496375 0.7726878285556563 -0.2096435212716267
478 -6.08249713381962 17.07331923628087 -13.137619761945174 0.638974415774123 0.12906718599387526 0.7448683700032613 -0.1422127591126248
479 -6.274377564012209 17.05146426854004 -12.094012224766852 0.6843464401473967 0.19268020078599335 0.6723345716155933 -0.2061807796404192
480 -6.252248217051321 17.089890764857756 -11.055526079762789 0.7367691776156686 0.11805422524237026 0.6348769905375571 -0.20041353672826037
481 -6.042600299680606 17.03135872640147 -10.06528456818194 0.666258147090159 0.23036379011449848 0.6764984863491527 -0.21303146154353947
482 -6.056517152882494 17.11142469130479 -9.048443571573335 0.6423050364040914 0.17175752161818214 0.7285842925803339 -0.1646466597982895
483 -6.210498510583587 17.03006485930829 -8.015120420490122 0.6877173336632374 0.09606544767775965 0.7067736070731767 -0.13523079193130938
484 -6.230709037201355 17.002638198311168 -7.059377089914415 0.7590598732719006 0.1321206085221901 0.6343860199244185 -0.06266283840225415
485 -6.261842906707198 16.98518721418856 -6.99933682225381 0.5228454107823215 -0.4467380451054636 0.5311379970406893 0.49492446249788435
486 -6.179049466895123 17.086774270880664 -6.048119469720146 0.42755122747126073 -0.44001647715029313 0.5687489585759802 0.547823027850055
487 -6.164945193819438 17.107857914983217 -6.058832991181198 0.049309495166012074 -0.7263947382030478 0.13489924924342958 0.672102261974291
488 -6.158683991112786 17.156096205402562 -6.088904810712742 0.5327248268358084 -0.48230649012845045 -0.4364170085296177 0.5414101062215171
489 -6.160318191439537 17.137389423227244 -6.128805828691366 0.04398939177348037 -0.6673900699192643 0.028232636372212926 0.7428716889396404
490 -6.104460673673727 17.120698399613858 -5.118508302613972 0.045834434167002766 -0.6837817196569279 -0.04598695412626203 0.7267922430500997
491 -6.164736279898181 17.09446061757044 -5.153379390204641 0.4056593387701709 -0.48726557541603577 -0.5565236831147747 0.5369303027539
492 -6.273006393906461 16.053799514113624 -5.044331633384854 0.4955833538738597 -0.48832997289229174 -0.4864662723415905 0.5284709479358637
493 -6.236967860903399 15.083753680119543 -4.975175127203747 0.5230846117820462 -0.4770709283992617 -0.4603565016052118 0.5355909909837007
494 -6.166346131763606 14.096000138392087 -4.946061472905112 0.4685084873802084 -0.5283349299643727 -0.4687511485076943 0.5306923400662248
495 -6.235956633006069 14.048415990223434 -4.9868107640701815 0.6845165394603596 0.05114451641241435 -0.05860708552938121 0.7248355366370403
496 -5.207309382480001 14.008579320773118 -5.1053332046785345 0.6913721358689048 0.039519176734659066 -0.030808308211422053 0.7207590808026161
497 -4.17721540758353 14.012655806755818 -5.252860401445001 0.7036753830341493 -0.020170460208688425 0.027629468207907428 0.709697625988181
498 -3.139288656251232 14.063135653899279 -5.223503163494568 0.7008844051892444 -0.00894701580242456 0.12275990659409966 0.7025745560463732
499 -2.136890874526846 14.233607209499832 -5.079084754093822 0.7112044538717588 0.0027436983839359674 0.035325958550545364 0.7020917130721858
