# time x y z qx qy qz qw
0 11.90961918234595 12.393940111206698 11.8937722713013 0.0012695701727841657 0.002127783581467066 -0.7088620404982753 0.7053428019546435
1 11.922993267130796 11.386320639317224 11.954458837951966 -0.19617490310962063 -0.012604300702510505 -0.7731176597447731 0.6030303667183735
2 11.875474332265615 11.326452723395182 11.984640421603991 0.7840746639017331 0.2405760905333197 0.3692197603558466 -0.4370661673635469
3 11.839111838537416 11.236231104684697 11.969387430170727 -0.29073236179701734 -0.3314710260208776 -0.2633889642657998 0.8580372405761794
4 11.855873308200447 11.22869113363363 11.791864958044421 0.14908567600389164 0.2242392785440474 0.8524679455492723 -0.4480944197147634
5 11.246931728109487 10.527476524898463 12.183046235472862 0.6192549134583322 0.11482451847634631 0.6188184015969117 -0.46947041223002794
6 11.483113096880498 10.008115791652886 13.046741217569288 0.6012239144880227 -0.48462300481273324 0.4717499877086512 -0.42558465309602467
7 11.539322478485802 9.011029991723605 13.154914478936162 -0.5316286932494815 0.8318187242985149 -0.10771089345052744 0.11767287645132712
8 11.138747676568695 8.052623743439897 12.954275251439762 -0.4707591889142913 0.7382588735880693 0.26922154708240714 -0.4010977190259116
9 10.975998333559437 7.159268995397257 13.242008315897923 -0.486583903327042 0.5522907625826534 0.46896461145807944 -0.48814261419063293
10 10.930886603993603 6.090212244279053 13.289200811381823 0.5263737389548105 -0.4929300352158627 -0.42654325452145686 0.5459043133581786
11 11.013393511302596 5.015032408872805 13.415415190278457 0.551318927277435 -0.5063495902202334 -0.46341139590775904 0.47424404166239387
12 11.094218260700215 3.9977517066368113 13.408522422233242 0.5170857046912465 -0.5151484787203475 -0.4723112832220276 0.4941320376349123
13 11.193688765136125 3.0062320646311993 13.409291502519816 0.5012105972826065 -0.46437603357859 -0.46944499048875077 0.5592532856536863
14 11.224968846122593 3.0263214474120437 13.44583346544055 -0.049788277383459895 0.7473320915829881 0.6620524556428983 -0.02650317533036498
15 10.12189937143338 2.881502566880988 13.371953808025406 0.004528371207762369 0.8389666437286232 0.53122553986173 0.11795715477895925
16 9.247429354717173 2.898150208379181 13.211173798791444 -0.04858856876763831 0.7751994549309467 0.5996727183527115 0.19260733870583724
17 8.269976405858317 3.1330972291223382 12.844539290448305 -0.06802391414497654 0.7458356141591408 0.6564220504629601 0.09062050221808245
18 7.354096433114024 3.188980466682206 12.668677670218374 -0.035421192135145316 0.6441089358699786 0.7617457343389138 -0.0601036945340173
19 6.328659669950313 2.9774869435156535 12.653944195915477 -0.04027302707582549 0.71022053891351 0.7004157802830423 0.058160159267760865
20 6.270198641551419 2.909376158736797 12.655931715838793 -0.4114071990675963 0.580091527261332 0.5051085142543763 -0.4889819274602164
21 6.301162743190972 2.921333957442684 12.645657009141999 -0.004784433783451589 -0.04681686887116755 -0.7215607333796566 0.6907498809461231
22 6.30384433532111 3.0148683857452916 12.613522733961226 -0.5471881393910175 -0.43103139656413253 -0.47548727299951066 0.5373164137649759
23 6.506005041816187 3.0150987630622335 13.60162028588838 0.477975532018663 0.5398036421670125 0.5127607102201648 -0.4660771103038811
24 6.4111351498744575 3.018759099150887 14.648903475415322 0.42106738679733985 0.5263844255833278 0.5870103262557854 -0.44837547786207665
25 6.251114343962772 2.872085141234214 15.626039061186887 -0.40223391295677313 -0.5690349560825873 -0.49446806438614666 0.5195271228009068
26 6.317454579280101 2.772635661573828 15.623182825650984 0.6424197468223793 0.026528621031156416 0.7535844680419881 -0.13676092528470646
27 6.325063985666274 2.8742863816450153 15.574637943181159 0.4763929176347856 -0.5123437138175622 0.5369718761871701 0.4713967661355709
28 6.235500512710385 2.9167125184126825 16.65952023990928 0.5072633328883713 -0.4260171555425489 0.509614876322939 0.549077382634517
29 6.256122729881604 2.9303410864353343 16.708502238787467 0.060865426204295976 0.7534589140398252 -0.6492545567652206 0.08404513826804119
30 6.248806607993393 2.957860606500648 16.67504586294655 -0.4993339098556218 0.5369807582193029 -0.49566116904055607 -0.4654431407549907
31 6.153858429340304 2.8620646474226628 17.640173844505593 0.5158480688082806 -0.5012293440607545 0.5214450434754512 0.45909147366737063
32 6.11830057833011 2.8129037690164496 17.67572118742631 0.04687978917637327 0.7586416897194447 -0.6494228316991326 0.02269488167593994
33 6.155427676352363 2.8252411158136876 17.74085397129477 -0.11260596878072236 -0.018126427328460506 0.9928764750855352 0.03446206100893431
34 5.178408755020068 2.864551148961962 17.48233350141475 0.00678704286170158 0.08989114176179375 0.9954318824758569 0.03144655835741143
35 4.194547493666652 2.9469519360919434 17.49780922980679 0.04301402951518864 -0.03517810765033309 0.986961930149386 -0.15105774539164354
36 3.1895293060284198 2.766672617866612 17.630193625201013 0.07232307358246277 0.06521877819491975 0.9951795304560099 0.01155794790190083
37 2.202065143761382 2.7518726758315375 17.772695578763148 -0.03149898566726004 0.0021154527222503067 0.9973887215217947 -0.0649544220421826
38 2.184587051142391 2.842744902320631 17.818466514400384 0.00046001651111658904 -0.027156739147423458 0.7226182138937179 0.6907135562972114
39 2.1112168463392837 3.8768423101111464 17.874757649933315 -0.06745157947368748 -0.11845873803153568 0.6784452715714449 0.7218932229165401
40 2.125067317730145 4.889414542265463 17.94914364594192 -0.0012242841909470387 -0.0014012543930065364 0.6926648893365106 0.7212571585050539
41 2.1740892413671773 5.908501589337306 17.912126338575817 -0.006183669824339267 0.10514392179584385 0.7239786285593901 0.6817341588377077
42 2.060613940337987 6.948860044060789 17.728461195441543 -0.028934659429853894 0.01894249285298203 0.7108717638520021 0.7024708554852194
43 2.014569742842953 7.980063475117441 17.60725662104541 -0.017339642967902687 -0.1212997350600498 0.7959296461099433 0.5928589288350202
44 1.9996570474591078 7.959746933962941 17.440369429508003 0.5806806377250462 -0.43713742150791735 -0.5649441506405399 -0.3905879905292552
45 1.9454995127090153 7.865318717197507 16.469875074630902 0.5389071659166452 -0.491897159841782 -0.4793255060453761 -0.48771232290933825
46 1.9411111235930323 7.707173398867798 15.525355005664515 -0.5356244887979807 0.47208278291364214 0.4823201112304648 0.5075544930143441
47 2.0579426994775907 7.735522714199732 14.506548833272815 -0.5045715363240559 0.3947517167117297 0.6012407887137939 0.47758576284426557
48 2.104877157925611 7.74971155632882 14.54113995354725 0.7660527201084226 0.08446830731488011 -0.6341327015335052 0.06248241288286632
49 2.3198281640365015 7.803300704847464 13.527763834818625 -0.6869057852135425 -0.005273918432406021 0.7265667419464892 0.015277353232771674
50 2.3247060233162467 7.83585802831279 12.397830068085273 0.7173313914470538 -0.006858609521105781 -0.696480506807074 0.017422340767883685
51 2.299068139873906 7.762116255482672 11.415532078476355 -0.7034169407553417 0.02404637643452266 0.7103673944422575 0.002131701687188248
52 2.2840935307100065 7.755297326445198 10.44473103779266 0.7310015998919003 -0.018232368391966916 -0.6817772649283815 -0.02200006193351188
53 2.3553299301715924 7.783298309819436 9.45043797364583 0.6991334146314465 -0.12410146809472392 -0.690094196768666 -0.13993317601168975
54 2.3811828888421136 7.7309359919581695 8.373377419899246 0.7270005628157233 -0.08585637467944726 -0.681183751375945 -0.009357427740501906
55 2.3860862934992157 7.758053717742169 7.401317444350961 0.7538705709758738 -0.0976291961542286 -0.647352890718068 0.05551519750258042
56 2.4468803779691273 7.520396544550192 6.381654205710944 0.7689806976262186 -0.5059555277114395 -0.3728937211634307 -0.11673886830624283
57 2.6003694917794387 6.919141907023891 5.628266741839786 -0.2510202909559383 0.8450976919391457 0.06261408013471499 0.46784418514758536
58 2.1728760208530424 6.576662804426725 4.7808579101663105 0.5756323206120629 0.6337968903170808 -0.4469188124839316 0.259253752796603
59 1.9669425659683197 7.078865899935676 3.8212179076689563 0.7427440524153472 0.09312868670383932 -0.6628933358817723 0.015190311319460179
60 2.078365809170035 7.2418270149549695 2.7957843090173133 0.7813934207512547 0.11834530331888163 -0.6126305442855462 -0.010125581336938257
61 2.296370327742011 7.44968560659129 1.7676926566464983 0.7102761349229182 0.043730140335017 -0.6977807044145184 -0.0818387165834073
62 2.2677130097944946 7.596909515663952 0.6960462974762056 0.7558727714347083 0.05957395954263132 -0.6477628257705302 0.07423353890125266
63 2.3768177202924043 7.59732667423923 -0.3571865277838963 0.8269229165563537 0.006996270716147419 -0.5535738916796406 0.09851643883463077
64 2.374948792862052 7.6013092858330165 -0.39590293174055036 -0.5754678050684714 0.4362967875603388 0.45758150423211535 0.5187495402204033
65 2.6133880879881093 7.530575816748091 -1.37901456389304 -0.5173426743199476 0.44719877146216397 0.5078752567438778 0.5238630925323519
66 2.664134670580177 7.594962100161607 -2.3683775898142883 0.5426673189379695 -0.4966645442528487 -0.46365834433882636 -0.4938192494868586
67 2.8356087621268915 7.4944600883238515 -3.358165241338657 -0.6011250534212049 0.47890395950966314 0.3930202926546959 0.5048115661085214
68 3.096785661020408 7.414866986536098 -4.3500785115445435 -0.47754613975956944 0.5611702684795904 0.38776367201122697 0.5537842078315829
69 3.1920367859841035 7.355116210863281 -5.384754636213678 -0.4838222650675824 0.6442930500217573 0.34173993047695705 0.4837523141403462
70 3.25274199829311 7.302898654883591 -5.4262169055270135 -0.8340334701382678 0.0817079458955967 -0.10088723646201767 0.536221733787153
71 4.169296622999875 7.004017907377981 -5.35726202653259 0.9609528631432512 -0.07646216518531981 0.03513730110772666 -0.2636067187740593
72 5.2750688523225335 6.714287622779572 -5.3028660267753365 0.9683145902577238 -0.17802885289481965 0.11833123222377626 0.12911352102461648
73 6.252243532250177 6.4228825775621745 -5.033852019572127 0.8595720362172712 -0.07331655920767388 0.16598764097035623 0.4777119422249554
74 7.219647143504703 6.479422582588015 -4.661138228510776 0.7388309867290059 0.08055580265030328 0.1392519514708467 0.6544069297615737
75 8.18983151847899 6.824640931891893 -4.616822051612197 0.5115831175988766 0.09672916960026606 0.08127979956549726 0.8498939791049526
76 9.19548121566316 7.044023687349074 -4.696871350204957 0.14625468428625743 0.1069207764756755 0.17985588263763072 0.9668657488828553
77 10.07465592346732 7.422990528378338 -4.913046067802414 -0.1910588625144922 0.22852268495056277 0.09117090850163456 0.950242999953507
78 10.119941451542797 7.440793340122861 -4.856302944460029 0.9405459563087557 -0.06404427894341101 -0.11326219583444158 -0.3137567678961331
79 10.145564156355729 7.3916405376405265 -4.916886543720976 -0.679770364226361 0.7325318030385547 -0.010879345997915119 0.03451158192988186
80 10.133890018382072 6.455485422435007 -5.014200420544581 0.7154938458646745 -0.6978123369543319 0.03323031433968065 -0.004716474636667048
81 10.148752615455702 5.5003519559801495 -4.973717369378253 -0.31548662348264356 0.8224108725545396 0.08896280925428147 0.46496684363208973
82 10.18465906247772 5.505639716306343 -4.940021429692664 -0.3141500352573647 0.5684358635190391 -0.461405144595108 0.6043969862220778
83 10.073548393566304 4.575482208296805 -5.471658859573722 0.21981924711540898 0.5267690542285697 -0.5466793076241517 0.6126463879925601
84 9.917366611771108 4.107842421123019 -6.353427560674837 0.5588647263107963 0.4267045257426603 -0.5566843194627716 0.44237544445930016
85 9.958045283391572 4.12484312816532 -6.313898981685582 0.31760197941293355 0.758148348360056 -0.5532969598714558 -0.13491678453369124
86 9.256238993096261 4.799766157287555 -6.456811536842664 0.513664872959401 0.7661548214181584 -0.3859293847059524 -0.014618410508606338
87 8.801277569489557 5.6682153467228735 -6.8105439277556465 0.7044463380400348 0.5974259174085529 -0.33074480758619873 -0.19350840365550906
88 8.920959741578372 6.774775486875507 -6.97906547227502 0.7019100166736681 0.5133144410202634 -0.4796755927512391 -0.11722601610552714
89 8.969461165036039 6.846506913340219 -6.840960340545517 0.8611528985618767 0.1403822259727623 -0.06334629759310814 -0.4844540871028498
90 9.876764750031242 7.1985788973250635 -6.884722942231283 -0.7944257007289787 0.261966282887404 0.1200417029031136 0.5346507852940555
91 9.91786901379915 7.247170432741309 -6.972944972114597 -0.5373124993403451 0.039034250994680934 0.6088818100505544 0.5822667315685125
92 9.84052023080444 7.363994537841432 -7.009480935811536 0.1677547953983889 -0.14339147732778504 0.5237237814293759 0.8228065468966054
93 10.255532581416917 8.180383673398335 -6.635345136682457 0.21972811330365127 -0.04562554002100738 0.29745958919383286 0.9279847300028409
94 10.997954089200084 8.783785785343982 -6.460804512118479 0.46600228066489685 -0.08389397251928501 -0.08539631388496303 0.8766476745904874
95 10.994581216873849 8.929620986318305 -6.468618627578363 0.8091381706182434 -0.4442111119583199 -0.27271985532041165 -0.2712854389297916
96 11.44671965619506 8.388223083186595 -7.0696193058172225 -0.5824960306703986 0.44476332508737404 0.28094871986175984 0.6196384233716399
97 11.910149898843432 8.229198671603145 -8.088212309506117 -0.1445040141701858 0.6027121176581234 0.13853665754375852 0.7724404751392604
98 12.142751555384496 8.306681148168947 -9.054805135586749 0.25418405235773034 0.650829655671285 -0.21820658642946023 0.681320124805221
99 12.177867223735706 8.36230730395239 -10.06182073141962 0.6598934873777375 0.2894579776413555 -0.5350036343060676 0.4410507632637356
100 12.43660807441312 8.258163423251096 -10.955957392557226 0.726320689066072 -0.005767484320894378 -0.6870744134815505 0.018808059394293627
101 12.401107539057769 8.248385504391331 -10.900736456138896 -0.05458484277522439 0.004598288451313182 0.9983949253512339 -0.0143848432534768
102 11.356061140404975 8.205346636388892 -11.021197110122639 -0.06188513311925869 0.038733155573488304 0.9970153909735352 -0.025105440048335634
103 10.285048441373831 8.151297028433106 -11.140753179913789 -0.09478872531023083 0.1113059682366376 0.9884777574510876 0.0392148187989544
104 9.350882519082221 8.200316301366545 -11.350882023340787 -0.012981023987259253 0.025220125014445538 0.9987139390967383 -0.04202268630602348
105 8.283451191828572 8.108158214538843 -11.330411817923292 -0.007175646748615693 0.0362546766119016 0.9979791984593619 -0.05168779314223864
106 7.271556458080249 8.045424087967172 -11.404341768664525 -0.04282595267307036 0.04414230385748852 0.9979226404291398 -0.01917807359281254
107 6.280581107358605 8.000076874700987 -11.506346672329467 -0.009806136462455853 0.023233001122384307 0.9996817838706314 0.0006311448001853278
108 5.256264052737931 7.980425931049382 -11.51634282173184 -0.01164588066594703 0.0039227498163489595 0.9995551257966129 -0.027176018676606822
109 4.199026201195845 7.978267680973011 -11.533590578027791 0.02517244700631875 0.06652189794408608 0.9950747354261864 -0.06904676619607988
110 4.159733902959141 7.995076880133054 -11.547262644736255 -0.041756408514221535 0.7419365756658292 -0.6688369905814116 0.021061815383723585
111 3.2225275752261875 7.969213783304991 -11.53774190662352 -0.026132097679171632 0.7536892179127299 -0.6534959953553955 -0.06490501003347357
112 2.314070872728765 8.004651204079178 -11.334966576623676 -0.08150174372123953 -0.6167975668375688 0.780540588293358 -0.06061862205883525
113 1.288955290420894 7.989589565748951 -11.580399261964917 -0.08842149129527889 -0.6627741596047088 0.7428071492723636 -0.03390563710146072
114 0.38444501617192034 8.074738936558449 -11.782486742334669 0.008924496346118551 0.710241606020305 -0.7009725536913286 0.06414587604923341
115 -0.5621253164081652 8.073191414288393 -11.876734973038205 -0.053920974152096623 0.7303452872138041 -0.6795927684048862 -0.04291805124721278
116 -0.5810404758684301 8.166983083524684 -11.956357533759965 -0.02672924466696539 0.9912279407852919 0.11507323389364792 -0.05925257570217089
117 -1.586531352230018 8.083248350482236 -11.790150432819946 0.01780506447304301 0.9989761745769469 -0.03283504644938395 0.025523362462397347
118 -1.5911506875232242 8.070075938098443 -11.768302167064244 -0.009199762486077559 -0.7592197787003501 -0.005591713021193491 0.650745284075023
119 -1.685323828420897 8.127131870132054 -10.747162247452428 -0.029041039204680912 -0.7809108268572523 0.007304963360302838 0.6239243031404867
120 -1.8999735955907713 8.130199747650304 -9.77464419492046 0.016942813196453004 -0.7472389955785184 -0.023965968351785476 0.6639069640610489
121 -2.000117880435606 8.103991052628622 -9.639212604872966 0.5390058777283471 0.4914715894957974 0.5078257319306128 -0.4583027018051562
122 -1.9635378837859185 8.079176956230823 -8.607493493735745 0.4823396136676234 0.5192703093409614 0.5038356195582984 -0.4938182979479553
123 -2.044335970012662 8.064579284864879 -7.663669975324371 0.4894006634627357 0.4958826768736897 0.5571001741623272 -0.4519145464876344
124 -1.972673328758856 8.075109029639233 -7.658254157764595 -0.7476860338824023 0.02864436755197605 -0.007129557556051382 0.6633960086960176
125 -2.0328450301379672 8.03268599008083 -7.737319944094712 -0.48306802299502116 0.5919548833402313 0.50594105335102 0.40032280947180066
126 -2.0264740802856656 8.051382564041722 -7.7119070732059445 0.027128795525559656 0.09613926802642693 0.64254825007534 0.7597058746131912
127 -2.013123698086523 8.053108492483435 -7.772938165251213 0.00982104909175824 0.014794684329337374 0.9995646588821123 0.023561770396542493
128 -2.983172156241143 8.174636797431752 -7.792388887926132 -0.03746439473473622 0.08611333345009185 0.994855628898527 0.03798934822012089
129 -3.9561262052164974 8.25648266015934 -7.85357987387567 0.011962322209547982 0.09246566783389647 0.9906283855185997 -0.09981184761439532
130 -4.940394387622309 8.06798972562609 -7.797554649913489 -0.025503089709134195 0.015082326943281363 0.9995010525546799 -0.010943572147678778
131 -5.859954719684718 8.031371703450672 -7.823429042418809 0.006929727552183667 0.06152604572196169 0.9975744147978313 -0.031808984809911345
132 -5.833226143052933 8.05419894349912 -7.708316926253281 0.07191235837348273 -0.4987443516118021 0.8521275300020507 -0.14128466675861157
133 -6.7837746980080444 7.652371227681805 -7.7374559622789905 0.4094035599797738 -0.36496617469012954 0.8229263367746168 -0.1482587624751091
134 -7.431480034805656 7.059452300151109 -7.200312391529944 0.18866314680071342 -0.4316637630564236 0.8602596385270822 -0.19500247953417058
135 -7.410869507439192 7.017207793017112 -7.274922311446902 0.4309626737878425 -0.2943976844907774 0.6858608270202917 0.5071450513680958
136 -7.3727548987762175 7.098696873647058 -7.2335650972060215 0.6203612433944393 0.1867794816455768 0.06379278643680386 0.7590756440098331
137 -6.409212558583859 7.389337412886058 -7.302436248329326 0.6641232465734794 0.591621493217267 0.11470814396042103 0.4424549285896005
138 -6.16102458619837 8.270579593573524 -7.651287061947784 -0.05008079472804527 0.9572429878914548 0.17620538146704104 -0.2238960465798857
139 -6.0882379075193 8.290445331947687 -7.574596322454989 -0.509615073216288 -0.24404095753051339 0.6799220794618757 -0.46737827726434406
140 -6.132622368744094 7.906196831962458 -8.545071659902424 0.5504840128642665 0.45795591902192073 -0.46825124434718696 0.5176721935558808
141 -6.220245990925033 7.9396362153065185 -8.627837107654535 -0.07238799725300314 -0.6386976650949752 0.7601289098666973 0.09502268592706134
142 -7.12107464478517 8.131000128330188 -8.646396745166804 -0.027276619044191524 -0.6415678572799127 0.762018482532641 0.0835134889549615
143 -8.10527487468822 8.343967968955836 -8.584107631870088 -0.06234212738588524 0.7410797260721584 -0.6685163978819463 -0.00035287499910422035
144 -8.03406064603259 8.175021161914904 -8.598194906194637 0.00839474580392231 0.9977883610858886 0.0659345119546428 -0.000744887728550731
145 -9.038250884775833 8.195994088813391 -8.614293313373468 -0.006637713388543631 0.9930562090899244 -0.07253845431558874 0.09237683148076407
146 -9.921190143874156 8.160891128134423 -8.885438280123136 -0.011299811365765024 0.9965835657806946 -0.0002483075834496254 0.08181350146692459
147 -10.933082697421222 8.128847887698043 -9.070775745234297 0.02971203119124337 0.9978224998315478 -0.005990831757245543 0.05857955246729037
148 -11.998631945780854 8.178334227172313 -9.1346445622792 -0.026463181061089584 0.9967623599497165 0.047233167997284414 0.05944346622246167
149 -12.981778144673877 8.142778425377738 -9.183550367158013 -0.13577559371274397 0.9896091347709718 -0.01062464888127092 0.046107107542655554
150 -13.896748578308038 7.898614991104251 -9.264619820436316 -0.008454121830578115 0.9996448116068566 -0.012867685479155507 0.02175318647867039
151 -14.894412500664304 7.845814091046221 -9.361197775203589 0.08768673249855069 0.8486450310149847 0.5215900758709563 0.007512724554660132
152 -15.975790519480736 7.974992520670076 -9.381114632146833 0.10860618858821462 0.3655937956601842 0.9037388721622669 -0.19442716712948308
153 -16.95188107174376 7.6536099218934055 -9.074275067060412 0.05619318754088597 -0.3340166635461443 0.921903838657235 -0.18806516534582512
154 -17.781994355092113 7.253651425063086 -9.20995026990566 0.0007062226869673007 0.8084365260459387 -0.49966119915895063 0.3110764707581261
155 -18.633656337731335 6.9539892165795285 -9.731676829392587 -0.0028506223123101024 0.9961764532807956 -0.07907958188927873 0.03702387891002912
156 -19.66510393544485 6.979115208951106 -9.720270991676406 -0.13089880963182413 0.9835445260832537 -0.04939679041815884 0.11430496028180145
157 -20.599736555288874 6.741158408199329 -9.923020521741972 -0.36686014035026343 0.7023155734134966 0.5425393174617584 0.27895799284334327
158 -20.613394219432713 6.845659793440689 -9.885290902814706 0.2372385897967078 -0.11603778387091863 0.8617539884848812 0.4331664201620377
159 -21.273590031788842 7.5151259488580155 -9.339450751297063 0.3589830358927571 -0.49082069922099975 0.6864394061103043 0.3987820995184735
160 -21.27973929485458 7.403649668060603 -9.325391522656142 0.25487207059006034 0.13550159606316717 0.8984342488225154 -0.3309009604703379
161 -21.284583678082353 7.507090694368168 -9.25300734883573 0.12177997829813932 -0.006208837500237063 0.9715728678460867 0.20292178219188722
162 -22.16942434737912 7.89869647421718 -8.981295129059482 -0.15903524414477072 -0.1667988298769149 0.955702740827233 -0.1830797985765223
163 -22.153901004198243 7.849423239658851 -8.944987897469352 0.7453883414565923 0.2575853822777991 -0.6110261929036407 -0.06850534901066595
164 -22.008326794571097 8.37121910637423 -9.826887074640279 0.8550016143906551 0.16350400172676816 -0.4597279743089558 -0.17575229855251026
165 -21.98149860928598 8.300066783778622 -9.838252052050896 -0.1965071582894796 -0.35862973419125427 0.9085251645230529 -0.08574191462327047
166 -22.93700488205091 8.252819347013032 -10.36129200489805 -0.05067101447295799 -0.3183395299358197 0.9444948507740193 -0.06341820585514726
167 -23.959827098317657 8.169315329677879 -10.417893401582566 -0.08013145060084234 -0.3383371827793294 0.9166296517617973 -0.19722318039367956
168 -24.882760068178918 7.824536658627213 -10.691120595039418 -0.1928634798685907 -0.4096891703274162 0.8906133500636708 -0.04202764016426252
169 -25.795604784665358 7.941630952895788 -10.977169094249234 -0.11685666107495166 -0.5508376975833652 0.82417007443482 0.06054783307084388
170 -26.808911949695876 8.182906622075958 -11.063909458390963 -0.03825507381165821 -0.7047843484733151 0.7083888760927765 0.0008784661185350467
171 -27.885121005791262 8.229676381008638 -11.06946652469445 -0.03175713906041789 0.7164016319891177 -0.6954365091784308 -0.04613293296273617
172 -28.87854879604478 8.255025297555031 -10.93837706502501 0.021436948350711194 -0.648264463413516 0.7588124627232438 0.05913788241458665
173 -29.860908395659468 8.372610979160475 -10.880420810874915 -0.06761257247631995 -0.6332064346030261 0.7709203900017556 -0.012645295567905175
174 -29.799286411162363 8.38860702333702 -10.903031909961442 -0.02851569016767467 -0.054990177345561705 -0.006412550580646748 0.998059023808119
175 -28.823030460825567 8.382166509469956 -10.831231073552148 -0.0952186025153321 -0.1327969410678375 -0.03297226330787113 0.9860077180379517
176 -28.792868773692142 8.406497305795654 -10.783506233886445 0.01355817999928375 -0.7431325251506479 0.02586049111483574 0.6685068891325123
177 -28.939471081962306 8.383085384774063 -9.825304587318248 0.06041496165016019 -0.6845121944323149 0.1001708912987014 0.7195546404677617
178 -28.943820632698934 8.502488630576671 -8.899562549571044 0.058693581343435615 -0.5979629642203593 0.17498414544287838 0.7799845548300994
179 -28.907060673220133 8.530223915423853 -8.834458289009945 -0.05402895416576076 0.9904485776598856 -0.06418033097276606 -0.10942290546083383
180 -29.907465791679044 8.415744628471998 -8.640067558475332 0.13370164244348232 0.9714176126701447 -0.19391790701728379 -0.02945399701548771
181 -30.852084296423634 8.679283365313058 -8.624292771144258 0.01851264321266945 0.9864693788505056 -0.16287574041229144 -0.0026343531893452607
182 -29.884410980979887 8.675802512784315 -8.720334003760785 -0.08192060680286767 0.03947209902786775 0.06035767255850704 0.9940261158252857
183 -28.82312316613555 8.785164436688046 -8.813717858920505 -0.007323932907949647 0.08537699277048123 -0.04228901174434968 0.995423914017498
184 -27.793924530597437 8.67292361141431 -8.942702233934707 -0.03742031582414842 -0.008937236682635654 -0.03325913354540398 0.9987060006828379
185 -26.787261655201835 8.65317285103657 -8.923923246236804 -0.21038980143545877 0.05532046628146854 -0.005238798521133598 0.9760370548562202
186 -26.781499477131668 8.71397548561685 -9.068542630793342 0.8934569328802237 0.08526412538913665 -0.07347019195079155 -0.4348182021311936
187 -25.717923175749373 8.936716498939724 -9.120072376476575 -0.8343226391102022 -0.03816695273160207 0.02305379480127646 0.549470235893297
188 -24.604770714848758 9.012801159055952 -9.106000930619746 -0.8235419312530404 -0.059117728840516956 0.09175586203787735 0.5566548691841682
189 -23.62528241630501 9.302331152679411 -9.174135046908432 -0.7678317415220371 -0.0178724489183291 -0.020615375367758797 0.6400703075282791
190 -22.521632708164166 9.26769351148164 -9.020424796655668 -0.7157530380203236 -0.12469390276831617 0.04237378429350239 0.6858232145252385
191 -21.431620077893374 9.426730158072354 -8.897576224187542 -0.7230723850853544 -0.04043211829235687 0.04510721252224737 0.6881111168378576
192 -20.400849700763917 9.572864232574391 -8.851986126695367 0.9318358794527469 -0.12000571639123946 -0.19442489368899185 -0.28192105723407
193 -19.39830160931149 9.395358483241624 -9.260571625245841 0.8965821853593962 -0.33665174346937193 -0.190965900636479 0.21526266120556248
194 -19.391988687866398 9.434294328865434 -9.251889684056648 -0.06539284354959722 -0.1430722804541032 -0.25895539122529077 0.95299328640527
195 -18.58983488881108 8.981902259691763 -8.869268394624932 -0.5358205846356273 -0.1000206870466586 -0.11860284542190366 0.8299551363183899
196 -17.675132542388962 8.868406195309197 -8.511915086203553 -0.7837930685776612 0.08713085637297541 -0.15067518336158173 0.5961322241216953
197 -17.649485853432576 8.905955945977544 -8.451971585298086 0.6283340628038094 -0.17346352007382593 0.7431224680292499 -0.15124718256606628
198 -17.83975392275647 8.535726923858805 -7.533078472636828 0.6854234289326009 0.027309365478968943 0.7275594314919371 -0.010305109147491493
199 -17.918632868009652 8.569810779674908 -6.551330356152431 0.6598006976172881 0.12351801264173663 0.7383247220611825 0.06544421112714223
200 -17.875082068151865 8.656389102768491 -6.585701017847951 -0.025739195700424378 0.010526705332153425 0.9994873689726163 -0.015864474266181042
201 -18.92244463653746 8.625540501917525 -6.698958193167776 -0.00918182035174866 0.040790996113144684 0.9988770745894637 -0.022279557237978392
202 -18.913667204127535 8.597788935187511 -6.694016760663465 0.1202644871760856 0.8152489642054074 0.5583835103524278 -0.09546431193270025
203 -19.921559859874858 8.676525919877621 -6.45255764863727 0.0019465225166616761 0.8449593353485423 0.5074924372115607 -0.16879383528586872
204 -20.86638383190785 8.512502602072352 -6.155603551297735 0.09420198092744257 0.8105742343678158 0.5655474765730392 -0.11937943336372075
205 -20.90974581390004 8.505088606913695 -6.146505456754999 0.5849159630902871 -0.5470733201501338 -0.4355709532252488 -0.41092827015005917
206 -20.9499463847289 8.449830439762446 -6.171602986549114 0.03328151592202209 0.8002202740933253 0.5867046677255364 -0.11965569980993052
207 -21.900440382020534 8.374212813625924 -6.001423440681622 0.08531285205410392 0.8010336947882946 0.5872041881868281 -0.07910738564797178
208 -21.961509153688727 8.333162542526694 -6.008510002557848 0.08909974649761025 0.9628123960502558 -0.2219135162208688 -0.12572953712042859
209 -23.051463936464685 8.604417841601647 -5.82283014085809 -0.05561565290394262 0.9790001361643239 -0.17473067923719943 -0.08907761938674875
210 -24.119683474053712 8.535579703862965 -5.695169758982923 0.00013042606774410793 0.9977368798279904 0.010461869991965068 -0.06642025968346958
211 -25.109375005773025 8.56059731672506 -5.636944935486711 -0.061459671160792845 0.9960957352326315 0.06124371463553015 -0.01628503883362176
212 -25.25907294646527 8.57340287254871 -5.630787698225492 -0.08480406805743852 0.7319193198273842 0.6700518377570078 -0.090182670301926
213 -26.200117084416522 8.31742999435903 -5.5430371590642595 -0.06601330449512441 0.6854767922723053 0.724024191972362 0.039405333705906875
214 -27.22783960386063 8.237234510266045 -5.656487954909871 0.03310376499253624 0.6391204909787146 0.7576205201223326 0.12821967962841582
215 -28.147534160134374 8.415566399229256 -5.701857184849109 -0.13961112454870137 0.6691508001064742 0.7045841288625899 0.19054434122812
216 -29.03415049039671 8.54091284138449 -6.182278948431224 -0.16137732417317419 0.5286323009182461 0.8063540225365475 0.2104719458923616
217 -29.880635686356193 8.649972128642485 -6.694612255256628 -0.19800196816525928 0.5773759102042106 0.7818083272369185 0.12731071589444173
218 -29.895656661769078 8.62713970479639 -6.7204725916242065 -0.06502510534495341 0.9926371016011204 0.06136620003233556 0.08171603082257636
219 -29.971170465968743 8.657103075779338 -6.651383552687194 0.7621004675864742 -0.6413171672737262 0.03825049438239454 -0.08032476544617478
220 -29.915917434331718 7.716711639826331 -6.6852669162701535 0.7675998641734005 -0.6300302540771109 -0.05288705691398266 -0.10514412337114164
221 -30.032620955751973 7.785928556125561 -6.73446598380402 0.5713226957114487 -0.4603780379300889 -0.5622888054173166 0.38141019763374595
222 -30.057747773260513 7.767638402180873 -6.8429752632851155 0.09412428957339225 -0.7759320798272099 -0.09137952612792452 0.617024965306882
223 -30.033905013093467 7.776089473181836 -6.890714827715678 0.6165581613289728 -0.5237352233545507 -0.46365808204547776 0.3613566554946855
224 -30.061325083498517 7.812938486277714 -6.88939058799293 0.7424289894612903 0.05228046623889219 -0.6610340701194042 -0.09539343058463673
225 -30.084736356040917 7.829116960868376 -6.903277216374035 0.6409210410037901 -0.5030600433639522 -0.4670878298630817 -0.3434818352738238
226 -30.048246153961603 7.469532498439275 -7.854199438877629 0.5525078549426804 -0.5402811190234498 -0.47528469472998447 -0.42063742297712053
227 -29.98850500465165 7.275090343442034 -8.925427728758024 -0.5447010521644389 0.40004567476330793 0.5157801758143737 0.5265311311888564
228 -29.868928902843717 7.416755257562117 -9.90418167229439 -0.5527257710816774 0.45036543572853244 0.4851190349791381 0.5062852142657602
229 -29.73144467974586 7.456301457017231 -10.838020121597078 -0.5590112932018754 0.4414996465338726 0.40138956145147026 0.5757350572451129
230 -29.809091679674598 7.4862099602467245 -10.825420335055211 -0.016642482802051786 0.6927378726004512 -0.005158082162053139 0.7209789607329712
231 -29.68701934636502 7.513337184409777 -11.800467875127786 0.03286453785827176 0.6674713426212293 -0.057726547822282794 0.7416667544168996
232 -29.52012831488618 7.541584015640456 -12.753262939573572 -0.049511569012331766 0.6841162348007601 -0.038508298426826335 0.726670965959312
233 -29.461778817663433 7.594389524967118 -12.724582136794325 0.4535057031078494 0.565226507762351 0.35849099836152676 0.5885029959695938
234 -29.351757984325516 8.510993533162303 -13.078254032465864 0.42393146810873117 0.5423118117329194 0.4225310753711255 0.5896164003382686
235 -29.360601594324745 8.374914977079829 -13.06506156924409 0.6692458337825478 0.7325358497687142 0.0478025103580441 -0.1149615708478226
236 -29.38070333545993 9.252333331438045 -12.84111529708741 0.5693116372246028 0.8124846921904872 0.01659096145927195 -0.12440910205700025
237 -29.290536296766856 9.325189549611917 -12.810456869780781 0.3536443680811829 0.677345587206615 -0.375516125058268 0.524524790870186
238 -29.505538176966866 9.390561519719162 -13.736216316217487 0.419531666867375 0.6022321369265029 -0.5175776193306394 0.4397988650695304
239 -29.70116231494534 9.460410941101948 -14.674965788103078 0.4316290483054567 0.5899284659871533 -0.44725233866567626 0.5154086875820549
240 -29.72874708534301 9.478804668356357 -14.656588882313295 0.03574675791974443 0.098181177677753 -0.6139703092817937 0.7823829528871755
241 -29.713732465279573 9.462257193045781 -14.654012373413561 -0.34931989359442933 -0.4664232720896875 -0.4743768902747831 0.6598420334940436
242 -29.72650279996357 9.38088994347853 -14.693690379964194 -0.6528963164859375 -0.11248914573212015 0.13995551585591662 0.7358566746269674
243 -29.766850675355094 9.418219673553454 -14.66831096610773 0.5499816807869781 -0.4271143206305532 0.5300077996900456 -0.4839268954901652
244 -29.706134098253735 9.363941517958361 -14.72633495667913 0.7077243539665717 0.0016643362961681109 0.705534511073812 0.03666773065147733
245 -29.734709392249886 9.37347071146111 -14.717938216462622 0.4610874405705147 0.5065541201768832 0.5152154734088499 0.5151255297886663
246 -29.805862914723303 10.423955228097661 -14.799403542121649 0.48813159223776953 0.538128555041875 0.4482872357598293 0.5207530711986034
247 -29.74496381016092 11.409337106765953 -14.891408872867345 0.4406235739919722 0.5259894476712783 0.5123543608973649 0.5164096976727449
248 -29.751366399475597 12.382649735512803 -15.045770296530081 0.4996209152040768 0.5176645783788563 0.4863144518392732 0.4958836348527257
249 -29.765629348672057 13.33314787280949 -15.023920447027747 0.4551911223231958 0.6195430513798138 0.4947886745207339 0.40515628738939047
250 -29.713157920839958 13.391572129580037 -14.945334862404549 -0.025738450987344952 -0.0014049567572413765 0.7125553706631891 0.7011422123765827
251 -29.644806388553583 14.449532083599575 -15.002726496129817 -0.022224116151218685 -0.02369186322421574 0.6897716030272089 0.72329794686252
252 -29.574007692923384 15.32172232485477 -14.924897752481472 -0.06847828561679524 0.011270896942008966 0.756464564205257 0.6503422594164243
253 -29.599867979372185 15.308055010675073 -14.973898245661124 -0.10222952891828489 -0.10921354252752993 0.9886793724021768 -0.0116027639884167
254 -30.686951581487886 15.191671742523159 -15.194203589898224 -0.08744401550708783 -0.06468564008351331 0.9938184158265139 0.022232149762453704
255 -29.720546986831838 15.197639988592002 -15.015181939722646 0.10797136990646779 -0.05552355637551932 -0.0146690713922604 0.9924938973678499
256 -28.74095088121139 15.093928959847378 -14.88702860957242 -0.06033875940455559 -0.0569250920141999 0.07603793198200685 0.9936483285914558
257 -27.759711347817053 15.280097651295849 -14.757259086202238 -0.13435384772984077 0.03786512290808301 0.009537222022497087 0.9901637831507655
258 -27.755147680679098 15.297550855470577 -14.768730104481723 -0.06522273453637384 0.03181272364896577 0.7059506680126529 0.7045336044832232
259 -27.71448906774522 16.38108463801513 -14.893268412518061 -0.01484939126539783 -0.010220438514876766 0.7363347155687747 0.6763772799731402
260 -27.743983598855998 17.395020211752065 -14.977808414047786 0.04850199407108024 -0.061541819004808346 0.7401594131548164 0.667850435504109
261 -27.895969076938727 18.401974252171193 -14.921559786869718 0.03209823964029893 0.018305610989256104 0.7208748125245946 0.6920795563271153
262 -27.93480842181063 19.396066749671924 -14.908346349378142 -0.015292327925120024 0.09533214578876088 0.691125295568035 0.7162567643742984
263 -27.89651079686906 20.411792659689947 -15.116355500621244 0.04049858586701643 -0.03943760173754497 0.7097771107838587 0.702154536494126
264 -27.972923319917026 21.307906274787484 -15.141829537069155 -0.0008918897189845663 -0.06345717164570153 0.721981836467064 0.6889953698763905
265 -28.004987535031745 22.343300436346347 -15.06441517982295 -0.06808914008251504 0.014949909152986756 0.6939765623458976 0.7166148896957926
266 -27.936393547583997 23.334209225455623 -15.226017530907717 -0.048931571123267244 -0.0004790629948912851 0.7195770569681008 0.6926863149587874
267 -28.031403086388522 24.380585243803736 -15.22305649321626 -0.022101209443224877 -0.047991001187300396 0.7309660934363692 0.6803653214211923
268 -28.11018696865786 25.445479985951998 -15.109596997969042 -0.021977981673827203 0.0032819749709676917 0.7148880717318473 0.6988857144464716
269 -28.16539460943266 26.454266250846292 -15.170855729774194 -0.056132369823418606 -0.03578420883950582 0.7155105255700559 0.6954231339653587
270 -28.147437062121032 27.393574536060907 -15.273001296928047 0.018458886594609966 -0.009397113995545436 0.713935271406241 0.6999052735880342
271 -28.19162161860496 28.348012248852793 -15.205105016329055 -0.0645295409538872 -0.02993447192485133 0.7423854287598712 0.6661859657031849
272 -28.32954119442859 29.331688640279868 -15.244095125934903 -0.06447258221717478 -0.2294179990130557 0.7876957122675848 0.5681075010474356
273 -28.04248470575993 29.042492541176046 -15.332118419949195 -0.7348149684415172 0.005132680342417435 -0.011176332121082775 0.6781561083903274
274 -27.06345884301971 28.937821384925222 -15.359366065986025 -0.7413159361904833 -0.009340704102008133 0.06212128643237308 0.6682098321402447
275 -27.07278973135919 28.912448107044288 -15.386206880749235 0.4934987439661438 0.5374370255128353 -0.532725210805215 -0.42874734178102614
276 -27.059910804052237 28.900649941292844 -15.31341965036295 -0.038662054923769985 -0.6833507412361383 0.7247920205987188 -0.07882599087559737
277 -28.133037027963653 28.760768434320113 -15.514725306118217 0.00203836394273879 -0.6683345699936576 0.7433195685736561 0.028297819691707395
278 -29.137850047597322 28.863550319670303 -15.454315576271057 -0.015507102230538566 -0.6833357039321343 0.7296512749539945 0.02051493285384036
279 -30.113541554412713 28.966557387909763 -15.38372850722391 0.016277037194307013 0.7177461445163379 -0.6953173753491808 0.03330581975621445
280 -31.15621077686068 28.898692098740728 -15.450484185382672 -0.00025818437687514796 -0.6888895197472219 0.7247350532799858 -0.013793675018854961
281 -30.23637992699053 28.951571195195168 -15.381513398539054 -0.09291077384739402 -0.03400548217039141 -0.007567203871012517 0.9950647982473363
282 -30.16118249128598 29.00810893583627 -15.446742352156626 0.0242322908727022 0.6444363766957245 -0.025613216619382744 0.763844562463304
283 -30.031149793592974 28.97905060729532 -16.42291632876318 -0.007801320746712371 0.707821023847984 -0.02644862434927996 0.7058533897796556
284 -30.062536491860644 29.002295221025765 -16.487375725291276 -0.5159307976140375 0.45898398300751736 0.46645328514431417 0.5527842691267334
285 -29.949007482480116 29.008480011290786 -17.432450154224778 -0.49836399803178394 0.5056268671331893 0.510885853945258 0.48473749693775364
286 -29.964628933262784 29.06289167641747 -18.452025334232744 -0.5145474238042169 0.4468651538971082 0.49274071924456164 0.541072145362623
287 -29.866321181046366 29.170959719579976 -19.462490196858848 0.667415598823115 -0.4058177086285659 -0.4018352074419787 -0.4779088530997367
288 -29.884777353428692 29.08372907802561 -19.38956625699522 -0.7565319984765465 -0.04896387637180968 -0.049032144541595074 0.6502751132354547
289 -28.960882495914795 29.122398654103513 -19.27303138538659 -0.7321298515500932 -0.031003613723360093 -0.13870860476911775 0.6661715840294724
290 -27.966153966758537 28.98881751356303 -19.051438026949718 -0.7559379509982225 0.026956621551886335 -0.024388591248504607 0.6536331933217833
291 -26.87967800069421 28.93466267191307 -19.05601535728604 -0.7159050819070123 0.00972004235430555 0.008770978832067232 0.6980748558762687
292 -25.92874166365323 29.00109596632239 -19.034923877631638 -0.6622537284940403 0.035364629897659004 0.04375285315113953 0.747164660492638
293 -24.96328559328746 29.053502178647573 -19.129900241874164 -0.6743639946290456 -0.010816626391460369 -0.038299003588894785 0.7373258368357655
294 -23.960424072547244 29.041389430452423 -19.026588242088962 -0.7093279058182842 0.04892489909398351 -0.02672427071700274 0.7026706836283522
295 -22.937122219352705 28.901763800930873 -19.043035891093314 -0.7528435692668806 0.05705136534088687 -0.026579400446982294 0.6551833616615462
296 -21.968749912662048 28.831526787699847 -19.04650152414427 -0.770226682613553 0.2399617240132853 -0.032574975304564525 0.5900068638436375
297 -21.940137488603128 28.80782791524574 -19.068174749590415 -0.46929565608912843 -0.3324124754188967 0.5960987291304537 0.5602944212561966
298 -22.00224796139439 29.85005854776945 -19.188503665137013 -0.513883537327084 -0.46289453169224826 0.5400900789555879 0.4795363064538135
299 -21.985043776297392 28.833660900429326 -19.054413583598237 -0.7381820457709283 -0.01423208341348549 -0.0039459136171830205 0.6744398749101994
300 -21.012997487743768 28.920759389230692 -19.108411468193985 -0.7188056840808429 -0.02040642232714569 -0.0064023388230031635 0.6948819874759126
301 -20.029269713868374 28.91404974827522 -19.082611428308432 -0.7146548267190347 -0.1374786661149745 0.037182828996161876 0.6848251837062342
302 -19.159202211929795 29.162703972489233 -18.9863223765152 -0.6933381531116214 -0.08471784405488739 0.037494751839946903 0.7146322382337079
303 -18.145685523275677 29.462276801797643 -18.849852168164187 -0.7059174773671045 0.020255831368592013 -0.0019898130290291753 0.7080015939864414
304 -17.070819237689438 29.38394894147006 -18.863254208196736 -0.7103483735081016 0.010965163481951291 0.019912526033638866 0.7034830806431448
305 -16.058202498914977 29.321734458211647 -18.857221647268588 -0.7234127389058438 0.07340111625683184 0.031854173867540074 0.6857635138502307
306 -15.130436354657284 29.259424344938406 -18.99834741078992 -0.6671533901910722 -0.002003625252830131 0.02147825091981952 0.7446079667716635
307 -14.0821295207843 29.37443663897172 -18.92974141595802 -0.6549265411512422 -0.004799600693634866 0.014746871615432016 0.755533400523372
308 -13.095996729068675 29.4297073117138 -18.944688914946024 -0.604843142337247 0.060940092254282714 0.002842000776926717 0.794004408901631
309 -12.072103224691782 29.29074396521859 -19.02957823480668 -0.6018050168079311 -0.009464304713731839 -0.023140604961054485 0.7982516276733348
310 -11.113392506763333 29.22894273333974 -18.902771905774987 -0.6343934727676799 0.19425746218898693 0.06901839419634004 0.7450137054821313
311 -11.11759598935874 29.203476076375157 -18.849180295748322 0.10496640871445051 -0.04405095250542285 0.04324072195262616 0.9925582131995945
312 -10.19377870845273 29.34291736486044 -18.750708378418263 -0.03932920861762399 0.06571245003694987 -0.006115914967248089 0.9970444738544847
313 -10.194896437496997 29.34696600745667 -18.73683368047813 0.6286409553452617 -0.00453384900039657 -0.09934995366193614 0.771310300840855
314 -9.187322797884995 29.18748107484717 -18.856872255050764 0.6999660867342472 -0.035985241795215686 0.07511715624938019 0.709302440875464
315 -8.160243327458414 29.237826974631638 -18.73674384066461 0.6745784917072724 -0.08508685378125821 0.13266534888537893 0.7211823563043329
316 -7.207145655840416 29.287425484655405 -18.404627619018417 0.6979154748676071 -0.014298163152351261 0.026879565366601178 0.7155326976711095
317 -7.120949510184007 29.302008879690472 -18.511789836198442 0.5304914073266241 0.49837421995094805 -0.40029997218502184 0.5567422526713547
318 -6.89111865785648 29.371730319113638 -19.42223635739541 0.39577913968550815 0.6104577147696509 -0.4280038348111561 0.5362023577484142
319 -6.927335825572189 29.337726955873077 -19.43023393994685 -0.10534426240968703 0.6671903765958899 0.06008411511472669 0.7349486287258961
320 -6.864952872478712 29.356063965496812 -19.53355041175991 -0.13334302212509969 0.9765993716716098 0.13505725157430892 0.10115752319207917
321 -6.8616726919253805 29.251107761711662 -19.583364658377825 -0.36984412496829466 0.8036791694657937 -0.07344350847903136 -0.4603489620445557
322 -6.872844499708213 29.207613782045296 -19.570099876234977 0.6650146606531179 -0.11128197093268517 0.15010962979878084 0.7230760147477094
323 -5.970892035701926 29.30175474913831 -19.236877930591806 0.8363794264851911 -0.08246536309302202 0.10744911985523958 0.531153090440577
324 -5.043242860981682 29.32064172135401 -18.988807976833275 0.9237863151861049 -0.05834756861918797 0.08807840220376334 0.36804429105250397
325 -4.874116417396653 29.369642664121017 -18.985302647021644 0.6905269503791475 0.04623902387469204 0.7145286492952604 0.102387952452826
326 -4.878952021854478 29.37737810995788 -19.09217660464662 0.9666581560040491 0.08611795282804557 -0.11032529643856841 -0.21443888779160586
327 -3.905086598042552 29.50788819872482 -19.33914681156808 -0.8344243697533399 -0.08122370628899693 0.14525564223858795 0.5253945937067456
328 -3.9215027428570464 29.419030901513732 -19.40581576632718 0.12309087533550585 0.0009246007114071381 0.05602216262731938 0.9908124438142779
329 -2.85447003265387 29.555140340180888 -19.36812485267492 0.4914194477935576 -0.06224785875101945 -0.025598812297163424 0.8683183927685529
330 -1.8964846455585092 29.420774538563926 -19.323123214409737 0.6967909831448613 -0.007013590754455824 0.0202935017998478 0.7169527942183139
331 -0.8071698123957626 29.437545128274905 -19.226951595166184 0.8113939276382987 -0.2643266947226813 0.3339490515891758 0.40031153317306434
332 -0.6969792483951364 29.511267774656474 -19.20432338591013 0.30904769412076777 -0.4248136412118637 0.7259722359026167 0.4438324072186604
333 -1.1411704502749613 29.833061059774842 -18.371609548583148 -0.1873853337230535 0.7276601499265517 -0.6569538270988653 0.06171800364985905
334 -0.23541009480136327 30.255379798255227 -18.51683268490615 0.8041010314590878 -0.21360219968281696 -0.4477397268082606 0.3276045917485857
335 0.1716944230539937 29.6036276645775 -19.134847997458504 0.9664169497571867 -0.20254344583493808 -0.15600071082399541 0.026042465200772545
336 1.098806986891944 29.24440845521659 -19.459482084939747 0.9057938512868808 -0.29740349624853574 0.06829892042203571 -0.2939794497226154
337 1.0295764561362069 29.2221344127682 -19.41527264695993 -0.14463084368310852 0.1511225723649763 -0.24744847779423593 0.9460513400522301
338 1.0725040773895793 29.23616996473109 -19.402818402095885 0.13366729591726606 0.07927699978239554 0.6721324709482582 0.7239379481728097
339 1.128453961874882 30.190356564625798 -19.31030750114407 0.13200472602591734 0.15248971316135126 0.6125116685398604 0.7642977793957725
340 0.9853728785864523 29.26073250325494 -19.239415237845915 -0.7523667559355568 0.1402860761640758 -0.0027512719337727375 0.6436276189694162
341 0.9743372817993726 29.31867820508002 -19.193754245356754 -0.5394973062451731 -0.47366869492895036 -0.45547949893636513 0.5264209817695201
342 1.1048113756643667 29.46577705835899 -18.20171796513471 -0.516217913279456 -0.49747985648683657 -0.47914575031166656 0.5064111060763873
343 1.1310128927253777 29.44047216504953 -17.275518290680935 0.5183418206639994 0.5509354357401007 0.46367389045983715 -0.46130079763906295
344 1.0485826915512948 29.61546800433204 -16.287828494031757 -0.5044999885084342 -0.4788340624009565 -0.515045684945806 0.500924789462743
345 1.104863148716857 29.560779900076746 -15.274348417035785 -0.46315408758827176 -0.4977068031048873 -0.45369976297975084 0.5761360554291894
346 1.1683371166286518 29.57872099811814 -14.29597142055594 0.4405163469584074 0.5428762629830849 0.5238168291166055 -0.4866689230741612
347 0.9924798256394862 29.5723845453289 -13.29499208872741 0.3797623385872556 0.565956747947828 0.5392946923440735 -0.49460566156542296
348 0.9928523365184491 29.593765909109628 -13.244517673875324 0.6679832024082236 0.014103119383330262 0.7440309882897495 0.004175139362146286
349 0.7889224009748312 29.589868195076036 -12.252829118069753 0.6898803110657205 0.07418887258083709 0.7179807905377715 0.055360202382275625
350 0.8046694333842861 29.684074638855176 -11.253067541265098 0.692360349386711 0.017645189840521828 0.7213282585813827 0.003367082498864816
351 0.8655540107148092 29.656541055072413 -11.248332161257506 -0.47037591711140536 -0.4620783172179658 -0.548480274929131 0.5141979320964685
352 0.7628209524353826 29.55356901609278 -10.12419042048098 0.627087410404259 0.46224872915487564 0.4736274637732386 -0.41080958809028967
353 0.7428709157329485 29.599722230612524 -10.131619689901017 0.14428335248739668 0.8059699100194183 0.5724982477598345 0.042901918957182365
354 -0.13697266335678984 29.861058263399922 -10.031733332691957 0.0008125522474655771 0.8702765298268131 0.49242131820579316 -0.011804523197280009
355 -1.0998797902843416 29.74102329949267 -10.076755820326984 -0.12525908384432322 0.8494153926390969 0.5116734011876617 -0.031527498779644815
356 -2.0251955313410797 29.496853776560222 -10.108052430433382 -0.27811851986041874 0.8160227383196237 0.4907311494210538 0.12625338983126244
357 -2.7639645747755517 29.145523717212807 -10.59135090054455 -0.1937754111409126 0.8476500795137473 0.48895297817554056 0.06975254741425742
358 -2.7549167985731833 29.21859000413992 -10.624369335966161 -0.2818654185718214 0.24393567776801459 0.9246429250594718 -0.07799187177300168
359 -3.576374057895762 28.924665517230874 -11.0646402059835 -0.18227577883068502 0.13694304653606243 0.9466352089325422 -0.22782432632695857
360 -3.640889501947563 28.954930847798625 -11.033706723368287 -0.1980923963579651 -0.054196833388855836 0.9418521425027196 0.2659636204799765
361 -4.387973847360681 29.53423620505374 -11.424285996996991 -0.3435516460255945 -0.08116147860283338 0.853034768037876 0.3843393883310362
362 -3.9515796897515285 28.839995631441255 -10.85994451877103 -0.7312895304366359 -0.4254924340404316 0.02582379695605167 0.5324518220072941
363 -3.3431956849568816 29.465222591221444 -10.416867783005886 -0.7083922350088723 -0.23142542046758618 0.05534989976941091 0.6644991382507967
364 -2.4358341232270075 29.828723377037356 -10.19901873973034 -0.6733489875409101 0.0579758467970217 -0.016239792311025264 0.7368691955235304
365 -1.433809145653325 29.795272304116224 -10.29466786945895 -0.7394856703387328 0.06708281319662575 0.017732207643568348 0.6695867444546579
366 -1.5057441892776897 29.812167289938145 -10.2694195084022 0.5264624783701919 -0.4844418777285817 -0.49842889242151023 -0.48961409821469554
367 -1.411718972546327 29.752976249436813 -11.253068474089515 0.5768287827361794 -0.44783923431492834 -0.482262865069254 -0.48387095861449897
368 -1.293296154084882 29.711896571536144 -12.26496938881004 0.6757374395673229 -0.34690602775700397 -0.5734854925194433 -0.3068379222693782
369 -1.1836736490639919 29.63567871082635 -13.274594123923722 -0.6780480731004632 0.18315116456034206 0.7086195915150939 0.06756283006151688
370 -1.2947268189170331 29.47911127398554 -14.261942596740745 -0.6526747392059197 0.15222677234431464 0.7388547568085422 0.07025911275776929
371 -1.3305398755381397 29.517104987236042 -14.218401225128014 -0.17990028523418614 -0.12025311739186277 -0.7874100834414738 0.5772005159603526
372 -1.3470308003616147 29.46844173611593 -14.278296764815162 -0.00834158764069807 0.5688822107508037 -0.19863390434485115 0.7980275811346574
373 -1.0860312855708782 29.143352095293444 -15.23621631582217 -0.4080843156224735 0.3759917447128143 0.47334261613458783 0.6841375351503649
374 -0.8677028194708705 29.50606617592881 -16.20928514775218 -0.458144050820911 0.4450831063460056 0.5554465330797532 0.5324323487847938
375 -0.8911797883463107 29.626448780512657 -17.263275171219536 -0.4837448435914355 0.41933442951289646 0.5417848963507736 0.5446271096906375
376 -0.9206598984683534 29.760148878604085 -18.21487161823817 -0.4867694752828098 0.5074169479713991 0.5382703039217505 0.4645950911926165
377 -0.9147545426208886 29.71231376687789 -18.263480123998725 -0.012380604212055498 0.6905706040664519 0.005454786158647939 0.7231384423100501
378 -0.85492535534173 29.626779349447887 -19.168519257542094 -0.019836862887608598 0.6939776655328829 -0.00670410285203672 0.7196919852390044
379 -0.8766388230532393 29.5269284415185 -20.153709039989607 -0.027886981241116115 0.7436845051440906 0.019433280045022955 0.6676660997179202
380 -1.003161892869283 29.541186104701943 -21.101303424267627 0.01640019787850759 0.6962769137745886 0.034486331687377074 0.7167567131048231
381 -0.9296802020945085 29.60450999629419 -22.229110734006344 0.09609787482390038 0.7468877489289474 0.0671469161895227 0.6545343234700678
382 -0.9225585642017836 29.85609240032617 -23.158192601797342 -0.003651182590585591 0.6544572140904976 0.15369311881806577 0.740304565039668
383 -0.872222323873141 30.15873958158201 -24.174987982977324 0.12730315285905808 0.6653258627968041 -0.05225034784867951 0.7337610678657764
384 -0.7502317033489049 30.302601766981716 -25.16073121859966 0.060780125854288346 0.5702061639822529 -0.25530793231245 0.7784526745770244
385 -0.7454330820418368 30.329431605112887 -25.172616831522205 -0.3672528042850794 -0.025881536316497235 -0.17241322437960288 0.913635159066064
386 0.18423421291551872 30.065173432521572 -25.08984398745533 -0.6074452268884846 -0.03209585138956356 -0.33173493212609156 0.7210631646820383
387 0.9918055617065724 29.625104155130202 -24.595181495395018 -0.7328505491993715 0.1287995942767796 -0.3643500753958958 0.559990856721186
388 0.9586476000376589 29.652648298675384 -24.623257774272112 -0.43159968086451556 0.6239821967064673 -0.26022001621758434 0.597204719364093
389 1.0157839002133893 28.837432094896904 -25.043520205652154 -0.26503981465377224 0.6539066317814327 -0.627023249807264 0.33015429387135714
390 1.6347631163487657 29.624845608544646 -24.954962887111854 -0.04472303961747114 -0.738427232979649 0.24520963227797335 0.6265758593813645
391 1.6407968047963473 29.68518603816893 -25.041054761055783 0.10166255256372624 -0.7008940170478785 -0.26054480928181445 0.6561468620888324
392 1.5731278914900413 29.22526483201202 -24.177225792353127 0.3531975821617696 0.6606168403178903 0.5352735383772231 -0.3902807929640128
393 1.1048012438328614 29.282587199467656 -23.28382733872085 0.49694674575209025 0.5296784527365194 0.4916474256937173 -0.48038263644910817
394 1.0427493605524047 29.34562089854951 -22.217854720855723 -0.5057625063157747 -0.4912108456304065 -0.46908649087650567 0.5318590569102063
395 1.0789896085310107 29.345672250473573 -21.13818616300067 0.45325044919546026 0.5362785278931751 0.5259488601399691 -0.47994496282627436
396 0.960242910179101 29.35552989233269 -20.074698673463523 -0.47071734915357766 -0.49623656912407665 -0.509712550120836 0.521888456395726
397 0.9184360718146577 29.38597822963332 -19.064503837724402 0.5258783175273105 0.5421291458264694 0.5101357936561631 -0.4114723033582074
398 0.8156848337753213 29.47624036995114 -18.091729083407312 0.5150873383715995 0.5092631810110033 0.5730096200306897 -0.3834006020706057
399 0.8351106273273793 29.4070617858511 -18.094155967711732 -0.7599203866846621 -0.005604835143621083 -0.07839786518601191 0.6452467485065857
400 0.8895394009761368 29.396126853080688 -18.147320271309635 0.4930045412906318 0.5232854800492789 0.4948043859485319 -0.4881469535729051
401 0.8496011991177256 29.40345617095306 -17.14099596901352 -0.40401844870783726 -0.4674994087017471 -0.6013805516052403 0.5065124165489038
402 0.8597753078706946 29.423588066343246 -17.160133931067755 0.0128199300421404 0.5899281527757385 0.8058649392120918 0.04901146503638249
403 0.9193819776530042 29.342452898329345 -17.148955072200778 0.10183318309512027 0.9780549530394163 0.1705687682710285 0.0628076981451083
404 0.06578146788397025 29.57388239517944 -17.238514247278985 0.1321924853494893 0.9688077814352607 0.18687136997440676 -0.09495114813156919
405 -0.8506190528679027 29.920804619210134 -16.95174731341718 0.31262160041835635 0.9168822308225139 0.15592691752975166 -0.19308419444239303
406 -1.6469575233713682 30.40088589375682 -16.58340734645618 0.33483337446754663 0.8989093091935986 0.22314266488708673 -0.17336671045749705
407 -2.3293173171094654 30.957712194720592 -16.12495274110173 0.2875519988682064 0.841647055504023 0.20025846608753922 -0.41090221302467356
408 -2.8496227313623317 31.297714686387398 -15.387228458318932 0.4249263558312984 0.8366802120043946 0.08105199180038863 -0.3359083053236503
409 -2.8018874073660105 31.339159308444874 -15.26602614199051 -0.23800604175603404 -0.21937217420345093 -0.5082581422709679 0.7980617984142213
410 -2.3977367128974274 30.66595320479694 -14.59636393479749 -0.18877244941633303 -0.231061717427446 -0.5451087380550949 0.7834742553376084
411 -2.047573648207227 29.825480814264946 -13.980906397639307 -0.27948656529510874 -0.06384668178359161 -0.6849303744079792 0.6698367288064424
412 -1.942456890576717 28.98141480703306 -13.410239095193537 -0.22441590338037515 -0.14052865978785647 -0.6717366571250033 0.6918519072480225
413 -1.858797256898931 28.225244198234105 -12.887931441309924 -0.3037354943708925 -0.05956778747310078 -0.6695760606771762 0.6751772560764072
414 -1.8275190711684788 28.331434869877448 -12.85427940119265 0.1289992220331106 0.26870900284916716 0.9355056225026145 -0.18969423493784712
415 -2.7701448658146974 27.94339907587362 -12.447678643196106 0.13139115010957514 0.10662908213905442 0.9623896994609239 -0.21253863386824362
416 -3.602053934863161 27.614766452410937 -12.161611759492237 0.05892220833955157 0.008041365856230482 0.95336376249359 -0.29590715801349515
417 -4.445948572755044 27.04008886849876 -12.072951136835815 0.02988441135122379 -0.03199012550603327 0.9179963324028912 -0.39416530481910833
418 -5.120410873632331 26.241329295300577 -12.078110782194528 -0.19912554597114612 -0.16925034890064067 0.8847577068957094 -0.3858848745770586
419 -5.16696093349352 26.308103742018233 -12.120938978330532 0.34663367144485097 -0.037189014137227264 -0.283810979220626 0.8932599862984986
420 -4.3442352253136525 25.680794279872853 -12.290131574574948 0.4738249928961986 -0.08497110566461914 -0.35216007167983365 0.8026537679619429
421 -4.390468461519009 25.68503263729825 -12.317901133874035 -0.19391298660130318 -0.4223933042011439 0.7852517266832411 -0.40909824728834177
422 -5.018751681465137 25.269965291112456 -12.985177795247857 0.20518737901888034 0.8290178076502513 -0.4574700250950653 0.24768687940554196
423 -5.797595391025883 25.442701664399554 -13.627756895795747 -0.015070666396336974 0.9949006665124105 -0.04883894161413778 -0.0869499658973135
424 -6.848501170790281 25.40074008791608 -13.370711433205345 -0.03153202330749182 0.9726980499389533 -0.10533042440929762 -0.20437645863663645
425 -7.759404630759435 25.28182964960287 -12.93645570887567 0.07172474028477586 0.9841514890488542 -0.09222854736485059 -0.1333990377962874
426 -7.748142207062384 25.195178548141293 -12.901150810425479 -0.0012189879570877174 -0.6881214702695188 0.7251486008391488 0.025433500024613455
427 -8.677632845238987 25.355436460507455 -12.776822545040476 -0.059429646400625584 0.7486622091020884 -0.6537974097119342 -0.09231446714921838
428 -8.739095446183844 25.42716523011498 -12.839433166741925 -0.4725667215720309 -0.4669022830901495 0.6553095689149565 -0.35951678764191874
429 -9.033501714564572 25.342189445199377 -13.68528026286076 -0.4958382561858753 -0.46905731658041566 0.5790784530060161 -0.4458674721585886
430 -9.154033020971442 25.310374890577577 -14.60944704538935 0.49652485369683597 0.5094141536000582 -0.4776697677234802 0.515550077854988
431 -9.070685755841138 25.322851197424644 -15.677691891368223 0.4877716827029766 0.48788321692237385 -0.5221732246946401 0.501381965781178
432 -9.129265959554612 25.272624138608457 -16.743712303495165 0.4823772945832913 0.4381639068302239 -0.5013338116426259 0.5692002685572658
433 -9.036488138474086 25.10557926831176 -17.703160839847353 0.46471850519294067 0.42486779631542665 -0.45577318958074786 0.6291222983210089
434 -8.826997430726943 24.999494531295323 -18.6676330368389 0.5655443641278141 0.46626050715275413 -0.36623170590478565 0.5732669964885484
435 -8.544249513952622 25.109696755554474 -19.615025193504813 -0.5146069196447849 -0.4742329867377796 0.5249335470812218 -0.4844869076581953
436 -8.560651257261256 25.15449192899036 -20.65716592334384 0.46723902757765495 0.46182068866913567 -0.45137659698855515 0.6038778935484307
437 -8.347367602095174 24.972694081661782 -21.598778956872543 0.40768922777718664 0.6272146674285493 -0.4706475054153603 0.46784845854532475
438 -8.535117915248868 24.955381306991217 -22.52049517022375 0.45320749238159325 0.58261994231313 -0.415006436786989 0.5319084781178162
439 -8.58933098078453 25.04711873141728 -23.56782708984138 0.45009053853363606 0.4936338615928604 -0.5488321001473836 0.5025210877756826
440 -8.614084144555912 24.99013295916436 -24.488012928825377 -0.4968315275609945 -0.4521597960228593 0.554504978451229 -0.49115596398168593
441 -8.57613176749834 24.809936239109724 -25.47845384631965 0.4619189059865532 0.6149456393297499 -0.49827676377803154 0.4002412418034963
442 -8.734378175085956 24.903235595979385 -26.42722775500428 0.5255961211266862 0.5255822987775839 -0.49414997933548543 0.4509187982231315
443 -8.712782882214523 24.825372188263632 -26.367819162557815 0.6942255929002926 -0.01748384320177246 0.001739136022508932 0.7195429916238709
444 -7.800643901795703 24.83036427371646 -26.33327063335929 0.7530691784121003 0.01652869785409299 -0.06912182842201663 0.6540915742528516
445 -6.778662994488435 24.826605473037755 -26.408666364330337 0.7367731158663376 0.02795828419536903 0.033058530338168225 0.6747524313800892
446 -6.773466033482052 24.840073527830107 -26.306951795444878 0.9942513820198948 0.10038169944095163 0.025753303279944982 -0.026916001542745458
447 -6.782033211797965 24.834840720538327 -26.290788948653766 -0.7022145891925478 0.009409792985265784 0.7113901867009059 -0.027020895373158018
448 -6.789395417822588 24.917602113959195 -26.261937797227144 0.5490087223415219 -0.3797838821606204 -0.4628777439780192 0.5831790632162319
449 -6.838637687052278 24.93013148085439 -26.295925708701994 -0.001321453404491669 -0.6739959020362777 0.10162594265966292 0.7317102880086759
450 -6.750148457721556 25.144931891574178 -25.33871509389369 -0.0031648068353289996 -0.7204726843161489 0.017931708007526633 0.6932442203148266
451 -6.78499226638132 25.084724498465288 -25.337486567216246 0.49089946973231996 -0.41676047630295954 0.5289073639192623 0.5527978078829888
452 -6.68670692271868 25.217397915190315 -24.352144792014368 0.4759414513406307 -0.4468822487484318 0.5156954450804451 0.5548280801947595
453 -6.634877662106964 25.28939399493784 -23.358540260782565 0.5573937541591818 -0.4187401434035317 0.5099316127713441 0.5039232535050796
454 -6.540227811638141 25.365432023209188 -22.36553525591027 0.5037137019702156 -0.5022443506197993 0.5055609153841478 0.4882942550900027
455 -6.573727794037547 25.33154497820327 -21.377359403060492 -0.47995093764148883 0.5696266107175599 -0.44339446534238414 -0.49857193054084414
456 -6.673710234215642 25.27040387992426 -20.391778483759204 -0.5084146331866701 0.6196830120681791 -0.4333296152878588 -0.4119866136541946
457 -6.855915490924383 25.042396352755585 -19.418569090912904 0.6435743642068287 -0.45911053388407774 0.5618367014488277 0.2436577031771335
458 -6.962081759226625 24.751719610243473 -18.440102600451375 0.6764413554756825 -0.4917837730287432 0.5480958330446772 0.012913984160522507
459 -6.911109309253428 24.134213608554706 -17.71643303105433 0.7163456605420927 -0.46746660604094564 0.41097916336437906 -0.31530936259392733
460 -6.918031745061902 24.199302898663824 -17.768141384982286 0.7073722275259926 0.20475072732229074 0.660706309644847 -0.14549516755341996
461 -6.888174492774414 24.310213698275973 -16.716941672661918 0.5457055667257081 0.26684493041966606 0.7653145171414735 -0.21282130392987428
462 -6.7718475633366575 24.26626446150556 -16.68712561749578 -0.5819970462084235 -0.062392084510622565 -0.19519548120689154 0.7869468788371294
463 -5.842728114757089 24.05416393386989 -16.330766806717627 -0.34961401538568293 -0.30705882285351116 -0.07720630222360074 0.8817732738355557
464 -5.050001398815522 24.15902760399826 -15.846419351955241 -0.14651112930834456 -0.5042327020168595 0.07194465342348233 0.8480022629977743
465 -4.571612227144101 24.461082238230347 -14.952760586731968 -0.05273490548857168 -0.6380680170515425 -0.04680502016938571 0.7667447589947841
466 -4.491955854093578 24.43678025875909 -14.90160684338204 -0.0806225676230332 0.9798673656928253 -0.05112333339204079 -0.17534637727355487
467 -5.389120974120607 24.343321393681432 -14.536367066422507 -0.45738836300011043 0.882452805588435 -0.019386111565446666 -0.10815317831461714
468 -5.9554454927685025 23.536460476682183 -14.271425587325572 -0.6443691478544407 0.761581673356417 0.003557376091736614 -0.06905867922517851
469 -6.095668571792755 22.624709160635113 -14.167552123626331 -0.6947130047103538 0.7149801268492233 0.07528861432517511 -0.022558454068926915
470 -6.151743822435429 21.65008565470343 -14.336313018036932 0.7087989383423839 -0.7030748653734602 0.029931436159676722 0.04892757723638757
471 -6.084126544450498 21.58840531989453 -14.310895825620657 -0.5181609112381614 0.4448800936512546 -0.5202609496834508 0.5127567811079358
472 -6.000276628306693 20.634994201085195 -14.229520019515006 -0.41596100488438204 0.44240766649496716 -0.5462168766458768 0.5769740225601835
473 -5.94135971400239 19.650375357820984 -14.282003687235084 -0.5116588444665053 0.4702226241826806 -0.5132736039229729 0.5036329199941959
474 -5.947249816192729 18.634844539594887 -14.217895616313845 0.5418187362934247 -0.40375159716297526 0.5671554377627744 -0.4709053134185902
475 -5.991619126329294 17.64892257583347 -13.960455634505427 0.49323339198534455 -0.4755358372431109 0.5483953814205311 -0.4794256920157255
476 -5.961649928417799 16.64181313342378 -13.870322230396118 0.4715682276800013 -0.4358263400868695 0.5963706352404281 -0.48168545063366414
477 -5.907974347871419 16.6904708924439 -13.889632516580537 0.7311399941669983 -0.005054717861343341 0.6821919058980221 0.0047918977502912205
478 -5.698085184594597 16.701160364119925 -12.878260946147996 0.8482276555512375 -0.24892895685202296 0.4111208704340712 0.22253954410878835
479 -5.143603826717228 16.49991912832207 -12.055258616490214 0.49797415710079007 -0.6479192103340586 0.20986903455548384 0.5368215942700167
480 -5.138931462527341 15.973731281431567 -11.012870317014704 0.09081602689505062 -0.8325350467566908 -0.1525661774059793 0.5247488987054327
481 -5.61693757407771 15.656770713711955 -10.098010716757146 0.40968365883271063 0.6598476103509888 0.49348664412253235 -0.3914477779630568
482 -6.040026044244614 15.737185683484393 -9.065837286671528 0.7110157492492034 0.28753300081015504 0.6409333882335653 0.03139696819986081
483 -6.032424543002689 16.154609287214033 -8.120216031560378 0.69478739647713 0.24884572351946987 0.6746886960138848 -0.011892983380445993
484 -6.097127391165133 16.528265955323647 -7.162782844592158 0.5760786456217769 0.12451394542552394 0.8073700446297297 0.027987184348188778
485 -6.062430046059614 16.561329890456122 -7.1791070333309275 0.44742120220470327 -0.4756694207886981 0.477606064932737 0.587745962711537
486 -5.926864230724004 16.72031427541594 -6.204674278655502 -0.4229951557001008 0.5678796582080183 -0.5386416913334486 -0.45656644686752285
487 -5.887269560769928 16.748043421292703 -6.179428515475407 -0.11642641128370727 -0.6955693796437625 0.0277378029439763 0.7084198918335293
488 -5.991857079466583 16.82431629515669 -6.156014659406947 -0.4867966916132447 0.630660650208986 0.4454559514329681 -0.40849127364648813
489 -5.920493977605513 16.75098831577064 -6.136194587193859 0.025673374742746582 -0.7304423187333636 -0.03670293496057578 0.6815040655770339
490 -6.1001071058737395 16.746560110538947 -5.21697975218074 0.06384287468603775 -0.6969412537942198 0.05944935816838664 0.7118024655232178
491 -6.042881114569577 16.67328835721231 -5.212907421257267 0.4932776518212173 -0.5194802915244068 -0.48002393868607196 0.5063540295285319
492 -6.049373853003553 15.614412138838377 -5.174025109160008 0.4265588384022125 -0.5003114742584296 -0.5229104932179973 0.5424947946191059
493 -6.1433519885798615 14.645716156491371 -5.058479383641585 0.4988498709865804 -0.4894593721690965 -0.45929111823407637 0.5482973626817841
494 -6.0824552278423845 13.622193957526113 -4.995301076812934 0.5506853449360447 -0.48810343276989054 -0.49673682672646885 0.46016650765200184
495 -6.055080205493404 13.642869277561992 -4.980840325290789 0.6894950452251357 -0.028199924344553116 0.1293814670224919 0.7120827078844549
496 -5.064113838445589 13.822724554487584 -4.766232675946752 0.4993661618202141 0.02405808518247449 0.12000841027623003 0.8577019449839632
497 -4.169486614871347 14.110435453589625 -4.636085531202233 0.42778403942589993 -0.012902688069305928 0.21175010153688795 0.8786331605124884
498 -3.2297702869996683 14.385833006796258 -4.425107838328684 0.5042850093883084 -0.011684765595601708 0.23410588328278045 0.8311164364706064
499 -2.3289884734802357 14.794982217364398 -4.214088292378669 0.4378458765782016 0.11270706615744551 0.21819324771409454 0.8648582613663488
