# time x y z qx qy qz qw
0 11.92656520575364 12.39716750669673 11.881825795685899 0.016626444959163558 0.010722971483397962 -0.6927081720123885 0.7209465775200276
1 12.284866528794756 11.535341722752678 11.434840197575134 0.10382682546950991 -0.03528337298755553 -0.8345539057675654 0.5399026322140335
2 12.802715443874845 11.70124792595839 11.070158795173121 0.7703599544338081 0.2583191584506921 0.4403775464042071 -0.3819481242329618
3 13.088078296442987 11.445241948594047 10.85624493708783 0.45995044596034246 -0.4198801748534162 -0.22129289305054223 0.7504503191492877
4 13.553226168164839 11.185903801902482 10.458591393447225 0.7334844679068925 0.47252424353167405 -0.4871200618707536 0.03788693623395498
5 14.687549675271534 10.67901795361881 7.862222353982352 0.5864736751657627 0.8077908235767756 -0.031993244702309125 -0.049990458851026105
6 14.338299117572307 11.769920674889724 7.881189274647746 0.7951272928026147 0.5001693851403345 -0.07372328834008957 -0.3349149909530021
7 14.90890658192255 12.83459223986254 8.36766802131405 0.6297345443734677 0.4848085980144093 -0.4280975860487252 -0.43026443466001035
8 15.256310206305777 13.926550060398492 8.269859605893071 0.03253993475809476 -0.4822006565149119 0.6358405158283715 0.6017728125577279
9 15.106030552652864 14.76102670404063 8.876477240286006 0.04557103029195404 -0.5594790328420784 0.549318239931683 0.6189959323667482
10 14.917987302831175 15.523158232433344 9.572956022323119 -0.2522917304990199 -0.18229613570937206 0.5612738040986266 0.7668694272559684
11 15.214551220362837 16.479582878535695 9.563732785936226 -0.2060444792024214 0.13533436782719557 0.6395472634306953 0.728154914364605
12 15.410836549843195 17.399796254901997 9.036756491366766 -0.09348052014807587 0.47510073468647673 0.7658942001737378 0.42302099048799674
13 14.789405680946548 17.953876118996803 8.469940190959731 -0.024253675885787994 0.6714069928553764 0.7087968809749906 -0.21501486151206567
14 14.78555163663971 17.9333737253194 8.450137317520026 0.17318639559452165 0.923590240842457 0.26990448723908067 -0.21009309167547288
15 13.805132987865026 18.05991315407773 8.938224479748829 -0.07582793893701124 0.8394367865255503 0.3736383334560409 -0.38728594200721383
16 12.960237408102016 17.56234616420165 9.546229489072635 -0.28353664564416214 0.8552242465392235 0.35850071228742186 -0.2442860986582865
17 12.13088831218401 16.78183578375243 9.71557780631732 -0.39524748470069304 0.7770686218626146 0.00698694123807303 -0.48979073634201015
18 11.942896275563688 16.085746400068288 10.529639368163043 0.33688670713866253 -0.7874944840238816 0.011133801818975914 0.5159804479263607
19 11.750408238610522 15.457508349316495 11.454645918734961 0.27862618931045974 -0.8030536483551828 0.05855914579033081 0.5234912711192685
20 11.74040654087248 15.379057083279164 11.482632955148482 0.08776532667047034 -0.3505952106089753 0.01659045171586907 0.9322580129150607
21 11.78586563033535 15.335760031202685 11.639306547208419 -0.5627746549737708 -0.05037597896715712 -0.41482947194008013 0.7132064621637745
22 11.810710985055549 15.368093915622627 11.780326257135576 0.7973228808378121 0.3394105964806483 0.06760058677774226 -0.4944763203192319
23 12.637805078894232 15.862567226097964 12.171291874733578 -0.7052167901096973 0.32560162127452846 -0.06536626274112667 0.6264025182468795
24 13.528217369542709 15.276154177008 11.69494050919087 -0.5734964741974403 0.5230442536439952 -0.14478973427532746 0.613646833008679
25 14.032329730750167 14.51863743338922 11.115017906154181 -0.5083942612950364 0.5898832233529313 -0.3625379723606679 0.5119953871722338
26 14.024199728023312 14.452345617724289 11.122585053540103 0.695498760835902 -0.6365352511921895 -0.2567086551129419 -0.21261470799435828
27 14.087289364149653 14.370433465161243 11.057446047399841 0.7625144008023573 -0.2511113733537451 -0.5741087083842484 0.16097843861457983
28 14.574153075400254 13.668393970541075 10.374711045251882 -0.5826255263542635 0.12783007018328563 0.7142199888516516 0.36619226742532446
29 14.868442660551489 13.430300161200917 10.277170945096168 -0.34215089902395146 0.4417624086055837 0.8293101093590569 -0.004845529379258922
30 14.96196584296546 13.046740213574457 10.14740972304249 -0.5137334735316084 0.15829527541342844 0.5724865381126227 0.6190958630412259
31 15.228663683998104 13.479077047094666 9.339536392825437 -0.5674882464433699 0.00840202292218208 0.6281533100407578 0.5322686495035059
32 15.208705232555234 13.473648903616292 9.299106354427565 -0.45738393481733275 0.3599029076819813 0.7941564377725575 -0.17488677925295323
33 15.249415050511143 13.469417137913457 9.312656445409337 -0.5037143481891592 0.8007145150093559 0.25161441276136065 0.20449525220028558
34 14.801263194526946 12.750447854865724 8.664208645962038 -0.5654032145272018 0.7637777161768968 0.2701927083552109 0.1547859994495193
35 14.52081047014232 11.9793165332668 8.177883396348328 -0.49984747608622976 0.8395602685827388 0.20270476741453378 0.06482154992689745
36 13.998883001126309 11.186787131632702 7.882995054389388 -0.38865855575081304 0.9067684067697286 0.16336905532748242 -0.005112268321006526
37 13.267933112125545 10.531372569692538 7.731601502386168 -0.3631257043386988 0.9042298990168105 0.22421595590806076 -0.015336808299236301
38 13.259511316679012 10.440172078865523 7.735237319436891 0.8206042399165115 -0.5050066849569785 -0.228751486271999 -0.1387432416666083
39 13.61476549032182 9.647580162663909 7.230687345208048 0.8391058108431818 -0.5077372191855559 -0.1899957509438483 -0.04478804624236005
40 14.080468118884703 8.785969248114576 6.822884495809477 0.8640903616067304 -0.498713217354498 -0.0628021842977252 -0.026246132319082193
41 14.547463709354348 7.870042487417396 6.689282406542917 0.9307626303643998 -0.3519954589312997 -0.08512685057423802 0.05033430361293542
42 15.25727011594107 7.170080127835775 6.512065978583356 0.9613778506246237 -0.22493528205459476 0.12032074865802116 0.10334246299451336
43 16.141539762114096 6.710749767514959 6.804469490556107 0.9175670431069741 -0.028277587994985472 0.3298430422213213 0.2201696321459758
44 16.16656526538202 6.6897567005510945 6.832401859301097 0.2188992376454587 0.34683383827537967 0.9024207856216937 -0.1320080984763073
45 15.298130772818382 6.60194910664367 7.229702765511112 0.20965648142163784 0.020401236765195986 0.9718317888442333 -0.1056925897504977
46 14.396446703668973 6.431616625771581 7.588489643639272 0.25199614277545734 -0.39856780826827487 0.8703572995116536 -0.14184434223929065
47 13.558988287051111 6.02638209240692 7.940195542728686 0.2219856296173978 -0.4727182599020547 0.8481918809212587 -0.08848932216826204
48 13.513749947279821 5.995611323184374 7.924758174096024 0.02486413188389793 0.988356434839286 -0.0966160788263009 -0.11488544716223577
49 12.500218905981544 6.151610928445821 8.118399059289917 -0.053291713404615276 0.9236687405259256 0.058261326324615885 -0.3749688905930027
50 11.823388896210078 6.013861006477905 8.747945140942942 0.3528281010395096 -0.5653913607580204 -0.29217712394751744 0.6859136013659479
51 12.01600595463199 5.061556965896159 9.469566152418931 0.37330660475057115 -0.4272705199770371 -0.051751649642965095 0.8218295737970163
52 12.625540462486175 4.532257834637935 10.109334836378418 0.03785749342197908 -0.14367262065956013 0.5753879602007774 0.8042721451850783
53 12.829348056853421 5.473584989207449 10.329933504975521 0.07734937103981657 0.10101452099491622 0.8675120867954221 0.4808699622681423
54 12.299790448819358 6.3551822227386205 10.249808186649732 0.19024117754724718 -0.2713355975723103 0.9389190498506311 -0.09282405767419435
55 11.29001880998435 6.116053223722532 10.50167956513935 -0.206918141203286 0.3762483655645315 0.8817057545936986 -0.1954917199457602
56 10.44627660494567 5.628076777440016 10.159135052606796 -0.1914226908420937 0.21555407601252377 0.9310839456262546 -0.22355419911557334
57 9.573676853796844 5.131988310466679 9.864476832462572 0.056963901612958424 0.17236170422633826 0.8721393843305797 -0.4543340743645573
58 9.008581478126189 4.310016513024372 10.114972336160955 -0.08566191789340881 0.004574531628687223 0.9237838006750478 -0.37318172395438165
59 8.347276678985578 3.6031355193732937 9.8979569499658 -0.2836421911585833 -0.1395872231162233 0.888375613316306 -0.3329433648570517
60 7.700682126939301 3.0813595180734743 9.30669642315709 -0.3103688733907497 -0.24388215164773308 0.8215588321086361 -0.411380291120178
61 7.210555162188047 2.5757751993854523 8.509544288560265 -0.35362773042981505 -0.24592381877065686 0.7554179291333528 -0.4937738915497583
62 6.959985488049889 2.0090349108822405 7.7565225224081145 0.28704882341303656 0.2061370011583811 -0.7155922101611025 0.6025265956680851
63 6.788422478080471 1.2770481924146948 7.1697326710602445 0.10662182527664656 0.2644408573601615 -0.6402863081676835 0.7132575011216478
64 6.7898339243286285 1.2668614274719259 7.104496710623728 0.45311877943382384 -0.08204850979523277 -0.6883636499022281 0.5604524058812359
65 6.854175314314475 0.3872616145141862 6.528518973248187 -0.2732477195131917 0.41379675910891706 0.7809490483685444 -0.3797716547928006
66 6.282772156105914 -0.450953773371307 6.457045839452698 -0.0012584998050452958 0.5547089356008461 0.8079338453384851 -0.19884495090242282
67 5.406172987993859 -0.758695439006283 6.719821281263537 0.2277337003128893 0.6315413648838221 0.714908202075368 0.1954459740896279
68 4.6613019558986 -0.18036635568829723 6.753412393847063 0.2134948500185704 0.32574516617552746 0.7859971815554557 0.4801233865536096
69 4.181977389895521 0.6639686745938195 6.722229470049955 0.1764053523088053 0.48959419757346967 0.7738927930404548 0.36092744182070674
70 4.224331944800545 0.616663010221654 6.611143259180336 -0.386430930501228 0.44817435460662247 0.38723569432469107 0.707007355595235
71 4.557048264534699 0.7777465883447501 5.5680626482020905 -0.5396303307344904 0.3997944285270211 0.46171674862067014 0.5794662760793701
72 4.783681455327628 0.8703875469705488 4.589323226416878 0.6083412759821494 -0.3934571456706087 -0.5107610600792813 -0.46285581552340593
73 4.955452522317627 0.8658502025208058 3.5923544852482365 0.6824074781299436 -0.24053234476268978 -0.6011794094050679 -0.33918658968577675
74 5.124521349273593 0.9158425016524073 2.5209269696688397 0.7579557164979835 -0.06847970749693703 -0.5995142106482504 -0.2477829145037407
75 5.397340664126293 1.1369103872081718 1.4904088658503496 0.7612984530151689 0.009900528635993751 -0.628252511167841 -0.16007944021872592
76 5.632590165796423 1.3237645062358079 0.5250037963798411 0.8440416447390854 0.13085270297751989 -0.5053816600134472 -0.12272183909830003
77 6.076082426702579 1.7033190619524197 -0.37355297308398355 0.8270675260287587 0.19426048685550554 -0.5190409185407914 -0.09390790976090319
78 6.041783267633202 1.6956978536412453 -0.4333586869031985 0.6642401550485997 0.572176632318197 -0.2139306149864477 0.43085102973248013
79 6.080691508883501 1.6937438343458746 -0.43409251826436174 0.9052866799405288 -0.09401071072191175 0.1602876056281238 0.3820024828110656
80 7.21732564959782 1.5900144640440212 0.0263168184012984 0.7201833551729772 -0.05140812861843761 0.3986080500571204 0.5655128306885737
81 8.221268134003317 1.92341902925675 0.3578611542600738 0.5070597998965185 0.1009700087101457 0.6056579109177811 0.6048751206759012
82 8.839658629557908 1.7894419650262194 0.009500701671737555 -0.08755939542619612 0.1956100181106098 0.5035059595332513 0.8369897381699883
83 10.94661010865028 0.010536838514641267 -3.237281284024761 -0.26073610085978394 0.3914222812218681 0.7097958153444401 0.5243998321805856
84 13.806503496167498 2.6429729319852386 -3.9853880385678253 0.05779418770388136 0.7575424998158694 0.43247109009347745 0.4855491211749145
85 14.235341500456897 2.3570328500542437 -4.5556844306197855 -0.4606202099949461 0.5599201170668568 0.0027300647012771452 0.6887024258667711
86 15.259578394907868 1.444304136348429 -6.0679340466808025 -0.5710490630468301 0.3778286657777901 0.025597679721899604 0.7283496589569922
87 16.243398611832863 1.2938594109901078 -6.767408494855095 -0.5888451586975993 0.619232891255387 -0.14114520091472207 0.49989002563027407
88 16.603851005605183 0.5208057538803189 -7.2700065702964745 -0.29346968609794544 0.8969779526040423 -0.32101248127087023 -0.07910172407826033
89 16.640497186559326 0.44988312454147866 -7.421167721615925 0.1320980154823531 -0.6604866220200486 0.43673145909985733 0.5962995631984641
90 16.395127376315603 0.6965003748335274 -6.341768295531091 0.3022078781289695 0.8050652115276593 -0.28967062125315773 -0.42027530830102405
91 16.43970359251302 0.6235302489633969 -6.087330799680162 0.3661427916501282 0.39420038823238723 -0.6034619518659838 0.5885398734921733
92 16.42117154162067 0.5114645985208205 -5.74851878662742 0.044773485474665156 -0.5244626060972185 -0.6559661387915869 0.5409646333754328
93 15.739320546552262 -0.6017449272590227 -4.711103464758058 0.18004502467549047 0.8124669462521751 0.5266676967024263 -0.17350039650510538
94 13.92989764094597 -0.2987478634757982 -3.4200593184111043 0.15801163303683388 0.6059336915712019 0.7357358967250197 -0.25801041745278397
95 12.336408634504275 -0.5686762337912972 -3.072250550085105 -0.25623473871128066 0.7769461993930669 0.34927078674414486 -0.456846012846076
96 11.7665283357418 -1.8800215907226108 -2.3339028273477447 0.07653785253060093 -0.7519644300025441 -0.41016281112292347 0.5103507828079578
97 11.115353015953835 -2.893898816066687 -1.2732470187147893 0.13058028057658036 0.7909274831995103 0.4361810542288722 -0.4088136428447805
98 10.344738267727978 -3.063006877560225 -0.28484072534290844 -0.06966919101150254 0.771976731092405 0.46697140243055124 -0.42560056366002474
99 9.608238354879308 -3.4095638339364847 0.3935772954763574 0.5043854562981588 -0.3565140199919509 -0.5101377702636808 0.5985419954977904
100 9.796659978186762 -4.422444345773264 0.28261255461233487 0.08601851424374518 -0.28915162089789076 -0.4176731267484916 0.8570538574276179
101 9.727296786447862 -4.38487604208849 0.462410769089167 0.19078883625392146 0.6335030739149516 0.6687914856368107 -0.33910385435864415
102 8.86989773291447 -4.7098580325829005 1.289587511197539 0.3708639444711264 0.16573842155045038 0.8779700313247558 -0.2532969293317416
103 8.125229757291677 -5.15200105595262 2.1832097582263663 0.38131353068679724 -0.2459021212966268 0.8909914096470956 0.016323173468088873
104 7.223663993990824 -5.346791850300978 3.1133334219795383 -0.19043325327973773 0.6861471346890119 -0.6685985090608147 -0.21427393515080376
105 6.157521582003832 -5.314372690502114 3.8188655222379904 -0.1498163680575529 0.9443375790021178 -0.14889220079840504 -0.25221559287219014
106 5.049361983742514 -5.5844156280944235 4.3883148264175516 0.13414556293138816 -0.7369193778350682 -0.43129366830674937 0.5029319737255877
107 4.367789598207865 -6.502455378445487 5.299355733159694 -0.2580113865320813 0.8919704108152104 0.23036234478564147 -0.29112214061249353
108 3.566657339129435 -7.3552736652454165 5.959102362291733 -0.21083233822054934 0.975315188646508 0.028315411218200106 -0.05923044355251507
109 2.5808911399843986 -7.915489670879517 6.187593763231886 -0.24526113727003998 0.828674038779284 0.48728712678470026 -0.1252899360210086
110 2.5789769553697446 -7.888883402905116 6.260506268229144 0.03500338988612335 0.28844736933262055 0.8987629992839878 -0.32832597969033944
111 1.8728529862692471 -8.48050629556446 6.5021147576449 0.015629777278753934 0.343827059777704 0.8188465477718451 -0.4593789222732883
112 1.2933647036359905 -9.211410650291672 6.822963815869612 0.10271590786553962 0.3100258554173063 0.8678090737023196 -0.3744874134654558
113 0.626277550686957 -9.7688272134502 7.25397559702328 0.15303029967330162 0.33059887383742914 0.8786869152178679 -0.3085375455665497
114 -0.12903350435403274 -10.270402226216293 7.75651019514595 0.14582846386121506 0.32961727238754884 0.8677411854339637 -0.34221593763781666
115 -0.8832887535994978 -10.803137824578894 8.204024426831989 0.11264247188783495 0.29061139036612016 0.9211043657847235 -0.23328832085809947
116 -0.8937867768333082 -10.841493784893695 8.281414524479493 0.2627047848718429 -0.5248744075934696 0.7921727604947197 -0.1671985938607733
117 -1.67437895655991 -11.395963766698005 8.568635866704469 0.3298253463068918 -0.34974285373737535 0.8566655044741934 -0.18713468582054135
118 -1.619394217936966 -11.390989225384928 8.55619227891116 -0.3889584321031201 -0.3287578963564416 0.8605681835270536 -0.007210074903805884
119 -2.2985663551138615 -11.145914136326537 7.802284295396852 -0.39917660989641796 -0.34493442913354483 0.841347626847685 -0.11752635665112483
120 -2.9128665503347424 -11.023998393362733 7.053663409570157 -0.3131488614453902 -0.4149430953402553 0.8374302662157315 -0.16873223589685957
121 -2.9014041980093594 -11.004458112757723 7.083329958858463 -0.020660238811340173 0.8679336821622978 -0.4173799815330019 0.26843663854989014
122 -3.7724021305070514 -11.331275633479946 6.618909442829856 -0.2093230409864515 0.8034653440507998 -0.4686310045075674 0.30168242745599794
123 -4.5634023683816265 -11.937991825739896 6.270639122992912 -0.30440206703567474 0.7241404740386075 -0.5206718274987004 0.334455981397723
124 -4.5426788453163445 -11.897999882995284 6.214129190070087 0.18398814004168823 0.730817619058073 -0.19831362718942266 0.626678288493599
125 -4.53725292894758 -11.958065945397244 6.191437492256214 0.5936381353418236 0.3697139332418797 0.34870997770145007 0.6239444873433524
126 -4.514689446506658 -11.973166494729027 6.180363515296243 0.722395007348156 -0.019619286015955122 -0.13317734874930756 0.6782509349457518
127 -4.516312024247736 -11.960302025299821 6.180011925380334 0.5861233387001091 -0.48065777571997553 0.42040470735511204 0.4986856890914617
128 -4.33885094662183 -12.152223219791404 7.142401606795462 0.5237698629668712 -0.4161765236943539 0.44454478059801117 0.5956863015181875
129 -4.1381675667433475 -11.98910031414012 8.20528405067024 0.39326728620238294 -0.18555284494868154 0.5779313102840856 0.6905840889622232
130 -4.247248554556693 -11.158826003945247 9.153660393139356 0.14005893007427303 -0.48218959436105074 -0.09414125296627722 0.8596593020995671
131 -3.5608580395885348 -11.47895715260201 10.07954791471436 0.07787353072149499 -0.48295276479708843 -0.1397401692934051 0.8609094175775214
132 -3.323566356986483 -11.729238453088884 10.21871786478594 -0.10924425381457722 -0.5086713798208541 -0.4412030103027932 0.7312038184113906
133 -2.9670236353300345 -12.515134290196489 11.462132011211875 -0.0620086133030468 -0.49337279050483346 -0.6732102301758652 0.5472898751596533
134 -3.451183484492365 -13.391205929348487 12.33378178217602 0.04171587638604376 0.30583682491364517 0.8239830728138345 -0.4751584134795
135 -3.5570844826949717 -13.50312637426782 12.538723373742567 -0.13042610141345695 0.14722694130360325 0.9265257552795232 0.32072306531988254
136 -3.6428767418351895 -13.709640039987821 12.737674738910108 -0.0995410224558099 0.06509423828580733 0.35607313732243756 0.9268582663319129
137 -2.9452816156119535 -13.020424771405219 12.561621738132395 -0.16631910539219577 0.2515007278507845 0.23241457667884824 0.9246993044332072
138 -2.1286435763402287 -12.707981371199049 11.999343139152538 0.11843932584091557 0.3817667286322749 0.10708283146846861 0.9103623224894888
139 -2.090937181201523 -12.65900530061411 12.003456933100983 -0.14341498969279787 0.3437111052276809 -0.6868913027999002 0.6240794460743263
140 -2.2634865303012557 -13.69614268846677 11.689133777964205 -0.006897172256828173 -0.5035571138795495 0.7461736886247172 -0.43543941998898383
141 -2.1709427671571886 -13.757633385325537 11.695258298251595 0.29956457715440915 -0.45726334834041876 0.7813585555907931 0.3010815537090882
142 -2.820381543980637 -13.560617773719354 12.397767794358359 0.07965190703052558 -0.48466385362016434 0.6539728329085447 0.5753920893773411
143 -3.175569719844585 -12.976559913431684 13.015102935117005 -0.17025862435293496 -0.33273641393907144 0.39678641417002 0.8383668774483581
144 -3.1756812886133674 -13.093535148481333 12.999037490267726 0.935781652452041 0.26630126809495297 0.012188685381922134 -0.23075478216888198
145 -2.331134309409107 -12.58624736959033 13.240791163502417 -0.6338827542820155 -0.3758891473091019 -0.3658145033540755 0.5684010484639299
146 -1.824852665558342 -12.561411988396223 14.074689520240563 -0.5462931095905553 -0.27442982791408765 -0.5572523543020556 0.5618913788177742
147 -1.5257713767479921 -12.971563223052566 15.087779024967206 -0.12682987029867884 -0.5468540006725908 -0.6227165173402247 0.5450587353488275
148 -1.9095228629066836 -13.503893742326735 15.90068030724735 0.2129551752917273 -0.7587913169254551 -0.3072086679026946 0.5333935367441714
149 -2.30169787328726 -14.15662718430055 16.47038438505154 -0.5341059671234506 0.7153156484381806 -0.09250810696442971 -0.4410176743946283
150 -2.4650383788186234 -14.78651110593779 16.99379482551223 0.7411175942699562 -0.4527421498848663 0.39747755139169494 0.296278337582761
151 -2.0641306342827197 -14.984015439791387 18.38851994117364 0.5994197088505948 -0.4152363048905728 0.6729675283026956 0.12405454281263953
152 -1.9751036554281887 -15.462389198242267 19.4374425220706 -0.2810001703413673 0.6731298843804391 -0.6430686594434502 -0.23323327863686819
153 -3.1137606350560527 -15.730223579124232 20.194876253553083 0.7154149077853968 -0.4584968493651823 0.5040495144785381 -0.15458407354757597
154 -2.9641429432603896 -16.672000679431292 20.87166603637857 0.7694126076902257 -0.35398614264640343 0.4344377412304239 -0.3065320520537028
155 -2.53720239464604 -17.58446555181302 21.37793990733749 0.7610179757107103 -0.33759257996930686 0.46475249745182706 -0.3014763783567956
156 -2.1270017386179925 -18.474031159674844 21.964293206454805 0.6671841815802825 -0.3516066447161335 0.6494832916789426 -0.09700252094866953
157 -2.2388425957921414 -19.09070515284813 22.81611786885168 0.6254421386594742 -0.3951982813037904 0.6610244114224321 -0.12524846165610942
158 -2.2741200476987773 -19.074267209187024 22.818719622198028 0.8398377984655745 -0.35692304833991284 0.12703871313046194 -0.3887667362293204
159 -1.5452219985996662 -19.8193011227785 22.725004904398066 0.9061737612982234 -0.23844426566766797 0.07918760834694195 -0.34018049501570324
160 -1.5424833055210505 -19.909637270869233 22.729522786825246 -0.4237662103606582 0.08437575997569512 -0.1644281250344024 0.8867165960907473
161 -1.4657392905870024 -19.93074680415377 22.807999160723483 -0.3191619322419884 -0.293830877687639 -0.6391385513933266 0.6350598306047317
162 -1.3855876504551092 -20.570110260779455 23.575292866251466 -0.13850362264736843 -0.32178813639115084 -0.6543946480285313 0.6701020716451185
163 -1.408032651431093 -20.59905273278874 23.572626063458408 0.47494184359826586 0.15169364136653463 -0.4277541271594345 0.7539533745972045
164 -0.8153613964691805 -21.128141698975053 23.039479947154927 0.4474983575973845 0.013235349620598403 -0.517091234147464 0.7295112754686635
165 -0.7956052418913737 -21.202932031375063 23.03162882548767 -0.04866231760380739 -0.4905093698070022 -0.6246499063873211 0.6056773327666081
166 -1.067927036150307 -21.884407011619626 23.792971066565737 -0.2718363165608891 -0.25408868149694086 -0.7809276522675618 0.5016930942893574
167 -1.417734471079957 -22.63568445034911 24.537404874408175 -0.1588363988100867 -0.1482241798006605 -0.8300544772060896 0.5136245280412488
168 -1.811705459099624 -23.44016228398547 24.944261963218832 -0.18286034766139617 0.001516775515471767 -0.8156066036351278 0.5489495976425852
169 -2.1380561459355625 -24.349167136469692 25.29649467216001 -0.3700899695036297 0.17505277204936828 -0.7186540452871557 0.5620732200194565
170 -2.2035121412214425 -25.361650319075476 25.694198522973185 0.4825967233066829 -0.2074239821235938 0.7273498057389935 -0.44163101610404704
171 -2.2835894432355004 -26.25801631231913 26.213140289245107 0.6815287100845691 -0.22297794232492216 0.6709405301355293 -0.18878098312187502
172 -2.2993820018334548 -26.78997671212523 27.082269970998276 0.5570876562008145 0.1598081908280941 0.7789891947526745 -0.23935438143371035
173 -2.574764047842884 -26.899048721735014 28.00869192674916 0.43664851476242283 0.286461366299098 0.7512530679842073 -0.40360474231373983
174 -2.6133809660626284 -26.861180987243063 27.96733315874565 0.7322849857705829 0.39599578205543945 -0.5447025178256075 -0.10121861135049698
175 -2.454503686986854 -26.154244157268117 27.21342615560813 0.7503474553442926 0.2692180466516616 -0.5552943345591898 -0.2369568349338653
176 -2.4762116055971637 -26.083704727495633 27.194804107561744 -0.1725829795777082 -0.3243278350156361 0.9167303744725469 0.15694582222402428
177 -3.358425444615704 -25.675757220439298 26.966035599248816 -0.07040428641287913 -0.3505205115419159 0.8728026683944701 0.3322560902174402
178 -4.158369348309499 -25.02054137461916 27.134724365255178 0.05509398656209917 -0.3469385620011976 0.8538976073158373 0.3840015144000395
179 -4.1311847635744465 -25.09965322051422 27.151311542851595 0.6346170197713902 -0.5589139019586824 0.5207703966046099 0.11693879781354176
180 -4.199292567108484 -25.747552920646903 27.9714953944093 0.6655355062314805 -0.5905710790783022 0.3457676353598133 0.2978809037840136
181 -4.050040759300712 -26.38947925428888 28.70745322843322 0.608407007846272 -0.3973263682062569 0.630751605723535 0.2722592180418405
182 -3.890076037008964 -26.317388602743236 27.662751620655747 0.8169663161634524 -0.07113503443103017 -0.49413641481424386 -0.288678105656353
183 -3.3743163149258244 -26.24925458873924 26.777702141771154 0.8189507732638768 0.3642112609855407 -0.43541206114146136 -0.08417912659540681
184 -3.0636704360014995 -25.527410725626755 26.088358163095734 0.72775046849193 0.4036852985340158 -0.5465224217848502 -0.0934380963189083
185 -3.0256259388556295 -24.895141144611692 25.37657941552669 0.6639271022861385 0.3780151471842949 -0.6104528523136589 -0.20893220539516189
186 -2.9885262142558147 -24.845922267798354 25.404122698062398 0.5254802524452509 0.7999332497113798 -0.18670367808126592 0.22162815003332575
187 -3.3067564327438137 -24.099611654664535 24.81462475756098 0.5357297414126362 0.7350813828537466 -0.3584165581375592 0.2102060313135628
188 -3.594971333493449 -23.499648781112707 24.092233980069047 0.7191018900667151 0.5580049227720913 -0.3555303568094265 0.21241737982460962
189 -3.4835646484818876 -22.90989098601158 23.338818285125253 0.8357191971197355 0.4624348252172279 -0.26539988045748714 0.13149281138149166
190 -3.0968284753463826 -22.218945281478238 22.758116322923726 0.8820818371653426 0.3190716976966235 -0.3465505747325701 0.005251992434813072
191 -2.558704311268895 -21.637425374119157 22.1856473753349 0.914253721599992 0.22166579831325356 -0.33849832382435474 0.020574041091013344
192 -1.8365425784562486 -21.197173799637135 21.579295180477196 0.8046465798993918 0.2541875657780945 -0.5303028807059627 -0.0819232419706181
193 -1.5143703455876005 -20.74473318897633 20.828376344263525 0.6850071432018746 0.14874044468864323 -0.6717144014486942 -0.23966905674837263
194 -1.4746388337524654 -20.767082736239818 20.833375997139704 0.7496304751514427 0.5240983231326714 -0.3127996941708272 0.2559911126199139
195 -1.2477114241038092 -20.103054329772984 20.151721143678262 0.7800999912709877 0.4045851611241593 -0.4044623489444315 0.2533082298376751
196 -0.9117768975128302 -19.60104510623554 19.32782136073313 0.7334832411041075 0.45724637513743394 -0.45413364818093827 0.21608034855804006
197 -0.9384196455783691 -19.571518214754114 19.37715079956975 0.8833432604955154 0.421501929429861 0.11099080468561123 -0.17240025782839455
198 -0.2858000004335118 -18.79985704118696 19.74315860360927 0.9367951064053106 0.3279808215234443 0.06757611275286193 -0.10137543249270353
199 0.6492579226995581 -18.207315352526816 20.02748173704638 0.9183846699323579 0.33341913216411206 0.1000876084891933 -0.1881056909481427
200 1.3169058091474177 -18.208998622032826 20.204387304614077 0.45158252509852387 0.04271253143090747 0.8147037808011334 -0.36125698918186183
201 0.675036982382283 -18.63301297433956 20.72958604664288 -0.21859607505991904 0.03865442422350187 -0.5478483031302563 0.8065877684503076
202 0.6493548897377134 -18.550013468023167 20.744272456842065 0.41984394575659345 -0.5780369791783065 -0.2975353419808314 0.6333064283475283
203 0.7529921693871172 -19.467889191783527 21.26145110120887 0.2159564819313737 -0.7274295263522175 -0.16166747637569095 0.6309300350951206
204 0.5678293396750511 -19.945442595949757 22.186753364971977 0.2673623318433349 -0.7377701849271947 -0.062246168234840506 0.6167154548767753
205 0.5506001214619471 -19.92814354372879 22.335061436705235 0.711433462671549 -0.3301587931290742 -0.3930044743817814 0.48000529437353395
206 0.5366205897057555 -19.99270467434999 22.4500258224223 0.21279985746719474 -0.7821016839619201 0.08580400069235992 0.579371081493595
207 0.2886638989873901 -20.27618836664811 23.49472172494446 0.2792042823396811 -0.7839981601394334 0.017216536710636467 0.5541619298407809
208 0.22167729059591765 -20.329408272308296 23.60308712794375 0.6101897473052943 -0.4481901539172254 0.6242893136211435 0.19250171717051442
209 0.015710807602548123 -20.668350892122923 24.640564452826574 0.6514920733656777 -0.3438298923273495 0.6630630180099438 0.13299066745978352
210 -0.056186282419515954 -20.947785655781576 25.636289007815147 0.7548401047747643 -0.2705609783504635 0.5964631763757517 0.035282466543771034
211 0.035015046681668854 -21.339216639737646 26.662948320583876 0.8505342581080116 -0.19059393678619657 0.4712492624791423 -0.13486867559911306
212 0.06562853246996898 -21.348559342660984 26.685816853094515 -0.5208614338181937 0.777480071255849 -0.25980483251435826 -0.23817966866011578
213 -0.25780372830541304 -22.055661160511306 27.322396602724577 -0.6475890084032134 0.6953755133966673 -0.28776176309369145 -0.1194761033214406
214 -0.413026839691963 -22.962640218444236 27.809064301006764 0.6231975709539748 -0.6219141394069972 0.4721055150044297 0.04431674023574943
215 -0.590812886695372 -23.769610901887773 28.42915763086666 0.6271876845300488 -0.34748491807708126 0.6682803322449025 -0.19822017459745103
216 -0.7332589964334938 -24.456252279400363 29.14217947759728 0.5714312154290486 -0.5087715532529793 0.6420935578031424 -0.04830875346697929
217 -1.1174888487797399 -25.13591714889189 29.8060319106423 0.699057730098841 -0.48783102379752474 0.5074719553718845 0.12574337644882633
218 -1.1263345383662728 -25.196909237675207 29.81228140576296 0.4742650155568859 -0.13375502419415253 0.7859004456200528 -0.37355425053913016
219 -1.1735827364547475 -25.25371505758665 29.875073547804007 0.3323833169250331 0.2737767437723493 0.8039697469040071 0.41012226379755234
220 -1.652293564355528 -24.471748294848577 30.212868655722623 0.505161128010423 0.09861106447932516 0.7987757323573617 0.31152114231052097
221 -1.7065348495391164 -24.427595040226056 30.16996684731739 0.3106646840895906 -0.3440314322082071 0.6812816230741965 0.5665555381193208
222 -1.7738792527698404 -24.424123445112755 30.197370126737137 0.06164841479176588 -0.47025994910586744 0.8777546856971268 -0.06783631002161152
223 -1.7889244306214953 -24.373937299173573 30.1567261579842 0.46339197103054175 0.00267520091493232 0.6639558458817131 0.5868759316959556
224 -1.8087613178524746 -24.412417601685878 30.13724838736765 0.21131762565071865 0.5277288168718496 0.11455338930115735 0.8146929961230787
225 -1.8214516149765863 -24.456932602882972 30.08697699941156 0.5008532714124183 0.6086464926397273 -0.4357937294190707 0.4344873679543
226 -2.0334617098008914 -24.192779541305857 29.079980079748157 0.5271370246566502 0.5686731328430347 -0.39862513984694187 0.4897299491562961
227 -1.772430299800559 -24.12535888686156 28.059226690916137 0.5131040380058952 -0.23261485780640664 -0.5396034967731327 0.6256537703714068
228 -1.8031479465160263 -24.631275206000318 28.23051965523027 -0.18147178861776442 -0.35857478158168876 0.8541871876306625 -0.3299338788865631
229 -2.1760968348256347 -24.984879381317135 27.796392912256046 0.43580992020063714 -0.15822813327033897 0.8665499433792045 0.18472890116599622
230 -1.9420381484268283 -25.03511171100221 27.59210990969039 0.6797308037701248 0.06933007564577806 0.5669803127898826 -0.4601007497555925
231 -1.5847497174602698 -25.463939584792932 28.366648854777125 -0.6302752468922509 0.1375049765420195 -0.5403890277243529 0.5402084720700167
232 -1.2799885443041774 -26.17584518270029 28.863571969296075 0.7094567539836737 -0.27737145917447 0.4417684959415727 -0.47389533006339657
233 -1.3192767743784515 -26.193218017839616 28.774756160747383 -0.23833398376970993 0.8118108617806918 0.13268262372375997 0.516289994322113
234 -1.7416763371640682 -26.465247512077195 27.866622947146237 -0.30677089879844116 0.8560995167231935 0.10410126154942066 0.40267624769848326
235 -1.7942175082367453 -26.440584728239394 27.81680130665442 0.01252796892596382 0.7587895686660322 -0.47868499830880196 0.4415224941860943
236 -2.442051514828967 -26.781394142335028 27.132061938847986 -0.3503532010455175 -0.535921553465178 0.6535538972300934 -0.40361866466255825
237 -2.516859832627628 -26.763905452613205 27.09523370090616 0.042253713501296974 -0.1404860602378797 0.8845593072688511 -0.4427562788919423
238 -3.0980173292472277 -27.535611525172943 26.99255766661402 0.05346627348994732 0.05351651993933748 0.9381285437782702 -0.3379233271633431
239 -3.8445292571968173 -28.175087272059862 27.065282860486565 0.034575347569388265 0.28587128931638345 0.8640113214866073 -0.412997079442472
240 -3.8541034956254108 -28.17537600821475 27.024123481612907 0.539644482008398 0.6901996120556175 0.4814472580764971 0.024836792199997248
241 -3.8811902622049157 -28.166262217636177 26.92360102927498 0.6738300113102464 0.5905456809275205 -0.15702523486425862 0.4153937772900662
242 -3.8467494986654267 -28.23678311655871 26.920686933401402 0.9358531216100611 0.09162186992382895 0.04375965283153265 0.3374454926479672
243 -3.8712158332339373 -28.248873680265405 26.87527273168677 0.6600747857797785 0.3730908201984311 0.651905498788376 0.011123745363901342
244 -3.907428345389263 -28.28778999457282 26.880719690047016 0.2523583586261618 0.7989089779705315 0.3719260134784649 0.3996632885912939
245 -3.8760356751091907 -28.27911124871181 26.829125161061732 -0.3918629493559266 0.7067530973148823 0.005876351556048658 0.5889897765244203
246 -3.887647503718464 -28.86072583413994 26.026555230048963 -0.39144885013107794 0.7337188699126485 0.04877368865987913 0.5532138329431675
247 -4.01567172785104 -29.38590376803211 25.127766270682447 -0.43617412138094847 0.755320118565656 0.06113987489803762 0.4852891612481911
248 -4.198156052302412 -29.99548288416406 24.252868262338986 -0.4197204186756331 0.8109260306034571 0.13176532122648962 0.38583888238298675
249 -4.501478674562456 -30.62028837032334 23.459857603578648 -0.4225489462308174 0.8435058241216913 0.12232672524972715 0.30819877514631794
250 -4.55030808543378 -30.648582001586874 23.50029022581053 -0.35659324473733567 0.5686410106473998 0.7401355754288064 0.04108514089391802
251 -5.233608589997207 -31.114805067226946 22.816949262353006 0.7210181084151909 -0.3861300356387477 -0.5531414936796444 0.15833815359808856
252 -5.115887169363467 -31.803870075431593 22.116938147177898 -0.46194984236981323 0.3248205235638958 0.7951273715006169 -0.2210575348109676
253 -5.07389506192941 -31.765430646573108 22.044745453780042 -0.11777541032054344 -0.3552086939490482 -0.5315149326695893 0.7598997386603582
254 -4.90075761923887 -32.548492401289074 22.708990354565163 -0.010459154053677233 -0.7169548529803974 -0.4483512721615736 0.5337110469490383
255 -4.47393457587457 -32.13948651519072 21.86197928985373 0.7827307221693578 0.2438990902637591 -0.3732801451548893 -0.434174830654531
256 -3.885783443260524 -31.349181961690427 21.511166409318104 0.8369678885037178 0.4002948444726092 -0.23700769327948215 -0.2882293261079044
257 -3.2756819875534107 -30.440177472224477 21.33287385533828 0.8628215567400247 0.4832195714043905 -0.04909247304942077 -0.14009902257463996
258 -3.2981196019965444 -30.38631507452179 21.377693732618138 0.7874634528915468 -0.359819850233494 -0.47736033508021136 0.15019352925535095
259 -2.9837566465104763 -31.034414206362715 20.653644340933162 -0.5559799447886441 0.48315815043666704 0.6724129763641903 0.07283743458199374
260 -3.3236300909589 -31.529775212437045 19.76212965697338 0.7421121816589622 -0.34570516875163604 -0.5640983079305261 -0.1074734624067559
261 -3.147911400132398 -31.912660522636703 18.867034975898893 0.9020637927741039 -0.22816639454897578 -0.36634355700070637 -0.003661749389351418
262 -2.516517109703249 -32.403863402542456 18.171280685742573 0.8872897416544624 -0.4066868833954882 -0.16330813494757965 0.14371202555376195
263 -1.8710269583861654 -33.26401341737513 18.05963173021415 0.8258059877975896 -0.5043237451545742 -0.12152470795476403 0.22120980074902039
264 -1.3807040844227703 -34.23859538943233 18.040044108548173 0.6825106426100329 -0.6297444530037406 -0.22954001898888704 0.29139753999929574
265 -1.2186875665600845 -35.31582599155643 18.032799163932726 -0.44367427039931273 0.7691811479013956 0.3329245826101029 -0.3172928076597665
266 -1.673988929937254 -36.19083411600774 18.206287892971968 0.7068592579433236 -0.5236325608999964 -0.47556120002027047 -0.0006896813795495789
267 -1.6623884394564485 -36.81464890301227 17.455171560278213 0.7790734511583177 -0.40248704456804957 -0.4781163390492485 0.049532847579039106
268 -1.4280000881001147 -37.510433248929004 16.71260219893008 0.7484520600815263 -0.43139032450810977 -0.45107624368574584 0.2241698553839591
269 -1.2242301664205544 -38.44791010576486 16.243703775435453 0.6921106523235322 -0.30549463181841907 -0.5743055833617606 0.3127762327766151
270 -1.1371358176463444 -39.13865509546079 15.69894686184982 -0.4790152764062751 0.3634540530179609 0.7341419855293122 -0.31540618477974797
271 -1.5386895521545554 -40.01380251445573 15.311772119259297 -0.5719130275220998 0.4013474016610686 0.6475924148385372 -0.30407205786459096
272 -1.6520261272446117 -40.92465034018081 14.879537593433097 0.7792293541723004 -0.44802216612764817 -0.3826643857133694 0.2136485903560335
273 -1.6833985774736455 -40.644825848649184 15.005573313365597 0.6160833489622322 -0.16312275242377028 -0.09784536056694595 0.7643680789964342
274 -0.775925362686226 -41.10957461425965 15.189802899880343 0.5854524989580104 -0.01796869545388845 -0.3561047799916283 0.7280878265117608
275 -0.872505348804864 -41.19765764473253 15.367761208716605 0.021174167441718985 0.3426563172733472 0.7983209942131991 -0.49479479894625716
276 -0.7944611194996654 -41.20776893481952 15.324715854867714 0.40393986136170273 0.6331791360521898 0.65894572361233 -0.04131952812308759
277 -1.4994120990187616 -40.71611434798668 15.867882296415669 0.3354552658015169 0.706824800587841 0.6164981714666645 0.08830894914022801
278 -2.258838314487676 -40.07636968829882 16.158740915025724 0.29597402822257035 0.688884758336945 0.6608550118539563 0.03328389484813267
279 -3.123227891729745 -39.56929988526491 16.464282509328353 0.4181727799699607 0.5424169756057763 0.7267006207822341 -0.05311834355092445
280 -3.7901148004872725 -39.236997861645236 17.152934890038402 0.5609355065078628 0.273318965669091 0.7617359820211573 -0.1743742935142964
281 -3.4869149039423726 -39.27810214244605 16.267069197883252 -0.5694414058867964 -0.012950411036021372 0.7641228126880144 0.3027954742816091
282 -3.4271306744727483 -39.32727518252623 16.282308180025964 0.9428878883186932 -0.22419168457490474 -0.06426708837163256 -0.23784503354414385
283 -2.4887918030156393 -39.7579458313641 16.02796842978529 0.9317351253064813 -0.292344866622793 -0.024837660457603366 -0.2139794986731436
284 -2.4678625864509556 -39.79421897215015 15.99468372033319 0.8252451159456125 -0.14856188352230523 -0.31539093242539085 0.444329185532597
285 -1.6760097214777216 -40.34202482954868 15.545198843059314 0.7712959677892175 -0.05279730705000048 -0.3120678652768189 0.5522034243844689
286 -0.8265867307557642 -40.79226933408222 15.151719633410224 0.7644448875580885 -0.03766683562159287 -0.2507719642497982 0.592721389294206
287 0.10467270165221816 -41.133173864771095 14.759083082596577 0.7752899997278994 -0.10888834618809114 -0.15182444726595778 0.6033391099528709
288 0.12365560275488068 -41.1073647121116 14.81108265499923 0.6217940970177441 0.5173715931206151 -0.48174520323726533 0.337076096310034
289 0.1774046070681372 -40.73807170754511 13.835065362265498 0.5979058069193803 0.6124876191231748 -0.3320954056783847 0.396333450518901
290 0.16937755813524238 -40.327621399791724 13.001048363361829 0.5332143062197198 0.5488595992339417 -0.4010469686543045 0.5035841269386658
291 0.266224592966019 -40.12497560217614 12.080549377559782 0.5734058405620938 0.48912258700320804 -0.4085383287451789 0.5148410151091976
292 0.5196321882659507 -40.04299587096646 11.072984441736612 0.6248744291221476 0.6593841284071432 -0.24221695352043038 0.3406984978853058
293 0.5226701364749713 -39.43455921938766 10.37012281884766 0.5902944270852266 0.696408663175754 -0.27873860346683754 0.2981144983781254
294 0.4446279030191647 -38.78695976988324 9.61734139476425 0.6877968777616857 0.6333730254884845 -0.3127071623600861 0.1672970296614479
295 0.47532148204167335 -38.06070756498105 8.942316640160556 0.7015239985468513 0.565172051136284 -0.3791433803148255 0.21141175284427857
296 0.5792471249015247 -37.40748915477801 8.216161276640099 0.7137823098491852 0.539415073583285 -0.4235588756230478 0.1419298115916475
297 0.596191439094753 -37.352672444481 8.212358355096958 -0.12403864114599943 -0.2696892166304763 0.8636773510761238 -0.40736172521976705
298 -0.06671680950656071 -37.92635736497397 7.77870761482258 -0.21775313586338108 -0.2681863889243472 0.8846006852489211 -0.3132750553020782
299 0.6085962463829432 -37.5136729670948 8.383004246171568 0.7119530037460874 0.44671981548827217 -0.541283130788539 0.02401872666907888
300 0.6040250570763048 -36.911330735970616 7.600707561746502 0.7855736529964984 0.339623971480149 -0.51723133506097 0.0011574734704173047
301 1.0052859889307482 -36.2294412317716 6.849728277761629 0.6695242850526713 0.6122471723807861 -0.24566215171194397 0.34138063631773174
302 1.1254175898741092 -35.531029138541875 6.1550559993242455 0.7998816031723357 0.5013736720519159 -0.06844382032648563 0.3226907270727622
303 1.6817110795061667 -34.682173213012824 5.756096050782909 0.8081754553293127 0.4307311956295403 -0.18024448361473697 0.35893592275120967
304 2.286665480826693 -34.183339467762025 5.119256733530429 0.6335568302041625 0.5525720725451712 -0.4667875110321329 0.27455284935548063
305 2.233247284986591 -33.67643621887041 4.119026806997922 0.5246566466657427 0.6159079333769383 -0.5565376275135047 0.18883508644965108
306 1.7952796610205826 -33.226331549188444 3.13367245660329 0.48359598547989896 0.6241746712580295 -0.5775344967228564 0.2073518933666486
307 1.2611856598163713 -32.724848783228445 2.053581877462887 0.6344729364148707 0.5012855430587914 -0.5862634487089219 0.049518339888020374
308 1.0695058724620399 -31.920695627302912 0.9319295085519081 -0.5803827082741738 -0.4249164943677399 0.6691902700864779 0.18651076958758248
309 0.7081085611462645 -30.727997192542194 -0.18157857124946275 -0.31865228306747645 -0.27153178073241685 0.8632218615706908 0.2820979125314441
310 -0.2597774806997512 -29.55180684357075 -0.8735870211656848 -0.28937467295624797 0.12146104777837713 0.8994979812210983 0.3039948919031583
311 -0.6823054822126274 -29.206299358071796 -1.2771346168909319 0.01840644109407978 0.8018040523789336 0.16693458000076355 0.5735017964356693
312 -1.2079339924697114 -28.858150718975555 -2.5994546291631533 0.3712095170884758 0.7139312202182514 -0.155302799275432 0.5730503884981104
313 -1.2962290876799456 -28.706994200418247 -2.8382490985138014 -0.5749782495161724 -0.2561377619345287 0.7233470310712192 0.28383539619811593
314 -1.5690743110172007 -27.827533579684303 -3.7200440527656222 -0.38793883188917566 -0.11138413373445512 0.8067128891931957 0.43163798706121087
315 -1.970082003901547 -26.986314955507375 -4.38277132501564 -0.3568075186730645 0.13505459134350323 0.7758922235756878 0.5024339850867827
316 -2.290787884113614 -26.258491083876816 -5.1291812850708265 -0.28013160092849343 0.2402742262482604 0.5569477017183564 0.7440455899423638
317 -2.4094344790431643 -26.262588425322047 -5.343439332801226 -0.2245710374921859 0.06464790773437507 -0.45865710577776553 0.857334331789422
318 -1.8448033536986495 -27.010364132158834 -5.239960023457485 -0.17691702535488643 -0.2544005978276789 -0.4665876153758708 0.8284181909774535
319 -1.9612562235290194 -27.02673568514744 -5.141776090439452 0.6574488984720365 -0.2753104505226732 0.550385001063718 -0.43478897448647397
320 -2.0244343608295567 -26.926369990922463 -5.086705638747455 -0.03257393123202711 -0.4515851437792991 0.8916303990885496 -0.0022423967345485186
321 -2.0315168092039215 -26.840620371748127 -5.136944771431911 -0.4003835751044011 -0.5073309377350592 0.7024103655736702 0.2982079655846682
322 -2.0734143781643755 -26.798679849662356 -5.168080757001898 -0.7019398687049043 -0.10034286133105884 0.3191664413256961 0.6287642750935594
323 -1.3141131957674363 -26.252594122377584 -5.4935399616401765 -0.7047604211421996 -0.0519891404913953 0.360346884641426 0.608900649360514
324 -0.5914815437832185 -25.748943688606417 -5.897979604462017 -0.7259334133851303 0.05344648527885457 0.2308880035158842 0.6456429991681161
325 -0.5988830204270689 -25.790994424672167 -5.923896916017533 0.7032507039354189 -0.5477390828963907 0.3381260707942191 -0.30181302942619986
326 -0.6486212120955482 -25.774464939841437 -5.992176711395109 -0.6713080169046765 0.30878283665112455 0.3415541374133842 0.5808093296814313
327 -0.07625098704202125 -25.767796982173373 -6.828749079233037 -0.641457488196489 0.15590216040991964 0.3074790607441965 0.6853345419720485
328 -0.0879540897166806 -25.809711601379828 -6.814864792921011 -0.059473238733803176 0.2707877012784711 -0.04467659162442407 0.9597608852582282
329 0.8291327424257107 -26.014911785071888 -7.499843893171297 0.01890703380849177 0.5253754597039688 -0.018191027948708163 0.8504658940343098
330 1.0276462989101 -26.094669897509803 -8.494769671702151 0.019472775657098 0.2817238750430724 0.17984125647558394 0.9422895477018765
331 1.9524736876532296 -25.846934089133775 -9.026754469456355 -0.10689745212561892 0.2599593311152139 0.20023706390918966 0.9385623043422363
332 2.084570886407566 -25.94569542740724 -8.977216383158506 -0.29228403516561985 0.8245499019061044 0.0704228177029776 0.47929962320109415
333 1.856267980170419 -26.290404815879246 -9.674359740976275 -0.27909273735257256 0.781869714766929 0.10386887825831423 0.5477209592636476
334 2.1968154103161512 -25.966949666982952 -8.686825943626424 0.9207453141466243 0.2665293241530951 0.25287361602740466 0.13132067682110904
335 3.0179678566103547 -25.436505102510647 -8.2315522213777 0.9032513876724466 0.2088168513735197 0.3329176639400735 0.17233189573301363
336 3.7682104839461377 -24.95780112327409 -7.590763187614228 0.9242400743059367 0.2732010688045174 0.0978873842084472 0.24811191237797245
337 3.8377301036476865 -24.917355701857836 -7.463329861819115 0.861012477981432 0.05927887915489332 -0.17763447103966706 -0.4728525372088759
338 3.847278693221344 -24.82757180959928 -7.360681974469318 -0.41923502701888804 0.5616743672553404 0.6423302381762995 0.3101221733658587
339 3.345012958295926 -24.854413728670114 -8.064870423479073 0.6731402287595738 -0.5550993394511499 -0.39124674712319224 -0.29269939978060644
340 3.324008728784281 -24.303987169196194 -7.242458895474881 0.9467665152012197 0.18860122694500453 0.07994605146557222 0.2483372137711982
341 3.309489292123879 -24.325507583206857 -7.261817415010502 0.6876068573396055 0.5822738415585438 -0.31564516454558794 0.2975266597721891
342 3.494599611023984 -23.783722166758142 -8.065762147231 0.7245195824468055 0.580806058465448 -0.27362358882851406 0.2507305899517292
343 3.663267980591693 -23.027286108579787 -8.7177535230892 0.673466802842158 0.7001947969369282 -0.17625979319705884 0.15843672905657571
344 3.5935748061931845 -22.104895679745784 -9.183213624552248 0.6313052659158335 0.7178719915201577 -0.2668217157208642 0.12214596611266176
345 3.4179588735962465 -21.34495782875293 -9.688214293561643 0.4763307142877297 0.7999675885697161 -0.3073957235022388 0.196643782095011
346 2.9800028070640465 -20.62951897237005 -10.279922926125945 0.4455539270876271 0.8819105809248216 -0.15273310552966923 0.01969831934202444
347 2.397677725178916 -19.880923940026854 -10.40405671561659 0.4526040619472496 0.8701530482979023 -0.13264644195759215 -0.14278710404903666
348 2.4647428355245378 -19.8922972114507 -10.390911827648956 0.4387340202351588 0.6439678163772373 0.568072399522913 0.26478606432157176
349 1.98339811815107 -18.884793007561086 -10.185000128033414 0.47841901096901845 0.6468316371878263 0.46620443173308096 0.36793683005208594
350 1.8037666190561652 -17.419063158464702 -10.446865067072135 0.5285778526390122 0.6803169269517784 0.36089939507277563 0.3571077697817919
351 1.4051133540819682 -16.973532323355467 -9.789164477767805 -0.16283479980118243 -0.13178025389864542 -0.3726150892516469 0.9040336210109138
352 2.013593499349295 -18.429230409583788 -9.385174663746493 0.1242931310756616 0.026645195228532228 -0.1298208154733732 0.9833553818475141
353 2.175294566491516 -19.126090542412157 -9.429937737912004 -0.13850140046647114 0.3396241138273557 -0.662728472180353 0.6528888079430549
354 2.4694652590451227 -20.479503069277225 -9.506318359878911 -0.11149755225322262 0.8610617411566905 -0.49519383635960273 0.03039799646699275
355 1.4275912806780238 -20.68947699917222 -9.426388570384399 0.039375561429078644 0.8077737895054907 -0.4874557173723788 -0.32914737390880794
356 0.6197976287729191 -20.19221644959389 -8.879437104583598 0.03506551971623772 0.8933756185373554 -0.2775698318031347 -0.3515755992710647
357 -0.20000291942571957 -19.78909753045977 -8.19228963807733 -0.19948347470909575 0.9227950120209163 -0.12590214450315917 -0.3046380789015195
358 -0.386786850430825 -19.764318235803458 -8.088746003948627 0.03856547797084272 0.8014851235590222 0.5292105296016002 -0.27580883956329794
359 -1.3632603052377854 -19.948685693247345 -7.485299154769511 -0.3192973509757926 0.6527742134363098 0.5347509929411544 -0.4312498156299881
360 -1.3435720156501354 -19.938341367793676 -7.422600885932295 0.6487246200374571 -0.5241028233409386 -0.5123665074016556 -0.2048247055810018
361 -1.4953656779700206 -20.42220677393828 -8.26581920709342 0.7568579889100252 -0.43667762830994256 -0.3193756537774669 -0.3667121832321514
362 -1.8719294558937112 -20.02736852980821 -7.477207862514301 0.9480557401384204 -0.050926056884222234 0.17228915408638126 0.26251342385679366
363 -0.9935685265511988 -19.997783080267954 -7.142223353828227 0.9372430535276853 -0.23484520455239014 0.15166747503335226 0.2083750597596886
364 -0.15148614522488527 -20.402357906711856 -6.694313806464231 0.9437351198729033 -0.2089169097386986 0.07996964606815586 0.24356232067264336
365 0.6831638819527226 -20.79066640250255 -6.494717834935763 0.9317074521125327 -0.0016341764464550715 0.1571823869425245 0.3274328181174956
366 0.6589000546510678 -20.738590541665026 -6.478465327979715 -0.6354750871444638 0.7316485269737537 -0.24475218712660624 0.030955023705618222
367 0.38776273516661 -21.679117663544663 -6.2290897779872365 -0.6970436583265772 0.7109513303443054 -0.08615258060303228 0.035441178363634515
368 0.2847590898835686 -22.720853896893725 -6.147973117156296 0.8915478175193734 -0.42318286547543194 0.05221426903704769 -0.15274953863554336
369 0.9310462507233415 -23.489773137379174 -6.154790340619123 0.8799069702880146 -0.47190420059782423 -0.0246896566510423 0.0496041323999269
370 1.5272616045838088 -24.408244038036674 -6.168207001633347 0.884272698691794 -0.37618758696783783 0.013505620320093911 0.2763372793877377
371 1.535967489626867 -24.477322753124913 -6.233586538037069 0.6293473986851316 -0.5264146932471649 -0.5644666225932514 0.09048123827577921
372 1.5336038672360328 -24.474289503848336 -6.294617237941842 0.8663264703203236 -0.3139196907525712 -0.05079641959483463 0.3851656764776482
373 2.371749831311158 -25.047181071652794 -6.132718562716309 0.8326881198122488 -0.3844739475827952 -0.1279579003956456 0.37740833917652417
374 3.1222639695981345 -25.80871075910186 -5.992296432983838 0.7987509422753518 -0.4390804281652004 -0.25013983725435673 0.3265507183193235
375 3.5505527496683262 -26.701234291507276 -6.16292090066763 0.8584440240206154 0.08499205478847967 -0.09296217846318151 0.49720040388308734
376 4.497932253320359 -26.62479765581257 -6.3398418144135515 0.8664964909011402 0.15275104829854605 -0.25713712885490997 0.39966416584922726
377 4.48891094068355 -26.681469767906336 -6.361309411328191 0.7642494269963882 -0.1654928784208098 -0.48578155243169674 -0.39057803809832714
378 4.924659322345909 -26.613072695977447 -7.186132281956551 -0.6177319462793378 0.1719353204176691 0.5748970357233673 0.5082704855244865
379 5.234817953629758 -26.220205736415682 -8.003046403325678 -0.5534326235681334 0.20501714727515738 0.533343929850361 0.6059905551949004
380 5.573140046504834 -25.65290399843438 -8.884188628681784 0.6746639442955018 -0.4880627330717852 -0.2467721477718233 -0.49570842028173834
381 6.106127081296581 -26.104112406164482 -10.003885433336084 0.7196274049797361 -0.4094747770446091 -0.286517292979135 -0.4820525342639599
382 6.6827674426640815 -26.50061398522053 -10.975827892908535 0.7784951429715007 -0.41024011952675504 -0.27732699738917277 -0.38566577916579786
383 7.303656161478897 -27.023421940996695 -11.905211269556812 0.9048197047728725 -0.25008358123842944 -0.058840786074930936 -0.3395545112994036
384 8.121833921796956 -27.28560590824329 -12.159340963135659 0.8710831826285353 -0.09401215571190259 0.15177005203598262 -0.45753869216180826
385 8.174660979852039 -27.297824526269004 -12.179349214536492 0.6771527887816599 -0.10531469107245221 -0.6372853908099283 -0.35247730019076706
386 8.40205981794849 -26.977087416000895 -13.177772245787382 -0.5895321371033007 0.2932035224369165 0.6882792438180209 0.30455744332111245
387 8.335099343111905 -26.9253515736577 -14.21073523850458 -0.3407422996452285 0.3018839231580148 0.824319811483817 0.33653771046717923
388 8.415172421335331 -26.95838093747789 -14.27320462050344 0.07398290145786801 0.27633984196460476 0.9271473719961146 -0.24199291856488317
389 7.55582591090811 -27.326394548532793 -13.96284619342817 -0.22381129208611789 0.12895743530534973 0.958385193247936 -0.12155783305622588
390 8.400642534359223 -26.966063288161887 -13.474265870359659 0.6886696417693884 0.4804915262688853 -0.4374759293329172 -0.32167814495753355
391 8.454405011914348 -26.970333893351775 -13.412619410660174 -0.25859268695689297 -0.72989556666675 -0.06140264958359762 0.6297713860098387
392 8.364411856719059 -26.63951869376841 -12.414657467305364 -0.3034157829296262 -0.7085998131112766 -0.08236263581702852 0.6316973672171953
393 8.356216348146662 -26.231389762319118 -11.369435995361114 0.3983348754672568 0.7920524176481397 0.036833652774937484 -0.4611134098109457
394 8.124217051723175 -25.663011381894382 -10.52724285612592 0.4839968104940584 0.8439349965894993 -0.23132271436219393 0.0032574197100879686
395 7.53369054606971 -24.809168869536645 -10.689811669796644 0.4285992105525544 0.8978084172645563 -0.0190631565388623 -0.09939496297808202
396 6.85130976022674 -23.929326813839456 -10.415689880076737 0.4031580238985661 0.9048247650792829 0.13157122459551818 -0.03801006608597097
397 6.287411698661557 -23.236721007049262 -10.274810827011613 0.6342344000092371 0.6778234770856946 -0.10352864382940787 -0.3571888571375444
398 6.488300943500246 -22.32291251488152 -9.93124461726121 0.6910281952336146 0.6288118185240225 -0.10919528434760638 -0.3393407139630175
399 6.700225001279305 -22.301911005726772 -9.826557123562969 0.9344318530067385 -0.10425969467772428 -0.19677138225610818 -0.2779353365031538
400 6.938613757928552 -22.2634194994206 -9.506463380623924 0.617224056383158 0.7569913968248869 -0.13140976870869864 -0.16949915056705372
401 6.454242057571958 -21.029527879153566 -9.124243920130708 -0.20002862417714717 -0.6567532105289082 0.2612069609222318 0.6785533829666917
402 6.35756498716486 -21.203630538850568 -9.25457183531705 -0.6028122687627706 0.6518128489432122 -0.22367502429932104 -0.40215278450647635
403 6.403637482342256 -21.28907508280665 -9.074598276168128 0.7892598983664834 -0.39633031854770745 0.45980876400455034 -0.09255804651681811
404 6.68358498817018 -22.044650632490274 -8.377425611251422 0.8561797537419705 -0.36391780228667053 0.36145098963957273 -0.06223539627697612
405 7.223133038707711 -22.70836103975332 -7.805266571679353 0.8774877045290556 -0.28562200227553886 0.38317628996485253 -0.04014138793331078
406 7.702659658311847 -23.272003561537066 -7.150860207459273 0.8195701449903292 -0.38318669887885815 0.41357904921698035 0.1021033853093674
407 8.05106112727968 -23.86784564789937 -6.385446275422102 0.8696541936103016 -0.2136182906431544 0.44158630555887807 -0.055410686528640736
408 8.520837154489476 -24.338746571387013 -5.642032694427411 0.8363014561796706 -0.10387485688879766 0.499637287348241 -0.200430710195282
409 8.519938841068953 -24.327630011266002 -5.681311172221867 0.24935340604206496 -0.15461601765610777 0.9426982227752342 -0.15886102969514657
410 7.686434958112024 -24.732310880065985 -5.245955506379726 0.15745201035458312 -0.26717479077518763 0.9378797199171757 -0.15558960947831782
411 6.826857692102573 -25.08060201669939 -4.976146420663897 0.04129244676817844 -0.2778602698133647 0.9295003668211473 -0.23899303834734156
412 6.00123452434298 -25.585452725391416 -5.006901794926833 -0.035194732134815714 -0.2160841727460141 0.9560583303148846 -0.1949908463342433
413 5.128090221891711 -25.99206108033943 -5.1671024565028 -0.05667622329114953 -0.3032800051271038 0.9478333318999884 -0.08013126195762983
414 5.072340472336436 -25.914121286432028 -5.104273995577238 0.17053169705648855 -0.31119433791107837 0.6043316826653395 0.713344406074652
415 5.0304048571301845 -24.967726441978538 -4.472802222267408 0.21246980120557657 -0.3122946762369364 0.3939120559103129 0.8379510194386304
416 5.433645325359226 -24.286205495868646 -3.7362862390663407 -0.1275207433179126 -0.36003237433901825 0.7751448574476177 0.5032550043705175
417 4.8845175172281925 -23.328653007030333 -3.6566334745961733 -0.1364506954965446 -0.41246672548035096 0.7810762484874456 0.44852235409041175
418 4.12407988876467 -22.481113493917142 -3.585295647717583 -0.0752392556900101 -0.5337531994450848 0.6024202749211616 0.5886734144237024
419 3.976207341698305 -22.33004215702281 -3.6372870657503906 -0.3454020165932923 -0.4770891847541684 0.7925399668142901 0.1579992333079326
420 3.0738938642917244 -21.702034381788064 -4.0575966004930315 -0.4881624819380598 -0.38528200253830736 0.7360331055318403 0.2674143550920551
421 2.8424841416980335 -21.61818684807901 -4.0022843708058575 0.02913555702377351 -0.3344009515326369 0.9415088135711551 0.029803974547318958
422 1.4606662703754878 -21.481110499205336 -3.9652684260851325 -0.031610495582158886 -0.38775860130120365 0.9138541032684803 0.11625283491315903
423 -0.8229584230959996 -21.28589872916152 -3.834891811055581 -0.2838691061036106 -0.2773285494917549 0.9008270049097434 0.17611903208363786
424 -1.7554812904281776 -20.655591164024095 -4.416495648504587 -0.26838678449464515 -0.3563393234672796 0.878855771099054 0.16912526146437756
425 -2.673707233986932 -20.007217684349776 -4.948658002045823 -0.11992318296436527 -0.2995299966654331 0.9444257810554356 0.06292976531922052
426 -2.819557971369065 -19.9672705629105 -5.028404831345904 0.07387029856654635 0.4414165797440507 0.8936705790975308 0.032364767452249935
427 -3.9613996018735507 -19.871739356661433 -4.937021141558648 0.00121865978964807 0.3888856635953101 0.9159171140473924 0.09930909179651178
428 -4.147906504085265 -19.89120428497085 -4.954207067567211 0.18218286908697937 0.3301242351272363 0.7806280290599515 -0.49844485335779054
429 -4.700287889128117 -20.52525028791618 -4.33187722517522 0.2227049078284177 0.44039737266172563 0.8039935171401251 -0.3317334812442619
430 -5.550466230508069 -20.81430701189313 -3.7605676196422553 -0.20343721612416177 -0.2133127614547973 -0.5970744811350744 0.746065029922635
431 -5.500594898279213 -22.05302870756819 -3.023036545183926 -0.29055080033372965 -0.050985785349621976 -0.6356396363569672 0.7134023652958369
432 -4.810851988212904 -24.212595446572198 -2.466833330525201 0.4301582682952106 -0.06727627304865427 0.7830832278402003 -0.44409281189557936
433 -5.341945102453991 -25.200795936905898 -1.5610879444028496 -0.4279132856971376 0.35908207323081187 -0.23160112778296427 0.7964365650934175
434 -4.6796192362275475 -26.016825593062336 -1.9216321861798473 -0.32686106123349434 0.13674890766575698 -0.3174633190253185 0.8795900317619368
435 -3.9263026154555334 -26.700493907274087 -1.8768793586115788 -0.26295345494754363 0.29891623175604387 -0.08282509563132068 0.9135888410316645
436 -3.0470981516025053 -26.953862450399203 -2.3638539538376415 -0.20153250420532792 0.6723985307167993 0.3631324422709252 0.61269869839014
437 -3.145888419663465 -26.786270906379965 -3.2833032965737665 -0.08822949379602676 0.819740852488431 0.5525419538474111 0.122220621928231
438 -4.065084084094553 -26.793309660649484 -3.592504084383234 0.0027106384600210764 0.7031760309406797 0.6477031663996866 -0.2932860893146349
439 -4.902170779348778 -27.22795688087607 -3.1264467084878955 0.008136275438727945 -0.4384159217991088 -0.7127341647299341 0.5474808589912034
440 -5.236673757735865 -28.29331487745041 -2.6783686905169297 -0.13090285697873902 -0.09840737641561188 -0.6979786682745655 0.6971414554704549
441 -5.2132456016959186 -29.298847396417475 -2.254678061129567 -0.21330056870850866 -0.36286996692546614 -0.5397447771203532 0.7290430920483638
442 -5.0841496847564995 -30.03286229862391 -1.4299198861713176 -0.18943508274434015 -0.49548891552303326 -0.47431268022915496 0.7025898984423908
443 -5.144639727447376 -30.01013634484948 -1.3820739899956134 -0.27471801008642355 -0.483054977465782 -0.2585729551985919 0.7901442466534552
444 -4.737418736889709 -30.213051928091673 -0.3542385324632016 -0.20050499682795114 -0.42565051970447815 -0.3526971325050941 0.8088412168312243
445 -4.399051957990334 -30.571345143407022 0.539194873859855 -0.11226130203256715 -0.22802628042601455 -0.28164254767850777 0.9252453138698886
446 -4.518171208319593 -30.602986424861236 0.6245988364790696 0.553133331492029 -0.17892411834252267 -0.1296991556308424 0.8032482844653492
447 -4.633673007660162 -30.659316937045944 0.7295085049433451 0.36991251825460103 -0.5630227941489991 -0.4860001662599782 0.556752997748971
448 -4.644337381706655 -30.877481757778806 0.8246224698074989 -0.301063914253256 -0.3726458221349826 0.05173191301459299 0.8762530570307312
449 -4.737073136549694 -31.016829534864485 0.8210681134798019 -0.33004052143089063 0.05267834806754142 0.8989469018587695 0.2831831801096615
450 -5.308068385213833 -30.736161396219966 0.3186491384623627 -0.5205083748892078 -0.19376332036828678 0.6236990418778608 0.5500239199441195
451 -5.263334190006445 -30.52923979155327 0.39134918177100836 0.04811749326004617 0.21923937625379722 0.8045962938446823 0.5497668657473108
452 -5.683985777944806 -29.367178649532836 0.3211661556716062 -0.013970648660504492 0.08788793192905411 0.7465707517063146 0.6593274187335983
453 -5.768055548326397 -28.22183666594209 0.3312243904003286 -0.25665488050365787 0.27878864745677406 0.7228213010089986 0.5778706855089115
454 -5.937405203093102 -27.52269221376592 -0.43596980220748927 0.20596960392907596 0.27368885963807005 0.7101719608117103 0.6150826907369167
455 -6.141133397514897 -26.54350428472948 -0.7803603090163499 -0.51954943477955 0.28417475918190016 0.453071917374427 0.6663624604904005
456 -5.513112993151094 -26.242330669634367 -1.8212688788681355 -0.7545117631294942 0.17550605736058777 0.3158375400761133 0.5478651945575977
457 -4.546399819619033 -26.362912394360787 -2.5228831259089137 -0.5741111658940597 -0.0300053677047397 0.6162462889328808 0.5382718258288495
458 -4.156974421902173 -25.824667861162936 -3.2829309787556396 -0.22880863122460351 -0.10926926851187634 0.5907524880893577 0.7659754141303994
459 -3.890171628817816 -24.793881387038684 -3.444604479620477 -0.14636640660062603 -0.16971088857575245 0.6720265349574147 0.7058012649682495
460 -3.8960190964724206 -24.762520667894435 -3.4887137713153056 0.08323657922181887 -0.18466299627488877 0.00992145727299496 0.9792205136596202
461 -2.938040316722966 -24.771431722740406 -3.076464857117624 0.16231850951834081 -0.0833389883880479 -0.011135759604705437 0.9831496881656564
462 -2.9141262345201953 -24.78721784916546 -3.0670298972298773 0.12116719320960012 -0.12440533601523229 0.5583869125168796 0.8112002709507141
463 -2.523022899061497 -23.90688026211685 -2.7708446304529852 0.10204126788736534 -0.081084652689098 0.52205296598015 0.8428959363157209
464 -2.0961038115658877 -23.064866575426215 -2.5286636239865845 0.11962380381444457 0.06151774786343005 0.5417800188876382 0.8296867622138402
465 -1.718415272787737 -22.142140986098347 -2.5006971479823497 0.07458026250507634 0.16928617838607637 0.5478223939837834 0.8158863884769668
466 -1.6980204745276182 -22.099302555992033 -2.476985327574716 0.4262454413583132 -0.33219316742585175 0.4268610871442933 0.7250876743669201
467 -1.3221487236968734 -21.71490076498872 -1.6383310466676233 0.5444492788187495 -0.25487032978255264 0.5305090021343083 0.597642281339547
468 -0.9914547107004082 -21.400860470629784 -0.8339498386032409 0.5800389019121015 -0.1280406674253696 0.5054556385645773 0.6258394819737287
469 -0.4937522070589747 -20.896500695997556 -0.18087974197463208 0.5912748480662184 -0.18113108555307056 0.5846906768214386 0.5250927502153594
470 -0.29631314258953817 -20.508460075136902 0.6256097480887426 0.4975734961252867 0.0013840546661739647 0.7342897083966806 0.4617762710329087
471 -0.23161958993859177 -20.544811358157002 0.5908866024092153 0.5927412115121233 0.7649187921441883 0.18283896283153867 -0.17357134345998534
472 -0.4307127053999705 -19.726444221781133 1.082513356568931 0.7464129548838175 0.630869583075049 0.02900801564788286 -0.20983280239393967
473 -0.1961164345552777 -18.832316915926302 1.3658658514826112 0.8919772824630604 0.292859985391796 0.03203068541785398 -0.3429046393938025
474 0.6065633847863895 -18.337300128870726 1.6735821115981366 0.92852188160072 0.12604517977768925 0.12788228700285983 -0.3249705351480139
475 1.53397466011525 -18.17819081041627 2.0617333039598935 0.8671539963995906 0.33738828304748925 0.24613818836928444 -0.2713467987958829
476 2.1076009381255836 -17.694582658960687 2.622103970104015 0.7917254779986636 0.4220733456386003 0.24245395899933667 -0.36910829868044814
477 2.1170640126478673 -17.697250792158275 2.5811728024043847 -0.009853789704426024 0.8544551708240976 0.5168278231964353 -0.051944826984584226
478 1.066845841187474 -17.790296452214562 2.7153470967267546 -0.1521805269599872 0.8330259138100022 0.5317683950216773 0.011458105919433473
479 0.12737603780776122 -18.0225899526611 2.5786398535485917 -0.15472414829489567 0.7946059209293438 0.5839109579132576 -0.06090863310952632
480 -0.8690720322995903 -18.35196887178726 2.4935184953303793 -0.15014746312396415 0.8000953663101908 0.5721475500852954 -0.09975131607048948
481 -1.882241835625674 -18.712415701236274 2.413983360258514 -0.1414796419756347 0.8091204699790185 0.5559045748130884 -0.12758401024132116
482 -2.7884653628518183 -19.079925577869233 2.474506914089171 -0.1630948839670153 0.7728258365478675 0.5990219453093687 -0.13157885174166417
483 -3.73067973144708 -19.444471226394473 2.488003009927265 -0.0982105678256909 0.7695054726714365 0.6308113129799798 -0.017120143473068596
484 -4.688141842871835 -19.62843502784567 2.338030061343563 0.06533031691423839 0.7284596561317135 0.680143280695523 -0.049835698099679145
485 -4.7186321866182475 -19.597094933345442 2.3433532020366856 0.06986214029020742 0.029621878039167316 0.9827522608268743 0.16864109681560835
486 -5.62063862018735 -19.28428146423078 2.461861571808316 -0.031692567604856274 0.20398343125942003 0.9706710773789166 0.12322337631431439
487 -5.571124226763103 -19.30519014388706 2.4209220725239593 -0.1132035122059084 -0.5143625843913697 0.8500062388947709 -0.010270854026978114
488 -5.605186055899875 -19.382122204355447 2.3913470873513583 0.18746606347237435 -0.48026248834318935 0.7023404998062465 0.4908383029761341
489 -5.606016701578866 -19.34042162613865 2.3888401248318574 -0.2965079566834639 -0.4344012842353206 0.8243815038009658 -0.2092216338454509
490 -6.322081317449476 -19.40349368995042 1.684883490006223 -0.33489080827180795 -0.2992876603283518 0.8789507590979634 -0.1603764508628052
491 -6.334791853734246 -19.474936400330648 1.6612123649659165 -0.27128624078239244 -0.44289692663689106 0.6575473490141401 0.5457816154307756
492 -6.619583252257598 -18.509538881573697 1.866542573852906 -0.3837215442068904 -0.48553453068990504 0.6171844106172667 0.48589854837221913
493 -6.7989615299660775 -17.340051421621343 1.9314295793022573 -0.4026830844732846 -0.47732211600338154 0.31454078610484537 0.7148944152318456
494 -6.484656003588124 -16.4455456315647 2.510875804564355 -0.4068451517378101 -0.42579120826462263 0.13848872326700168 0.7962410081124098
495 -6.398539243720088 -16.378008837386233 2.61550347208736 -0.19040433923599556 -0.2982979429855484 0.11020632166545286 0.9287728955324145
496 -5.38298169103744 -15.817060937487437 3.262307159040196 -0.06202108698857527 -0.12613638251398923 0.3852692823537773 0.9120365002836487
497 -4.76991940698326 -14.673287817544697 3.804057669082051 -0.24866284602926117 -0.28244592086865644 0.5174492766673131 0.7685293337705205
498 -4.830849015552548 -13.54817673346582 4.166548330642673 -0.4316434613273357 -0.016009219335099596 0.3732969372747021 0.8210219386904134
499 -4.989257717782829 -12.208203445773197 4.051509283637226 -0.19227641184321598 0.2570046420115016 0.24021976396324785 0.9161183659520639
