# time x y z qx qy qz qw
0 11.83682868604538 12.364410790839766 11.925653955491471 0.004628751825063319 -0.09785669921883466 -0.8573473554094548 0.5053297470434043
1 9.667438795109819 10.230492919764004 12.633618363919515 -0.05193767237183852 0.5564289284461984 0.8150150218740128 -0.15310075080323354
2 7.745761252635691 9.990248147693013 13.595339167523456 0.26276519414067556 0.7096279895943388 0.5355395266947457 0.3749399745026901
3 7.179615442795427 9.687404967972977 14.504967417325096 0.4832912478072438 0.739961142252333 -0.22261439117785448 0.41149715745075693
4 6.445088997433445 9.299366144209266 15.286064171249464 -0.08004308161382453 0.7897421366147738 -0.6077856082644294 0.022296123598793828
5 5.416931898718407 9.40839920716021 16.22375796277011 0.1487488900279007 0.6000829389908559 -0.3997384085553787 0.676744736790156
6 5.081235449772392 8.968325118847511 15.142612830767053 -0.12363222235875225 0.8407036181953182 -0.48022063666647774 0.21753307809981315
7 3.9684193306878477 8.364006338434228 14.854851759781138 -0.12136273532370238 0.8922640909525834 -0.42954521977555177 0.06802045750568123
8 2.7886510742039854 7.863100442189319 14.802108997937315 0.24377201013194766 0.783107693345377 -0.45381274815613487 -0.3483841806260576
9 2.4626515603829784 8.839502068656984 15.168663581084408 0.007925882903387733 0.8162707854932548 -0.4556747284727567 -0.35496440238664206
10 1.6195242188176646 9.217845925143786 15.72930810182673 -0.01425081701286342 0.9335131001376878 -0.320904619785335 -0.1592809815584366
11 0.6760831278858236 9.262060965048692 16.018923198176743 -0.12491922369520826 0.9581346851627476 -0.2392624102886675 0.09553330132642994
12 -0.35805494052184716 8.974156927625053 15.911925861598576 -0.24916215450362844 0.9372154557225273 -0.22328972709614472 0.09842310750659472
13 -1.1748846675316371 8.43460719752813 15.763076815436184 -0.15952823720775627 0.9459101169934296 -0.27192920207223725 -0.07654607216061901
14 -1.0807136483298285 8.328450402157966 15.606640192506688 -0.21000399816962226 0.7748388615683759 0.09689275324013116 0.588332264732901
15 -1.2245073996470348 7.828063204948072 14.654030178104687 -0.2978566098617828 0.9141331398226228 -0.13701124709065346 0.23847423510799395
16 -2.1882593830561854 7.176836679891902 14.182491582431814 -0.1009979088242408 0.7755953061642994 -0.4591609201927757 0.42121561323953965
17 -3.058096109142011 6.546254793481963 13.629824293025331 -0.16147366517185172 0.3359438801288934 -0.6950343336935201 0.6148131747507678
18 -3.317717975316973 5.4907811098304675 13.451690384506097 -0.3029109255803767 0.3542959302223339 -0.5841808552917972 0.6644186130012276
19 -3.1776125142664835 4.398328472719372 13.432615586510371 -0.3190299089264528 0.5201420748643989 -0.5284767886901315 0.5902409872093816
20 -3.131653361122783 4.326353998453468 13.459322202159818 0.10490377503403256 0.9317616075929557 -0.3320800407980814 -0.10265647131547372
21 -3.0906416768404013 4.359048853933316 13.369659300300038 0.18845646037602665 0.8392076482400115 0.46512673229294094 -0.2094559824509649
22 -3.0099658208859363 4.413708728335488 13.263568740888221 0.41334460761480757 0.7481560808582453 0.43775523556283924 0.27888898825144465
23 -3.598273458648615 5.399683874499821 13.054947097851922 0.33479127832041805 0.668925207759053 0.127130215495471 0.6513768300248047
24 -3.5799642729885073 6.14074415659613 12.047784726730772 0.16253635240326228 0.5399425147785142 0.04338966683763547 0.8247189531554466
25 -3.191779391267677 6.521191038861572 11.04766126508476 0.11717244983025898 0.15441419076243873 -0.16745918190143863 0.9666355554648596
26 -3.0890872314330595 6.671102569510377 10.959149284401338 -0.7685020318401591 -0.11997168959742437 -0.14479902423746313 0.6115919091457677
27 -2.9229152951938087 6.827098777511295 10.846098936115222 0.8555798171241944 0.23897169446157776 0.3956062879300539 0.23317669421727372
28 -2.2862299839545344 7.5312354653227 11.452336397203501 0.7138452054375456 -0.015587189808012377 0.5841616638181625 0.38592384315161665
29 -2.0987743511345602 7.7033406981251655 11.551695460250189 0.3428851076826933 -0.4890582564392539 0.7697816939285353 -0.22513988636076845
30 -2.0412286387521257 7.546525738867123 11.509239835376745 0.31274452117079093 -0.21104383162372395 0.9246698838424042 0.0513514510613358
31 -2.8194117918985793 7.382133887998806 11.847796444700364 0.5433289215656212 -0.03503661582278527 0.8378062314000749 0.04058124159300403
32 -2.780874713223279 7.358715445229282 11.743148232069633 -0.5432627844920446 0.4057165461845825 -0.49317421003153045 0.5450126876484443
33 -2.8020754117583992 7.298493311293375 11.583859108434812 0.08864835583613405 0.0073657620084135915 -0.6102597647814437 0.7871913579597294
34 -2.5169811687105135 6.194256660214727 11.49158969062639 -0.25494530564631757 0.03114641127466591 -0.6086438771175205 0.7507232666175785
35 -2.194604666743021 5.193608086346025 11.706264497581223 -0.35108856851156034 0.1254870825714017 -0.6953999311045889 0.6143360196081252
36 -2.1777691928090204 4.188026174285729 12.050759865104041 -0.3925424056117069 0.21476848141874316 -0.6978960518642447 0.5592191520128407
37 -2.288711223475314 3.274546106957537 12.346596284069818 0.3916668286724592 -0.25485278069556866 0.7468017795141783 -0.47321692446894964
38 -2.229768798265403 3.2127379271579954 12.350713281306541 0.463894613524649 -0.06501087560558817 0.8347258075894947 0.289496458941862
39 -2.6052245416087048 3.657769797100172 13.200453840126663 0.6398992661581674 -0.22900570667194395 0.7173664887674172 0.153201293321661
40 -2.7174842262986036 3.6621868058118143 14.138598030845973 0.6765695629544004 -0.4964358199925653 0.5437412897653822 -0.012268370563345383
41 -2.7858736031635445 3.001384845206985 14.940602993628959 -0.5463553298103857 0.8110441184138403 -0.15321732850674996 0.14222426593010118
42 -3.1067170768023105 2.120296467247213 14.897171733190339 -0.4742516408467286 0.7432274817593366 0.4082234785081826 0.23675278901533578
43 -3.6644403889493264 1.6593433116821994 14.146722614885594 -0.29362208507100235 0.3892852380353681 0.7994558236120455 0.35087527798220536
44 -3.726175098571625 1.7777998529830787 14.168849687594097 -0.5977406264454309 0.3072557930117893 0.6671358352428433 0.32129394406392725
45 -3.997583398638677 1.8656858187157705 13.144195977524815 -0.42174736237297583 0.2773714873472777 0.8598656324386235 0.07632374787130598
46 -4.872912297536249 1.7852893215229815 12.287964617436481 -0.6171432794583926 0.1405726412224372 0.7737884353692196 0.02499924894758574
47 -5.143812373406258 1.8264639092016155 10.5763555056344 0.7749537591403823 0.009583283809858286 -0.6050145892338697 0.18251624223553692
48 -4.482624650720458 1.7336406488555345 9.064678774892759 0.6822247460891344 0.3783991665303472 -0.49856928826531316 0.3779049237458721
49 -4.487276991757311 2.298928739041665 6.71852804943681 0.9017476644781506 0.11638156827438387 -0.3307643750235724 0.25278727893124114
50 -3.6935474956695424 3.1928482494352988 5.77135021146804 0.6643941515648207 -0.29508561017522417 -0.41153743770745044 0.549674295741728
51 -1.350823951547981 1.5953079140931106 6.820388873485607 0.775596156614812 -0.5004029153560625 -0.08279393130440715 0.3757561564188223
52 -0.860468333748768 0.558387118789477 11.241781734060213 0.6312530585695412 -0.36092399019819993 -0.49123086848989617 0.47952651979705163
53 -0.267712656706609 -0.6935705133874117 10.709110853096503 0.8588410271126304 -0.49667066101594615 0.1245386423380709 0.014158785212568852
54 0.5080108596043947 -1.7424497159025323 11.071354604444839 0.6617789191746882 -0.5362973585832391 0.06276646223237971 0.5200905464738355
55 1.354509092287301 -2.4217677769073154 11.876542582105065 0.7071196490660265 -0.6423697784560246 0.20377531281754374 0.2140525438232641
56 1.5310044686887576 -3.2326117248018775 12.41752274219289 0.7312662770810308 -0.5443122038267627 0.34437418347880266 0.2244555156876536
57 1.7522215357462718 -3.8851321932744245 13.26773005835696 -0.6653941730733718 0.6851111401705264 -0.2745024433771092 0.11190053008919315
58 1.629682661426631 -4.864831588364626 13.393467101060882 -0.6309382494880458 0.7509012678777788 -0.18716726175292675 0.0550692959862065
59 1.4283457593306996 -5.791642216586429 13.542870117212985 0.7519781687041402 -0.6371111848048495 0.12116972608035191 0.11805113074655833
60 1.6644358921698819 -6.770612958464877 13.900748051207554 0.7886145662472219 -0.5596979223925265 0.016149990531608174 0.25409541392560525
61 2.0659571655882276 -7.62067872874388 14.124121493548813 0.7696476013393206 -0.5200136223266161 -0.06617359854024679 0.3644851947660094
62 2.5398276891738987 -8.471140564036384 14.373169621208172 0.7340056718652941 -0.46831671431545013 -0.12931111217863064 0.4745458513457737
63 3.031056120819873 -9.33380057002625 14.674946145453932 0.6924529678284868 -0.6657802882377615 0.2181569289969949 0.17220060821658872
64 3.018023376103954 -9.356234586815168 14.707012991746504 0.30729525842287947 -0.10542291888527952 0.9007324241154957 -0.28833441083496486
65 2.3314949655262933 -9.962981249846063 15.280599374322554 0.12146033551423588 -0.20012433749724948 0.949322187954462 -0.20972605917102696
66 1.407501605612608 -10.37801201380713 15.399705013660899 0.013959661790217046 -0.2633252142016833 0.9547147507681848 -0.13778499219429907
67 0.42484244913744 -10.65119826541831 15.399217094682465 0.20179730999658324 -0.13632659097145436 0.9632128257715948 0.11363959935402708
68 -0.45399749746426715 -10.464113692130606 15.895996439541097 0.29169353689283206 -0.34991094194824635 0.8161411449179746 0.3555149009701549
69 -0.9186536101820586 -10.038500109448526 16.51993724133982 -0.11385267091936539 -0.06663850155309829 0.939584716705322 0.3158756710623088
70 -0.8220003352092408 -10.005242313709367 16.41215186121548 -0.5215394730652255 -0.014888786146124646 0.1997283208520369 0.8293874245077313
71 0.35350475316625907 -9.650995918748261 15.957432926137674 -0.6944925777231238 -0.3758107847312259 0.0674314379066054 0.6098354817071884
72 1.3620781193545213 -8.84197231765872 16.449386647716622 0.8218967650420614 0.3296829490318737 -0.006860877291564583 -0.464486586559646
73 2.3644681780048487 -8.163068176152938 16.843135626789987 0.8887162066910561 0.25073507245583343 0.0231478243219993 -0.3831182658584496
74 3.6419799590673456 -7.493339462748856 17.188359661759925 0.9727067016017166 0.15876394833803645 0.044303824639349954 -0.1633182552244303
75 5.06454457200251 -6.940190463650417 17.369010863991 0.955811319770379 0.1895378167406864 -0.0032507435681381858 0.2246988422093762
76 6.593853549647884 -6.19927982504475 17.668862228971363 0.7373702389239646 0.13092208327801402 -0.16720290743251992 0.6412392116873954
77 7.722063433278984 -5.466060014451037 17.40611090504505 0.262402511728673 -0.2372041611589136 -0.3109388761598169 0.8821542512848021
78 8.41320456553988 -5.0789164608667114 17.077613288852923 -0.36598569067416814 0.3100605470654308 -0.38593168035724074 0.7880188255821524
79 9.24320021120462 -4.864147481951403 16.678052262219392 0.04250583505319381 0.4155755641585587 0.5284936778664866 0.7390430548458461
80 9.392002627379934 -3.516352672641178 15.794836924309397 -0.31108434957279435 0.3553293524472796 0.6255017583314035 0.6210596823692477
81 9.382770507810989 -2.888354559414142 15.10722221274616 -0.37659278829879805 0.3232784486659843 0.5484745711259242 0.6729372639835638
82 9.505264194584521 -2.8282349264332014 15.194883548307596 -0.39735566935978867 -0.1944291008782247 -0.3660727173674876 0.8187164114383582
83 10.273832742189304 -3.3763763624742427 15.942757862421484 -0.20512239675627436 -0.3223674980653733 -0.3764729428885179 0.8439621566236793
84 10.854321395273757 -3.8606892942953226 16.6808184018664 -0.21035449304168458 -0.3662414387649948 0.01857400065816758 0.9062412494960008
85 10.882098320457148 -4.0095371738165735 16.668455521741773 0.20062592057508466 -0.2742617666355905 -0.5475799693859505 0.7646475661915144
86 11.126607963896573 -5.084533208001942 16.95171466261235 0.17972248759680448 -0.19614583122034016 -0.5682617395049617 0.7786560445804638
87 11.468613191530721 -6.309943936773664 17.1319395339467 0.1852217965649882 0.04218012408726017 -0.5343296714903047 0.8236537654708345
88 11.925093607348913 -7.3948785012769145 17.01476409210582 0.31947221518674257 0.4420728037990007 -0.3248148504455527 0.7726606323574405
89 11.781026354544744 -7.308704044038247 16.959304536611338 0.44593223912593377 0.6418277929164518 -0.619261035599752 -0.0756127775977639
90 11.216854292091874 -6.529389552184115 16.458440820785054 -0.09489491355661295 -0.2516806432844906 0.5215576735081643 0.8097094555343535
91 11.055965315137284 -6.368829165412104 16.49126415001602 0.10382978445240688 -0.4715303615313059 -0.1159565888462485 0.8680049328879791
92 10.906110859426411 -6.241585261025127 16.512925761112836 -0.329425525792027 -0.7148815088713634 -0.2315639887628221 0.5716654356690638
93 10.699607389769712 -5.861956155552833 17.7133796079653 0.6713364692891378 0.6916746046799291 -0.01371911010977538 -0.2659048180478386
94 10.70505150050553 -4.765188195190189 18.187869520380215 0.7440979406944929 0.6466712992845974 -0.04360722546188653 -0.16196572237143816
95 10.61671518181797 -4.527939482063041 18.248762435431942 -0.49733265267095306 -0.5373626353873412 0.35312572898208766 0.5824120965499543
96 10.829177779467507 -3.3900525055116235 18.561447124963628 -0.5548329505579034 -0.5206256271776858 0.3066656090552035 0.5718964569953672
97 11.187413285809871 -2.2536631325739447 18.925586303177496 -0.467399443987852 -0.5651111926441807 0.17586195533897933 0.6567036412054295
98 11.494616952156315 -1.3974718642647022 19.531481706824323 -0.45085729183528245 -0.4028839286080218 0.05494630171714141 0.7946025084253954
99 12.242585191974435 -0.9582708780496885 20.127110078300294 -0.30316445640084944 -0.48233387098176883 0.20363404327361084 0.7962276845846049
100 12.993908830878095 -0.40984013082493365 20.98247680721386 -0.24992676176782647 -0.5815495412996184 0.2911980097132973 0.7173147592971066
101 11.947109052487974 -1.8218477812441012 20.83912318474588 -0.3011193295232334 0.8021456414892739 -0.39772395198549093 0.3281846694229987
102 11.680757120826275 -7.798154776471285 17.207021564223243 0.32579758890753574 -0.5486841918197292 0.6262462108566164 -0.44790319500635123
103 10.356120099519144 -10.52369101223131 17.25563536920104 -0.15482200613052133 0.47632214623848196 -0.5011026272948104 0.7057219823264154
104 10.371951927564115 -11.91200135472495 16.56566903418098 -0.0929555248126964 0.41293115626872384 -0.6625323033344337 0.6179790268510261
105 10.145500397014757 -13.2505710368627 16.079758541624738 -0.036245658192715184 0.37635263334566577 -0.7622675471451748 0.5253504870134197
106 9.862218307529993 -14.391361375358832 15.722157908408404 -0.2590984739728473 -0.28799246766705694 0.9213431150690311 -0.03248359073247713
107 8.512293145549197 -14.59802441035787 15.011349778825831 0.07854053265337918 -0.4522170835112357 0.7809454280147604 -0.4236216856747987
108 7.438858935862961 -15.801841195287205 14.571780213244867 -0.33678378068477516 0.667588858608808 -0.4796544490608341 0.45916599441292005
109 6.805036349618448 -16.961027908162443 14.327509355386368 -0.6768767463672669 0.5120993160683126 0.0031473438524182067 0.5287553828910888
110 6.644212647824811 -16.978154490585588 14.311682103230774 -0.6572516925531913 0.7030170580548726 0.22286067732510992 0.1553072671256257
111 6.5675731049538095 -17.775925331785395 13.796576588261095 0.7299383288950835 -0.6171929656093283 -0.06403448712695214 -0.2866399547700977
112 6.821268444170897 -18.624477012979323 13.312842385976866 0.7222050186092596 -0.36443572892826853 0.48281586978616425 -0.33540325946351635
113 7.041005111275477 -19.497232917262163 13.742848618997375 0.5492013432972529 -0.22618383074347215 0.7990883514363583 -0.09314808548448344
114 6.651909417310837 -19.868423121150084 14.610626750929516 0.4857389622700754 -0.040307314194580605 0.849701697987718 -0.20109700493045354
115 6.196457587248886 -20.219609636111326 15.440094959179737 0.535763432510744 0.0781629674064724 0.7945994585356063 -0.2746994637880486
116 6.184517964992792 -20.233565480620012 15.434701724917609 0.40321121680716965 -0.4273102124920163 0.7990692678788514 0.12773019248582687
117 5.376285553911969 -20.210950022470133 16.135217812168342 0.4498414746198158 -0.27404820740833236 0.8423435143978565 0.11400715538955135
118 5.277498178957024 -19.992495052508236 16.11813252521391 -0.16914797091942077 0.026673033400916438 0.9331312397982761 0.31613858121964306
119 4.425405822331212 -19.2580998777604 15.816351680011614 -0.057208948914155414 0.06383481911695123 0.9380779266282795 0.33565168792251293
120 3.4970830274030367 -18.568274306708336 15.547553643547719 -0.11379457755462218 0.14852639752737545 0.9508061952844562 0.2468973113774265
121 3.2216461794529163 -18.408479296342335 15.39812401279505 -0.20541967981085515 -0.5115058215826428 0.8343020689234447 -0.010227777057147145
122 2.0631482668946104 -18.059580664998336 15.062210208410322 -0.12477173837702517 -0.23295035929392133 0.9642682651467471 -0.01878446800126449
123 0.8095911638832052 -17.778204239469943 14.655071148891997 0.20914161464758357 0.1438446564294715 0.9151064049946809 -0.3132870367203203
124 0.403215507348043 -17.60923530472751 14.591107822411866 -0.6225849821137232 -0.03011888133546415 -0.3497991840661892 0.6993720925660268
125 -0.005070412419847289 -17.440339397798763 14.428001471252802 -0.5334454404423694 0.5308879018257538 0.36462272065631207 0.5483103768373194
126 -0.33559293839896454 -17.31066200052056 14.297938134102536 -0.37092859205404316 -0.08879449849273668 0.6405092084168393 0.6665399242111931
127 -0.7237967962006675 -17.182179201364022 14.037638481394382 -0.3902018041542161 0.11437747456317211 0.9133052253430601 0.02310650792327294
128 -1.801481657743713 -17.19590662994431 13.12433307671504 -0.346516784966166 -0.4129984936400383 0.8329555760995978 0.1246730533529907
129 -2.8670055676545765 -16.95664124224629 12.25662632365923 -0.44755580662254657 -0.4308340731620925 0.768651700923867 0.15248070050943682
130 -4.076285544026024 -16.551668471775635 11.505180270729484 -0.512181867930004 0.7820537060027312 -0.35503088466264526 -0.0038478600266897618
131 -3.7645722390130496 -17.580820138593307 12.895158577936057 -0.14215012422886092 0.9615437959178036 -0.216875609702492 -0.09050878758370756
132 -3.573676610913403 -17.795619885036803 12.792580283736713 0.7082646056012227 -0.3266232950111278 -0.5815114783993705 0.23135010719339763
133 -3.400919571573076 -18.54896406865253 11.99070700833483 0.8316607976374617 -0.12200386129223724 -0.3614170305639073 0.4035258424452803
134 -2.6269605553859803 -19.07981101660569 11.547234586678313 0.7101421044072639 -0.09716650265708653 -0.6275712855428057 0.3039920128417256
135 -2.534256124961134 -19.115837319982486 11.547544572578166 -0.3035668275820532 -0.5005229854472856 0.7561054166352077 0.29262351437573086
136 -2.408842376319818 -19.179580420433997 11.557872424030784 0.24132305899671946 -0.4801808084466926 0.21821191900643017 0.8145999820767721
137 -1.7030626041152628 -18.992196575104167 12.514017191444468 -0.2790038379838314 -0.6422370688894528 0.052354560544973575 0.7120023916566
138 -1.280121802446293 -18.46106753636668 13.600007087489372 0.2130658295705425 -0.6027948836978527 0.14192938184905127 0.7557098193255496
139 -1.2790326118365267 -18.57667936545168 13.622072101787591 0.6762637120041688 0.2490351989375778 -0.3459354015142154 0.6008140806403115
140 -0.7630955101180943 -18.648539026204126 12.770217360145859 0.5796319090512445 0.5028462852129533 -0.2026824403635216 0.608352111712806
141 -1.0511723362554746 -18.708169812014113 12.743775878880163 -0.06641517033568248 0.8308511515291327 -0.4747406391618372 0.28266006912934655
142 -2.0080744728737887 -19.18845032547441 12.355382731218366 -0.18105506874430993 0.8778725307036076 -0.3982666825864799 0.19478842742729088
143 -2.9377833078493083 -19.756532596922487 12.195442582221116 -0.14575164717696634 0.9508867247350614 -0.2722638583719394 0.021054346160654967
144 -2.9635997689226707 -19.969869610387814 12.195707832283444 -0.0450474435468409 0.3449616016751147 0.9034604361309599 -0.2504624952875956
145 -3.9769397634842227 -20.563231315569485 12.352489023349808 -0.23166559916337565 0.7973406704057736 0.5010963575684874 -0.24388797820462457
146 -4.810216121315334 -21.294938024497018 12.537906705916571 -0.17412953333761436 0.8072708378781912 0.5048123383697807 -0.2513109686438325
147 -5.647587040128967 -21.97082090086808 12.913601578272807 -0.2982540328053229 0.9078929563261718 0.2721530610012595 -0.11272809390887953
148 -6.392031831826194 -22.687680944477968 12.967057118905052 0.7058615207224139 -0.6907089609225798 -0.13220875334099855 0.08486159558191815
149 -6.36256737319626 -23.729284732854904 12.911760088391752 0.8236366998835152 -0.5173039308190018 0.053088557775103996 0.22627601463160246
150 -5.803091063312523 -24.60946074670517 13.251508513049872 -0.5642128367131118 0.7851646647805847 -0.16676480349068687 -0.19331276311937529
151 -6.12370086380752 -25.72179455642255 13.635724416402546 0.7086588068672253 -0.48512696047194087 -0.005166089150853069 0.5122771117233905
152 -5.5396536712307185 -26.352663423791565 13.799418037512506 -0.5945352994803248 0.739532957969227 -0.21584051046621439 -0.23028603038571382
153 -7.090884512733752 -27.271402263585433 13.796435965439615 -0.31192491185480126 0.7149121442519787 -0.4818359023531914 0.3992964294467178
154 -7.24810661071788 -27.90134038307801 12.86346880957388 0.2943568814584429 0.3483010150981076 -0.6071831246703014 0.6506681814375871
155 -7.161209538725159 -28.448287682670763 11.884798354079496 0.3449363971663457 0.28986272948047126 -0.6557880494784739 0.6057561507151625
156 -7.101229583910838 -29.156908919973777 10.875305126347474 0.4311787738025332 0.27105431304563476 -0.6359655956335327 0.5797949513163999
157 -7.135176410430807 -29.526406796645226 9.580502563099211 0.1556537424824858 0.7709844561774019 -0.3410915280379072 0.5147926284289596
158 -7.098959222430764 -29.35493319476876 9.467208485222612 0.1714009974645922 0.28674865721228615 -0.04866676671900399 0.9412908431894
159 -6.433388129325642 -29.10315927935888 8.877382824985789 0.22611913068357015 -0.17903201792314313 -0.4058824730351306 0.8672237850636709
160 -6.6241419023559125 -28.849310718358456 8.837360173956158 -0.5753662617838557 0.6342180595808443 0.2240634336312066 -0.4653135452700412
161 -5.817948449497478 -28.75348943832666 8.66586497116005 0.12339777558060461 0.32061805556769735 -0.5865512725559963 0.7334402880185195
162 -6.00140896590092 -29.8237586033437 7.821186460488145 -0.4422797633253896 0.695186950343721 -0.256725070610273 0.5051692321834145
163 -6.033996682261625 -30.16515013428744 7.676057235018261 -0.44983332870662984 0.6957508977349371 -0.4373103895325045 -0.3497717654309311
164 -6.247299330583411 -31.003403645167232 8.60827780129746 0.4235974544287917 -0.5728333306038242 0.2511735094988914 0.6552396813966528
165 -6.305869293802989 -31.4972718702408 8.745086492866493 -0.5088793556185796 0.7799866799859352 0.3006225758029383 -0.20564203701418526
166 -6.9187716277023625 -32.900957334283106 8.736620801269147 -0.20165683636534298 0.49230496078732744 0.8209240155001264 -0.20749483537297223
167 -8.113390415093654 -33.60705231173867 8.458512826709846 -0.19750796729972267 -0.20322917365281704 0.9241187315771303 -0.25630660502179803
168 -9.521327305383004 -34.23008730697167 7.620002156927187 -0.20074250711715572 0.16248769138134647 0.9559332216716511 -0.13961329338689976
169 -11.011998374008336 -35.00776917846321 6.861704900405174 -0.2804851728292389 0.43526993032989186 0.8543061396861068 0.04504636797994822
170 -12.908742768768958 -35.14287719335413 6.455970381840904 -0.40969989732105955 0.6002419714569555 0.6732304758839351 -0.1364415485754657
171 -14.104655721759949 -35.36598212152324 5.587967416510599 -0.09579303702337262 0.7292738907024687 0.6385634667204703 -0.2263183275111787
172 -10.60334733852186 -37.98164940460251 10.460966249035799 -0.03614371891733734 0.7759090690646254 0.6034529541154923 -0.1802866614460897
173 -10.53970679966792 -36.998045543071996 13.382252262606576 -0.0658611107846931 0.8418593585222487 0.531849939512651 -0.06380263627080389
174 -10.256152754436918 -35.549820660462686 13.388386118956438 0.6597906756238803 0.28872622546546595 -0.2163750536257936 0.6591625499500723
175 -9.601656853350459 -35.4269193600792 12.408329121281213 0.532253596514221 6.298904652092198e-05 0.011192286597603423 0.8465109791082299
176 -9.673041546312486 -35.47123286769106 12.362280489064 -0.40081141028935235 0.832606278591905 0.24607774430298107 -0.2925110972082185
177 -10.217352604835858 -36.307252799617395 12.636833383176544 -0.39439235827574676 0.8350728404180257 0.12768819998708447 -0.3616680004008145
178 -10.659106693211896 -37.099864770513534 13.061395826462448 -0.4601096117649018 0.7070236779162067 -0.2527016014901452 -0.47387610683775516
179 -10.65335041923585 -36.97727044628413 12.957080547302064 -0.45685964419905567 0.8032349240534346 0.1715387531536044 0.34156606747405643
180 -10.568337236108514 -37.21486064575148 11.607626692737457 -0.3094490932906112 0.9362257190833501 -0.08131887355594866 0.14529247190434133
181 -6.291520427756629 -35.747047783020534 10.384371571703202 -0.210409141032911 0.9246695926106254 -0.3129862334980788 0.052476237591680325
182 -2.661572543536926 -34.26988284096188 8.024049266348106 0.250545971605257 0.19958376000401032 -0.024701670185965034 0.9469862017712102
183 0.655166702863764 -35.01102376057522 7.30301933053535 0.43865464847515845 0.18513278475557876 0.16008363920305616 0.8646855959476168
184 5.269418843728417 -34.77909857058347 6.256710062425948 0.030481410709006358 0.37910044787073277 0.19430297954793374 0.904212412082578
185 8.714184177791589 -35.71184116596566 6.320972180461823 0.017957278492103386 0.7247931985175684 0.1962164129358681 0.660190483744207
186 9.362451273721623 -35.390334126429465 6.283628596949552 -0.23530147360773415 0.7741421376753697 0.33131823983305453 0.48535079184788016
187 8.463463953452905 -35.004203736924524 5.1433360508313495 0.5564040396189959 0.5910432168115833 0.3247511549695287 0.485406167969295
188 3.2902198161175518 -31.68124112788827 4.814532877353909 0.35419879982005825 0.5715953493452532 0.5769157122423277 0.4636703870001141
189 -0.5669720856795266 -28.46734088997046 4.043292034106258 0.20654145872280597 0.4263653720432672 0.8066125351381768 0.3534535521239327
190 -2.6548662209305007 -29.046371899575764 3.799711213239309 0.38236301611046125 0.16225171627408808 0.8800833773027769 0.2300568483491892
191 -5.887798422603319 -28.37715567224382 4.613596603574966 0.48309327885903564 0.15990162161836752 0.853336921744917 0.11343920535666623
192 -8.081791843231183 -26.464449459746437 5.843042757493445 0.5384207870843394 0.3190649486396998 0.7654301564417245 -0.14972404681487772
193 -9.179692813241846 -26.762164192065303 6.8031985657138145 0.9016246437554866 0.3296037330518415 0.2799708910291714 -0.0071190664706558045
194 -9.149753729026857 -26.605835664884562 7.101681411714839 0.6534303030178695 -0.03545982824856224 0.6851298931866098 0.3199507292391467
195 -9.069760895942 -26.148737812529372 8.326594951320876 0.7753214780871897 0.19875275234598452 0.5980963394400076 -0.040678222675706054
196 -8.867040475073749 -25.951080350017182 9.527172668671112 0.839908936350549 0.3300209204455963 0.3867550671316199 -0.1898938881447919
197 -8.913261746929345 -25.956884110196903 9.795349992380594 0.5202862069405619 0.1599869519693381 0.7222184216155886 -0.42673995541318965
198 -9.101411417428322 -26.345028801663744 10.7986674213954 0.48730468282185707 0.24256621513204607 0.6823057905642057 -0.4880108457185738
199 -9.138738643537103 -26.746851613703395 11.718819853990547 0.5234231108945141 0.31430495138827486 0.6356463381023646 -0.4724345217819898
200 -9.232288008578912 -26.63437423509832 11.966826324840405 -0.21251985740706142 0.1024497577528085 -0.7905399680060824 0.5651423858896225
201 -9.730566242220762 -28.124175179851637 12.431355872353393 0.1043789385152494 -0.351528653184912 0.8525759482143289 -0.37235318678758406
202 -9.520413220788372 -28.182459824052494 12.554247477511879 -0.08432664270640655 0.03919407186783423 0.9104675011456583 -0.40299103143601717
203 -10.17823215727124 -28.96592079458262 12.476285106235334 0.014656926851798044 0.0922311233245858 0.9889816576415378 -0.1148645952160234
204 -11.111424340490972 -29.25204640948009 12.62793190027268 0.08750137432923298 0.008937923741938582 0.9886945625530612 -0.1214359295583033
205 -11.041371181463042 -29.274891054630267 12.656821007082963 0.0812260781704009 -0.11651105409209798 0.743448879212648 0.653537498921724
206 -11.035004708909979 -29.206416894280434 12.64781004519791 -0.13888542585436625 -0.32691735198198024 0.8615492105380558 -0.36272419450540283
207 -11.629518779902323 -29.853401679606183 12.031650446138663 0.21265020185465808 -0.567747632818365 0.642239243128019 -0.46901095047628116
208 -11.48146845750762 -30.14304799201797 11.831722220976197 0.34373007716689075 0.09054899246921666 -0.46855830707641416 0.8087667320577284
209 -10.462371891382007 -30.894654662472497 11.23562881797819 0.13423975274045974 0.2562320515914895 -0.4966335092692836 0.8183397717282672
210 -9.458802485468837 -32.00075002297937 10.115016680479 0.24573845504702413 -0.0060384054667467595 -0.4654288949727352 0.8502658955262048
211 -8.008674090600733 -33.303349874157796 9.245081635799995 0.6333167740261453 -0.12310330754881875 -0.4017075341664041 0.6499126836749716
212 -4.53489402167166 -34.458020705337056 8.333150415920324 -0.027665939682215406 0.1629508965946454 -0.20951197803424743 0.9637356131951741
213 3.9873326492513104 -34.65795834569329 7.312901568001783 -0.25444043076029216 -0.038612705405512114 -0.38955084521631567 0.8843185315071929
214 7.761945747928307 -36.23131306165642 7.110466594270505 0.14631564372773304 -0.20821484947136096 -0.05438723251366262 0.9655466523165323
215 11.23649832724982 -39.341363913253105 7.069189634184945 0.0062241809228187365 -0.0640533634577472 0.7672923477709745 0.638060247354193
216 12.420664348344467 -41.819838578233075 6.224172765673406 -0.44497593613459296 0.7184263390339858 0.5345361880368934 -0.011448813141703115
217 13.221507964127218 -44.05442790603969 5.863646381415355 -0.3069061639638354 0.7546577161827704 -0.05161611961803451 0.5776124255263076
218 12.3332989289606 -43.91441971855574 8.94431857886038 0.029235418043969622 -0.4277409396787842 0.7771652969019791 -0.46064854297583935
219 6.974717436027115 -43.70530665355555 10.880555254454029 0.7116199041628821 -0.0761979426009113 0.6964827177290533 -0.05198855111800324
220 3.9075336040486026 -41.287129505253944 11.65493116485193 0.9509160553327022 -0.08085032983397333 0.2675178695104382 -0.13287614296338932
221 3.1100650113883734 -40.63261771405957 12.867726479238502 0.7220777770103495 -0.4882209984633237 -0.017300107740449752 0.48984145075670743
222 1.7301281553832024 -40.407921320994994 12.789485137275305 0.3895663978563498 -0.726846225845385 0.10981083768591464 0.5548640964797293
223 0.6485566119710527 -39.58663583843822 12.33728023609683 0.6574908912812495 0.41801409514961335 -0.45390537170805556 0.432365421458528
224 -0.6605513677348833 -39.13587467153245 12.248372068714021 -0.020635538083762416 0.7207282598825756 -0.6778381029534598 -0.14373745565816567
225 -1.965011795666965 -39.22798809850968 12.590223773953609 -0.11034791641371428 0.020205295765373266 0.9861023706168249 0.12254467768966151
226 -3.4167406747276745 -38.76007923356625 11.909730439958095 0.11905608900382178 -0.05121273977708721 0.9883518678384409 -0.07977147545271238
227 -4.692103593284341 -38.82915191942064 12.288399898256438 -0.09584924469365817 -0.026491642209158603 0.9036318550249411 -0.4166060318441161
228 -5.409088330550932 -40.47463502183263 11.94907680895505 -0.25458507107790435 -0.06199108130994915 0.9397007341984972 -0.2197864362718645
229 -6.03472582366074 -41.37479862250315 10.860422764119756 0.1920315327921212 -0.1914022678778329 0.9329210880819482 0.2369542269653044
230 -5.858719387887793 -41.41486593560865 10.012737195024892 0.061984351341116656 0.4794687079061424 0.7716154687801541 -0.4133730357278002
231 -6.536407951578428 -42.062919615824185 10.503601546451899 -0.321994337059337 -0.5149066691951779 -0.4369121142592073 0.6635499780224511
232 -6.366328218973738 -42.319622561623824 11.584171811603975 -0.34871006348708644 -0.5759720418787709 -0.3917580612948028 0.6270431564153847
233 -6.3069763751801 -42.28908844657837 11.590872951597571 -0.5105444067966369 -0.32544131449631897 0.14663139811222997 0.7822605656654505
234 -5.604285276658778 -41.66436502525198 12.008575790235101 -0.4143997833613091 -0.5293908595887312 -0.022091084198673255 0.739952783178043
235 -5.629725660578743 -41.60657039473922 11.99910324986361 0.160398672301808 -0.7120560989738459 0.20753582667525844 0.6512889208977711
236 -5.792104085886313 -41.49030069298778 12.864884788084836 0.33090737484214333 -0.7621128280208535 0.046603404923852204 0.554538068387229
237 -5.724976147880856 -41.35611437212951 12.877392967637475 -0.10515326103130472 0.7845788754525391 0.4412179906443982 0.4227356912064929
238 -6.390161123227205 -41.021511015255 12.06546178450886 -0.2774860624114601 0.6017877633836639 0.6284718530436303 0.40727890068229156
239 -6.990981034376284 -40.80557194782687 11.231888408711026 0.649855195385268 -0.4086002907001587 -0.6133002815962731 -0.1860021291933332
240 -7.121050227875119 -40.72943567346017 11.274354687300676 -0.32290898949305713 0.13853635134257125 0.8688438280896007 0.3487805416760918
241 -7.112277270408505 -40.68431351144126 11.466486317598434 0.34179355025170227 -0.18086052724766297 0.8637737529845505 0.3230503712194413
242 -7.166779627252949 -40.70403710265101 11.59886374394457 0.030825965765591098 0.21428606340806874 -0.8265571138548221 0.5195522884173212
243 -7.223710773367733 -40.723901911407054 11.733391538855283 0.6693760833972171 0.5242285676707985 -0.28231575737546244 0.44431732011158875
244 -7.331827372665607 -40.83218110707661 11.947444694910757 0.12203419191607962 0.7479518663179344 -0.4969364515874711 0.4227645027181936
245 -7.442655467580012 -40.928206009537284 12.129484335327543 0.4069259515320133 -0.3653706679699959 0.8296909713106256 -0.11193050112706156
246 -8.316775194505762 -41.52020532822622 12.860653615305052 0.1773263967790122 -0.05351864225458636 0.9286000346373109 -0.32154794293881356
247 -9.235333374679586 -42.2038806630651 13.347550683099861 0.15663522063735608 0.3727182857664443 0.838668364436467 -0.36494090152334463
248 -10.133779029484014 -42.83559748663611 13.955382815958592 0.24144674477875092 0.7627551723112314 0.4561133798728497 -0.3897032220153884
249 -10.912078030004807 -42.791944548433484 14.901616942674249 0.2398715366798119 0.7255079615472512 0.5421016405907912 -0.3496078587377454
250 -11.354332875327023 -42.80940832153877 15.002406419445403 0.5962906907004746 -0.023896313470915167 0.802377405126609 -0.00754175899505637
251 -8.83790282854298 -44.625074520064864 16.65053241751482 -0.6871000997139881 -0.23097018215283846 -0.46055374836035506 0.5122855383480325
252 -2.420029768052923 -45.84475849152139 13.289791342273764 0.6120495090800017 0.37920462418100354 0.4867739233514464 -0.4946214703990432
253 0.2852169161386138 -45.97420211696183 11.784625613324595 -0.22283386017474316 -0.010645430104803831 0.0744364683704528 0.9719521375839663
254 4.308563505373083 -44.631782167800985 9.95270004371788 -0.5674532999157377 0.05470644167781608 0.19188681883357256 0.7988638221947612
255 3.950015488853408 -44.378251407038576 9.63662808523649 0.18292848043985255 0.5539407464213544 0.8043830333442142 -0.1124933605422132
256 2.831063452828759 -44.40079222688772 10.391685793814295 0.1828988857904892 0.3966188840540223 0.8944539683800119 0.09588303727765386
257 1.5277927619078664 -44.445224804072 12.713267126171306 0.08743181227039037 0.49639590758461327 0.7514271689092074 0.42579806359524003
258 -1.428887230348954 -45.42208783243014 13.356744741486477 0.5585346504195594 -0.08396799549649546 0.7617093763174226 0.3174700710982427
259 -3.289093996584141 -43.75128001673618 17.50342260239162 0.3073703041888371 0.24964686572992809 0.9099732761016306 0.12307954872744069
260 -6.627596528840649 -42.08520172176403 25.294843102636232 0.1927263068035921 0.26720505090600627 0.944029606741979 -0.016313584239854153
261 -8.446972360158277 -42.180651955484684 26.540128461760787 0.3227945557236665 0.15698186114389132 0.9302142607871418 0.07656238694810966
262 -9.599880876528069 -41.71421015826356 27.53914672055501 0.3157881030489531 0.17445900957461982 0.9230368091651409 0.1335850922716378
263 -10.750094234152048 -41.122872034203425 28.33757876022132 0.3019231324053711 0.04149563708668928 0.9433428047698933 0.1312436166454209
264 -11.964697549214629 -40.61399357516526 29.077660133561047 0.3011434326338214 -0.0014039268914087539 0.9458770113769162 0.12094354600174533
265 -13.191357471592642 -40.09332012013047 29.748702560604535 0.5755645324066638 -0.08161852418636904 0.7997286678708557 0.1499931442788061
266 -13.629401219450182 -39.66514031261176 31.032232054863307 0.38496559955163623 0.18742093194617085 0.8739692296124489 0.22989707940924275
267 -14.42700873287235 -38.73470812537754 31.83701690137012 0.38156717493479797 0.2225590990001231 0.8876854129711266 0.12995593892858595
268 -15.48450327227353 -37.9682976336295 32.637482427782516 0.4688062139725721 0.40213827787027184 0.7759693096209481 0.1279733165102152
269 -16.501839219252247 -37.00907867512902 33.43852754225821 0.5631181787108813 0.41848695903591626 0.7059372301254355 -0.09705260967660664
270 -17.376190132690777 -36.31439234220027 34.63322811759348 0.571698171923295 0.5685555711683749 0.5880623822361012 0.06394057641097757
271 -19.277029887366446 -34.50485549134163 35.3776667633863 0.6488419218925914 0.24094771991485456 0.6970980034465986 0.18709016610534826
272 -20.12273702208071 -31.80198546778294 35.75950723807488 0.6742008232632164 -0.4539412894197038 0.5335794733286894 0.23384503696562678
273 -21.962384320644137 -27.807400594635542 35.64112201854154 0.49210969380061004 0.028036122426213766 -0.2900740297785331 0.820304262060618
274 -25.089224848081617 -24.09855975900446 35.58202474237482 0.5161019124884805 -0.0950384917526714 -0.586074744077533 0.6173515168569395
275 -25.056155586569407 -22.894625444176214 36.16376881926014 -0.03145614257114215 -0.5159719601118049 -0.6909481948930788 0.5053454654460842
276 -26.247033515151443 -21.066354276394637 37.65234357122999 0.456069496824383 0.7759379441897589 0.27292631455638133 0.33975306864779936
277 -27.251326307388137 -19.19480271098984 36.91238516885815 0.5305006923230842 0.7585273554491594 0.3673086235377991 0.09104746868969586
278 -28.292239202934503 -17.417276524461613 37.23169171764095 0.2527943317705363 0.877038815278002 0.18552784025649802 -0.36397439856424874
279 -29.866542651715147 -14.089782532547186 35.45273184454737 0.6422315830298015 -0.09599880899863776 -0.5863831337781712 0.4842289157520122
280 -23.498754119963372 -19.557016160456698 34.261629358680985 -0.42244362248430417 -0.27463662184461396 0.8399485516491244 -0.20150072542463773
281 -20.520395401616426 -20.95697702664023 34.50391349424296 -0.3986016640803485 -0.7000572978942325 0.18848797208332987 0.5617016801090379
282 -19.699218038202144 -22.45758503556812 32.06631167800197 -0.36840126711666854 0.1634686007943367 -0.3538143522555326 0.8440224683497309
283 -18.62320916806797 -23.46030667885868 31.38698292590408 -0.25554680659998824 0.07465246267442907 -0.46034693183230213 0.8468787054860788
284 -18.184254731291485 -23.747701215162735 31.4042535933868 0.8509982810090093 -0.3570015765382955 0.2778843012989802 -0.2667060463515231
285 -17.270301797069234 -24.76726622337529 31.71026607369807 0.8287459212745933 -0.3106376169220513 0.40255879490358637 -0.23373250858510522
286 -16.617996071566825 -25.63418981166498 32.20524261834054 0.69785483612815 -0.1872357087147816 0.6909503104644179 0.023001859571577167
287 -16.549695983822506 -25.96551367747738 33.322038418761515 0.5467069019568446 -0.229083260726897 0.8049663018744043 -0.025723060745696042
288 -16.62083528288084 -25.858750676250676 33.54273816452162 0.4451460666477417 0.06464003865642663 0.7342685862757037 0.5084449704335938
289 -16.911114260544394 -24.988982718070332 34.36103152981205 0.21153580993354293 0.018536034338477655 0.3065672968450015 0.9278607164073235
290 -15.391737163796268 -23.839864172565825 34.71487747560017 0.33930481483420644 0.14348866309394082 0.4745475973799852 0.7994296867234305
291 -14.242733306714733 -22.294120086842454 35.05987534932025 0.38326807636902244 0.08230665364487003 0.5876675483007993 0.7077980284490056
292 -13.990217338361592 -20.320306588515706 36.12673326379253 0.3079608803841718 0.10152382078276206 0.4341103443501912 0.840476780699404
293 -13.587891225050607 -17.37747364011013 37.29884047260038 0.44578096641264714 0.5346143230463649 0.25005184528313973 0.6730088634248287
294 -14.659229967510504 -15.681550115019306 38.469599703885855 0.20436175864790088 0.2930873269190468 -0.3718136597737006 0.8567909271271908
295 -15.523884243563732 -13.379119797627526 40.641217724306145 0.10742726401677391 0.2507638243794192 -0.639853490080681 0.7184458215899441
296 -15.510550533672316 -11.7546891130242 40.123958485164316 0.11522598152480393 0.5317884494065482 -0.02158189052959853 0.8387241741243617
297 -18.185547828510764 -8.428980769847842 39.73116477099789 0.276144671035829 -0.21225434064773227 -0.1317440521885195 0.9280817422229891
298 -19.282992173486157 -8.697385231160847 40.02686058507175 0.2130094520032896 -0.19440193103724218 -0.13151813808973445 0.9484396880770327
299 -21.028001266492055 -9.066660822254434 40.20394866968115 0.502769894366251 -0.4720600396174799 -0.11621178183918401 0.7147563039785337
300 -20.904335097768403 -11.566373702391612 41.874634050021676 0.09961422740477095 -0.0006743045200915558 0.02216300956568063 0.9947790468334947
301 -8.157016860210128 -16.55268804852067 33.50068064964734 -0.36637485072597925 0.007935697028364806 -0.6687216966914619 0.6469295060841508
302 -1.1082169265092947 -32.756533572100274 33.02871525841299 0.02252020321846496 0.1072300401839899 0.8974443480486326 -0.42730340635747704
303 -3.165488053656687 -34.096819184485355 34.012800282160775 0.23332592836537663 0.05865222622313649 0.928445015011436 -0.2830349476865344
304 -3.6997723829696736 -34.816105904751076 34.41908844550227 0.6823480970379231 0.13169995901678974 0.6705190376404558 0.2597314294139579
305 -3.567912636956669 -34.53564767160304 35.483304393328815 0.707727896497505 0.05387917158511651 0.23786594458452526 0.6630520732155424
306 -2.6792655703267263 -34.15986147065583 35.82386037493662 0.5764954868149295 0.18548897863005712 0.02021033599056818 0.7955113668628148
307 -1.7037876134120282 -33.906416414582225 35.605926361214834 0.5376331763649018 0.2633446161131188 -0.01190924065838149 0.8009109506199553
308 -0.8388499544582892 -33.64268757684204 35.05076923008732 0.4938919000818571 0.2369461422740065 0.01990159550750576 0.8363798438456385
309 0.039596362335178 -33.39972921196142 34.68162014673044 0.5257639471342985 0.34549734207993865 -0.08041705223295786 0.7731345007303854
310 0.8237340142530576 -33.180978404615274 34.0436389502106 0.5132557691757721 0.27104666623194285 -0.4160173914318285 0.7000226783173482
311 0.8823560738041315 -33.08422453787339 34.12376577264604 0.7582286236284178 -0.18674858997063698 -0.6182439858495701 0.08937948542797527
312 1.0403282636057807 -33.43203323999491 33.36445016228101 -0.2679352604274349 0.6596742680413951 0.695390138823159 0.09732990871895039
313 1.106446114310092 -33.38343175642555 33.366497524974505 0.40039886958293225 0.9053258008990623 -0.08104023091323426 -0.11618270282925801
314 0.4774544073026597 -32.617944644891345 33.56852257338245 0.6219116542605746 0.7461332247579591 -0.14343975985886154 -0.18956830035319094
315 0.299321240978457 -31.59364775856534 33.644329609159584 0.6198236791805526 0.7144324061953116 -0.0779286682629609 -0.31516990079610047
316 0.24719457208065188 -30.661613254842873 33.961549507457924 0.5835993741919708 0.7267098626945337 -0.06552210938339585 -0.35638658657023203
317 -0.1337230365051587 -30.639875094908508 33.60696187220629 -0.2431102790575972 0.9256932606547709 0.2805284193123629 -0.07275428065057246
318 -1.4960597873917492 -30.90042089789441 33.08083273114649 -0.2749452587646672 0.9552894077485933 0.10655584229223745 -0.021750967784532574
319 -1.9870254245841499 -30.802790751362377 33.06004386379313 -0.09708691936075571 0.5685487614126185 0.7654799577818375 -0.28524878653472374
320 -2.5525162902252703 -30.6059908987865 33.24883675137934 0.664741001233959 -0.22969619193297602 -0.37120341008760044 0.6062731142227067
321 -3.059615040365722 -30.137238577624814 33.66373915997134 0.7168553766547108 0.2636758601248202 0.19312275119813183 0.6158709383615478
322 -3.578411506171096 -29.284151260850475 34.17519511009142 0.3724368221021433 0.7138902011647493 0.5583409079924965 0.1997674264877127
323 -5.358983890081721 -27.3681508446984 35.341862777687865 0.33972139579314065 0.8007788632755438 0.3035947035429723 0.3888095180832666
324 -5.999659330286584 -24.11873260970254 37.80447247290798 0.2726458622773186 0.8323755399706394 0.08774774905853037 0.47446340931288317
325 -6.908807950174259 -20.80101743030435 37.99270467029905 -0.1795293441287627 0.7787098224408292 0.6011065595750325 -0.0071505990472870914
326 -7.535508393874772 -19.65826342683352 38.501177923736066 0.5666610709995717 0.43226611979462065 0.4465993127448986 0.5409161544519656
327 -7.512187861065983 -18.200730450464867 38.62664564020424 0.7543208163580047 0.27350141760459634 0.19296744237120314 0.5647660106291663
328 -7.35700883229696 -17.699256581302876 38.58147984733284 0.6712335429803215 0.7005918633673096 -0.10573140123063904 -0.21780138327249307
329 -7.601836272665646 -16.664031937740077 38.68315125341248 0.9041653475839031 0.35252671310693107 0.10612579412098382 -0.21667315615159485
330 -6.851465489850896 -15.734019835050812 38.391507423308575 0.7780200320423605 -0.4404497966103249 0.025460221231767863 -0.4472589669772499
331 5.806178836032855 -26.502788892496472 36.018032015936754 -0.6817038690854278 0.009729962003207046 0.2842300192656792 0.6740908387314024
332 4.64495441921574 -31.58660537823349 30.256896237686338 -0.5380458446848516 0.23823252440810863 -0.38386514896322604 0.7116175101435778
333 4.9289463445679464 -32.75475367024176 29.625468345851207 0.15059713228903948 -0.07186052605696044 0.9333068160735999 -0.31795432944323
334 5.89954909777337 -32.44328680717898 29.391137389383733 0.518781334855172 -0.3041930440875726 0.18227180050211295 0.7778878513489846
335 6.8853849341695454 -32.41021496792131 30.1949294237893 0.4901027013101682 -0.4256607773488639 0.29207926743198614 0.7023545730837322
336 7.296388112989953 -32.433405184843906 31.610141413748366 0.5310070866875728 -0.0054173857340399844 0.3659827528794542 0.7642373652303073
337 6.366252722734171 -31.93555935035896 32.56308956510957 0.7928296206372905 0.4763048072136057 0.37582783171464024 0.057518381183856
338 9.914271681220358 -29.464582964146768 31.610980199855963 0.0724289821062632 -0.5978340335944322 -0.04582052991094863 0.7970250873504179
339 7.660600949577383 -28.693608635533693 33.26355894293178 -0.18207304082210338 -0.6429155251861502 -0.3272834129830341 0.6681276845533239
340 3.2662958678095144 -28.697252507944132 32.655031026318966 -0.35897350603875067 -0.30136125738563835 0.8162194993911605 -0.33779452826065165
341 2.2959228807598717 -25.970269322947875 32.143453457413095 0.1761157477138962 -0.125496678403518 0.9289596623115025 0.30044595672925656
342 0.550302082028724 -25.219524981399303 32.78145213380229 -0.014814928687017387 -0.09407808494409776 0.8655513692564187 0.49168146090694637
343 -0.4565346857924603 -23.699644076115234 32.862792743644476 -0.14254003399712847 -0.35388611295224426 0.7517972180099506 0.537817720756904
344 -1.1448787282737611 -22.285598039576332 33.0848319683491 -0.172907614316923 -0.4581655495201032 0.6757559844340761 0.5509456739513477
345 -1.4340312704371627 -20.862613375206077 33.68071812657446 -0.17891066649608398 -0.2528732091435305 0.597572781487798 0.7395626304352572
346 -1.7874289227468907 -19.605341823826 34.505652825380544 0.5414833176193531 0.5758958335271988 0.6042485035256252 0.10011768901145532
347 -1.8515438181135715 -17.78714168036992 36.08803486696567 0.5036917998651416 0.4952095185437013 0.6983718996680481 -0.11549369353506218
348 -1.7837692542136752 -17.34987469295491 36.83784796472989 0.6840033069594516 0.21301687625610663 0.6903312972291838 0.10102468294677613
349 -1.5882662894070663 -16.641341793469064 37.5585896642096 0.7240874753758597 0.04590353485987505 0.592473482608514 -0.3500933673992132
350 -0.9222376850314862 -17.179229523519055 38.337215156764465 -0.6214958677182408 0.3362437320315004 -0.24797248857660192 0.6627161413363993
351 1.7259858208421472 -18.74286572172771 40.33827145427798 -0.47142764502274964 -0.4234041799960556 0.6302489243115509 0.4486325548534174
352 1.62100479659826 -28.41230063919212 30.298895623752152 -0.17260578029078236 -0.22169492100766605 0.6097971039037836 0.741084407257481
353 0.833174835038582 -27.550642443995056 30.644430392325436 0.20884900212206786 -0.2798599258338162 0.10108093876036975 0.9315810002593601
354 1.2235630531576795 -27.402559984484412 31.16956909475863 0.19510342110317908 -0.11339538161388531 0.6198739240980458 0.7515533651882395
355 1.2861394256130279 -26.58383963634973 31.509368395317264 -0.2389351352278744 -0.3918446113116828 0.7979129211936161 0.3907720204056374
356 0.5744479837289043 -25.807823525657756 31.34815195711463 -0.18688214848888396 -0.615214900737126 0.7613711109238352 0.08306455283568094
357 -0.2712354668727894 -25.561585205968782 31.262040275190977 0.10604035221675914 -0.5909170069242009 0.7643139479097503 -0.23536508589869687
358 -0.42015898250748196 -25.682662511554813 31.295223355644705 -0.11041334572370437 0.9257645696515004 0.07483749406126729 -0.3537911872089235
359 -1.2204516787913569 -25.978348943900176 31.953062787501946 -0.3428721425179134 -0.6585085128622461 -0.03607209297489885 0.6689574250141316
360 -1.2304412204981796 -26.645064981094833 32.07380002525903 0.32879154103816394 -0.6403851155304298 -0.04311215798032973 0.6927801730586024
361 -0.9879714392493025 -27.670432317218992 32.00583434353447 0.1332984444118317 -0.5146010421625182 -0.06540680895206177 0.844475719879112
362 -1.7044937439600312 -27.85580440237592 30.470125973935044 0.2760341429421849 0.4404655128696863 -0.5484217303826248 0.6550029691129227
363 -1.7504882200120468 -28.5653748723159 29.080043885982214 0.317328407400371 0.6165186664811142 -0.3635425862202936 0.6221287678136677
364 -1.8629023670579883 -28.70635517262202 27.672846328570877 0.4696383668465497 0.5626882487654462 -0.2847821348611987 0.617835637326691
365 -1.8898671151574622 -28.581451151618463 26.40553705558343 0.7034830893536824 0.16901494215014837 -0.050786761896455056 0.6884520296574448
366 -1.8891482328764253 -28.612155937939107 26.25857357615492 0.4402478677066029 -0.4124968887007727 0.7063493568475607 0.37026844028759665
367 -2.2227325024366458 -28.453554257115254 27.12530014487403 0.572809434328183 -0.45818795332441375 0.6787811514353042 0.03477498855750583
368 -2.563904838708101 -28.842681710792178 27.8594586616896 0.6052833281304073 -0.5414711420892376 0.4803558681086063 -0.33120889925480707
369 -2.532851673032557 -30.01071500810894 28.135007751851333 -0.4923833749444867 0.34050253965841626 -0.5324333417596315 0.5984407816543906
370 -2.3497753946085256 -31.12092790787765 28.51548053315311 -0.10994377727805198 0.2200593358690459 -0.4573897624169637 0.8545647194746937
371 -2.330763116459758 -31.211680155430212 28.63428233349857 0.1664684168591629 -0.6728953585313264 -0.16359645665076858 0.7019517804142351
372 -2.22185026095463 -31.29875494934797 28.652120251343796 0.2790778783073482 0.03679872618819952 0.4918443579132436 0.823923855207084
373 -1.7912108711633905 -30.46441752163425 28.943416003217735 0.3479416940094392 -0.11495037320320561 0.7063422781980605 0.6056431088522832
374 -2.033557966776322 -29.488510030173636 29.556508202243126 0.43230470128805304 -0.347976007409332 0.628479578991309 0.5450126258194525
375 -2.3059552404648866 -28.797420409121457 30.19318173672857 0.44650247252364855 -0.22874135375375462 0.05417178254686555 0.8633529713210369
376 -1.7831975942269878 -28.49755665636753 30.26350939656322 -0.14340667236453136 0.27363225183996087 0.9496288282591957 0.05258332067672027
377 -4.221765776904398 -27.810306565465968 29.372464550833204 0.7640196897108603 0.38756769676133 0.3972802570535844 0.32898874071414086
378 -5.171785515500023 -26.342514961208725 28.70067606884112 0.8626113718997761 -0.4593264459499648 -0.03989105022762811 0.2081574914143071
379 -7.373964891695874 -25.734500906865566 29.22074454544284 -0.4205367730824373 0.7042938145211087 0.524181674069258 -0.22880694456826917
380 -5.0327304049164985 -25.01845671684401 35.62478137089532 0.22651672126609057 0.12123459534450129 0.9334638805753548 0.250274911926294
381 1.2327851490778634 -31.833298448202967 34.848134785399274 0.21148931974693824 0.5338884545884071 0.570477073746807 0.5871893170174869
382 5.9771773549395695 -34.74026086317941 33.20734027527307 0.2598761003913524 -0.13111037212780488 -0.051425843470423525 0.9553166309602528
383 7.1575476207216395 -33.74526574661408 30.767383535297853 0.8532283173568688 -0.31754866238571666 -0.13044358218457022 0.39261782606533074
384 7.862728507040879 -33.600001826558355 31.1894286584297 -0.31168897828470127 0.7002398899849401 0.6417817735616758 -0.025104430161784694
385 7.789051386459601 -33.32324475812006 30.96198293815935 -0.4659375519579567 0.47622481789090887 0.5494844350925554 0.5041616567046822
386 7.171328160579163 -33.20243374609472 29.23805766737263 -0.5721244404047211 0.3339101255846792 0.4995121976340228 0.5582698425837065
387 6.7018751423086735 -32.58048257651972 27.49135788948176 0.8624968784442858 -0.055644757758170765 -0.3857479456652206 -0.32280228937069116
388 6.236908207177105 -32.652978195729425 26.2219905847096 -0.5071593639369121 0.2588479108997111 0.6786175582667698 0.46396696887387345
389 4.809559728346643 -30.257473666971304 24.02258741839321 0.9492097843276858 -0.16558387256171936 -0.2675022578684586 0.005030757331566664
390 1.8095174865763255 -27.71936848788333 22.607467531145282 0.9258875189012181 0.36407331372496254 -0.09828353658440715 -0.022875117764333028
391 -0.4073478625909367 -26.210364383975097 18.242687052904735 -0.4189328058359216 -0.5290960912301685 0.32986518632802264 0.6601072558972334
392 -1.9947489561913754 -24.377245635900827 16.36696754242062 0.7180875478019423 0.5591536659927908 -0.1664750204040938 -0.3794516030801191
393 -3.621380044691999 -23.117308609118282 15.996711629874293 0.8100299426281325 0.454901758754147 0.2333008998854747 -0.28720475629918846
394 -2.3968500623819717 -20.77514892523358 17.44750327634864 0.6205857241916705 0.7393672685873387 0.1579379787069216 -0.2080023941044182
395 -8.626059128673944 -26.610030173957767 23.713376578787205 -0.28818791676136907 -0.46286606880715 0.8008603932757556 0.24763957168021267
396 -11.002285500807666 -26.58399858468246 25.00415190569812 0.6477279600755811 0.6326300876708651 -0.3441848462305651 -0.24852455318362865
397 -10.851058553362837 -24.900695974795138 23.965826924809065 0.1379290422091684 -0.18974144364979964 -0.030329056230764904 0.9716243678629629
398 -11.476461995770658 -24.07286842221246 27.58419100100419 -0.09172887746226542 0.5257177297498294 -0.24581439851210368 0.8091859879844253
399 -6.219205206391362 -19.35843614640445 30.681804921714367 0.36404564417585417 -0.27856692798941696 0.4514914729746957 0.7655237980744066
400 -5.5381563370111895 -19.03373702225749 33.49552219036619 0.07897598116290051 -0.011505571813483393 -0.31306667738686494 0.9463718464359295
401 -6.006411105471033 -24.625132752932906 32.91806615106178 0.3193137522456886 0.4944737070966517 -0.34390212188669245 0.7316186241333009
402 -3.259909180363492 -29.17624277114336 32.164794322644774 0.14571605989440467 -0.45067438282061467 0.826284227622958 0.30481765982245845
403 0.3078166254112987 -35.39658987797446 24.7633247225341 0.7204123324687222 0.3338917052120751 0.5925617384212929 0.13562074537725496
404 1.5470914655586592 -39.558087680542386 20.35898806810327 0.9555604260967229 0.12661334753626896 -0.19333371690418205 0.1830175024731868
405 2.8577910523645054 -40.242289419459176 18.3797265009586 0.8690767953336942 -0.2753214759156834 0.25688927627022595 -0.32079823635656923
406 3.9126502922709094 -40.75633284389178 17.800490760458068 0.8482235391493537 -0.42021064565287863 0.3167913423000776 0.0598588870315085
407 3.4014707755897127 -43.226405033238606 18.51511697427871 0.82255953901678 -0.10135083363844086 0.5548370667562245 -0.07266114949988386
408 4.072600652842551 -44.237617263893014 19.454141161603104 0.6537842080079281 0.3371442762162434 0.6018709154440625 0.3108879983476327
409 3.9872233748111254 -44.344228860015555 19.3705972942825 0.34940377508135256 0.4646676482531649 0.7967929690183877 0.16468741041328674
410 3.1061500395724995 -43.54034118935074 19.842526977909355 0.5829821685299056 0.3236305909765485 0.6976364612805784 0.262103795570096
411 2.8188753876306865 -42.55428153178817 20.68237333799707 0.663631469504138 0.1345784139535467 0.6133556390497368 0.40654247407548233
412 2.8932892523302693 -41.46490016271705 21.7118302650525 0.7228893979311231 0.08165444959535495 0.47945445066279646 0.4908023012982866
413 3.1731840562041276 -40.47818167037919 22.814563206220082 0.8705059283571941 -0.016756114677740696 0.050878366867401034 0.4892341495652071
414 3.2780178979785752 -39.64499384904575 23.161986747643297 0.6772614659342634 0.6940755361114708 -0.0883273766884734 0.22753973600116348
415 3.4442947243018947 -37.807368680813966 23.214949794087662 0.2501048896315812 0.8652558236133494 -0.4343429975158958 -0.0112278401513934
416 2.1260750954148304 -37.08979067368422 22.65211338206562 -0.31333947375631765 -0.374253814544882 0.8679236633425993 0.09198353708507433
417 0.9612165834980818 -36.51443681985373 21.635838859990194 -0.3042663764421875 0.15955282040077493 0.8818021723021084 0.3230941017601244
418 -0.11840354084200808 -35.83208385155524 20.812511812286964 -0.3236263785987617 0.6486086023348222 0.41294733100124725 0.5514048874205456
419 -0.49011766565219983 -35.61505957771136 20.800623489814203 0.723899262847332 0.6617998697499424 0.11236863743805528 0.15926104033429606
420 -1.0000753404122158 -34.61796393828571 20.497108741540956 0.7450853254803493 0.1547530590347025 -0.5982673744546118 0.2509491923406581
421 -1.3928142984705054 -34.94793852526964 20.857029055750264 0.3550528492867469 0.36825451853838104 0.8541602091680506 0.0934688229487214
422 -2.572973345240664 -34.103077048571485 21.53037282379575 0.4991230531713848 0.4926864834294716 0.712029127391961 0.033922390602937474
423 -3.5810788404169345 -33.04832103167917 22.66206789452589 0.7168114477443431 0.44372535066197094 0.5281387483430494 -0.1017773258697976
424 -4.962305549463804 -32.033518545621455 23.952023722596216 0.9590973433542187 0.014124604016796426 0.07288736069053327 -0.2731670078611549
425 -5.709829155840089 -31.133972525714494 25.00805066545636 0.6651287656719236 -0.5635018056394709 -0.4602884038667247 -0.16794054121212715
426 -6.40249117515632 -30.12531953618905 26.417085929592588 -0.26102953480442925 0.9464860436845317 0.10667325524834273 0.1569986231943056
427 -6.61234540732272 -28.372841856878207 27.914332674667627 -0.5245107407528263 0.6344244489715888 0.407754696117512 0.3951331537293878
428 -7.513742963903268 -28.338380840950983 28.810078939849745 0.5903064620795818 0.7495409976115404 0.15532925350773144 -0.25612379181035794
429 -8.06252455367646 -26.567401511657916 30.00114122198917 0.09463251890055269 -0.4953440994820257 -0.6691366333379521 0.545834292986459
430 -9.408259748468975 -26.740871281239798 34.738780826464385 0.7199174048546112 -0.048979380994036426 -0.4314380636499872 0.5414620463696351
431 -3.048246723421086 -28.198234781646615 28.535257867997544 0.40010231253271555 -0.15398789135458726 -0.17487791483399925 0.8863540961294496
432 0.5602750954934301 -30.69205091679008 26.91261902763405 -0.0018122749790782321 0.1260755525031271 -0.3012851534163665 0.9451607942838657
433 2.5003843371974748 -31.569510554277343 26.594455199167616 -0.1513707624300168 -0.15098917266680328 -0.32255291417752086 0.9220893555259916
434 2.457207617696014 -32.86651241439989 26.57627259714773 -0.5408600087372865 0.7818000896691675 0.13590418925563932 -0.27890701333016277
435 2.1433046065171633 -32.74672293400895 26.98332613021985 0.798347696830282 0.04764524510401303 0.5812659008086806 0.15000279378010506
436 3.0679135160430815 -33.65308534171426 27.630790424531842 0.25422269232023864 0.5308349489503745 0.7752176947966959 -0.22939617554876376
437 2.2889579316411597 -33.77971980418523 28.29644395003939 -0.009155327252245238 0.6129905495938156 0.7120248525888819 -0.34231473147873315
438 1.3257323671564099 -34.44998632435909 28.77923737874707 0.11104500919190852 0.6684052413900125 0.574889147430608 -0.45870023695485096
439 0.27940890146395536 -35.13863158061906 29.449670603024703 -0.24327712392154274 -0.601663229018799 -0.37896422189085344 0.659699718318717
440 -0.060335459025374794 -36.398330510237656 31.4475129841837 0.3072404669054211 -0.41844073753166394 0.04408863584735799 0.8535612671969218
441 -3.2667588197149477 -40.54199585417929 36.178826080574815 -0.6161175733146174 0.6355769983914538 -0.4448286753356367 -0.13626615341954265
442 -3.760234020758367 -42.062033068691306 38.155339884902254 -0.14510211481268112 0.9634299305570562 -0.17493525682847477 0.14193590490805452
443 -3.5613393257941763 -40.30143311964828 38.21007608018255 0.30835274089055886 0.8778730127597066 0.36415319034796023 -0.040620371894870916
444 -4.32031939937911 -37.54304563236433 39.18084153425612 0.7565094249006724 -0.4665649347616319 -0.455759898696889 0.04789119362813965
445 -4.622197551843164 -34.223442159019726 41.35838098178133 -0.7079185882690268 0.047181154354060124 0.43994414219720623 0.5505219003848719
446 -4.658185214157381 -30.43303610554606 43.15298739879302 -0.20704566539546806 0.2099083638695423 0.3014778444754934 0.9067423451614961
447 -6.035678342978445 -27.704250773547177 43.488588763119076 -0.07453005432689029 -0.7573324869681956 0.20850463305416547 0.6143440348693446
448 -14.93634950397702 -19.920806148526047 39.657395471338205 0.4815865732008239 0.33387998251589723 -0.5407789964519625 0.6034538978118204
449 -15.37245483023692 -16.49151877490886 38.129507154329566 0.37179864634287985 -0.16940949220442833 0.004425630420750104 0.912713867717599
450 -15.43511390146652 -13.51975562993499 38.10712475300313 0.7592240404151958 -0.13861267845195754 -0.3419337733565899 0.5361405379805946
451 -12.978128492345702 -14.73985782947799 29.930111008626852 -0.3542531144892138 -0.3969648866723828 0.34308459479765424 0.7740908024491724
452 -0.6537205563156108 -31.38654599368303 27.323217984663554 -0.009999191434134297 0.9692797415676392 -0.12363720584190763 -0.2123926554493807
453 0.847891570171857 -33.33554800575059 26.473589882250455 -0.44400601198882955 0.8596667211348888 0.23068484004239986 0.10303540394241442
454 1.7470287514892076 -34.79946127103316 25.864807564996617 -0.15580765314649186 0.9551328983859585 -0.16978716963353613 -0.18605762190690547
455 0.45431225720709834 -35.26699151735991 26.283103008575182 -0.24353317069027788 0.7559486514173089 -0.6051050622166544 0.055507610952649486
456 -0.6294963140447203 -35.68607868201955 26.540178747475522 0.42649611987928693 0.02435256614735166 0.8918083947076552 0.14894898247019606
457 -1.372945758536417 -35.31101692096226 27.388385579210308 0.5613992408737329 0.5406344077863638 0.6233906575665308 0.06268506618527063
458 -1.955522522927454 -35.00890511727301 28.145396361021035 0.3498406398521309 0.9177476648305402 0.18692983114704034 0.020198728506540937
459 -2.9960109208806487 -34.41464891489889 28.243522418349233 0.7326403187337653 0.6760467486908158 0.07142071121499753 -0.03313667092220681
460 -3.4076987722516208 -34.27060474757016 28.257894372379113 0.3778687013080359 0.9249003487117364 0.029529859660252684 0.030042917853166314
461 -4.373764148976395 -33.18758132195388 28.684648435136094 0.14820593703761734 0.6983072133061805 -0.026432137263723017 0.699788095205277
462 -4.279582288526409 -32.64505642185019 28.91361703335802 0.3711092713918237 0.23556635228150408 0.5948276641445458 0.6730278243342979
463 -4.534493776374557 -30.777334980529766 29.530969899674833 -0.11750118039726325 0.01333458235241347 0.2731341871331419 0.9546797250061688
464 -4.234665788994018 -28.228918789261638 30.286475161461983 -0.1053669566005108 -0.6099285722551816 -0.015053793082071961 0.7852759543735842
465 -4.543704721307004 -26.527560169954835 30.488082091072684 -0.509491494561405 0.3265873708647407 0.7945325323884505 -0.0497710873664381
466 -4.4450922112186735 -24.500122655594847 30.162198879280034 -0.05861335979032415 0.04227108734298747 0.6355222947567947 0.7686930740523095
467 -3.4842270261714545 -22.682222907244576 29.84332384111163 -0.5627621570830178 0.12917748033309573 0.7115845890178842 0.4003240010320504
468 -3.678652068951194 -21.77969220755741 27.89514635598008 -0.581082513957129 -0.0702641371399549 0.6683345695966171 0.45905878282344675
469 -3.8705956080764743 -20.475775774759857 26.59847073950339 -0.66736257593475 0.18206148962336474 0.4651551838782596 0.5523689538243767
470 -2.9052132356384237 -20.17672151051488 25.29419065851175 0.6704414215855017 -0.16924924804646424 -0.5461091623075892 -0.47289298483041675
471 -1.9709604181896958 -20.01841248017356 25.08309955515889 -0.4279162886578537 0.5711414312338771 -0.054778880242638134 0.6983440339179318
472 -1.5197589545136314 -20.87700296877089 24.489965756284928 0.6820579231317276 -0.6597649273018971 0.030089353548436407 0.31400933266161524
473 -1.3923382970492884 -22.086258030604213 25.19059533302549 -0.41414551812576916 0.7385035686595421 0.37240497650004956 -0.3800138186585531
474 -1.527490243996677 -23.0221624728287 25.873976858971886 0.09975408906969924 0.5937027982340872 0.7702968683595784 0.2102589919083492
475 -2.6645053960327933 -22.5659025359587 25.758445781588513 -0.13184581379318597 0.7189451361695325 0.6462684311821387 -0.21925256536871182
476 -3.644590530370343 -23.182652836767883 25.871262295364296 0.002753886327785014 0.9018269931445924 0.4073814889573736 -0.14401671083853504
477 -3.707655696387545 -23.296524053259937 25.766282448077927 -0.4794259397125282 0.7790112742706204 0.39444314742159686 -0.08778841804114579
478 -4.269256843803292 -24.130914235549575 25.438141876852725 -0.31852608084263473 0.8521504889925174 0.4095837100305707 0.06798429532206757
479 -5.104948401130065 -24.64179160751368 25.093122984478892 -0.21195933366807246 0.8988366347626328 0.33718419381557124 0.1829556348422093
480 -6.076797189418162 -25.018367442972096 24.706869701492053 -0.05687566990988319 0.9050835398536408 0.2731941179249101 0.32086432956864386
481 -6.991492493264778 -24.92530422666073 24.092869218877034 0.1516841250211569 0.848874478867328 0.317343947773405 0.3945844195554082
482 -7.620869276728225 -24.473385573733548 23.43004592426859 0.16407550674050256 0.7834523049953709 0.38545488337851685 0.45902750109872675
483 -8.18284263323139 -23.850142120760857 22.673251564553876 0.3037273362897042 0.8681752886998217 0.16760681829564547 0.3548652247574453
484 -8.76997336682726 -23.221900433553124 22.02827454656287 0.4760580396644247 0.801513410815445 0.18909752950575956 0.3085240987162511
485 -8.815829286942765 -23.110690817075625 21.874992740120632 0.41626616739502614 0.3705943694642891 0.5830004569562012 0.5911791254708556
486 -8.678141915876711 -22.4327570134259 21.488999551272602 0.3820246228451631 0.6214778869042225 0.16656721604291688 0.6633835890107513
487 -8.595444236523145 -22.800345626018487 21.15326961969758 -0.16366487871988983 0.46450575707443165 0.19185515018433724 0.8489050656381184
488 -8.490967638424136 -23.196968605795018 20.789643269036727 -0.34175919144668326 0.3560148497586101 -0.5966140284802783 0.6328552621520952
489 -8.463119939378894 -23.620233919077116 20.410715473213685 0.04635687949984577 0.36959345051065556 -0.24448463576458343 0.8952535863864067
490 -8.086325890376838 -24.524700526227548 19.483076146746132 0.27287985553127553 -0.19885684561568812 -0.07207149605732346 0.938508518263456
491 -7.9952894903933505 -24.959040130153298 19.052789012576053 0.6216885857405082 -0.08705740479714828 -0.5602180595675134 0.5404442953389023
492 -7.540486668274992 -26.01079966800282 17.981518525018522 0.8028064615139511 -0.204532052939516 -0.506685585270629 0.2386171459697642
493 -6.9149607633097405 -27.004399284574443 16.977597499153468 -0.5615333409969702 0.2400256648992568 0.6301388848628225 -0.4795758260403546
494 -6.387815551750988 -28.3058795881066 16.453404993425504 -0.2237927456018307 0.25561249560403815 0.8691531172112944 -0.3593771249661825
495 -6.35300395978518 -28.350364268050022 16.619609098268803 0.5534168177070933 -0.623492927057663 0.11453738774255433 0.5402477048513341
496 -6.082569921589641 -28.817040656439204 17.604517918762102 -0.413299375867811 0.8352567156558133 -0.1513256343182569 -0.32959125785936505
497 -6.8474478967366785 -29.751895771343882 18.4094963196214 -0.26704386992041096 0.8983090376263038 0.26060500862942126 0.2319773134039049
498 -8.002252063432538 -30.36403810730265 17.674426421556433 -0.33557176140936323 0.8728372374637388 0.33212463270854536 0.12345030655895312
499 -8.915817047598454 -30.839929668352617 17.08071798046901 -0.45681960708800795 0.8675118405438302 0.10665578143471428 -0.16541945889998616
