# time x y z qx qy qz qw
0 11.907951364250989 12.385690220485976 11.89552538823409 -0.0035590488064706277 -0.0018759761110130242 -0.7101407783342202 0.70404821484902
1 11.868337641306878 11.241430987080408 11.840485691582789 -0.15791383810278745 -0.04922449246588407 -0.6914930484544013 0.7031909648284465
2 11.833304203580832 11.064022032688817 11.814703789193057 -0.48960496574475304 -0.5238075582516404 -0.3691257611956911 0.5913195344805006
3 11.970918371885768 11.310136751634062 11.60764506801641 0.13020381937683229 -0.6539928598159728 -0.002916880067773028 0.7452058752721159
4 11.887834912834691 11.180976913036274 11.507872148298077 -0.6412525353533894 0.2987713355826411 0.698579571283157 -0.10731941820032208
5 11.74471360120037 10.49964587531509 10.528864149828673 -0.6192649678092444 0.34555486830361287 0.7050455090238941 0.0036827762797168296
6 11.449470605288722 10.021409609981031 9.436829041933652 -0.6468590568268577 0.3532980399053033 0.6758251458243257 0.003771985109751142
7 11.277158783050899 9.567200421855276 8.324052909524873 -0.6355349593901396 0.3898720484513865 0.6544264852537113 0.1257818612827981
8 11.02624777160295 9.177620994282496 7.262605763186043 0.6524872961106275 -0.4519888870311348 -0.6054957540586425 -0.05780368700657139
9 10.842930341325975 8.578884909849238 6.214589098213079 -0.6107605564752183 0.611501395126619 0.4778292784064076 0.15721567068804443
10 10.5756020892167 7.914772857642588 5.242532427136157 0.7242631019492944 -0.6731889009786773 -0.1390133311956906 -0.0541752388438122
11 10.569218918927957 7.158378751138556 4.7419637807546 0.8762599574026412 -0.40572200997422614 -0.1922957348597085 0.1748727766976888
12 11.179305293212623 6.510831561499104 4.499304170772307 0.40046136443023367 -0.5277935519410771 -0.4526451623315324 0.5968056795523627
13 11.164250490749446 5.613145440359638 4.697411220919595 0.5751076677734935 -0.47987277050687516 -0.4473706678902858 0.48870520777416343
14 11.104941324371485 5.613499634050383 4.618677831397746 -0.4689873618398655 0.6708036737583185 0.559038970899892 0.1324715619369537
15 10.585488488209725 5.180514383251388 3.7934229614310815 0.7109904285348726 -0.5181998908120274 -0.4555921111733473 -0.13563669094611686
16 10.614752815262399 4.542029060465557 2.904335507602238 0.7253474815691588 -0.4408878169964305 -0.4966142218918035 -0.1812823168988065
17 10.73185564235882 4.0348467276952125 1.9044014040851431 0.7433931071193646 -0.4200395998842997 -0.4705799582560628 -0.2224588179959989
18 10.899195345808884 3.5934502897028637 0.9538446668141233 -0.6243090956526954 0.3199799060357718 0.6668729511590105 0.2512597855430187
19 10.81644127107543 3.515401630157129 -0.05274498460414308 -0.4830996936521231 0.11736722888785234 0.8218780323927725 0.2781296809881967
20 10.83461505448018 3.4420476321429745 -0.11075616214444127 0.8243009942440728 -0.024553653266514305 -0.5467678122230034 -0.14481004287124055
21 10.957643303471935 3.347699172912296 -0.19251863129582647 0.6921594523552491 0.5404202830320467 -0.27536339697985507 0.39119842766371016
22 10.94632618394889 3.2945260574703528 -0.23586225307567407 0.3137389715831369 0.34997411814047047 -0.5796405542735029 0.6656596744457799
23 11.014927002828257 2.692166260911725 -1.2239702236519612 0.08946179964331567 0.7102191003186886 -0.30717783235503376 0.6270783007382382
24 10.714437748802784 2.3769985758838157 -2.330158158261985 -0.12269934392197367 0.6644012203527905 0.07286758529803339 0.733625384244352
25 10.79467616856217 2.4706166365345728 -3.6061516794909005 -0.39811888505917226 0.35367857469610287 0.4465541912134675 0.719028631884614
26 10.850668482430493 2.5778867539993846 -3.927077739469509 0.8235325938958686 0.3219491887427535 -0.40904267941123634 0.22544816051390154
27 10.895622471708583 2.6766438697474424 -4.199141893166357 0.07532251738017597 0.5286585982869259 0.05234829660075964 0.8438638875291526
28 11.297241054220791 2.945688516858726 -5.450854651826407 -0.18349949942291216 0.22258288776783802 0.24638986042336605 0.9252441993684829
29 11.282973172648033 2.912766963385275 -5.776691261998139 -0.232782420389522 0.30830018902569833 0.8729608245609668 0.2978300471513102
30 11.33692949304825 2.920554488195332 -6.149099220231361 -0.5427790744433393 -0.07905312816533568 0.3260211456073611 0.769968630458781
31 12.355138749022718 3.4884504962136633 -7.2483345991713986 0.8410050328612324 0.02455288062324295 -0.5372979130789635 0.05846916585832731
32 12.906648813981365 2.9264346591763513 -7.596605177235933 -0.667524781756371 0.669927899561163 0.1978776277006025 -0.25778231046031763
33 13.167987274842071 2.0789970355077685 -7.683528398240292 0.7194592035070946 -0.5240356284244211 0.3673896451690071 -0.26979615129454704
34 13.582136873326974 0.2976812335850085 -7.789751910134416 0.7529922604691437 -0.3848709736168664 0.533726696820169 0.003578050056370419
35 13.850727818093706 -0.6893356389180348 -6.945804308150258 0.38305029211520103 -0.10951196527934137 0.8989258249585277 -0.18224150019615723
36 13.49910841929138 -1.5178495730932555 -6.171122845779255 0.01535250814347139 -0.20974431953242834 0.9768092809041912 -0.04019016866125595
37 12.218097026116933 -1.7467705782933136 -6.274845930583837 0.1109133564486731 -0.41570037375064556 0.9027106946707425 0.0021973511164392464
38 12.073934191106567 -1.7243133229561827 -6.4041069571126 0.005776195496084513 0.5930624878701315 0.5908704369970383 0.5469146622004285
39 11.34403558737884 -1.3749073930111195 -6.885487281399845 0.01681329372068034 0.3361577728901398 0.668848056497679 0.6628405103786891
40 11.073865287869715 -0.2858423197728952 -7.415744886068407 0.0890890651577864 0.609666502380432 0.6187952405755691 0.4873010820689252
41 10.383249584552349 0.615478820981874 -7.959100441443772 0.22679668198629319 0.7675388790004718 0.4225656793128716 0.42530645531141364
42 9.663954650864154 1.4863273631265543 -8.433611583838958 0.23992898775675658 0.932803856337915 0.07798001826612785 0.25735221620640375
43 8.729020305215288 2.11580091152788 -8.85827202931152 0.04974317348939546 0.8747936522971387 -0.38657691702466124 0.2877845892599976
44 8.59063180927216 2.341659437681076 -8.929919729039224 -0.37241926959098154 -0.6030177411691534 0.6300617743485304 0.31732578208735823
45 7.91206950234439 3.3216188029695966 -9.042595503982993 -0.24030209750787454 -0.16791840669606964 0.6671825219827999 0.6847815658928333
46 7.7218119644215495 4.721004902721138 -9.162520091376974 -0.2554971554643274 -0.6914309437215432 0.40976336138244285 0.5373438761933871
47 7.336382238508147 5.745313813491971 -8.792379888907655 -0.13319210146810714 0.9159884927371724 0.31485751287451114 -0.20997545538959914
48 6.89336671929203 5.803924455381863 -8.508807453457708 0.31946036927530647 0.4760161783868131 0.7965372209302287 -0.19204719745220647
49 5.90065152738454 6.004338846210507 -7.404071848682701 0.07851252151300796 -0.07491593920890949 0.9780031931985491 0.1781379805419324
50 5.020828994178919 6.659664539295226 -6.770329187890426 -0.2505032768332875 0.2644956023591188 0.9139241611580649 -0.17897712781246633
51 3.113282022506207 6.597217819343618 -7.43744413731969 0.31180819582901986 0.12067721293437772 0.937089244745049 0.10038130640411182
52 1.2571700013137055 7.43360984922095 -6.2208334296006615 0.3238762933837808 0.21847827546416632 0.9047186613542141 0.16986916592373802
53 -0.35840254972783764 8.60297404816123 -5.371770111503508 0.5031868572054523 0.04849371524089756 0.8616523472647797 0.0447948520583499
54 -1.7014354737135136 8.848609588951275 -3.835831748886225 0.422371672156749 -0.4912279292276129 0.7131618880519568 0.2677637270737599
55 -2.915773265602453 8.507005917086737 -2.1764928919382402 0.3868620680380146 -0.3098670865686288 0.652034020264207 0.5737349260703214
56 -3.137760663542282 9.348901794479554 -0.6623617494797912 0.5009771537627928 -0.2749037835198971 0.6611125321593878 0.48618928519248383
57 -3.3306498624392558 9.90267677925832 0.8931793595756303 0.6315966381885685 -0.1489850131968485 0.6928267061273993 0.3144523934529539
58 -3.249956508129595 10.359592228135613 2.3724474571365755 0.8034061769014751 -0.06808800528122685 0.5915240525952868 0.0013541250415375278
59 -2.7934452316445086 10.077483876853838 3.8682053373027863 0.7758554059466933 -0.15888391732998552 0.5120410845725265 0.33259317128732735
60 -2.155078710258233 10.191332879498715 5.300060122915863 0.7895766673536011 -0.24003928107591513 0.4240834406525042 0.37296523333371556
61 -1.4744289820144387 10.179034611986534 6.634427089720309 0.7444333476586478 -0.3306617408107088 0.25726694226054414 0.5198995330616094
62 -0.6782611406555618 10.094387420662036 7.894386901340287 0.8508683112064841 -0.24159594636289566 0.010445419032237549 0.46641763357197724
63 0.29190848636247974 9.655087951071158 8.209256910101018 0.8281072342883341 -0.36437732180842697 0.003675539460410363 0.4259742554201121
64 0.29031855986392313 9.724330488905204 8.292918286273919 0.8982136980145037 -0.06827301707175039 0.2665169315623717 -0.3428114248819717
65 1.216695511575264 9.506579740747785 8.735573458695173 0.8928701229434585 -0.10264136648799119 0.22097990903174908 -0.3787024864517408
66 2.1760050941037625 9.12517618190688 9.142160394331581 0.8820928118539508 -0.06467677308057397 0.2322618474962712 -0.4047018908988353
67 3.145986373024554 8.829869644200734 9.585930287922714 -0.7527993043057338 0.26050564942672566 -0.11548094911340039 0.5933752307313055
68 4.052528449214712 8.288637725147675 9.412394236590103 -0.6565000563021827 0.3665373761171206 0.027032284134549625 0.6587315717337947
69 4.88225531378198 7.9560960669324166 8.9344651724836 -0.47179864899405793 0.48027090321311877 0.22663951689641823 0.7038326674112216
70 4.938398339926332 7.97306520186301 9.016486228636927 -0.5468536651551857 0.22667169834658402 -0.27570364024200533 0.7573364594632443
71 5.69945823356619 7.346199317664804 8.937220059355596 -0.524585843054409 0.258320938589024 -0.19115914195358344 0.7883769202614637
72 6.520465106350488 6.710554389364481 8.666619629655592 -0.5727829293889695 -0.038403464464652204 0.06389879685859044 0.8163098881415852
73 7.561017904772814 7.165820292380191 8.723379270301624 0.5459540846522103 0.6809540810814343 -0.17712919819644143 -0.4548196610266449
74 7.286885852787 8.168812158333544 9.260752173130012 0.7472481901474802 0.48473315757063096 0.10302129839277362 -0.442764633129599
75 8.16480056262106 9.298469864522255 9.88914509186805 -0.6578897994178956 -0.46292120779615137 -0.0669849556051874 0.5902524738762271
76 8.856461008546646 10.071807250420493 10.739951947178048 0.7829243961720626 0.3300260146976471 0.18104040385078696 -0.4953146390678789
77 9.450378688449959 10.451303546054262 11.610511629333306 -0.8262372030504114 -0.1235572718574951 -0.0541262251187967 0.5469333018028402
78 9.41872903485707 10.590350170834368 11.811282570817186 0.9682248795275593 0.02676294498011587 0.22456718079198065 -0.10674225382188927
79 9.485930771603192 10.685598962355181 12.053328880908941 0.817581164727448 -0.44226312759393815 -0.09267358287089805 -0.3568977053605258
80 10.039048041731235 10.215735047476606 11.667567433494428 -0.5910585656664188 0.39739611565950267 -0.23633924695346 0.6609613147231592
81 10.647358080608425 9.302930011894029 11.582754655367042 -0.4709123182456476 0.20067957409443782 -0.1097043816767873 0.8520177496429863
82 10.659838487701359 9.24274171354622 11.826604920959745 -0.15705239741373936 -0.4517400024417778 -0.2724306949944494 0.8348934249862919
83 11.152114103767236 8.892803261751641 12.775198461605248 0.23578711077038847 -0.39538756841081407 0.06895080415161471 0.8850530468551486
84 11.809265980371705 8.727491830452204 13.642600643366602 0.6579368656758408 -0.07072887427341486 0.33637491678324055 0.6700510596124252
85 11.944956214688146 8.799274893127032 13.678611088870431 0.5900494749905646 0.5285467044010079 0.1365597682876345 0.5948373122253008
86 12.35640330915966 9.548568921052325 13.215931242076037 0.5574676114021873 0.45309276888301936 0.4013098061584921 0.5682316820668241
87 12.59559891556398 10.584027492242097 13.150573526859107 0.3585146739380298 0.5697822156012062 0.4908320294994742 0.5530817065977829
88 12.442090670234691 11.464420194059446 12.980690611984684 0.36211504208282086 0.6157204084195577 0.36662274640316056 0.5961114298290328
89 12.404997292712977 11.48413630742579 12.951176665512563 -0.2433436669202678 -0.6977711240427066 -0.448351193026643 0.5028722759643501
90 12.061393369734644 11.383110733518494 13.998856214518817 -0.37823532175187796 -0.3815566412508503 -0.49171261912349834 0.6852527060080343
91 12.088411335230802 11.409012470370753 14.030309175709789 0.5567465171817291 0.6643788260361729 -0.10108218565647324 -0.4882791034477331
92 12.129907615714314 11.495208123925023 14.24924630018911 0.33607267171193594 0.8773568356397021 -0.3196780012196785 -0.12290694781370633
93 11.456754254900694 12.03053340385686 14.278102501281637 0.5928798848450382 0.8012859871388148 -0.07591275291097696 -0.02591260130876407
94 11.176671197878019 12.891432491180458 14.227311737173299 0.6838505006472341 0.7104729223985762 0.014837636423204174 0.1653981978388127
95 11.15171578120739 12.7431460818378 14.241060758730871 0.7219379447750449 0.45873453702137806 -0.5036348932843018 -0.12132651278379437
96 11.276303582912227 13.49432797150839 13.718688801413492 0.5162521713288122 0.681294218040454 -0.5099445943853004 -0.09632442431774726
97 10.828295401694005 14.167180063365313 13.319583399318102 0.48665865103132677 0.7298230019729991 -0.4063438120206576 -0.2557468467058978
98 10.45988482131093 14.949548590809039 13.32664193053643 0.6495108893965508 0.6584315336588614 -0.29036583515207415 -0.24554266801389052
99 10.513521550551605 15.924328535318237 13.186903936830916 0.784933299209478 0.501155624156285 -0.3318932983377583 -0.1502318031813878
100 10.800491228749575 16.790442233109196 12.7692420481774 0.7516539896961457 0.5645542343666171 -0.29687695274730846 -0.16780605221523648
101 10.540884361064094 16.6994557247401 12.797934841613568 0.1387466971186549 -0.421633077198921 0.8945229209368231 -0.052949468071804576
102 9.359773580291167 16.444938552835442 13.064670205982733 0.1517439967349273 -0.2322061159063097 0.9598874497066023 -0.040867628832260874
103 8.151390355915854 16.199095268483756 13.398841413343499 0.15863331451125662 -0.3203388473901538 0.9307433301524197 -0.07704120817267135
104 6.982883986815477 16.002054865019886 13.71844101735959 0.1914753681118531 -0.3525934810199362 0.9060704408013026 -0.13435541245073793
105 5.72917718109493 15.343833934654944 14.090353068334517 0.2326559870672266 -0.3630751923179963 0.8897431839204075 -0.14968187289114349
106 4.787744090451993 14.855649261955364 14.49302116598313 0.3407838466095019 -0.2177419722273364 0.8394655622978913 -0.3629770972616143
107 4.316425438307117 13.997451423837306 15.027202310709942 -0.22332796040760167 0.018483072892442182 -0.8272682679874125 0.5151797850243578
108 3.8628614173421725 12.99070642071163 15.476408921644765 -0.03053382787777837 0.4051594454725176 0.7847335383962896 -0.46808843482356166
109 3.3608158177671994 12.077436876163361 15.923065946861051 -0.31400923927648194 0.5843818352314863 0.70589216988528 -0.2482182765131038
110 3.405570441247106 11.931457908199246 16.03283290915304 -0.2361293645966592 0.1011784567846201 0.8668896746373723 -0.42720970853314116
111 2.6888735349776884 10.98930880139074 15.633859896788048 -0.3129631113780273 0.10578260515445413 0.8519189664608581 -0.4063227854152236
112 2.1189521291063977 10.068231059783582 15.069120656127918 -0.291554197622793 -0.029528105758521144 0.8795956324210776 -0.3747476007189483
113 1.4093002937726702 9.321731920974608 14.491952517748686 -0.27959849955420435 -0.05718044141582976 0.8770035894980508 -0.3865485482757159
114 0.6977055860344804 8.519389140336104 13.841655126979386 -0.3307224025908746 -0.08297778352882058 0.8597496793268594 -0.3802208157933044
115 0.04404240592372446 7.79796528191937 13.195912035699429 -0.4846963973990866 -0.2650532741851428 0.693637128323702 -0.4622593410661714
116 -0.02353773105276528 7.845363725863231 13.161995345627329 0.09197173882852466 0.7079034548565424 -0.5092998185043629 0.4806532978462263
117 -0.6074999095004893 7.520275764499921 12.285863341077352 0.08316498353113308 0.5692780976224051 -0.49785441426125615 0.648958407975628
118 -0.5533666260320262 7.54685579032737 12.27291756864687 0.4684658533941947 0.7820836220779962 -0.3617917674696928 0.1949145178588971
119 -1.1535527151486757 8.140527966866864 11.585658305399019 0.5325349072154704 0.7696314368615464 -0.21462535798912555 0.2793026668320259
120 -1.4382740802042693 8.881905864922953 10.901038549342541 0.5124722359659649 0.7456880467385162 -0.2043353777296518 0.37358880834872654
121 -1.5453562840324764 8.873935802689818 10.860130482769506 -0.03262084870303488 0.6739699984633715 0.365977750774181 0.6409060830881921
122 -1.773624017814949 9.29203590691146 9.894219328136174 -0.20326368458161304 0.51246881804894 0.1564327776649781 0.8195049549147635
123 -1.2634928880922605 9.505198658783002 8.910980821244243 -0.6008928224995541 0.2064539467580303 -0.07395041157631863 0.7686585199971732
124 -1.1834635307321975 9.714852856605134 8.805503594921937 -0.6104753862914533 0.22100744152738647 0.1822249476686459 0.7384237143869224
125 -1.126269330365859 9.93038454510161 8.613345933564178 -0.35267924858852256 0.49595381590900167 0.6880640004484601 0.3952405487639103
126 -1.3089945105913359 9.716704173047107 8.63453253190638 0.25799725769952886 -0.3260546922391398 0.8489942132930006 0.3260898319226803
127 -1.570053285859809 9.527325507590549 8.616106275267695 -0.07907796818271465 -0.30817867815601374 0.8346529350137343 -0.44958542608837465
128 -2.3489738718671767 8.708539565495702 8.191378192371543 -0.01784685058369249 -0.44132998946474883 0.796052544620484 -0.41377491046043463
129 -3.2159732118987754 7.836446236604807 7.665019584011613 -0.20778644045464417 -0.521086548349063 0.7456532361293289 -0.3595759387705305
130 -4.035595103920123 7.25054276890625 6.956588221599445 0.1434858384514137 0.9141317867541332 -0.3739043264031565 -0.06301146964316998
131 -5.200410996766341 7.631410354072349 7.235931606910429 -0.12509795335390073 -0.44461280779998 0.850892434253158 -0.2503038524226478
132 -5.534404305818329 7.911932612055678 7.325255402938049 -0.23475012825018304 0.9008413086673882 -0.3015530149139269 -0.20601721549732474
133 -6.342164429456324 7.616876925003357 7.9315257895883775 -0.33701834548080617 0.769740866012266 -0.37561747536255163 -0.39093368517221705
134 -6.744841533062654 7.493801438371826 8.862741984319584 -0.6202489857758582 0.7759598886063181 0.04444935933613513 -0.10583809036777429
135 -6.784850659451945 7.549455357612187 8.806496321463413 0.8932370348377202 0.052158887788781215 -0.35517194061971724 -0.27066573964094354
136 -6.815369484868438 7.588114983348395 8.852490569271906 -0.32513462053361514 -0.5146212217939496 -0.10654327051216975 0.786194001578704
137 -6.396739497818348 7.774642029485792 9.671361499293216 -0.023611507122705988 -0.2527614249229802 -0.20202613335371955 0.9459067608620018
138 -5.60584290712105 7.453545629387167 10.201912974537512 0.5165211488396917 -0.267283022411218 -0.08891583529050741 0.808615893342841
139 -5.576945331588154 7.535658245060441 10.230970595199556 0.6044997107900656 0.5965361208671294 -0.432983851889308 0.3020757192470518
140 -5.725288482230627 8.123506174863218 9.391520348466296 0.7721449645952889 0.47452569392667987 -0.40470047030801426 0.12179921504679607
141 -5.817808313326459 8.209242897374653 9.496371852964879 0.223887123462512 0.8768305636970616 -0.2486195577378553 -0.34529847092712174
142 -6.5648346727397815 8.855682145289455 10.020231583973118 0.27068137976110346 0.9172389409628455 -0.14844471663859812 -0.2517309713445486
143 -7.287014233646117 9.594261064050574 10.463720579328452 0.05180400857486989 0.9958521064816402 0.032103633639587695 0.06755948059887427
144 -7.5321116116634945 9.641253167194296 10.421544895570914 -0.20280035132320504 0.7134233424489493 0.6689156584843766 -0.04950751242557021
145 -8.583960184425358 9.206640366167045 10.16891081920932 -0.3349662079594187 0.8806097587192617 0.333226283707738 0.03583763692016131
146 -9.529228400807499 8.467782437918107 9.77072343465018 -0.15516437446115353 0.95916215369235 -0.18516815348346213 0.14712149658652024
147 -10.437859707903698 7.927952680543807 9.417772032418174 0.44770337581335534 0.8124393607777614 -0.3727744944313432 0.02330554967825159
148 -11.181200758152446 8.802610673110333 8.935688535282148 -0.48989322469818725 -0.46337676094559815 0.7250253623151632 0.14008864982625963
149 -11.721768589712017 9.687124863675514 8.25628435622357 -0.36368523095271327 -0.03905754712468633 0.8803484694936813 0.3019836635641188
150 -12.328425760793124 10.481234722532234 7.516259806434908 0.061597016853881595 0.37589218590317813 0.9129405431062715 0.14645967651357106
151 -13.30457634102646 10.947206267768655 7.726778037737677 0.028511573491159445 0.6516955389870215 0.7577779194113714 -0.01589463727324371
152 -14.399948705330079 10.90194955732506 7.875658730248232 0.03996368361549572 0.5764066073071853 0.8153916485817102 0.03598314143737668
153 -15.489608290751688 11.002060951812501 7.955561664803503 0.003987341453544533 0.5387224559532934 0.8423805161864791 0.012541232363120072
154 -16.58360044952862 11.133569867085555 7.945763414225411 0.029565914437878232 0.44141578910601603 0.894672725865542 0.061957012707890814
155 -17.685957181470773 11.233823471907334 7.922141123358573 0.07274648139072049 0.2768946519343029 0.9571423696889865 -0.04376968496120038
156 -18.77452125407241 11.225077699116397 8.043772537660756 -0.09580009846767935 0.09958987338335284 0.9903139591371698 0.013507797419830147
157 -19.940609244655228 11.243719961478448 7.774958771939667 -0.1409194983521419 -0.17673344834550642 0.956718923327755 0.1832918027808903
158 -20.11246665226838 11.175651464590908 7.65430804285042 0.43697758619498295 -0.4656120758793441 0.7438606740061027 -0.19729997877780267
159 -20.70164498945875 10.387191369933403 8.093626460101127 0.5870635143047899 -0.413789126367564 0.6356827359647146 -0.28291774116957313
160 -20.79600752923759 10.43871933559375 8.121914662403139 -0.10479772813389283 -0.18576369274843163 -0.6979365456038507 0.6836620985143211
161 -20.800452839811992 10.422482371954615 8.099870475459479 -0.1296407923936528 0.0801502483641174 0.9656995797769862 -0.2102225588591002
162 -21.734754488748848 10.060093009025461 7.885997204090292 -0.07880389072814604 -0.08963593771376775 0.9878847447252416 -0.09919211972442418
163 -21.74947144819937 10.085814083003799 7.8790686430166055 0.7107846119840733 0.0647127619994285 -0.7004089825716634 0.0049750310535613355
164 -21.697054613792442 10.213604659942465 6.872386696424976 -0.6624857182395438 -0.17628070878315544 0.7254363910218407 0.061480301078887016
165 -21.68655039270574 10.102573393495424 6.897200874487616 0.19897696347361488 -0.5015148925779458 0.8070424089481832 -0.239944849264293
166 -22.450919548884976 9.512716788523337 7.067195726687585 0.041855387661175844 -0.5155187650310978 0.8556532625933079 0.018601710619523787
167 -23.622908899713646 9.570357489719598 7.053817474979216 0.09167375940994951 -0.5152812756354109 0.819687333908549 0.2327956259148483
168 -24.580467117097545 9.895324137467064 7.343512143429642 0.06395272254666044 -0.5541476427612946 0.8058289621073537 0.19867089150138717
169 -25.612624713762386 10.171633709554902 7.604244636552861 -0.10601394481633626 -0.48605684412075806 0.8624947740046599 0.09280383937369263
170 -26.57005915609843 10.464652679050436 7.529004615341463 0.0034504626976917816 -0.3919351636201746 0.9154956801816959 0.0907886633553581
171 -27.57652528780953 10.618499046963926 7.648318817301486 0.15737514087698165 -0.46838276181234584 0.8689345831695114 0.02834331743139425
172 -28.52628371945083 10.494409781972234 7.964196658927439 0.08105556689954799 -0.6162321346187786 0.7486471162544883 0.23068473434888337
173 -29.42547068382415 10.723857260063266 8.485368867455072 0.28085304923084187 -0.5830469961538107 0.6799939494668225 0.34465343999773035
174 -29.390180948328204 10.79638159720855 8.390945571975683 -0.3152036511505381 0.48966060527394367 -0.03672802581479783 0.8121146483495248
175 -28.893962298840584 10.457569073166047 7.642161445541568 -0.5949016892531839 0.4807170687015844 -0.08658649754480127 0.6383618553967557
176 -28.807277982666932 10.303239784726049 7.723052795769376 -0.7768107522717532 -0.06132701907931626 0.3509425655308727 0.5192719591740432
177 -28.05923400602233 10.703184570243737 7.23427736108874 0.8156130490535138 -0.041640362052104654 -0.5484102685361032 -0.17968753942875382
178 -27.656879851497 10.815088262334111 6.287454865468565 0.7123014562407384 0.14168054032053487 -0.6630676274080823 0.1813686340446483
179 -27.52718326752806 10.834333418598911 6.1619469237581574 -0.0018144568110174896 0.5084946186869334 0.8610281137954283 0.0077793166022317615
180 -28.38408051190581 10.871229539428892 5.932679003258998 0.00993761268786284 0.7584090137978092 0.6073361098096766 -0.23634690894012053
181 -29.26243490351344 10.51327359919025 6.3146479634648935 0.24055160683866542 0.8921023185081599 0.3777271225615967 -0.060088257097687676
182 -28.227786369917432 9.9843180224676 5.958920106444298 0.3902116244245992 0.07289986689665524 -0.28509183903525415 0.8724351786155016
183 -27.32863874550626 9.474145111549372 5.5580782967279925 0.2879289800916705 0.16677179271812595 -0.005852649064776041 0.9430004337622955
184 -26.14629344910149 9.435886168562437 5.3046816186890835 0.21757326369374658 0.31998089969892457 -0.023406933207457452 0.9218059525905329
185 -25.292278845321793 9.558624220307493 4.63428043338197 0.0200326115744994 0.48616632335830995 -0.10020401345784555 0.867871048136017
186 -25.300312777681725 9.613427001309377 4.573742281421141 0.8065108881347266 -0.325405439756067 -0.23921480918119964 -0.4317728131386893
187 -24.6724595261695 9.293180873883548 3.9521348043476854 0.9180542342048932 -0.21529519379032314 -0.25259421644448804 -0.21684225697047593
188 -23.96417897279609 9.038100762129087 3.3226571217565772 0.9531478010841089 -0.1394093482660367 -0.2681246689391997 -0.013544918265238487
189 -22.955252223986193 8.87888138429161 2.706679230987151 0.9862864971845713 -0.05244162914016412 -0.1385105859327259 0.0728260845376684
190 -21.971024882240364 8.74129994941847 2.4743265314942944 0.9753664495338291 -0.03587912382214281 -0.11904983486912234 0.18220898555000775
191 -20.982129735867876 8.684606531514754 2.356643262379381 0.9172416701867673 0.07951001083343348 0.014451198348058155 0.3900474836690549
192 -19.92770510556937 8.868777267666669 2.309056966043695 0.79823697960775 -0.01646939924019139 0.09795665982070341 0.5940967733224432
193 -18.964712795583495 8.944838604023879 2.5429828332629136 0.6871339726203505 0.06963036831916972 0.09478016502592385 0.716948558682121
194 -18.962133078311023 8.945272788698503 2.501874016741463 -0.1964607656374943 -0.11406491086664494 0.0647120094688615 0.9717019705159684
195 -18.06187822894049 9.036691520494468 2.7775488132139987 -0.4071150016964207 -0.023171018320426888 0.1976815557982887 0.8914272162105473
196 -17.184143088896285 9.348380870428716 2.703943506734004 -0.6342884105912273 0.1352461409306871 0.172708002564268 0.7413222237349104
197 -17.196452891834415 9.256965840692425 2.683530997142894 0.6927819159183803 -0.48012208909795306 0.47529826616185683 -0.25224502912883756
198 -17.10527174443169 8.435175359025267 3.0075288815654235 0.6834022697905243 -0.4491868725058264 0.4897515789527425 -0.30221826901577137
199 -17.014926737683815 7.504688907485782 3.410449204086184 0.7670343095884486 -0.2883359232339359 0.4918533191289532 -0.29428060715724685
200 -16.978012432554628 7.457509372030993 3.275437899194196 0.13077958931125527 -0.3301287393397497 0.9234150865149624 0.14565813563990304
201 -18.02245447039296 7.744734133334716 4.114573714171938 0.29586511767077445 -0.07022098527882634 0.9199767591529561 0.24733703319671685
202 -18.120046122802876 7.957460409983639 4.5517115887200275 0.3983261177453187 0.5504998741249296 0.6966142142622866 -0.2302494929378061
203 -18.65405636379979 8.471089631192031 5.567724977637267 0.05007314848222828 0.24586297030597412 0.949207921220604 0.18986416703912465
204 -19.371200536757307 9.089164490102267 5.928790906314291 -0.5519153822278962 0.33593288417533046 0.42598583530223116 0.6333044894138522
205 -19.259514093114827 9.337003879703513 6.094390945803306 -0.0019165264001806395 -0.6405891853523036 -0.3195955610809416 0.6982123601552671
206 -19.163433417792888 9.54853296414035 6.427473070621026 -0.2931277550145957 -0.68867731004826 0.06611662972002705 0.6598698910688847
207 -19.19294263034767 10.269927928706627 7.547384243724788 -0.31660199826834395 -0.6676496983844628 0.07398782097341418 0.6697259568564102
208 -19.244039797243342 10.392930928913433 7.804066622563265 0.12792690374851737 -0.514312350002515 0.5437203479296209 0.65075778687581
209 -19.442837681318412 11.077898470698177 8.897484146048672 0.03143278225276109 -0.6742951016639285 0.4079658893545298 0.6147372846957101
210 -19.797561842178734 11.736020693433296 10.05738447825092 -0.08744574356316831 -0.769793013994729 0.3140479719556088 0.5487675544783692
211 -20.15730157051089 12.268060497729532 11.0528329081642 0.14806021653636842 0.7334032782265615 -0.4713411797342269 -0.46694249758667716
212 -20.41202790735837 12.447866733762751 11.347553873178576 0.3830876830417703 0.85069581000646 0.20821934849044443 -0.2936071675783069
213 -21.241053910969235 13.144865141032449 12.291173485984485 0.30591755779083035 0.8582532937288713 0.2792906930072661 -0.30300567723783495
214 -21.96101176828104 13.56544381181944 13.212583672470647 0.2501016413693936 0.7847900263163788 0.3387515725921376 -0.45475395066456104
215 -22.483289935817723 13.711559793057472 14.220415349159255 0.17978173632778274 0.7786268665146727 0.3774556071218096 -0.4679166535578916
216 -23.0137971047184 13.593460534507862 15.283860666429273 0.22163901008772077 0.8335951252670154 0.39047498486057186 -0.3217523932102791
217 -23.735962497319047 13.684498898972482 16.191137766396054 0.24444303519581728 0.8717874693782369 0.4028392407210144 -0.13399536154159894
218 -23.75120014007695 13.673046748820326 16.265265658046733 0.1393185296826575 0.876659091624449 -0.406355430310927 -0.21664359814238682
219 -23.819431620178392 13.602118973186899 16.394996416534863 0.3415640039631454 -0.7657756906523254 0.2078003995014494 0.503726728266093
220 -24.22749706729532 13.208880630458992 17.3469855794917 -0.40422038667449095 0.7298380249299193 -0.34714652544172164 -0.42828918529056936
221 -24.314027359441592 13.173241937840446 17.477717505333224 -0.03189010058864956 -0.5947278012516372 -0.3684779759672114 0.7137967813950592
222 -24.34116670972005 13.246614545105182 17.541749962219875 -0.3292886006358975 -0.3203900826475439 0.34601718048195107 0.8180411500918969
223 -24.293246488505055 13.164372134012321 17.583905560059915 -0.1989014737637718 -0.4959314399865975 -0.46059803447027525 0.7087592406519572
224 -24.332193429989843 13.061881558253813 17.63090625059986 -0.18679104060701188 0.5407305711124843 0.738130253234737 -0.35760772624894366
225 -24.3668779067426 12.994948795438694 17.742168900266677 -0.4575163659083295 0.7978415918033257 -0.011930683007137982 -0.39240951583486816
226 -24.619883918377468 12.148166335555608 18.391333625600552 -0.41963590834809933 0.7665450065176117 0.05684058639648383 -0.48278732910659966
227 -24.835149049327836 11.33671787334319 19.22433492887041 -0.35479601187240545 0.8254785762616375 0.10239852241455544 -0.4268717051993617
228 -25.153913722919448 10.65540176129412 19.99599514629082 -0.367638182490173 0.8092629639517274 0.22030131943098488 -0.4017498607446603
229 -25.543643385246565 9.850875747575113 20.516607176346 -0.43567973570119245 0.8024438645180411 0.4010952096128257 -0.07341420177550269
230 -25.323510098651237 9.691661387420522 20.451726983736553 0.05097228917640349 0.9303913879119895 -0.17383130532757768 0.3186790992886579
231 -26.010701757584766 9.658120384228326 20.029979701609975 -0.11713405733924064 0.9720800218882117 -0.1913930069997058 0.06862040898064266
232 -26.94814720310696 9.404990497592573 19.97658701651827 -0.11202115068047053 0.9543828344478325 0.005471914720247887 0.27672138562250465
233 -26.940562478545857 9.44224455848419 19.970562648306128 0.5670557456378783 0.7695877509140859 0.29157026409208114 0.03419438666424824
234 -27.279710935615082 10.35857429982802 20.280993443318465 0.5396272111458729 0.8089543512063356 0.15033063576501596 0.17831441502511858
235 -27.305548807878388 10.306568084802104 20.33940321243747 0.6646843843300917 0.6064425737061939 -0.4232113152161396 -0.10636849485331909
236 -27.388150250063024 11.164368425131249 19.8618727975265 0.6493173547459623 0.677311237169787 -0.2469097986746731 -0.24222306279062591
237 -27.283587437159046 11.16720756322114 19.861691967635863 0.4032595380780381 0.6908185785610805 -0.5543323232259884 0.22992849299469947
238 -27.967973703623656 11.505530654972643 19.132944480040404 0.4578662315148259 0.7801615182292997 -0.3669918922364111 0.21684895790688916
239 -28.47305124214614 12.103785170424194 18.473090464131463 0.6305823343366972 0.6714763407680764 -0.3191577781730176 0.222763902019288
240 -28.481141396935282 12.079807429785212 18.472322956977997 0.36320355671426413 0.3177713642523707 -0.656244615096312 0.5800409826972472
241 -28.549497452696727 12.139742349427449 18.590193368906842 0.058209333763210844 -0.20217531253743826 -0.7620097493036826 0.6124360851789924
242 -28.747519318131385 12.261298097398747 18.655538633841076 0.059138214140259424 -0.11054592524917298 -0.14597464416786868 0.9813122200906138
243 -28.86812530288466 12.35952069653852 18.7481645977249 0.4178100926147953 0.5255520102153369 -0.16401532873774868 0.7227231717655686
244 -28.874494799840402 12.27290560268558 18.60018949496276 0.3758631450295417 0.18342828074508113 -0.572336802831625 0.7053449837886988
245 -28.85005990083841 12.145105105132084 18.453088734368436 -0.6031735629800233 -0.30057082601792817 0.7099859990169485 -0.20434948658802746
246 -29.012283805799235 12.003445646421033 17.46708638393476 0.5593284117492353 0.602628859090429 -0.43377967282917107 -0.3685449517245664
247 -29.021733254825737 13.008465386874915 17.433004306059185 0.7927278327703375 0.28241626926036595 -0.5301187823820087 -0.10391203286490902
248 -28.637377933231516 13.542999792989383 16.568137742797212 0.8191742554587458 0.30894193025282896 -0.42693210721913527 0.22635679523861135
249 -28.22235370396002 13.791117726248029 15.618380567683955 0.7431208482342085 0.559342376663337 -0.23740503619064238 0.2802612341719785
250 -28.22033547637793 13.770452401956533 15.43830466792801 0.15001088129940862 0.4397051160450213 0.5434132121684551 0.699183972396659
251 -27.860453420572746 14.70524902454339 15.217516168668979 0.5128954860873087 -0.05818812814545815 0.3345830203426954 0.7884202969181797
252 -26.78219315057925 15.150366076456327 15.83817606282873 0.47713809966752063 0.05524431359351252 0.5957284217320842 0.6437351529952752
253 -26.859686100178862 15.114020617538756 15.93017606103971 0.7422499807739189 -0.2798339723323192 0.6066986878369669 0.051716691181235154
254 -26.733296232912796 14.783332410602844 16.95617180939714 0.9036641215512863 -0.3437614695665231 0.24950082294491227 0.054484372183386934
255 -27.306475979301513 15.308390655407951 16.59206454065156 0.2751994209991915 0.9225085615017454 -0.11353983107660674 0.24566631718000348
256 -27.96166164639969 15.644969868602548 16.060322831629264 0.15650890840671505 0.7865925644631163 -0.01880566190785429 0.5970120988731166
257 -28.16709355461353 15.901401574662538 15.133074167430648 0.05723111340561555 0.7166153667101313 -0.09146302534256279 0.6890729503096488
258 -28.17921197808191 15.793461177926998 15.137965229002765 0.6273151370999339 0.3601535657336124 0.3500726060821124 0.5951590529644458
259 -27.60251634678731 16.673462831164883 15.300957306103124 0.6406252708650264 0.2664514978167385 0.36031391417588615 0.6235196427471873
260 -26.945486332163682 17.459394891373204 15.450112660006457 0.544650540384468 0.1962521175468107 0.31351202252875554 0.7526958927397102
261 -26.135083218138803 18.221908986869185 15.442903006810978 0.5474847948834621 0.27762947864274007 0.3066374984132249 0.7274309015479429
262 -25.447579984745396 19.019190467009178 15.388624851458264 0.4351648776412827 0.050218154537091775 0.6002092006681558 0.6692223708571245
263 -25.0064774936592 19.914180319011013 15.951199230692072 0.5733775576170649 0.18450123751582145 0.3416140869345048 0.7214549780714835
264 -24.113463211397413 20.601395201051893 15.957384589197853 0.6353458392461969 0.2209411872924358 0.48304111782892245 0.5605282640482482
265 -23.661700611427534 21.563579264378788 16.533408270175325 0.5605406039404989 0.08567412298817859 0.6309243831340172 0.5295173262049016
266 -23.524181521754496 22.478244927427674 17.287850280836196 0.5269668674838146 0.14019211236684884 0.6529116975744427 0.5256980191848494
267 -23.502201992933085 23.505666899029094 17.814382296670214 0.4264840372838192 0.0481889920360616 0.6800640013131988 0.5943922451601518
268 -23.51085405892974 24.484796598184793 18.37186302514516 0.5343002814835006 0.23470783116677552 0.6824222740555558 0.44015370391317277
269 -23.533613694528263 25.485167781384405 19.045012745769643 0.6779825344004177 0.476004305970236 0.5060738969812982 0.24010163377191457
270 -23.538827238019785 26.57464756116773 19.577685879363685 0.7090449783559092 0.6283387673173537 0.3062308326729957 0.09310364802079409
271 -23.682466172399863 27.678665418277685 20.06940634351727 0.6468858618578346 0.7488912069844631 0.13127976420722817 -0.05887499757532918
272 -23.919785211487053 28.846037508795703 20.465616121943007 0.551893540600217 0.8103299025488623 -0.1847089348075519 -0.06827575178031943
273 -23.85073493562691 28.40793615890107 20.571733225122077 0.34109043902186537 0.6724214344142628 0.625808491557592 -0.19967588447919365
274 -24.52875462967032 28.630082518490838 21.337961721234972 0.5277284365717463 0.4503137566044969 0.6246759995588506 -0.35846912478125176
275 -24.461039122777898 28.634532764908723 21.283115062982162 0.8079373120762131 0.5060821185184025 0.023408536905085726 -0.3009488818237299
276 -24.587820706440716 28.838507225694336 21.28844097120816 0.53028037462776 0.7082760653006654 -0.46320591405247197 0.05087259373832319
277 -25.041757533513195 29.54818212178351 20.753340937997383 0.26885615357564147 0.7565431448438573 -0.5711970890277439 0.1705658938959046
278 -25.833073494048687 29.75481462175848 20.246704687501534 0.379395340829535 0.739487484639336 -0.5528694468362835 -0.059605454226688566
279 -26.676385195206144 30.41631512672268 19.852526661642408 0.3291783170329155 0.7539301483838942 -0.5540079601780894 -0.12769552463782521
280 -27.549163502380363 31.202402089758735 19.63754207436491 0.169954020520163 0.8753343245156553 -0.4405777890181526 -0.103906992342334
281 -26.527988417882128 30.867388506990824 19.568150294084916 0.22944703566615413 0.27931432696029496 -0.0545348659767667 0.9307865023578866
282 -26.67601003945303 30.82777561665322 19.525735573791767 -0.0011956973327138375 0.9367478168240293 -0.12376627923345179 0.3273896854025964
283 -27.489360864757852 30.727264535636113 19.02978851297712 -0.05129304534457999 0.8958603168711299 0.021209903402329634 -0.44085536874637443
284 -27.43428618516539 30.775228322406047 19.067024558603926 0.0679020667845976 -0.08585711016461174 -0.27537554810202364 0.9550843802869313
285 -26.656385773461274 30.33140928808887 19.183734925074173 -0.03880510063320296 0.24217821734420825 0.13111948047207198 0.9605475298232579
286 -25.851460370890482 30.503617041242958 18.698583835399173 -0.15056949330445538 0.35455409208872146 0.41774818825045273 0.8228649188552434
287 -25.44016352666056 31.072865167417905 17.953742207975612 -0.2895113488768288 0.5090561742381381 0.6147049960004125 0.528377477031038
288 -25.477417446728246 31.028292952690688 17.932457026279554 -0.4393634307894616 0.4435018981737931 0.10619154284824868 0.7739439244729979
289 -24.785425953368414 30.82345556557584 17.05856343456663 -0.321930884556637 0.4653699149824902 0.16010213737217086 0.808800750127393
290 -24.287989275720957 30.77823189195741 16.190399759065436 -0.17430949466195556 0.47230443925249055 0.1690091827285401 0.8473373666294406
291 -23.724058875583612 30.900080508518258 15.350194132590858 -0.2140106422674963 0.4822078674875815 0.3323177845000676 0.7818183341635698
292 -23.3254613058899 31.27603490682417 14.354241714431723 -0.317244626804271 0.4647905641878993 0.32439952298521024 0.7603226470996914
293 -22.940449544354497 31.470239775193313 13.354861876260216 -0.47737430994865815 0.2625566503940899 0.2588849419120698 0.7975941075422152
294 -22.354011468313757 31.69737533916389 12.662007420792952 -0.535622334373617 0.10358119518075481 0.07617557800153672 0.8346118452557547
295 -21.392621369337427 31.572642994948072 12.417264124645884 -0.533222371613594 -0.12226002524390134 -0.12195854625137827 0.8281621227962468
296 -20.501289003009145 31.421773914768902 12.744076969181412 -0.3842287543389055 0.08537355888394908 -0.20233816616477965 0.8967379139390371
297 -20.50722147663532 31.276849077467723 12.713458082976874 -0.33138275437017156 -0.3882412932669769 -0.02639846885880445 0.8595099121885301
298 -19.917997760174266 31.35465086128659 13.224263557616863 -0.21864921354886613 -0.371043072007512 0.27882663528817453 0.858356142625872
299 -20.483887436498545 30.67373545733861 12.608778628016578 -0.3466879830481157 0.6228605481699028 0.08465000349242349 0.6961943384230089
300 -20.514076113177666 30.339614379331575 11.449475156020917 -0.5916712494023739 0.2494808306192082 0.05869665903563508 0.764355382006458
301 -19.55293500635028 30.05448817610923 11.007396058359395 -0.5621057525618853 -0.23973671657897627 0.0998911573004963 0.7852293845456471
302 -18.592173336219414 30.46111221390615 11.29883454818477 -0.5088688992513919 -0.19948011131842194 0.16357516437382194 0.8212814950814027
303 -17.69924958897216 30.998421249510695 11.507014097908705 -0.4771276301391727 0.14161891227297577 0.1716596883408274 0.8501918957759631
304 -16.85780066380412 31.195850831675187 11.150983982188698 -0.5825949467916101 0.11272167156004206 0.1281937929812634 0.7946340693518423
305 -16.067718105996594 31.336628923086796 10.841378256277778 -0.6066085179555345 0.1459359596965491 0.09268069387903964 0.7759762178013818
306 -15.145315841000132 31.344584692447864 10.500718952511926 -0.551711858908562 0.06540659598894126 0.09830449711332258 0.825634439560327
307 -14.111618061784542 31.35149908207391 10.35520594703024 -0.6006480700782477 0.062447663406496136 0.059124357420204526 0.7948751446648673
308 -13.142149811234242 31.473758998627847 10.29920584968389 -0.5899864546836222 -0.01647818376153184 0.08316064752130406 0.8029500354652268
309 -12.094199207569828 31.564081930384095 10.167348665173833 -0.5363043435737381 -0.040685529839368614 0.10586023693175362 0.8363707006838444
310 -11.138572895841687 31.848211580063474 10.124236504938638 -0.5797778554476253 0.07721003374180568 0.17739754618430476 0.7914710099744209
311 -11.106333349011665 31.895422495252387 10.199715804162103 0.04207660564467669 0.1929544623687021 0.07179350180040661 0.9776726588222985
312 -10.157491847628766 32.09249115674269 9.8571963119681 0.11938905849806196 0.29563953873830895 -0.014386365958599424 0.9477006638807697
313 -10.216225840242393 32.08352520956094 9.948913047517019 0.803955943259391 0.1232782197523982 -0.27352586959721353 0.5134597554761967
314 -9.481925745311617 32.000794057326246 9.406758286806653 0.8705715492385552 -0.12596052356463736 -0.1602231048295234 0.4478478322360084
315 -8.551751976328296 31.63854153456159 9.270269387901866 0.7710963722835467 0.27955950190014467 -0.34241802850744807 0.45826494880316815
316 -7.939988241367377 31.804508244254563 8.511370264393706 0.8305717282539901 0.24849264858658257 -0.38021942460543817 0.32223469238478264
317 -7.933967556550929 31.776260506812537 8.534411185417117 0.330052459575349 0.7578910777254776 -0.5480357948009279 -0.12776249782033924
318 -8.700329828073553 32.45865258696925 8.412357813492308 -0.31483014058331993 -0.6266566121576267 0.711255249745135 -0.04795250493351604
319 -8.673369984919752 32.53373152684804 8.44224966731072 0.0854049421752426 0.8959663631269515 0.004520699364136509 0.43580940246209254
320 -8.603182836771195 32.44620965759142 8.506421444462044 0.05830729898789059 0.9516056210531234 0.0013052504579416126 -0.3017371325940489
321 -8.60655000636276 32.38361810937833 8.562915769641121 0.022771859480299247 -0.6842143494150004 0.00595400854263551 0.7289010332361261
322 -8.592871650228329 32.363945247141906 8.748131555141267 -0.02301953911258683 -0.20339687793504485 0.021213318315661103 0.978595833830984
323 -7.603858410479063 32.41291718827838 9.21370326906264 -0.055591247829868136 -0.3053075904079183 -0.0338354888975757 0.9500273933393137
324 -6.612983134584868 32.356590922991046 9.92431240685171 -0.08814960775706093 -0.3326948938525831 -0.08286636779584221 0.9352416368752083
325 -6.511785619712134 32.31987328815033 10.043164121527033 -0.209741863468284 0.5080355966754834 -0.013412199679526197 0.8353013205539626
326 -6.445721168554928 32.239839277015705 10.185731365118494 -0.12223001319891537 -0.3255340459023239 0.04948134626691079 0.9362900219501812
327 -5.564009526440673 32.415973761853515 10.971051647624567 -0.11049270490824968 -0.35111718644448103 -0.023948981846610783 0.9294807850697511
328 -5.54282895169512 32.42138124332422 11.038444602552369 0.6435010270655142 -0.22661605116984945 0.03547636631732416 0.730269142817038
329 -4.628193850611529 32.15769275297431 11.415032690338982 0.7466867163705894 -0.014190187901661105 -0.07480044298668077 0.6608044187897196
330 -3.589323077027805 32.10438395702847 11.391060618382962 0.6367356826274406 0.20443464587703822 -0.5173410552000164 0.5339778821623922
331 -3.105249397641535 32.28287035195063 10.934234655106065 -0.5012425834139214 -0.48032164240817327 0.717578723074095 -0.0559264570503542
332 -2.860830411907169 32.61214754108824 11.423922675930974 -0.5154241792844875 -0.5378155124903544 0.31403343491541313 0.5886216031449052
333 -2.362556221169376 33.35298769516176 12.144403263448547 -0.14915202437292777 -0.29165245421427743 0.9158700104572544 -0.23210911985804203
334 -1.4457203162217425 33.81307524829066 13.097275122003795 0.2331786567026249 -0.31504348463396237 -0.08888663288600074 0.915682523226385
335 -0.4581643362492349 33.56133688099838 13.941393565760876 0.21902020984909773 -0.18667659225027441 -0.05957520869292516 0.9558414053035558
336 0.6383819355725461 33.35035861112821 14.210803998257052 0.2551744277192758 -0.3426317290614229 -0.38971052722652955 0.8158524466147907
337 0.5273940533244245 33.61084343559826 14.326179149777325 0.7291178070091501 -0.5909704701297328 0.2689947290945877 0.21629369536844828
338 0.3869363174779425 33.746684696015684 14.305191717641971 0.3394868432068559 0.7925019698473246 -0.4696759092990097 -0.18998381852595536
339 -0.36685332162150736 34.541593066664646 14.246372503515287 0.10016731267042801 0.9048025384395583 -0.08104925746258186 0.40586930626801676
340 0.15458808324078588 34.52246883173132 14.94833647183048 -0.2524487525001005 0.8517480276558144 0.3758489333154395 0.26369016680797924
341 0.007827437820367811 34.654933121888966 14.834526289466655 -0.5333836610590127 0.4367054221955656 -0.018995183260309998 0.724174997741005
342 0.5353455513057886 34.22439110191914 14.196626384544935 -0.39133364744683463 0.011247057036882925 -0.45117142581707487 0.8019824341032373
343 1.104487265446383 33.31390910524101 14.504648276817349 -0.08890871349825041 0.4008433305012939 -0.49404135636066737 0.7663830656153806
344 1.3256961654167854 32.45073964685668 14.000498945047863 0.022160277098838218 0.46214422233472013 -0.4714260714562699 0.750792314180724
345 1.4338076449948853 31.656276650377652 13.176993001103835 -0.10785438147910305 0.34732475697705373 -0.4563703665158365 0.8120708307486432
346 1.7676438191880852 30.894106389849902 12.676842431360408 -0.46574840623169206 -0.05110067970489538 -0.4833347787657735 0.7394962030070049
347 2.326237937805396 29.839058792474944 13.130306515398349 -0.24963133776705243 0.1838025268256776 -0.37961397466819014 0.8716616640496165
348 2.4186404402623936 29.576676098758323 13.067781765598289 0.7237091026140435 -0.5980414494974224 -0.0649026999696393 -0.33819993940456144
349 2.801371923308477 28.417826573662897 12.486766245054945 0.7793821817006606 -0.547505307238357 0.01322072802999543 -0.3043461281891181
350 3.16637894590933 27.45905023283224 12.003473788088277 0.9198842264933055 -0.2889826250048562 0.2621890089273892 0.039483868754075585
351 3.1257299838562247 27.428715968404287 12.06557339215433 -0.49731224990514955 -0.3579649466606253 -0.6029092931645859 0.510922701856467
352 3.0028888315119087 27.2062792179765 13.045287618357182 0.3455766554726052 0.4666361471449386 0.6643118530508694 -0.4706561837118635
353 2.8367428658227123 27.20781872749024 13.054020697038915 -0.11605595014143152 0.5149827083316931 0.8375356666106315 0.1409178260945318
354 1.8223243960418396 27.39854903689869 12.704120916231702 -0.06845662646806121 0.4163729571839646 0.8381821324063893 0.3455401043774387
355 0.9900871182221439 27.95928238113862 12.23174477722769 -0.26272366883416454 0.3932210867698595 0.8219373536671027 0.31744674734601797
356 0.273407742044259 28.293523880790463 11.435207444252445 -0.07708090849560913 0.5535544906504529 0.7203401349145873 0.4107871096534592
357 -0.41101144902485626 28.91365473571018 10.724015154366642 -0.1794716197260418 0.7731215298884857 0.5484623486649792 0.2631769173630033
358 -0.431075002844937 28.99610854427216 10.706746374176266 -0.5553329928105896 0.33402917332334675 0.7615586891974789 0.007625049034172865
359 -0.8826723731968609 28.565550487678767 9.962159770555024 0.8384956940979232 -0.26071293018450836 -0.47837618944464283 0.010486199801296886
360 -1.07619094601581 28.291686607095087 9.86641094790248 0.9886315441918181 0.1204674434638867 -0.05401369336083997 0.07195683305772635
361 -0.1379334983622267 28.482224290663652 9.852439193297197 0.9711633954466169 0.03336768119334739 0.10714535447000428 0.21035239530814603
362 -1.0764623540309732 28.408539234101525 9.623670576576881 0.08949240389427708 0.3558739841644199 0.3578147372477504 0.8586695702355411
363 -0.5955278742558945 29.04417637178358 9.090106180822943 -0.16187399618860968 0.19807108538541934 0.20940614992165274 0.9437763076424213
364 0.30166806958141495 29.35575192685641 8.539910074756387 -0.46594176388598346 0.16795095399922344 0.09903695254629269 0.8630657169346448
365 1.234869183641257 29.45918869035989 8.184735574080042 -0.5599444409133407 0.4011859736026292 0.21675856329104862 0.6917570114677233
366 1.1307216313348383 29.463497532671216 8.268291357085918 -0.046510834836898544 0.7134092446886114 0.6830275526788804 0.14952375770124002
367 0.239832426753787 29.63077221827599 7.992546770110724 0.1489961687064902 0.8983314157992459 0.3716439219441992 -0.18078054204156846
368 -0.6604388228529947 29.728321294936283 8.325992081656382 0.00865123108838942 0.9315417630502845 0.031331167426252846 -0.36217876503396956
369 -1.3916361740906942 29.7923055798266 8.985991733878341 -0.2689156786422788 0.7617114763134768 -0.3567894148116636 -0.4692348006180448
370 -1.7884722842128233 29.697660157150217 9.959606308178294 0.5189568620180061 -0.45288533844100703 0.534634857280562 0.48963681945927295
371 -1.7949069868327665 29.66650792420102 9.931008026407715 0.7521070034359946 -0.6433682603726624 0.11258071115313922 0.08796545005760667
372 -1.8476536816638636 29.718637824803594 9.900479912533443 0.34238187622297916 -0.2736946272524433 0.7230121168142166 0.5339657112465228
373 -2.0555001798677908 30.314707865255922 10.667002449302737 -0.11028425497548196 -0.42629251140476143 0.5917722926511035 0.6752167292619319
374 -2.089029754983884 31.232808366871744 11.107826525945349 -0.0651470754537061 -0.6894202271591344 0.4822142803131586 0.536586429949303
375 -2.4668388794237575 31.912558414556102 11.713048715554454 0.1770441318060955 -0.783927451618076 0.3013965555038863 0.5131015906455652
376 -2.853425089045542 32.00182150827467 12.534060874514354 -0.4582778279221206 0.8104032422506917 -0.09344343769315971 -0.35284039073869494
377 -2.9382219459845444 32.133295110488 12.531712999540817 -0.10476616472338567 -0.6015801424303688 0.7918941415527214 0.005389947781499388
378 -3.99751880233354 32.230655072917195 12.331226831009209 0.2775956318575789 0.7924691986053507 -0.504872257772911 0.20009307276032198
379 -4.738907944181295 32.44206353149335 11.713971666875898 0.12017675799770006 0.8771616122689346 -0.13261551668534918 0.44559867317262397
380 -5.319871091765678 32.614633735031916 10.725251561868006 0.2089453041793724 0.874717297403786 0.05803470519743548 0.4334091398167012
381 -5.9321600382905135 32.846762203250435 10.080802264889536 0.1279813988943483 0.9711373941459382 -0.0704321113088079 -0.188553018870199
382 -7.020669809374278 33.171886486380906 10.682445008885741 0.3335791192307854 0.90581722345511 0.0967602073516959 -0.24260583500514782
383 -7.784900769673011 33.79797214416938 11.31039833916452 0.3831713531963019 0.8142802263017666 0.4353554429236707 0.024352935354771163
384 -8.580586280902786 34.457779606001466 11.80624029957684 0.4242191009542214 0.7331619356520871 0.4036640148970362 0.34578475034865563
385 -8.874806239947326 34.536501211549094 11.957419136314911 0.6109583285405877 -0.09038183946532463 0.18550088802219233 0.7642973664907748
386 -8.058708544275024 34.57530560272576 12.297769456756772 0.32776214969810735 -0.052272953157437456 -0.003827190632634115 0.9433052868532739
387 -6.9254484764629 34.157882360443196 12.518225633445205 0.13251868440412007 0.2697939921757555 0.05080843928996147 0.952401439817574
388 -6.898575848657482 34.14960756528402 12.803509887324616 0.38884179925250945 0.11687867774659048 0.5759160570701287 0.7095506500955912
389 -6.541002999282573 34.939929460812685 13.138828629944136 0.11992132275811272 0.7316880482154124 0.38868986781293613 0.5469658701475195
390 -6.022794766918993 34.316808963866926 13.879887255721487 0.7143221127042798 -0.6620030807645887 -0.2125178815147037 -0.07957380471229314
391 -5.9029437591340015 34.28644578188255 14.001899539194493 0.981080391518223 0.07489752936527407 0.17524867296751845 0.034051844245973795
392 -5.019586316778077 34.46119061072064 14.390517943815464 0.9533832545873374 0.012108343349918149 0.17068684240637733 0.24855534539236446
393 -3.9829179282428986 34.61494189209324 14.706840082306089 0.8198914309424676 0.0316171184198362 -0.007965598847629304 0.5715898429161755
394 -2.9738521654166528 34.623923055233874 14.680802464865234 0.49576637734911755 0.1596440732390764 -0.2315286684763576 0.8216592631032242
395 -2.015688388527708 34.35372058497364 14.235672235926879 0.18010756476128822 0.3383981427510768 -0.41488927688871863 0.8251756479811655
396 -1.4570635097867979 33.85577579472338 13.60772054055988 -0.20746955761544053 0.7112165316100652 -0.18587501183178518 0.6454284683866501
397 -1.6019396569371565 32.999101671693516 12.71462186391904 -0.4049183723678383 0.8281292549194094 0.2542320654505087 0.2925903377802696
398 -2.13106241411705 32.120952259738125 12.038216470340837 0.03332564060747959 0.7025369773044035 0.6796023866531921 -0.2084989046814836
399 -2.1453226432413155 31.911976583725686 11.845992884569828 -0.599063854299025 0.06148358259561023 0.024279445848766953 0.7979679041495854
400 -2.0558548420673146 31.46721399506938 11.541555822698145 -0.5712249523561832 -0.16163556674748547 -0.4678249199519714 0.6547639587208715
401 -1.329114081237327 31.29241639170309 12.422249598444237 -0.5097829825831979 -0.2904896516934186 -0.46649121428853035 0.6619086190096242
402 -1.2301565637623448 31.33018488319776 12.594687322555577 0.006174585089168295 0.7199148461021241 0.6934629108883816 -0.02817232831953507
403 -1.13384320838746 31.499045598652998 12.55462873982015 -0.07268671921800929 0.9861992547233358 -0.01509159281286095 0.14798619752811562
404 -2.1350920292058158 31.466496578777043 12.25295221433821 0.04237123465042471 0.9547660931627547 -0.045780222612027036 0.29074139202824534
405 -2.9755130361160766 31.47772760865071 11.724669873373898 -0.1016352329804046 0.952350254494333 -0.12926477036036937 0.25688497683842804
406 -3.7055986364131845 31.25292521427481 11.21516766439981 -0.055258103921234716 0.960958524402037 -0.07831663745392974 0.25956070701860684
407 -4.524836243787238 31.130039748629045 10.728229363375437 0.05918449002231195 0.9952557903878079 -0.0538954129739016 0.05530273321194287
408 -5.5263321549604685 31.37308959312288 10.558461941159068 0.03611533474656961 0.9712965640716913 0.13491662841190305 -0.19255173485750454
409 -5.501779930339081 31.434063597438406 10.518703813239943 -0.008520183490608145 -0.375267728087663 -0.119242516314461 0.9191750437387897
410 -4.783017442860354 31.239427225136186 11.122519657143279 0.05053812010694127 -0.2835341254831743 -0.14510435652294057 0.9465722496569458
411 -3.9409987736589067 30.90849829947615 11.68487782176071 0.12714860234030484 -0.5114961853010037 -0.16982392321545897 0.8326852469265551
412 -3.531771990155486 30.551385006532943 12.519532610858839 0.1990659802081064 -0.4337469317574144 -0.5286190279383411 0.7019959102561345
413 -3.487384156594313 29.690963979850487 12.905301828559686 0.18398729433245806 -0.4095340511988852 -0.44775657965014415 0.7732687642811223
414 -3.4957934342242973 29.7030841904879 12.894995177025399 -0.46773840482879414 0.12032033350756913 0.8342046623228291 -0.2661698392975753
415 -3.941887860015779 29.103761490476536 12.17067779372625 -0.4353263533374924 0.026099560221253277 0.8181047147736592 -0.374852577303728
416 -4.343984706716724 28.44868215071191 11.399312956725137 0.2273991535478595 -0.15027520022265278 -0.7380293398835448 0.6172679180346401
417 -4.6074793741304045 27.392830437601944 11.392160237825516 0.34160612603281754 -0.21835003361952382 -0.7627211945548634 0.5038699205668137
418 -5.044962192964445 26.480294671091432 11.08285931266707 -0.5986237010847851 0.3064154697265825 0.6217215240020832 -0.4015240603056277
419 -4.958831960832313 26.369343430374514 11.004869232158805 -0.42926084484206495 0.7466561389249096 0.4154564040365591 -0.29263580374970094
420 -5.5665788298620855 25.381906521933445 11.163587664381412 0.605790402118248 -0.5449686288355351 -0.5495053384950594 0.18458349127686835
421 -5.663340485694119 25.380352185563627 11.217361946058084 -0.017798573911381205 0.21558269484575376 0.9757844937738069 -0.032433534503033955
422 -6.781766730357716 25.166895157387987 11.219666033962488 -0.10111121000175037 0.569876245760288 0.8096089374976242 -0.09772899290440845
423 -7.680456863668999 24.822652248766516 11.144613002701481 -0.09373668018184662 0.7972114585645328 0.5957473679403511 0.027429887240757973
424 -8.715876016364193 24.646423544080708 11.007431367181411 -0.016001653668235322 0.9342175447733336 0.3511788469672331 -0.06045612922053698
425 -9.888063190413208 24.647931165793675 11.133157238414258 -0.11717834900397366 0.956424584841789 0.24074241903108526 -0.11646602815403187
426 -10.052106774708442 24.705144754631263 11.096292991722446 -0.2316516027355645 0.7880918289497195 -0.5621495275295799 -0.09610781857372704
427 -10.970323293585588 24.37619654465731 11.452298798834173 0.18697359877379024 -0.4834125022254166 0.748199343962732 0.4141871168294319
428 -11.007530825531129 24.189820423732396 11.381416919313077 -0.16151664170851837 0.209837416022138 -0.8172356278628152 0.5118657654503024
429 -11.530253565209762 23.02376852815673 11.370539818869936 0.41765223906496424 -0.07064689969882579 0.8050866394942524 -0.41522418724686316
430 -11.992768699346612 22.124195866744127 11.784993855379268 0.7461230755100038 0.4380655573548939 0.48322571678849774 0.13376034645993543
431 -11.831421592926779 22.932224813009718 12.632466987424833 0.7727349773600867 0.19337125235292107 0.6018723330475214 0.05690262067517522
432 -11.588778651754188 23.372793317875082 13.714028880732947 0.7928452986498057 0.1790824886703225 0.5823249917661462 0.014946525519384793
433 -11.220038495536107 23.797661975326378 14.816816602826945 0.8381674370369349 0.13264911292298054 0.5208299007337271 0.09282119818973716
434 -10.706479310378233 24.130990284546726 15.699333141510811 0.8200357751441505 0.23790834569626707 0.48171048466699534 0.19722057573611868
435 -10.236465113944991 24.839455187744353 16.565014059974416 0.7677602917518158 0.42178932614943515 0.45104760727544047 -0.17086238534760237
436 -9.968789111883407 25.46214089496285 17.43213804257097 0.6689696766747111 0.6036334924641857 0.16252996404708692 -0.40210718627260944
437 -9.569665432328517 26.35410477456481 18.32089625150601 0.44502720960291753 0.7320020927012822 -0.1845575478124453 -0.48172837838292315
438 -9.702480241358693 27.175763456212117 18.95608810224031 0.09168452060566612 0.7934836528195862 -0.4779734614669704 -0.3654025335471528
439 -10.33255545648378 27.699940917401822 19.57115036003598 0.2490121827418598 0.8908378991337286 -0.22643010319260073 -0.3051723753574824
440 -11.199532020739776 28.29543829035179 20.072412369881096 -0.03577710032565993 0.7954273057131792 -0.49101412809021444 -0.35344098012817826
441 -12.12934732893733 28.665258170638634 20.774670483094948 0.033038083926849475 0.8640166570338655 -0.4270534711367808 -0.26459220352930474
442 -13.114943230946507 28.921917744630324 21.3799482206242 0.3366415660194731 0.8510591457759147 -0.3952843210507252 -0.07823740761677836
443 -13.014696085409643 28.79219181562839 21.28180305645361 0.9090661864648687 0.14133326735425375 -0.16458049884080272 0.3557201646891891
444 -12.151848083442786 28.831919854773382 20.829434566927134 0.8813280845483722 0.03588126174046951 -0.13386403849651637 0.4517231028402386
445 -11.087524125339922 28.646960204833594 20.588925832642737 0.7998654243254626 0.19753048614493218 -0.18317258236633172 0.5363252884968641
446 -11.04233813552432 28.757762336793572 20.728396170322377 0.9120481760593387 0.04370263600008363 -0.3170610937746986 -0.2563795369522885
447 -10.887154438889034 28.905847988792328 20.564563081779344 -0.34015239748307474 -0.5646397419660524 0.7513103546723526 -0.03179715775238081
448 -10.825674693839057 29.1258969838896 20.43360805037178 0.6978643450086308 0.4971198351344705 -0.4195449007163104 0.29973204994543545
449 -10.760401520982844 29.359732808794348 20.411205237406733 0.9608533651959195 -0.05014567445649084 -0.24557633397860484 0.11806136588490561
450 -10.069071058551453 29.421687386980288 19.860162835772964 0.6695974916903605 -0.6050171861206963 -0.4291077481485394 -0.03820921485010464
451 -10.482986225989452 30.172169959428764 19.874263358576748 0.6328860464643767 -0.04515390636579609 -0.011760605446457238 0.7728376705946295
452 -9.496537030191924 30.699646223803146 20.127985211575226 -0.6888358176305835 -0.12458208019747145 0.6901329712508999 -0.1835783310613791
453 -9.301938796925052 30.865110282342734 19.10498753110543 0.6843867369448238 0.03360817720146502 -0.6729919338074369 0.27850878217632175
454 -9.152190238733537 30.524921383000358 18.05404885866598 0.6666769325478649 0.38179768537467856 -0.39668368229212403 0.5024086496610839
455 -8.662820777668738 30.609106399367217 17.03828706940323 0.463857127193375 0.42079846756180084 -0.2828568844507263 0.7264689932601238
456 -8.04440882759232 30.679923458769583 16.018972758385356 -0.01331475407904058 0.48748864541136483 0.05367978365970143 0.8713759342241758
457 -7.374841443571912 30.8003539720642 15.072759146259967 -0.26799929554221724 0.42601800027686915 0.08717363680432273 0.8597009934129894
458 -6.53723233479626 30.799193438209706 14.231899997801811 -0.18661542813774665 0.6831011406986051 -0.19958292037462483 0.6772844095739743
459 -6.44458553188687 30.2539695156464 13.096678402740118 0.49058035877897727 0.22047928783579873 -0.1360962865253608 0.8319841320660607
460 -6.363760580618379 30.187244480068763 12.832378843112105 0.7524468488030184 0.26477497291386093 -0.39955779743235276 0.45174275860923224
461 -5.579684909269936 30.2240254164495 11.802755541018742 0.8840381335406171 0.1694852724752165 -0.3871864619054171 0.19959450036809293
462 -5.566791985844976 30.20575575108508 11.814388713084327 0.7093001977929864 -0.5816385027224198 -0.29077504208057836 0.2721024741980306
463 -5.411729074365029 29.143979830639232 11.647549388232639 -0.6636847251382636 0.6883426439088655 0.27495004432403214 -0.1005458269691664
464 -5.619823646166897 28.100608825466043 11.342312388129375 -0.6780324864359505 0.7286321355366187 0.07836549578293799 -0.05679795305751979
465 -5.66080113029647 27.005011776229185 11.217992876890754 -0.530476731418033 0.8121097553986598 -0.2402784231512423 -0.03658499662869632
466 -5.633023554875303 27.013136597034478 11.276318327439933 0.6686965337099208 -0.6230735023119699 -0.15003725138463403 -0.3769790176097015
467 -5.39236224354815 26.252310152889965 10.608028863183485 0.6191022026240776 -0.5943015534584605 -0.4281977910801384 -0.2831338516973306
468 -5.535477103010804 25.63959530785998 9.756529262128234 -0.5310550384759556 0.6764558269057301 0.5045800463798994 -0.07607257817271633
469 -5.962523548654941 24.88155779822126 9.22001284416875 -0.40586071382325795 0.6268050890008866 0.5157491723281751 -0.41999434831943633
470 -6.292675250970004 23.971523361868975 9.313742842744562 0.0237804652234705 -0.5477933480025236 -0.21349446812169795 0.8085648084349052
471 -6.319661391381065 23.870557302268764 9.253668751678422 0.48948117162876853 -0.018642485323761896 -0.4517574889799303 0.7456378554716956
472 -5.735397656118352 23.070970492143164 8.729786296465972 0.22795319173617737 0.310582997457891 -0.6069677514047501 0.6951012104881005
473 -5.693437784209066 22.275829243526772 7.909338258212579 -0.17862272057668252 0.5135033931051903 -0.5658324327664079 0.6198724441309603
474 -5.86459077542468 21.28052527593094 7.456349579585172 -0.5813828353351939 0.6002911487046372 -0.2952212105530543 0.463129541709518
475 -5.78739180328016 20.30140561334228 7.162882215511977 -0.4843819558255216 0.5486290796466108 -0.351413605199415 0.5838567734620417
476 -5.5299111427717 19.131872326758764 6.767462600364621 0.5871680963801578 -0.4832650436737174 0.4748049495827434 -0.44299975621671517
477 -5.578035824437351 19.174947115171822 6.5913824900611315 0.7368173502396266 0.39603544796824847 0.5428927536271732 0.07432075347808047
478 -5.417003515636433 19.810776703712282 7.193081593581501 0.7149524742789334 0.40251150936022073 0.57146916062012 -0.015825385149306714
479 -5.407540219467902 20.28554874325292 8.023699056809491 0.6112018785717053 -0.008831115668378731 0.7001182683360859 -0.3690375121428035
480 -5.3640462486659155 19.72966097491451 8.78219338945683 0.5357368749013247 -0.31651028662477765 0.6805086682250971 -0.3869304741192778
481 -5.497837746301256 18.781401441705018 9.193989616054758 -0.6498153192626567 0.4310750278353715 -0.3303755104865279 0.5317578333217785
482 -5.284154182169917 17.89466884234806 9.172326180842179 0.5135029561873391 -0.18195388439028104 0.8120480119020405 -0.20924990874095023
483 -5.724981108628321 17.5107568571906 9.937415551423541 0.49089522300707855 0.07324230596162513 0.8599079497744884 -0.11922987277058886
484 -6.279554071354952 17.376500875712896 10.801140719609464 0.620106483510935 0.03548732349436008 0.7802103278598626 -0.07403001607263715
485 -6.382903139223035 17.449900693476206 10.787039029947122 0.4939413951484339 -0.46755188287415267 0.5595588474512997 0.47361485536100717
486 -6.512479344465841 17.405552663824476 11.712424816680805 0.5679382799519134 -0.40150110643390613 0.5605134328474587 0.449519369210235
487 -6.571512119259134 17.31483576848326 11.754105709115803 0.22152157526037644 -0.4662900965202656 0.07102517417639528 0.8534970194526139
488 -6.632283008749044 17.15460095965755 11.79473533370689 0.43583693863377926 -0.08713469634692 -0.6534865732314947 0.6127062968674505
489 -6.629243913166228 17.02217396498152 11.761559078875147 0.14382069779667164 -0.38528329933729044 -0.11097150134896411 0.9047417930135687
490 -5.87327245047584 16.704644113479983 12.449177295873007 0.19308444604869485 -0.4811988562080613 -0.01759543001999082 0.8549014319326727
491 -5.80960416317329 16.735489039507158 12.508724963983864 0.47194503371799323 -0.37583559314547255 -0.5269115760655626 0.5986482131285606
492 -5.617563144220281 15.654964704939506 12.4334293110096 0.687505554929838 -0.36451070719334794 -0.47985625444947894 0.40522343385808635
493 -5.21913002894892 14.599106084114313 12.091329329607497 0.7269871715426154 -0.4302795183229545 -0.39927442209530767 0.35627113886012735
494 -4.830986573065356 13.4187445795123 11.844769519153331 0.7479669612059533 -0.41619184517224 -0.44930920552517356 0.25583395159125477
495 -4.53554894795286 13.430173207469675 11.982482358924262 0.8283546069357838 0.13257824716242697 0.09466072863718937 0.535995335801982
496 -3.5122245373456855 13.97408318024836 12.111947692204037 0.6629143696463162 -0.014636457191732928 -0.005458143518682252 0.7485322446672762
497 -2.2766335039575356 13.84784687207264 12.269251071648947 0.8810177331560611 0.18190462396109142 -0.1552566618971314 0.4081835746115831
498 -1.3738983642264713 13.954738783036447 11.872824201527296 0.8876186021990775 0.2693320605689039 -0.1165697769447157 0.35497175279580145
499 -0.5427624993931708 14.353030578075197 11.56980050898049 0.8328964220806342 0.23660313189881108 -0.21993647971480598 0.4493667243484009
