# time x y z qx qy qz qw
0 11.910294337505363 12.394963266894138 11.894981124138436 0.0 0.0 -0.7071067811865475 0.7071067811865476
1 11.96425756025944 11.389736140098293 11.940900014227966 -0.12340995816962803 0.0 -0.7223346844237765 0.6804429336123446
2 11.926713027172434 11.392052188861486 11.992088415508976 0.6147700670185544 0.5427769043431682 0.3863005236042109 -0.42216454407347126
3 11.87003116059523 11.370887235104925 11.954897215102148 -0.2394470102360697 -0.633020352901139 0.13144727638443782 0.7243424436225162
4 11.835447863871373 11.377029820546921 11.972192175812113 0.3487358783484793 -0.5615671587282103 -0.4223095062016765 0.6202260026491437
5 11.863975739401367 10.445589472708589 12.32883408139611 0.3171869472359124 -0.57895789761413 -0.34999477678940916 0.6646080420168874
6 12.002007645384422 9.573567044122175 12.880052498367553 0.376971569424282 -0.5133814674474712 -0.3962975437491507 0.6612716246336785
7 12.191931232267114 8.700912606871794 13.211907340386924 0.3708406803368587 -0.5368218602966534 -0.4266117199319364 0.6263400997314886
8 12.241913112109767 7.725980757087219 13.534405943160065 0.33301534615041817 -0.49291305472440217 -0.3574909135389053 0.7199567670684779
9 12.536171569293915 6.873466382113472 13.954116575927321 0.28558204274986904 -0.4868966359007718 -0.39304285213228085 0.7258731839619406
10 12.735204080462234 6.027028942074469 14.51285895206139 0.18887381985897292 -0.4524839129952296 -0.36071298816615033 0.7933921658427516
11 13.083525767135564 5.258524017585265 15.057202592232922 0.19977182129839657 -0.44380830627373474 -0.4439089018925787 0.7523764307300469
12 13.329798238579125 4.452950383413435 15.565123092852955 0.19877346192065345 -0.5219142027805509 -0.3492497171473183 0.7524090050262149
13 13.491500771351076 3.6980061757933296 16.22378568015202 0.18235500028194404 -0.47694625819835845 -0.4196702841005948 0.7504303920455799
14 13.449913642187125 3.662479344931024 16.269366748800845 0.11673547224819775 0.9258668781156331 0.34626210972453353 -0.09615562852229029
15 12.518011615302083 3.8251531760720945 16.581974043124767 0.16211489081299726 0.9207286392124331 0.3545171764923669 -0.01717866940688352
16 11.602898217262728 4.094782153401316 16.651099458758083 0.247422135874768 0.8860167223514772 0.39112215681147916 -0.027930500243456537
17 10.732558633758279 4.492900257701183 16.84591126721372 0.2609205656609721 0.9158804972849034 0.30415414095912313 -0.02395060846271284
18 9.847508778448862 4.9646299436813495 17.023236493024235 0.3357094620883705 0.8930167904768022 0.2987993818667317 0.023218492347850738
19 9.034840157401193 5.619599685623648 17.153455980501466 0.2418902432505558 0.8870039786412135 0.39275789314055065 0.021314067435390462
20 9.038588743206176 5.602187655645235 17.14058063155312 0.1610800928055957 -0.6099183505679674 -0.45868184415706725 0.6258304684040734
21 8.979204375723649 5.5483141316186675 17.138179454895834 -0.2960868543076442 -0.03153103179224789 -0.7248915438775154 0.621184850390922
22 8.97469054480947 5.555169964031659 17.141127850922924 0.7361834078356372 0.5291159980474074 0.3133501642170697 -0.2826339067113837
23 9.228082260101909 6.083501825698427 17.886662746585216 0.676887059762216 0.5360778634017282 0.35499141342176516 -0.35836507794973227
24 9.36724164180946 6.511508681220492 18.773322370258352 0.6813591062945717 0.4797732735671297 0.31759857350960286 -0.4524362058288527
25 9.735669722274405 6.895859213290967 19.679776937474347 0.6288048371361147 0.5901698287387744 0.245070026672492 -0.4429951828941415
26 9.706327168607952 6.957952570245451 19.69442658785738 0.7644707633777803 0.1799144299612304 0.5890542963529711 0.1903425485287648
27 9.750668392510331 7.010012212235761 19.68310768635072 0.3543957916492675 -0.269835117617786 0.48837217685303574 0.7503900645912842
28 10.155067962169475 7.578892452773597 20.4674554607856 0.34268575838319754 -0.356591409754926 0.38955322671149584 0.7769538731797333
29 10.13702161221763 7.59921569543188 20.4507068059456 0.04383168855205897 -0.4777852991699411 0.8078714526786576 0.3422626285802184
30 10.101682303868243 7.619365336859472 20.39820414024781 0.3156771546223443 -0.25108439513979064 0.37963728789991275 0.8325743751778724
31 10.731888015533094 8.04452415536689 21.086569444987006 0.27454199934186496 -0.16660761323240303 0.34455600852770724 0.882127967359514
32 10.769695262499226 8.02318688962295 21.070587994585242 0.12932321096955637 -0.3113001659547413 0.872498366657677 0.3537150180028546
33 10.784321742144066 8.019739479091454 21.078654745799767 0.38356634501120185 0.4377667120257286 0.8114516767182931 0.052757380223065364
34 10.070204615757936 8.46740745039399 21.70958451606583 0.31481648620498526 0.47552612599683275 0.8214186173631115 -0.006077709870070062
35 9.23324717752429 8.779354026514405 22.26326415800046 0.23181127110081653 0.5319585878225296 0.8144216307148091 -0.0010014271390243578
36 8.307503068061125 9.084602139757564 22.66383496710116 0.2392789784054268 0.5832483528313231 0.7702760905399533 -0.09613362447806327
37 7.419691010213817 9.192226851088238 23.13074208820526 0.2285365834016776 0.530416123823287 0.8163000698904228 -0.00916305256223599
38 7.4539580386199615 9.13711505084177 23.100536731418178 -0.20620072888644628 0.4837841384006182 0.6752574902160082 0.5171667900647217
39 7.091867169763188 9.701501969948149 22.292274211548865 -0.1705907878700208 0.5144850677382518 0.6357437201198634 0.5495760370471131
40 6.7148482826979174 10.195162359358555 21.486997192335316 -0.07321239870715653 0.5065205171449133 0.6475834118985972 0.5645463975800092
41 6.435800469322287 10.858941168051125 20.847127616882336 -0.14164274895477946 0.418108469805547 0.6398671915591145 0.6290410291162644
42 6.292773103033563 11.540764865489663 20.197884624326363 -0.12671257428973148 0.4723102360064747 0.6210151881969791 0.6125415092130886
43 6.133093199528896 12.212826752116705 19.473924700085696 -0.18614728997625077 0.3890409164615461 0.6286329039267491 0.64716074035272
44 6.089687256788973 12.25372191884954 19.48745904217623 -0.5803582871734345 0.7416523499878837 0.33227742985780423 0.052227960650012555
45 5.722731325794315 11.431276940605317 19.008987809271645 -0.6103318785902385 0.7563843929211332 0.22692365431410688 0.06231615548612595
46 5.515031316988602 10.502725016649723 18.61943793957666 -0.551113834299775 0.8175145834879907 0.1656410353657752 0.02250544002705558
47 5.105282313084511 9.598922913974658 18.343894640737307 -0.4614975466068342 0.8528837434522633 0.2353105792082088 0.06510196574162982
48 5.05295764990877 9.597837711024546 18.32618848051968 -0.3881186730100626 0.4386249755076791 0.7501063338878244 -0.307103426198998
49 4.489171309323034 8.752101223090472 18.064255302823337 -0.35264245027616625 0.38978197225040634 0.7380818731799654 -0.42302300747708566
50 4.069026301688455 7.819079681471645 17.837738334788057 -0.3547706202473905 0.3288023355646771 0.7944568431740832 -0.36723991541002926
51 3.544186510091347 6.968032450343642 17.514383357485276 -0.3007250796047391 0.28352803437907503 0.7807560155103698 -0.46861105883475757
52 3.193702931271253 6.003789046105685 17.29331903837581 -0.35583335138748723 0.33789048172645453 0.7372414779051879 -0.4644218466601112
53 2.8511852215514986 5.034484216675027 17.144221297830377 0.3221763949881912 -0.3190982908101291 -0.7238043189055818 0.5200826465554249
54 2.6320062460391074 4.097715678434689 16.988242180247315 0.32666370361315483 -0.25069283612842813 -0.6700829946899121 0.6176023857491337
55 2.5823781016564067 3.1209172402988092 16.816403434997465 0.3426192376803011 -0.20374522582882706 -0.5895814049190252 0.7024910731796086
56 2.8183885984074983 2.168077165181483 16.713892591045028 0.4292680747028354 -0.13590337509978137 -0.611824332382051 0.6503308227223024
57 3.0634858995817407 1.2293271224257614 16.37299355117294 0.4106745247028508 -0.235514920059897 -0.6276301406168221 0.6180287726138453
58 3.1461860670417336 0.29551366584442285 16.22006650061487 0.37623753666160875 -0.26765409901034365 -0.6627940875208673 0.5895002941790164
59 3.146437072142291 -0.7445625402703429 16.052509750235107 0.47205172603458273 -0.2010756922786431 -0.6680166408253414 0.5389707798228609
60 3.2070714631971367 -1.6473720267257645 15.597700511901268 0.45387373277450593 -0.22534589616702488 -0.6341608151941591 0.5840016457599211
61 3.276574338586893 -2.650624989081397 15.290495017006565 0.4224735036000535 -0.14102815287163747 -0.663944138137424 0.6006707752891457
62 3.3582784209202283 -3.5632176719561652 14.838576974456346 0.3403224070348032 -0.12698437420096137 -0.6410498491108556 0.6760996368389628
63 3.5602570740446473 -4.497220486845548 14.583737858789608 0.3777584346180155 -0.09213595199913015 -0.5483274141505701 0.7403692175631762
64 3.6171099928523134 -4.535603779483109 14.600909015734112 0.7268452290622119 -0.48113845673967326 -0.35242776709893375 0.3405825412632394
65 3.889236441895948 -5.475159603723706 14.346446414472544 0.7463445059761117 -0.4446842201191117 -0.3912383813433047 0.3035759406478092
66 4.2122004031404 -6.4094237550594055 13.980997070209648 0.7104151365335578 -0.5138836146231867 -0.36085769423541014 0.31782965392945633
67 4.436964611521092 -7.341634194341035 13.812203041295783 0.7688403823562249 -0.4937520351912964 -0.2677814170096329 0.3055920596270458
68 4.836268129133576 -8.30886835945012 13.715821432207079 0.7811252750648178 -0.39748659489569327 -0.3304427315669724 0.35022180498606514
69 5.263190803957172 -9.131427092239738 13.515375720303913 0.7610359292549572 -0.4602320810357691 -0.2922361611249899 0.35158039208615993
70 5.249625649911717 -9.085847204514561 13.568629554304785 0.9105303313069878 0.1714625613194245 -0.3681604315140826 0.07741448509893968
71 5.900499750072491 -8.784873151575317 12.878044015551216 0.866604479893821 0.23348711566764124 -0.44002894057925535 0.029239933273924115
72 6.423544893030089 -8.388424479581591 12.0859614313829 0.8991107190949699 0.2211994777912288 -0.36334658243569506 0.10319867666648774
73 7.100489893266079 -8.105212102089375 11.443996091569993 0.8444901000432359 0.2750479557932475 -0.45613511976877086 0.05590926091847368
74 7.5576247558979945 -7.738569939306135 10.691286916721847 0.8128793211236596 0.3024638327342101 -0.4910452240113182 0.08134757004941347
75 7.858776041182875 -7.3799945724630875 9.861714455743678 0.7732828418084688 0.4136423846753953 -0.4682026568613906 0.10825846974997211
76 8.03018876307826 -6.820739054857101 9.03597710695603 0.768113478425541 0.4101722433026205 -0.48783107481959886 0.061491930571958696
77 8.202911198184857 -6.272976588750542 8.192486492046093 0.7661868790657533 0.4126757343171864 -0.4653834306608621 0.16147652188345554
78 8.232714283441227 -6.299143031420982 8.243330040909367 0.48873770248281 0.6452025927890105 -0.022562256715210807 0.5868049224419282
79 8.16383115288899 -6.299893617560979 8.227766636973582 0.7992785295596448 0.10567385520259183 0.4944943191794026 0.3247494985537191
80 8.689334696245556 -5.780436028719016 8.97197116884956 0.8536173788473319 0.13143501041706848 0.4051111662089368 0.29991190636470333
81 9.2926301997744 -5.3749427391832665 9.588790787167795 0.7955446267594095 0.14535329381716244 0.44735624491552334 0.3819077859193435
82 9.246713540776987 -5.426214723413789 9.606971471343801 0.4516381525817032 0.6506859235466415 -0.10343052923516258 0.6016086216577793
83 9.391147502199614 -5.009346192716306 8.710588724618415 0.42034487453678704 0.5922121614627721 -0.09825630844305282 0.6803974133676487
84 9.672764077646404 -4.703911580965202 7.799821968812583 0.37487817300891385 0.5177958236564577 -0.05243568006745295 0.7672055395142117
85 9.682401504511397 -4.714158095226593 7.749424563579707 0.06401027763677045 -0.6029337767704083 0.6759879612927615 -0.41882433235604943
86 9.06907369758438 -5.417912731089352 7.2823379957213 -0.044543031015124766 0.5255503642567312 -0.6637987748665347 0.5302677809402424
87 8.619481404375824 -6.222956993223249 6.799535301823091 -0.08632303029795828 0.4541482344628898 -0.6913974157176975 0.5552182715953308
88 8.285169240364407 -7.077182768406121 6.388924239859918 -0.022827243719456713 0.5040890635794514 -0.689117100694816 0.5200872565769457
89 8.291906306560174 -7.076486840728432 6.390062605877302 0.406123441332219 0.7617656912312327 -0.5036353180387312 -0.03358941034765965
90 7.617149931568691 -6.461914308717123 5.994156681899182 0.36246696942493273 0.8033798923239452 -0.46072058486256456 -0.10457048995470493
91 7.669868644581221 -6.471624657630294 6.006370689443128 -0.048970476696042015 0.5824344790851542 -0.5473054185644513 0.5990231621523137
92 7.641426542956148 -6.458838523807514 6.036926136583746 -0.4451526352928127 -0.023885185488372415 -0.3635635711419292 0.8179793144967525
93 8.395644047283687 -6.995738655139766 6.366023439052977 -0.4150222507855574 0.08783843321317046 -0.32832752028597406 0.8439442993624688
94 9.114285553783828 -7.617552282054808 6.440172795121758 -0.37207732067127164 0.02412271913196436 -0.3879761267976713 0.8428826056449648
95 9.165062699832562 -7.661876024657792 6.39565040634154 0.3788471827988015 -0.32032704450977967 -0.2069104397840899 0.8432398629983022
96 9.872526614640998 -8.255746847974047 6.716258609492599 0.41021553079657735 -0.3427355282686264 -0.11629567461574832 0.8370967041037587
97 10.677579595850727 -8.740125450055519 7.185953915176591 0.4609685972343703 -0.32708641584935955 -0.1723114458193654 0.8067410951291848
98 11.42760803799049 -9.29733746435306 7.598844021790383 0.37454800227717283 -0.3763291706495797 -0.2460961354831504 0.8108802879640356
99 12.019599906062298 -10.039028471301004 8.038896340462824 0.2797273732490903 -0.3444358760991848 -0.18763754400626784 0.8763039860631965
100 12.652680570752178 -10.512609414441327 8.578539733481913 0.2177856102503916 -0.24869935660700887 -0.19261838301338674 0.9239135330302466
101 12.658571939380407 -10.553348261830427 8.625681783544362 0.06096772998682655 -0.7685830202227495 -0.3470081675596924 0.5339928918744087
102 12.252387820537502 -10.994326971974807 9.42053316610517 -0.1435613600361914 0.8312517589903391 0.32789674777766586 -0.4253167900246303
103 11.621917226388147 -11.478739063650572 10.061855621783998 -0.02329371966021275 0.8207284256851103 0.36481661630140605 -0.43905704682560764
104 11.019164666675794 -11.765660284383577 10.754812548148763 -0.08911103815667208 0.8320973553854062 0.3209211104160447 -0.4434894079102515
105 10.424589332019488 -12.205350933516957 11.360758630555031 0.049062589601454216 -0.802623955642931 -0.31506580732953127 0.5041043395781112
106 9.876209968537173 -12.642793722287823 12.130789619450566 -0.05915515084092459 0.8417835334846472 0.22908513010022052 -0.4852021785297896
107 9.334868826112277 -12.912182340968474 12.872032811731861 0.08367008503443436 -0.7947653564840953 -0.2301539330572626 0.5553165872737023
108 8.944206604556115 -13.331187969489916 13.706199527276551 -0.00484864846169245 -0.8451056164949703 -0.1849780913106586 0.5015536793921619
109 8.470279324022512 -13.569956561612232 14.585717278922555 0.0407470542648965 0.8700797613822971 0.06579946322049998 -0.4867969977737661
110 8.458349924579027 -13.553535495774407 14.570351535594423 0.38293921581267676 0.5081842448328904 0.7178679038229341 -0.2824393792608661
111 7.930006953698631 -13.555635200932507 15.368568895050682 0.3703876940130353 0.5541810700068603 0.6625331696413016 -0.3416812796961628
112 7.409520384181598 -13.63844015578566 16.167057445555624 0.44038047421234633 0.5463644444573941 0.6619808213943053 -0.26331031858131354
113 6.937988827592089 -13.513534348490404 16.99140558922745 0.39007224352891984 0.5597982389810652 0.7025038977042193 -0.2023804589687274
114 6.332527468525973 -13.35311146542724 17.742036102014165 0.4319046413841287 0.45371577556542314 0.7399358785770905 -0.24514336896653485
115 5.879269882831648 -13.303283231453236 18.645837915447512 0.3892553582958829 0.4159671280341399 0.7564288795731471 -0.32135177699942213
116 5.905244333505194 -13.332794311697555 18.69608895738352 0.547160814855627 -0.32541997184408283 0.7708579808629138 -0.02224540292900366
117 5.516399718945375 -13.744456726517532 19.460198128374074 0.5196142427905699 -0.3326841170389082 0.7835549988233779 -0.07323851977013542
118 5.5369585019209975 -13.826766827288843 19.47605682144199 -0.1451839873262657 -0.363784703573229 0.9181573353542066 0.05974451276432974
119 4.651645393671873 -13.57849612180174 19.245090533036162 -0.23528213094406278 -0.2687399587090285 0.9319695608891775 0.06207971510504818
120 3.7602614601054465 -13.323138035924773 18.90602579141544 -0.17294629568354736 -0.34599104614149545 0.9221248326971702 -0.008097389855271362
121 3.806723202935913 -13.340716575291143 18.921005781234793 0.14442132092403295 0.8902791612177341 -0.36836862898566497 0.2254995573016193
122 2.955950956443134 -13.213218652324127 18.37538116446628 0.1138751514038403 0.9224927762269126 -0.2917336397350769 0.2256790002389226
123 2.11800316696837 -13.107549249940368 17.861239144150304 0.13492785701014084 0.9122452623639649 -0.36565071671573696 0.12610554334532376
124 2.084622360127157 -13.157777708518013 17.871108086205638 0.6985544290332657 0.5955414231506108 -0.24079485862272704 0.315230009755756
125 2.106367384404874 -13.125863457905966 17.9093112939049 0.9300348758289635 -0.07477022969653004 -0.009313125285723553 0.35966346518703357
126 2.0608504455421635 -13.116848615085095 17.8389565602478 0.6714800098634105 -0.29208900337545063 -0.6346424900151527 0.24703748769839848
127 2.0823845423330365 -13.087028199734526 17.880773608800403 0.22303985880397084 -0.7400264343528055 -0.2799755946194426 0.5694100141912389
128 1.8351501984325589 -13.73893520687869 18.54669098661319 0.1895701620625852 -0.6956602908492727 -0.2341800135927971 0.6521346752203468
129 1.7875812751309113 -14.285386697752724 19.324435800063643 0.15569950039776742 -0.7335554078143134 -0.21605317913465827 0.6252800596757174
130 1.5836033886377245 -14.76849270469893 20.237678718256163 0.23143029962001693 -0.7789992186944406 -0.24473201744643705 0.5288728328509947
131 1.2880396936721124 -15.395761856715932 20.88895559318488 -0.26925135338272627 0.812631290822648 0.2530331947223986 -0.45067537790083834
132 1.2950493821928406 -15.32860314762155 20.888111008026176 -0.09437926569885022 -0.36879027101827144 -0.7767350337705059 0.5017658592630097
133 0.8389719125845669 -16.017488813824794 21.36148416311334 0.1541149466656139 0.43310551443503575 0.7427007806957593 -0.48689192531210373
134 0.32193654740415223 -16.594416141284018 22.062458539808446 -0.0954960984189015 -0.38023378841327976 -0.7655534623509251 0.5101280796213465
135 0.3711782950709165 -16.59447861982975 22.081879152872915 -0.14937347585420452 0.32115587951224017 0.8888406280453016 0.29070397950834137
136 0.37819279716892334 -16.626755456344632 22.044132649967008 -0.2430230685056625 0.09658321991137286 0.5153162693344143 0.8161253655933656
137 0.8492233452580787 -15.913770057311345 21.624343167862126 -0.1917081542008236 0.1602928460611803 0.4662302255453412 0.8486362965973469
138 1.380435332523168 -15.264558353968297 21.17245009453329 -0.302666348282973 0.19518653695730914 0.4721015552294896 0.8046212891525801
139 1.3782608787898756 -15.309726821846736 21.20852183999464 -0.4367531926829374 -0.11399452014266992 -0.2631462437083689 0.8526464404903588
140 2.2255725635842505 -15.699062565901704 21.684688381171416 -0.3704501492165329 -0.12104095267829786 -0.35251000966005097 0.850795197335792
141 2.1760018955537395 -15.72744223382011 21.693455338791072 0.25534200886089026 0.3951436079534774 0.8023451848776915 -0.367293059977964
142 1.5208161441164547 -16.109500712090608 22.426827942901816 0.24117912502455807 0.2848971763010565 0.8104011584556184 -0.451570803929865
143 1.054785398136651 -16.702175743369335 23.01259963960457 0.3175426785312155 0.318586981977702 0.7732479285327238 -0.44694140918627334
144 1.0692451429844083 -16.69631252699726 23.056824793112156 0.526951096828053 -0.32263646862949696 0.7843550539428563 -0.05491265806986292
145 0.5913880950403729 -17.15039326480586 23.87442336203853 0.5445591445208343 -0.282881021606271 0.770719744338762 -0.1715364142685808
146 0.21599024725379207 -17.766347584661418 24.636514433322787 0.5993545145727099 -0.2704071387408229 0.7342326690077697 -0.168986783332421
147 -0.055495540589252046 -18.314192667245376 25.423411508765 0.4946123503311743 -0.28601340811070636 0.7824773717307145 -0.24755628856921127
148 -0.4603124895245371 -18.97200844611246 25.99539390026234 0.5595894497577222 -0.26916625191682986 0.7455253927617856 -0.24207656907738886
149 -0.727864768048953 -19.61017461934074 26.645856837625047 0.5359277090668915 -0.30565506313792584 0.7795060568731235 -0.10829025962928499
150 -1.1885838237008788 -20.12810417797914 27.43585245194254 0.5930699966650677 -0.2870424704826284 0.7511046333746085 -0.04142980712144647
151 -1.4586791964409587 -20.56993533205192 28.346192794470937 0.6589575386545735 -0.32689256300785163 0.6769426837255202 -0.025784054199316436
152 -1.5145478300529707 -21.006396353132267 29.197095210070152 0.5932003956760612 -0.3916249084928942 0.7015805637930596 0.05027856526899085
153 -1.7679023252715065 -21.409706307131767 30.056922620055932 0.576807556786704 -0.28529726075620515 0.7624402606934404 0.06770054883438446
154 -2.071723082745986 -21.61108693768565 30.934469075184317 0.504985967682703 -0.3392980789187817 0.7863811903027682 0.1071009319454728
155 -2.5849673714470582 -21.74038470549638 31.842755587860307 0.47130854165007247 -0.35180691930796815 0.804121140727217 0.08654097948531161
156 -3.1060163555419007 -21.878408514370552 32.666350042022245 0.37141010297645854 -0.39182001669000516 0.8388532432068666 0.06969107754498642
157 -3.8183995655721974 -22.0207639350177 33.27516192496943 0.29919912374167607 -0.491798861427392 0.8166180876498259 0.04181702014819716
158 -3.813368987217815 -22.07656479311223 33.273894621931646 0.7573076553429958 -0.4761137962318419 0.38129082517777907 -0.23327682017690096
159 -3.5540801646084246 -22.93409210198422 33.6081300529402 0.7193979806930622 -0.4742948727467389 0.4626089540983118 -0.2085758246992327
160 -3.4879716124928617 -22.882830216563104 33.59887446426788 -0.30938226986793094 0.0420837131409693 -0.7460653275372002 0.5881310221595561
161 -3.523680218649443 -22.851400114875123 33.62289914841537 0.30490644696908004 0.251132148215127 0.9169841827581363 0.055719936296977156
162 -4.343855994217276 -22.547642417051403 34.14047655129426 0.2949751299815142 0.1924592636914325 0.9350427758700317 0.040547648575539975
163 -4.389062672419166 -22.557511167108814 34.113075192192916 -0.4419186951143903 0.13941344812911396 0.8825865894150781 -0.07945231005959055
164 -5.012294679927315 -22.846935454178677 33.417529667936186 -0.3633622441344901 0.2529523703424183 0.8919423141870908 -0.09177083435534311
165 -5.01906374933823 -22.882300768618773 33.35644650608646 0.4431710488327636 0.31974792536736035 0.8287665367919406 0.12044381758160017
166 -5.612995686455047 -22.429605660138037 34.05963392614648 0.41427564859944704 0.22663148521265555 0.8761780978197097 0.09657017028486597
167 -6.306385441148709 -22.037072662857344 34.70542576105732 0.3663889179278663 0.2279702235542686 0.8992575544133573 0.07158623347244308
168 -6.966553084010608 -21.75118885707698 35.34582436966347 0.3081633859192832 0.19487117154965722 0.9311416735298437 0.005978117903525719
169 -7.72519621335376 -21.585546797122866 35.927232667886855 0.36881470073869765 0.15334821564542617 0.908077532278521 0.12591757879001592
170 -8.42350073330846 -21.23363920746057 36.57163015153444 0.2668935783934746 0.11312105823799823 0.9317554990276425 0.2186392783266308
171 -9.204055358912628 -20.780222256286734 37.09624827021347 0.2724502395564892 0.1737320899301466 0.9012877461618777 0.288562690784095
172 -9.897623655718462 -20.095787869411282 37.49893322362933 0.32049821445072246 0.07577910838073369 0.9145434473855412 0.2348376122155245
173 -10.602551624699915 -19.618542769175846 38.06364490099081 0.34223822021442835 0.15132753019400919 0.9064859407777317 0.19559196916579114
174 -10.499043324481644 -19.68503652762709 37.99432206627977 -0.6862555929581025 0.46398625043316444 0.10906988678371653 0.5494304144654548
175 -9.976183905710135 -20.205967887675314 37.395950029857424 -0.629039420523776 0.5233024123366086 0.06316410682630953 0.571379285832652
176 -9.97042493115642 -20.20708182768421 37.46921611754319 -0.3470899236824837 0.007115135305792172 0.40362972455435414 0.8464992647272908
177 -9.25787375340576 -19.51727698928484 37.12352000210207 -0.3983369810477201 -0.0038306371439335834 0.3661660040250071 0.8409729087463031
178 -8.495722285039356 -18.96177970690769 36.83723594951612 -0.35205043519234236 0.0667128341233349 0.25427778683005037 0.8983054580536212
179 -8.527304759613624 -18.958503860270042 36.90637409068386 -0.16903062964873572 -0.542365647641559 0.42517540536828435 0.7046233214766723
180 -8.43446135126592 -18.143822752453868 37.55823839314957 -0.11239270499280504 -0.5054952195810221 0.37482099719360334 0.7689939420489128
181 -8.275018882800628 -17.503710644112743 38.237455591401755 -0.10166756885142153 -0.5903484021482515 0.3392122842111093 0.7253188924639481
182 -8.367544317198876 -18.055584583237398 37.464731261855626 -0.26535461216954526 0.7337368345638648 -0.0949044166042651 0.6182316225441336
183 -8.499052133128206 -18.59239527877317 36.580783534037685 -0.28438415201897055 0.7525190052287722 -0.21176932066748558 0.5549725720015171
184 -8.679278532189121 -19.245891186981247 35.91701965087942 -0.37043654127043896 0.7559844718351655 -0.22893109368480363 0.4887277376822179
185 -8.922881886870718 -20.056186446958378 35.298062636936216 -0.3450737461173016 0.6931273074714966 -0.2497827163777421 0.581469896019424
186 -8.927393762775996 -20.086208702678018 35.25724142224826 -0.6062034931713495 0.6700931533322977 0.3897129837143118 0.1778096764760551
187 -9.099879005470738 -20.762206254251037 34.60238789625428 -0.5865360884277104 0.6612530783981453 0.4108698311091901 0.2233959828761533
188 -9.261414501060703 -21.33239211140666 33.81906859534674 -0.5533098323533083 0.6668218699543121 0.3812135266119214 0.32229345370312656
189 -9.488368893491337 -21.78880177434343 32.970598887104394 -0.5452903385953177 0.7171421422443368 0.3774394209535902 0.21425470347701897
190 -9.790254763198584 -22.372391885844156 32.216819823279586 -0.5218974799662193 0.7287852112475355 0.35107023708635626 0.27063781129754166
191 -10.147443034315595 -22.98760553030538 31.448264363119307 -0.5261298742634787 0.7667705927784632 0.31179849633223905 0.1950177200733678
192 -10.491485430602987 -23.677968898480632 30.747469393468617 -0.568170782462393 0.7494558795169405 0.32994980051786954 0.08143080345777474
193 -10.817365031668567 -24.49531559689603 30.222453256862526 -0.505872502607593 0.7822543694381496 0.3628403192496937 0.022759950070979293
194 -10.835431694365997 -24.510199090562107 30.15054724948376 -0.3914826851850432 0.29058040690889375 0.8025848210640601 -0.34374691172218474
195 -11.323615772704715 -25.295480871265298 29.658921706009046 -0.5063665255715971 0.296827884416408 0.7606074339735949 -0.27742112428135485
196 -11.622804303412039 -26.036183444684077 29.049826503432264 -0.5171927046927263 0.24802521765705535 0.7091645678148724 -0.4099766010088096
197 -11.633486447786408 -26.011364065423667 29.07458178855906 0.8403226877750969 0.12526832071907051 -0.028575174986755082 0.526639428460435
198 -10.706417404132491 -25.901220378451384 28.92528176095558 0.8461783168569194 0.031371525341568014 -0.07383771136583901 0.526826419097586
199 -9.7180805173794 -25.920883056988348 28.814773768269045 0.8291249389938042 0.12876307383973587 -0.05493068228415365 0.5412527380971454
200 -9.742312359891617 -25.89902479080962 28.773354624679897 0.5750864007531776 0.4647999305197095 0.5335276087268812 0.4105909728474345
201 -9.748351774762217 -24.91795735954358 29.058815917581025 0.5528716803145143 0.5430206069074139 0.49558356765546135 0.39224794843312083
202 -9.761556609875967 -24.91555678930783 29.044017728780442 0.5862375980582315 0.7899927622239632 -0.14378270106709545 -0.10753347911472896
203 -10.006185708353902 -23.936794188266095 29.077632404786506 0.647797160054858 0.7138326409795218 -0.1912272549741643 -0.18502415261826513
204 -10.076202611803113 -22.88561959605707 29.076106356765496 0.5718294175568877 0.7689611187473486 -0.21204401988569388 -0.19169571904998664
205 -10.042813549904226 -22.82770741240347 29.10737864460465 -0.1968049254343731 0.9512032882477277 0.10545134924068783 -0.21297919779827984
206 -10.01680226737146 -22.811940507535276 29.1523677434197 0.5401213024982614 0.8333225834404823 -0.050535676962717976 -0.106247804069455
207 -10.448565655023442 -21.896004573491943 29.234954965033047 0.4551279951480895 0.8666327472454414 -0.09954861056637296 -0.17859525068882348
208 -10.461946869171754 -21.908793259524554 29.29147744537308 -0.15707399013915355 -0.551470272082892 0.7350834033164237 0.36174672189161483
209 -11.097757138189706 -21.190001825300858 29.43286359463927 -0.10956303898598897 -0.6377385743673596 0.670158835855388 0.36355547854074854
210 -11.876520357649586 -20.55745082348761 29.741840600833772 0.11783865399473682 0.6810101854453712 -0.6414926676538455 -0.33290589705008566
211 -12.648163895860295 -19.902620857564514 30.003418237533797 -0.20345731172842366 -0.6169069141259851 0.6725739109694965 0.3545071450492818
212 -12.623582893299503 -19.910272283601543 29.98672954742157 0.40226910759079454 0.9099504249795396 0.04784428608638294 -0.08877338253409385
213 -13.33187122764537 -19.210491057873508 30.22789150656883 0.3435100853250339 0.9307134453743803 0.04499660567546876 -0.11725446412407531
214 -14.033949054475578 -18.609269831224537 30.444357221119127 0.33637204269911525 0.9403722906447611 0.044168549668322094 -0.024554899676967536
215 -14.837701230145308 -17.949578068883667 30.52137797530151 0.2555977156287607 0.9595547271586681 0.10664194868310127 0.050517602218271423
216 -15.68296100077874 -17.421248635767892 30.499515288605316 0.17369510225104615 0.9810846364860679 0.061187354101099774 0.059657817619358774
217 -16.595134384933644 -17.032072889282183 30.457163355596343 0.18565897520706723 0.9797508740694184 -0.028913289159577263 0.06915917433895806
218 -16.579435430615877 -16.990471214123623 30.401655597578294 -0.17450196328897782 -0.6109930325241064 0.7407767421317559 0.21791373828180255
219 -16.56621139151327 -17.017921928214815 30.353666523460625 0.2578302335518229 -0.502844298067874 0.3635887926234278 0.7405905565465151
220 -16.281901151280653 -16.72075650824998 31.316953215874648 0.22433370549322013 -0.48534707058385257 0.2612486543797509 0.8036552433973931
221 -16.259283964461563 -16.77766627028103 31.374830109544096 -0.3722078916451451 -0.5422331217521829 -0.14996828119781086 0.7382100254714318
222 -16.267825074562086 -16.777452336844163 31.32304847207202 -0.6095723368703406 -0.14608031051348588 0.4752892023116292 0.6173996138391156
223 -16.31871509878723 -16.755962232166475 31.29308836688245 -0.38548958677495443 -0.5736218049123292 -0.14783153911793737 0.7074614049255391
224 -16.29220108739303 -16.728593050300713 31.297382693375997 -0.11384532960598369 0.740943599101428 0.556096355808621 -0.35888531167198523
225 -16.37023572029692 -16.734116531476126 31.290296490651105 -0.38008178928461683 0.8793198084612398 -0.06064092443668321 -0.28045888501767346
226 -16.909692983749252 -17.390519007515273 31.886261138387365 -0.45624674430071294 0.8644893024860282 0.006702385646095724 -0.21083698022138073
227 -17.43004800050835 -18.24452610804996 32.216651016946734 -0.4151991102625834 0.8818005463103256 -0.09880896384983204 -0.20068453858454696
228 -18.044420598180135 -18.924231672384934 32.603014912717036 -0.4019140906379574 0.8824866374616402 -0.13040193812539558 -0.20658589734406177
229 -18.70088790111711 -19.58102924895392 33.093621770694725 -0.4198568113717477 0.8443432001433179 -0.07530723138818841 -0.3242431791374108
230 -18.718623156085307 -19.576658199786863 33.08364525430995 0.477468589213264 -0.5722205577619736 0.657506731159998 -0.11078031444514046
231 -19.255513947734652 -20.20317542709199 33.56445635711964 0.4696819434161832 -0.5708525808700871 0.6342117029259632 -0.2264988274020573
232 -19.70415734580578 -20.954994208953668 33.932048259179865 -0.41941675327160294 0.6505509222558344 -0.6160484294290142 0.1461417709802181
233 -19.693105325400314 -21.001564276281286 33.98419775388314 0.25578555802364944 0.702227412431252 -0.33710142447860875 0.5725495953636925
234 -19.902864204057604 -21.085100697742252 33.052407138473036 0.33235505197138937 0.7314799495799627 -0.24729424519758364 0.5415927982199754
235 -19.96273482755304 -21.097585041759718 33.01288905243638 -0.5826949572704198 -0.25852979103423346 0.7467362172706219 -0.18977343263950688
236 -20.162940415079888 -21.07970537257302 32.01286321673901 -0.567201793915064 -0.2341077841198338 0.7344535061031405 -0.28992019206470965
237 -20.1465431138344 -21.144444904016236 32.06772957355193 0.13638244879140202 -0.03590888603800465 0.886255110630782 -0.44120546058043075
238 -20.781459999722983 -21.953620676800014 32.29689484818221 0.13146509160810632 -0.09008631962575679 0.8532467892317681 -0.49655946408304064
239 -21.25501764321785 -22.787627318628473 32.40975691038746 -0.16185755917533487 0.08008570296883157 -0.7997337401499461 0.5725507449856028
240 -21.231814883536114 -22.813585787186813 32.36836337537075 0.7177297186727145 0.3964014201693814 0.46046037005105256 -0.3401561591888802
241 -21.2056625161328 -22.873683861509864 32.399090908544295 0.8437902802865872 0.5054972105586719 -0.13515198817903248 0.11926639552924607
242 -21.243353401490268 -22.845091507387586 32.368444591386265 0.932445133303955 -0.29372273732121623 0.013722892393208131 0.20996359013568372
243 -21.21509145109261 -22.81092297162853 32.37784697152507 0.6727513769773922 -0.13898629828482809 0.5969189243792522 0.41445891398547485
244 -21.207576195718257 -22.73354997438288 32.394976068627486 0.6262692551793243 0.4326816455494015 0.14033791011139313 0.6331498121356129
245 -21.215384420979856 -22.70377489621083 32.40782575202203 0.06528997972640177 0.6903480805961036 -0.43976738190860387 0.5707551103352912
246 -21.527705266401153 -23.128966882058062 31.601379071737018 0.12939082354301598 0.6644832523921674 -0.4308350643748089 0.5967421297162941
247 -21.78510596362875 -23.454104902711954 30.635273427436946 0.09726548033477968 0.6450979418698066 -0.40961999821185363 0.6376515731929961
248 -21.937666347506024 -23.846259182780873 29.783374803388423 0.12981168952582586 0.6256540810351329 -0.49334271672600283 0.5901854454321437
249 -22.15958051170044 -24.25058154998157 28.899194624028485 0.08056900625014152 0.6169544579410874 -0.4094335604588392 0.6672630602906774
250 -22.168749283987502 -24.238350433006676 28.91738543543753 -0.3233762336819943 0.7287867483104716 0.16498611620526368 0.5805835585307241
251 -22.2500791880037 -24.493034468328094 27.936424682822473 -0.3673632973604273 0.7491888784063206 0.1658144571736431 0.5256099295266032
252 -22.44057300452975 -24.810006422399283 27.0231428905476 -0.37666810044077154 0.7153289338885235 0.13732865545052717 0.5723342544740775
253 -22.4544933188433 -24.83712540142434 27.02701356030781 0.13582105200297767 0.7479029383406706 0.5420632744660152 0.3582753733224998
254 -23.16516464261457 -24.176076190605315 26.659988849212347 0.13098054763180506 0.7311599223076123 0.4861510236854202 0.46033297331694184
255 -22.635297957328085 -24.810949485855776 27.25925375489139 0.7195249439325463 -0.16935329793656714 0.46634735140773165 -0.48592536810900044
256 -22.155103552725677 -25.54098644066287 27.839756930117016 0.7344301394597411 -0.12429162988722421 0.4947365769729734 -0.44766022874294675
257 -21.68292328236543 -26.192883302443377 28.51502499581015 0.8132105020730908 -0.05567856450872158 0.45567178129991337 -0.35770351479855933
258 -21.694304385840187 -26.197413057832748 28.583793926657656 -0.5388369708587818 0.5081516168380723 -0.1286593931231955 0.6594569081462076
259 -21.264480603681598 -26.947394199857293 28.020955766724462 -0.5821580444413634 0.4402158361650692 -0.17265201626702004 0.6614327707035909
260 -20.692908630253218 -27.63771050124193 27.592378402346096 -0.5784478372583812 0.5142781280041451 -0.19326045952731513 0.6029647596758401
261 -20.338189476364963 -28.447231835904002 27.16285539055426 -0.5123098988777531 0.5295267711216474 -0.13831602957121555 0.6618222133934482
262 -19.99428546856734 -29.16513913197136 26.573966111990913 -0.5755636731124121 0.5265730758927794 -0.2027302239788437 0.5919017741345713
263 -19.669148176667207 -30.049336604991485 26.17695628712348 -0.5686787441807347 0.44811964841751145 -0.2914240094579301 0.6251922211053591
264 -19.25010937754567 -30.893310772351274 25.97011240617148 -0.5747169429100638 0.39367735669030873 -0.3718748174081006 0.6135370359963069
265 -18.837846930538486 -31.831112965275654 25.901738486211475 -0.5505739433653164 0.4167636304038407 -0.2950082090123494 0.660413935252052
266 -18.397302368082315 -32.713361291509166 25.675074603912684 -0.5650825214189533 0.4450647271020043 -0.21337802681497314 0.6611119045584982
267 -17.810903134639958 -33.51696403943817 25.35886510149778 -0.5583726562220299 0.3144822701629683 -0.25809689767509764 0.722984695513806
268 -17.14339368533124 -34.19478801659906 25.252674955526402 -0.5984911818535315 0.35156303321631194 -0.2586038668538707 0.6718152863455362
269 -16.49452667664972 -34.91138851147473 25.04980046034173 -0.5302842808648058 0.3382796721808247 -0.2690873809983046 0.7293541158068572
270 -15.856043867938103 -35.59778800288281 24.866711564827785 -0.44776454215277567 0.41903653363938603 -0.2533233196600894 0.7481594709569576
271 -15.34106414490783 -36.35718170723367 24.518635254904563 -0.4136936838773084 0.3602724351322978 -0.3566228755904259 0.7562284264754143
272 -14.803753752710186 -37.17391604143418 24.26953477424768 -0.4632100883296949 0.25073687088901475 -0.3884535439914539 0.7560894654780352
273 -15.03493626819589 -36.89463567664394 24.210167372222212 0.586900939864968 -0.4561716745205785 0.6213459713316287 0.24775769223308047
274 -15.22736026208202 -37.07624154276217 25.160471570728973 0.4917960178092312 -0.5103806757055415 0.6342099999125632 0.3089108588966117
275 -15.235280987205153 -37.12754665537574 25.15530318410965 0.759545681936549 -0.594390772183651 0.11206914668815919 -0.23922891412839956
276 -15.192985289709215 -37.16686739374128 25.1149693361301 -0.722438436808525 0.20600949239507554 0.36937507367235295 0.546996205667206
277 -14.59830273353798 -37.09838312256352 24.37540342442471 -0.7143396654348693 0.2170206378846868 0.24219320045837636 0.6196477537845598
278 -13.775342858468571 -37.126771276579056 23.721131157406763 -0.6783304269475211 0.16901868985342586 0.30201680956574606 0.6481406954490297
279 -13.035215703142107 -36.957879105016765 23.153613463046575 -0.7410259187930387 0.1122244866892273 0.2303032525388013 0.6206824180966625
280 -12.128158137614516 -36.82878486433035 22.63832637378118 -0.6909171033851395 0.06661440633257586 0.16478854892678815 0.7007430422497609
281 -13.06886830327116 -36.98540657425088 22.942350009007658 0.11128148641904093 -0.10224182175942312 0.984248175215644 -0.09175276697930106
282 -13.062512610489268 -36.944704826814025 22.932613925232694 -0.5978000170345864 -0.0523063886228326 0.7990907961182713 0.03678424801123644
283 -13.409416488589395 -36.84298141479585 21.945886816714946 -0.5853911548747602 0.02317285170153612 0.8063951977554569 0.08066597656602185
284 -13.383077885396807 -36.88916304565762 21.917913902800827 -0.4163414194067396 -0.5219409571090277 0.6546856690075552 -0.35443495111885204
285 -13.815313955255572 -36.90451588441084 21.065044111612547 -0.38977632169018855 -0.4819584638127521 0.6288026531686465 -0.4694653145622041
286 -14.053406220226124 -37.060538059346925 20.157809353771196 -0.363934671264888 -0.5034875713073039 0.6749507835367222 -0.3981121203801196
287 -14.493739997286534 -37.25037225144546 19.257892533376097 -0.35227923795279514 -0.5243156276114113 0.6629391513093972 -0.40187578032400256
288 -14.4897197112913 -37.20208363670038 19.245273387797212 0.08244186979201805 -0.6221261721893329 0.7249055380680642 0.284032260246075
289 -15.342082182710607 -36.84902838874903 19.757321817073855 0.09964108272497728 -0.6263240121310505 0.7560939541431481 0.16159151886666726
290 -16.232411248895467 -36.72302802158556 20.092257434317595 0.14069752072559097 -0.6573210475587826 0.7018757908771254 0.235592067520334
291 -17.154305647690595 -36.61018298716474 20.584961779963567 -0.1882435260840402 0.7040905601291547 -0.6454863036471539 -0.22840378680834994
292 -17.917557420267855 -36.63403511259092 21.148950129056214 -0.20020356570206202 0.7711661076697932 -0.5826314337318864 -0.1605053864801019
293 -18.83190750646758 -36.73151101294393 21.62847461576282 -0.25964275140580617 0.7465661747426797 -0.6071665980919083 -0.08107595533821202
294 -19.667598613267426 -37.037194851292696 21.99621956042273 -0.2564985198641863 0.7358332833046944 -0.6218117197642963 -0.07815416593043895
295 -20.554407039469925 -37.27431246645943 22.445060330199485 -0.2952512806063183 0.6687617962862127 -0.6655257416612501 -0.15053181827975648
296 -21.308665110640725 -37.436957152327516 23.05844585743826 0.28985608858664985 -0.6393758008419189 0.658032805476432 0.27235061983373193
297 -21.288409875368387 -37.48767960910631 23.037126477169636 0.7360960651574958 -0.6113365247195337 0.24432797799768902 -0.15727070792444087
298 -21.089434048451963 -38.433314723432346 23.187356539101923 0.7265326078750083 -0.6155750245137833 0.2411845006362948 -0.18721056471795375
299 -21.267472378758878 -37.40628361248693 23.062058940534957 0.43441734019032835 -0.5657115950700501 0.6206361114546785 0.32567281572718726
300 -21.631101600201127 -37.485578176815636 23.98654915545799 0.34949786981737746 -0.5838916249736112 0.6107143720649438 0.4049071066702966
301 -22.06947148463626 -37.435902727647274 24.832318585893322 -0.4419592207025314 0.5856324640864011 -0.5614345736325398 -0.38275041969166906
302 -22.393679969335025 -37.50443105125064 25.832516555531825 -0.46814668597668346 0.6018681873672512 -0.6008851219052322 -0.23985503062733815
303 -22.890306907925098 -37.74702807296792 26.724352479309488 0.42592257539178935 -0.609739932333737 0.6287355566098912 0.2269334143393706
304 -23.401506086432217 -38.01724305593926 27.51160105034641 -0.5123783290284382 0.5907815499263348 -0.5715657749335022 -0.2485119174875274
305 -23.793220880644284 -38.330235978889995 28.368708084149343 -0.5390145341498804 0.6292341312872601 -0.5309631555229969 -0.17778039114428656
306 -24.137151515557157 -38.7998646622144 29.119704830189665 0.5301207635102694 -0.5716833998842441 0.6061564387116861 0.15724006550636288
307 -24.529496078980294 -39.28424046660583 29.961543510863685 -0.5959924712350233 0.5973897369465628 -0.5081427945444 -0.17236408203188155
308 -24.705013397869113 -39.790770760298415 30.74871657174144 0.5823093524394272 -0.580119163927815 0.5536278446768306 0.13369286930780713
309 -24.93633554359898 -40.35838608525106 31.584301595968665 0.5793694056986406 -0.5724713730147216 0.5695119676598814 0.11074176046646948
310 -25.22834070842204 -40.926011686617926 32.37075877349799 0.5666995543431367 -0.5326187319612827 0.6240132918012317 0.07600206001573358
311 -25.245783323317674 -40.95718382449125 32.342378491236936 0.5516165931809974 0.017378355877145858 0.7675546664235715 -0.32600147380924005
312 -25.388576632073914 -41.37439443085479 33.18215331946715 0.6430178542087099 -0.04684616879655823 0.6991503137519876 -0.3090668445796271
313 -25.362774160615803 -41.3927501414952 33.118941877812816 -0.23343186214223194 -0.5555397067297188 -0.45506575374833463 0.6555916104930932
314 -25.386576195582517 -41.726743886727995 34.011912438639825 -0.3020812892320886 -0.5895202165003759 -0.4562569524954593 0.5941737139362396
315 -25.526210909891752 -41.96918078861919 35.02180337388144 -0.28212365748485846 -0.5877252256621857 -0.5382472618389056 0.5341115858419649
316 -25.83874201384713 -42.222253696711455 35.92373659861924 -0.27042159985922554 -0.603530538934755 -0.4812601082364563 0.5753362105090677
317 -25.86853409672183 -42.18171821468658 35.951411048844136 -0.14035107833951505 0.696142298600959 0.7033156724595829 -0.03216426246989415
318 -26.78351070536218 -42.413281031357684 35.82787288625094 -0.24177449823983518 0.6904334347337236 0.6817433496328316 -0.008530500224223856
319 -26.757698176621247 -42.45509682759463 35.88104606465103 -0.06379672733495856 -0.042012949162236954 0.9591576150546398 -0.27236291811980395
320 -26.777737962452502 -42.463531474896946 35.92023674163489 0.7089617152615488 0.19622842790923506 -0.639870237099881 0.22233706404334394
321 -26.77582356030428 -42.50022562690405 35.87009983251021 0.945978433510055 0.3192522263152579 -0.031182770862614187 -0.04722768391466157
322 -26.70766435703639 -42.51194219994788 35.82122218477627 0.6546842271511725 0.19198901190694354 0.7131299260395565 -0.16116603430401627
323 -26.73377468971947 -42.51341092237493 36.847108219065824 0.6374951053714404 0.11606582527987883 0.7344448567889651 -0.20179065182954442
324 -26.827888345181304 -42.64615883464055 37.839801417294424 0.630662026512066 0.014055096470974995 0.7538741455272182 -0.18368896342592683
325 -26.856177112194892 -42.684200007384604 37.83260863551244 -0.0385470281618871 -0.02443276122449004 0.98829240752837 -0.1455860021451636
326 -26.818826268607022 -42.667993232079596 37.890178526093074 0.5886819999791821 0.1687951261073789 0.7809308553910542 -0.12291748208086443
327 -27.070194916654064 -42.701704503159895 38.87724030314406 0.6533004633336857 0.192054724483613 0.7200904315249443 -0.1333538819747424
328 -27.090586894567632 -42.693439149569826 38.869774317731995 -0.43911243703414904 -0.6065433558294695 -0.33503813784275244 0.5718696279152402
329 -27.041170338834938 -42.5473440609374 39.83556581655135 -0.4613678862159847 -0.6304240831396426 -0.27475660738217966 0.5605479066645128
330 -26.934432404881274 -42.26232408502892 40.8182280944862 -0.43272376728351586 -0.6299778802040169 -0.28999850069955935 0.5760025011001434
331 -26.826022029996754 -42.069292967719086 41.83881165688962 -0.4454429983880018 -0.5542061178176831 -0.351277485549636 0.6091307267791398
332 -26.817065282409764 -42.016366813825776 41.861677024342534 -0.09173574459445324 0.1535509971870177 -0.629409429578291 0.7562079174304536
333 -26.655828786797798 -43.04888492828689 41.75949864516269 -0.16358866939410951 0.2010926543296886 -0.6168093378273083 0.7432003312630735
334 -26.823005705036774 -42.095490876177045 41.8031280741848 0.7249575098005806 -0.27272812141518565 0.3892604225174735 0.4985301437572278
335 -26.201743786557284 -42.1099605573849 42.65479069621872 0.7443835230788877 -0.3368415082502229 0.40946401044962444 0.4059189488492591
336 -25.752218404054158 -42.20659385273819 43.52121795387293 0.7444923690643885 -0.3632705164785987 0.4715732463482793 0.30229839164443306
337 -25.743796827602097 -42.14698849702136 43.47563883975333 0.7309729588514626 0.20861378111604592 0.5661293264801297 -0.31883602283236206
338 -25.722030991028937 -42.16842227942912 43.41134866874497 -0.6781410523981151 0.3795902623344978 -0.03886810870097829 0.6281124229938557
339 -24.980088133468826 -42.72663338693809 42.91780307826493 -0.6861701508722935 0.28033634491304965 -0.02634561256907529 0.670736883189709
340 -25.826880264143973 -42.25231219716237 43.306172833209345 0.7609679507157824 -0.09186241922826148 0.61345091081691 0.1901763758589814
341 -25.804646244783367 -42.23181946469085 43.25125842831516 0.5049867938539474 0.5353669222082795 0.31086862119721753 0.6014410170526155
342 -25.56774582609505 -41.32092066092966 42.86850203341085 0.4618539855548269 0.5518397916636054 0.3239441294267419 0.6141855919620223
343 -25.434809629279364 -40.38658837979008 42.53416691439038 0.4581802162799803 0.45253683644993875 0.37625208528985915 0.6661198611215131
344 -25.166104324857756 -39.499525373946156 42.28693724231282 0.40623001600941183 0.4069663194359389 0.3024023683674909 0.7602028653875822
345 -24.634923165837836 -38.690239375380145 41.966867416290285 0.3745941843635916 0.40934757038219827 0.22809760310416627 0.8000532776767437
346 -24.089121955963527 -37.98375900036189 41.45845667886863 0.3794758586440314 0.3580074709167017 0.2897320184605846 0.8024238786034208
347 -23.531093258481476 -37.18756863452302 41.07552612306867 0.4007764426969069 0.33731707788303417 0.36714297386213973 0.7686361094115524
348 -23.541154930603657 -37.24018883188324 41.077512397234415 -0.23010440598612186 0.014555532772314002 0.54164571203599 0.8083687410114974
349 -23.13585977561215 -36.39946555544922 40.80658262537594 -0.14367495050976012 -0.050426746468490026 0.4857484032449814 0.8607340707684177
350 -22.554669315170443 -35.56962648325827 40.715979370254026 -0.037066949965730275 -0.065881499706553 0.4182952165794524 0.9051600858430526
351 -22.51995237769387 -35.606460241573316 40.66727766820862 0.6757579745144325 0.26788360289635865 0.28374772665516995 0.6253613058044446
352 -21.8930176383125 -34.89358190500225 40.68961270951575 0.6513000166210008 0.25115788838036723 0.4010972899180421 0.5931685826762917
353 -21.891176277024833 -34.91678200915095 40.688238822180146 0.24297995028411074 0.6647326999350229 -0.20774808259030292 0.6752273065991015
354 -21.862588014243315 -34.8067437278952 39.64663171718924 0.23240545477677516 0.5994924178296797 -0.33433900161012975 0.6890674695246217
355 -21.793907667043705 -35.045773118244036 38.66354561406299 0.30474612070575313 0.5174352403720104 -0.36060544915976195 0.7136906080173956
356 -21.566851425584826 -35.2652056543995 37.76102728183369 0.33717975833229463 0.5762190919866519 -0.42829845020315005 0.6089678202948257
357 -21.614642868136098 -35.381246434926126 36.73502271782248 0.3005245313276314 0.672657847334993 -0.3642801361031506 0.5696634172295314
358 -21.666552419899126 -35.39110620886392 36.74708621943 -0.132201885270018 0.7179819825164457 0.2442082074327133 0.6382686626611921
359 -21.82742666047339 -35.34041234404706 35.77949348976943 -0.2316042079069909 0.632043709440758 0.2581420857034371 0.6929956015912515
360 -21.817320305405357 -35.34101058418282 35.831910183826004 -0.5543840127936023 0.24512979852008646 -0.3796158356461763 0.698900254373269
361 -21.26258476025994 -36.111079744117355 35.909200249416905 -0.4914275478198763 0.19548679101343017 -0.48559643870578606 0.6960459600480936
362 -21.727643217296265 -35.29023875752739 35.74765447841608 0.4723826404427542 -0.43486996446828136 0.7558077088021381 0.12844244752786738
363 -22.226124111020255 -35.4346206775518 36.54804497355446 0.4701404864411277 -0.44009756580346887 0.7591216381379369 0.09495469495256947
364 -22.73527451254937 -35.67803904903076 37.31276528933509 0.534264806131013 -0.47395397646540344 0.6950310557980671 0.08282859771024734
365 -23.135306411803185 -36.04712624304853 38.18071708961917 0.6108722777340173 -0.48892522362285823 0.6027216605368922 0.1565687897412578
366 -23.092172214950445 -35.9924988391928 38.165940369624614 -0.05341957964423735 0.8212031109990745 -0.4360116720226859 0.3642329211590514
367 -23.837917448649588 -36.466195359595055 37.62466074684094 -0.060839565732486514 0.7596869438200364 -0.5108217225461403 0.39778821300517286
368 -24.557083116219516 -36.9444460378935 37.01570399021822 -0.09792238441818141 0.6718672884578246 -0.5820718695113493 0.44743479083968163
369 -25.131878690854897 -37.53178038061676 36.532267737534056 -0.02577436266271583 0.7534865101280379 -0.5027369875962677 0.42290576088181914
370 -25.81536710811087 -37.98051587863861 35.874584232119055 0.049717466192093544 0.7134288524932672 -0.5492603874019464 0.43227360874409265
371 -25.82382655097109 -37.952263532323094 35.83609095640353 -0.316357142504965 0.09192769585145034 -0.49157948512912947 0.8061123165674349
372 -25.846916982078632 -37.932717288926646 35.77546763296601 0.07404708676768652 0.7007542058075374 -0.526744279306936 0.47539566279224915
373 -26.40013749078305 -38.27886655065169 34.993367206076435 0.02583656233085133 0.7024871739573405 -0.5041323558350063 0.5016919475859613
374 -26.923531337328075 -38.753049405278674 34.24886877622514 -0.012505450616774143 0.7512627676393182 -0.44170352073952357 0.4902508209377029
375 -27.40309571396486 -39.183749668973284 33.54871309783015 0.0034569370612918945 0.7365241948157509 -0.5401438907302388 0.4071421586423629
376 -28.088395879952603 -39.662512496949454 32.9329756358903 0.0035789877554361998 0.6853578426449206 -0.564942054782007 0.45946957800319016
377 -28.061575770257228 -39.67198898309075 32.87990018123368 -0.3906065154602358 -0.09949433648177396 0.8575514909204952 -0.3195823329098456
378 -28.531012134430725 -40.0665334994295 32.13784937463638 -0.3260631604558146 -0.13682108770824344 0.8911995487616967 -0.28412351123912016
379 -29.13996766491807 -40.50255214884452 31.518231652487994 -0.31456824106218545 -0.24151898379987458 0.8826787402871779 -0.2521778016090219
380 -29.83747103519935 -40.81588966481988 30.883272692593586 -0.20396651861603746 -0.30618545943200215 0.8910456594292112 -0.26586793061298153
381 -30.628940572968034 -41.20854466787023 30.313296468389616 -0.17713278876307303 -0.2166555190318183 0.9273786396173445 -0.24830066451693814
382 -31.37185153058015 -41.61042208721474 29.867272763938853 -0.2547546809450593 -0.1864390584856314 0.9394125482516476 -0.13358365990987717
383 -32.17871590976824 -41.76474348971511 29.307397945648805 -0.18077123520109362 -0.14843146997908327 0.9553911282617228 -0.18032651297718613
384 -32.99581292900304 -42.03562323707641 28.90789641552765 -0.21496327039297472 -0.244383751504331 0.9301870218239581 -0.16976300778703549
385 -32.972324445443384 -42.05845311925619 28.917594954314477 0.419335030251924 -0.010006069689155005 0.8401443001006543 -0.3438249059934066
386 -33.38844874973475 -42.687724450392366 29.647252703583554 0.5009507089399324 -0.06772779245453374 0.8016598814226489 -0.3190654601476608
387 -33.695824058125226 -43.30659000055062 30.363943895106512 0.4559646732048298 -0.060188630497443996 0.7964029179574126 -0.39270337128292276
388 -33.64216836071276 -43.33351623344117 30.395548346486226 -0.2870689820858902 0.2841498251826969 -0.2676700157883731 0.8747588462088655
389 -32.941099353569534 -43.99302062213296 30.104722764002663 -0.20500907684629532 0.3394547398402845 -0.31460299721439267 0.8624191047016034
390 -33.55220721640668 -43.33562715895257 30.554796403684556 -0.5777780852707778 0.7041291988503314 -0.41232739046448336 0.018991539694634484
391 -33.50172783094497 -43.33057946623731 30.568931653732363 0.9305621911334926 -0.10527154035634599 0.2222628663227148 0.27123998502773494
392 -32.6888711775067 -43.39927649283028 31.07302232603792 0.9655992255656692 -0.034490475129626906 0.1212121238652008 0.22745585009051553
393 -31.756784471701625 -43.48027178037274 31.286246786876607 0.9559419983864905 0.025872366458132505 0.1966482657213914 0.21641389965403682
394 -30.78908943740893 -43.322051442795285 31.59807969850752 0.9168861450824964 0.02419779097109879 0.26591120404950774 0.29669090890827565
395 -29.97319349692425 -43.135694893269445 32.04727389855182 0.8937817476690113 -0.02134539248237538 0.25004284914012453 0.37172185212520026
396 -29.060802871336325 -42.94440780110219 32.533462243435046 0.8872253611632788 -0.005029611396219986 0.14900442427261593 0.43658165681242056
397 -28.05135307752632 -42.831101126655646 32.74456494685694 0.8724045021249949 -0.040549442063547325 0.12479426910935354 0.4708423492187554
398 -27.10260210170094 -42.844287222522 32.99147201044314 0.857935186694989 -0.08493533248364808 0.22261749942926654 0.4551644248778526
399 -27.15854635235357 -42.819221045275036 33.01294541963136 -0.522023427443125 0.6354587940406907 -0.5526998939886266 -0.13493142503451122
400 -27.13497259615577 -42.74667554162877 33.009290584469106 0.8536354591809493 -0.04427021586834685 0.22399106564375917 0.46816092674172655
401 -26.287139218893618 -42.613930789105126 33.421293549155855 0.8503317014209539 0.06986406765925982 0.2423053771468269 0.46189080291166384
402 -26.317321525886296 -42.64460358158552 33.372089694734534 0.5425678396343526 0.6168338739461982 -0.2849568991865403 0.49389844801642035
403 -26.318443990896167 -42.59504391161616 33.33556100538811 0.800536912835724 0.1318715051309147 -0.5833757236141145 -0.03772694553847624
404 -26.00190363154973 -42.29700304355564 32.41802146228469 0.7863736423385647 0.09691973599430372 -0.607554446982346 0.055683510682686975
405 -25.78603855006311 -42.16930030365877 31.429334320399892 0.8138852806773125 0.06157205289478682 -0.5776928733386789 0.008400969755591634
406 -25.432793407123402 -42.05329982005698 30.52899802585814 0.8221838365873865 0.010244224078973064 -0.56256093539786 0.08622058160178311
407 -25.073426645217864 -42.101605025327515 29.544950871252396 0.8396887261853746 0.11636509237417278 -0.5243951532344525 0.07994830616184408
408 -24.66386859783303 -41.94248173576156 28.638416043217585 0.8791874883650294 0.09371511430380002 -0.4283288032466782 0.1864973832596184
409 -24.627990854333824 -41.92821394581513 28.67353891220906 0.9238187842196594 0.2561056884612162 0.2390831545101899 0.1542983327524087
410 -23.93052942145417 -41.40749418873483 29.069347933960746 0.9499828032832788 0.265500106908328 0.13361238941823153 0.09586498887320709
411 -23.06294252774283 -40.85930246148373 29.28753794132843 0.9422336472850045 0.17636091427095876 0.24638506445038608 0.14278298868313377
412 -22.28176181057033 -40.503517353733116 29.702830632015523 0.9363790461046738 0.23362401705240254 0.18546563874544866 0.18497728919286854
413 -21.456677457070793 -40.048079414321805 29.94206183574148 0.9466475823946263 0.25969110543597007 0.14014294707276967 0.12953315749109
414 -21.420288790872743 -39.98788207244569 29.901169146740976 0.5601059257535804 0.812218151826399 0.028008361800505647 0.16061929351321622
415 -21.707481249879653 -39.025450596217844 29.680107961675933 0.5136185764011725 0.8394773025667052 -0.01605832745437659 0.1766803513985899
416 -22.1445719079913 -38.141448381503814 29.311262655316444 0.43776696501813833 0.8933106720204181 0.013750669148223258 0.10083177421434497
417 -22.76348290704133 -37.401304187606215 29.09173680530963 0.43820734134147715 0.893055924308241 -0.008529401369427519 0.10174817622280143
418 -23.2925740199095 -36.620226230790415 28.88273967785106 0.4571049763366219 0.8757657837089532 0.0748272803849823 0.1359787145222594
419 -23.354163921906107 -36.60408145173647 28.850117470599912 0.9582677209388242 0.23338512129601463 0.14652261914455156 0.07606235759806922
420 -22.500109661748702 -36.1367567823186 29.06806897166081 0.9461899572986111 0.24303216163636857 0.21326887446220794 -0.013278565556154727
421 -22.50953046324614 -36.17661798987678 29.014673672343104 0.8206290907857042 0.15725769974162018 -0.475718397975786 0.27482706754530944
422 -21.971946629577335 -36.192028296911694 28.197949593120853 0.7615257606969709 0.13617223596720526 -0.5073408896141353 0.3796588727688703
423 -21.49306789071687 -36.38277277523314 27.315337565945494 0.8182430395345597 0.1898606323535243 -0.4801094619236449 0.252836257500685
424 -20.942014189874936 -36.31498583895395 26.425527476862015 0.7983875454311806 0.24605001987258682 -0.45376071039552923 0.3100611757741019
425 -20.458002018261322 -36.24973774347659 25.58196755118093 0.7362461201530566 0.2796485233102259 -0.5506064920755316 0.2767143741374093
426 -20.444636637584733 -36.23742761466683 25.617537462036523 0.7434473047276319 -0.1806266283930081 -0.6021017854779486 -0.22832776032024465
427 -20.24602429480126 -36.17663241792964 24.660134356089042 0.7283235560050605 -0.16321612247266554 -0.5828842651172033 -0.32117164976365487
428 -20.2864131755915 -36.15451890836355 24.622605451202606 -0.38662867394515155 0.576150588282139 0.7142885495022556 -0.09143651434476821
429 -20.957378714038725 -36.658394041700014 24.176032095647283 -0.3741434890525887 0.5518674686947 0.744912219132399 0.02376409862173314
430 -21.712960923140123 -37.11428498403025 23.593045234763192 -0.32387620890412033 0.5218414671012965 0.784453431512999 0.08613070478604626
431 -22.48103901107749 -37.28728207705503 22.98062037860114 -0.2760007773648009 0.6141385150156804 0.7380203081365446 0.044536277868715564
432 -23.359538697911702 -37.587279140154834 22.551163295962965 -0.27425543277959763 0.5888070882514994 0.757492864481188 0.06553419470589676
433 -24.20902153352873 -37.8183599137363 22.01407323735928 -0.23908542009719919 0.5511043269025545 0.7849366148608071 0.15164660700815094
434 -25.03043991476089 -37.80225690687298 21.513483966345234 -0.3453825584754136 0.5119243472656171 0.7742540368322959 0.13847395938060905
435 -25.750485537260815 -37.93667334534848 20.829239412277996 -0.30773848401677556 0.5379878749968093 0.7527749171899719 0.22180170391839787
436 -26.477773812913334 -37.90627709856085 20.198454119438743 -0.23742005029508373 0.5154565823812411 0.8071041437789719 0.16284696034173562
437 -27.254794609588682 -37.92585535607849 19.625906373660733 -0.2168785455008425 0.5227343394698963 0.7754916714154402 0.2798663509707746
438 -28.031551853332555 -37.71659435304909 18.9976968715344 -0.1643834632147912 0.4847961731715635 0.7898849615367508 0.33768697789195884
439 -28.78809661220013 -37.3823138518558 18.389890699150907 -0.13015786877379856 0.46038720114788423 0.7546331955562364 0.4490337341225745
440 -29.295766110204937 -36.88571997399443 17.759894549360432 -0.15866161353070052 0.5119584938225201 0.7272259407394265 0.4287976493760982
441 -29.890990447183864 -36.45037220572178 17.034378625396464 -0.24786464335325886 0.4453048605910882 0.7344041580442925 0.44823791936489144
442 -30.432150383265625 -35.957050178405524 16.278801656776725 -0.2285162477138492 0.5629278526590381 0.7061246336445695 0.3637039441520936
443 -30.459661245556276 -35.91924537761859 16.333838184513912 0.1899841386821622 0.5314372563657214 0.806185222015412 -0.1776115350973359
444 -31.33105801154791 -35.9884710941631 16.836633566967443 0.22160150992546854 0.46267976898004565 0.8454041668973884 -0.14870103149560307
445 -32.16917915029647 -36.00622125628465 17.388701872985173 0.23946016841053663 0.5633439338875939 0.7890297186091908 -0.05229285848324453
446 -32.23188989223931 -36.039373122423605 17.388076153774826 0.13130300802995803 0.9584022482751002 0.20044141139533334 -0.15507382493949162
447 -32.23229161786164 -36.015250542024006 17.455005070783596 0.2688217417606564 0.7303535554883499 0.13545295637639906 0.6131647835216758
448 -32.203188221214255 -35.99911643320256 17.40431090031934 0.6648622383047204 0.2369769376709608 0.6272778725423309 0.329123997464931
449 -32.213384559953894 -36.00188220349273 17.442062591651087 0.5779836505454727 -0.22495281411985252 0.7564660198849081 -0.20758201242201293
450 -32.408530840338564 -36.5488068869192 18.224725670818692 0.6005357416505815 -0.16367174325520548 0.7230943708306711 -0.29950444793522396
451 -32.3749319458304 -36.4695074368147 18.231889375160446 -0.13846974581194882 -0.364745369664718 -0.5808646091216048 0.7144111216050094
452 -32.36060499182174 -37.17382543628287 18.86468214884061 -0.1631548536653136 -0.3174684417167651 -0.6717245511788844 0.649138205302157
453 -32.46897855602675 -37.873525620815236 19.504256134629365 -0.17662428379277384 -0.2321570925644679 -0.6778755932577112 0.6748271088302609
454 -32.50539998515476 -38.678490007806005 20.011937302487702 -0.1546293949704468 -0.3628004472285511 -0.693295494221467 0.6031641098358298
455 -32.78227422876701 -39.45989647158256 20.65183453785412 -0.10159502326445173 -0.3669067646346331 -0.734260145686941 0.5620675366617736
456 -33.19530234000813 -40.19704823311873 21.256675032978674 -0.2454070344601456 -0.3388363139355674 -0.6999769102593172 0.57878982791671
457 -33.35218727408931 -40.820809894355115 21.98897862389303 -0.32701886607240416 -0.3660950805632309 -0.6479859696812339 0.5823634915723956
458 -33.473283112270956 -41.32069285304501 22.83736805717713 -0.2669935555786953 -0.3194812311563926 -0.6033293680892917 0.6801763431781626
459 -33.36220459176264 -41.937050644447524 23.547760960107908 -0.24432897866407274 -0.3400987882712629 -0.515828134118233 0.7473670453354841
460 -33.374718704150276 -41.877143211478376 23.532155991299902 0.01357226026721526 0.42942476665936286 0.8759145120502894 -0.21950838505736772
461 -34.24369939119974 -42.211807413264424 23.7230652149605 -0.06931187398365132 0.40293245619380313 0.8811769263517341 -0.23742056426479397
462 -34.233102270934374 -42.140337932930606 23.701948932644676 -0.20987183543158835 -0.2700754363618885 -0.3897536507762405 0.8550468777050203
463 -33.652028163838544 -42.70995041799927 24.36721701418631 -0.12617772243002479 -0.2133312640413989 -0.36429898421224177 0.897694382430234
464 -32.924711722623066 -43.324437426679715 24.826031519517528 -0.12993269320757048 -0.3026323237697541 -0.35982832597968323 0.872957471855419
465 -32.3692912959186 -43.80609088592244 25.423264902091297 -0.22742770455464476 -0.24760171768802106 -0.30875976562626006 0.8897400944822952
466 -32.353062525064686 -43.775276597996374 25.361159317048596 -0.4559973256516033 -0.7230638201357074 -0.0767115849826674 0.5131865973881061
467 -32.37409006434677 -43.19982448449051 26.11295474306466 -0.5518421907833312 -0.6236098412359342 -0.1338735223746306 0.5372698040948788
468 -32.20935981446278 -42.714302680720266 26.962431053447677 -0.6072050563452258 -0.5192176039659584 -0.1539341880337272 0.5813943283478381
469 -31.834236734355372 -42.27399132679072 27.71839855978231 -0.5511590894077759 -0.4626290325918698 -0.14587885642562184 0.6789089744687818
470 -31.37818938364192 -41.962966792913285 28.491996942584674 -0.550978018374082 -0.4334752237943962 -0.29175139248954374 0.6506946892401833
471 -31.38430939311718 -41.96462842119303 28.439841693854287 0.06120091876649285 -0.5547100940417419 0.18897703378434666 0.8079844304269782
472 -31.017381910205476 -41.76007257902803 29.324695507917014 0.11983897337976436 -0.4679393334538749 0.14095216710128747 0.8641781571270347
473 -30.493612524805247 -41.57708519965267 30.1826562953304 0.2017440063113086 -0.5286035284508009 0.17178460294463418 0.8064537902558211
474 -30.167599464587955 -41.49334371666446 31.155561106439443 0.1727842933474287 -0.5862914028481946 0.23582275243294004 0.7555101642954098
475 -29.958691668730324 -41.281596390136805 32.090323860572 0.20066544947627668 -0.5019872048852699 0.2099810572965259 0.814647272808662
476 -29.578165711230085 -41.18194094184656 32.98762238250885 0.13027271165192092 -0.504774126893787 0.19721076425782144 0.8302650274932193
477 -29.563370930248215 -41.20382483444119 32.97760608499281 0.4729094359205027 -0.36172002891849353 -0.3703714337009511 0.7129798645087094
478 -29.074659913159472 -42.02473893086868 33.112067485041976 0.4620440209748055 -0.3637017939147047 -0.3919124048726188 0.7075598877067716
479 -28.611860110548477 -42.86982305658923 33.2681559252717 0.5801082450841809 -0.2980821492964895 -0.36836854582931106 0.6625149588497874
480 -28.054443771781894 -43.715148070618056 33.18387647902424 0.5260955357665266 -0.28685753675710507 -0.43132216399638157 0.6744608451924065
481 -27.554501333834793 -44.604196016977205 33.158697973181326 0.5948620060337535 -0.2731793396638698 -0.46880823698061075 0.5930692026209429
482 -27.167553155138986 -45.4530167420998 32.98541516647771 0.5808893250172372 -0.36000907897061535 -0.48296431836311093 0.547454584717128
483 -26.934578535840632 -46.39960244980061 32.87973772774776 0.5114084524153019 -0.31934967197549574 -0.6001249265734424 0.5256683881617275
484 -26.85621509967203 -47.32510060765456 32.66479453657083 0.5705684037927972 -0.2663460031678697 -0.566238304705788 0.5318699892584228
485 -26.80648601769245 -47.27700458071494 32.71686762064391 0.004661138694230502 0.29577614864347196 -0.5022700418051143 0.8125389521646308
486 -26.49639047391407 -48.104755379381835 32.20759037296109 0.0033444430982424093 0.4065854338532432 -0.3994997713501174 0.821630715327717
487 -26.495520343361317 -48.07847783254519 32.14656044348727 -0.6367113492698508 0.5658049215383487 -0.0842469589272297 0.5170743644636255
488 -26.530918621366144 -48.06834097314459 32.13334036696597 0.8754635292196836 0.09370740106521624 0.43384907719510707 -0.19120018360025753
489 -26.58820856733807 -48.05485735827057 32.12003190814711 0.6569783318806767 -0.6528241340795499 0.1324453109397896 -0.3530699095259055
490 -26.482722184739934 -48.981548715085474 31.88445010459128 -0.621962358827079 0.7083546368480206 -0.09584105123420626 0.3197045910782111
491 -26.45200679936387 -49.04365544955867 31.905513561201836 0.9550359960961625 -0.08787916407739696 0.24653887146450845 -0.13929136203898101
492 -25.59868222517621 -49.250990578540005 32.29475968337105 0.9679191993834049 -0.12729467871083133 0.20711683052698165 -0.06349099738822597
493 -24.657057673067214 -49.490869197723256 32.695409082424376 0.9778911875596609 -0.17017065981826326 0.11355255230273725 -0.043319622524976786
494 -23.767027406408413 -49.82129425188102 32.90822020050275 0.984304421451169 -0.10095573022035871 0.04998447888830661 -0.13584659847643293
495 -23.803953660373995 -49.87775830043563 32.94224495941246 0.7207024314018572 -0.15712265091620073 0.6731187276223961 -0.05302505506383524
496 -23.789648884481384 -50.165672172773895 33.87374148997017 0.7706302553254465 -0.11280571951363468 0.626859282144056 0.021244284216851
497 -23.55228678019472 -50.26947475079603 34.80328098503298 0.8251499641425838 -0.10275559191853781 0.5530247288711383 0.05227307396706966
498 -23.164528031232674 -50.35231164562654 35.702615722731004 0.8550908835816082 -0.08108565070963376 0.5114932474830228 0.024886860868541454
499 -22.69597901703695 -50.477674013394726 36.56673367571283 0.8286028145979754 -0.15435030548037654 0.5379516622201956 0.014190417645564467
