# time x y z qx qy qz qw
0 4.009022915142204 3.178838459717941 -8.996194714202867 0.0 0.0 -0.7071067811865475 0.7071067811865476
1 4.016989417435147 2.1726746006663316 -8.965763703999437 -0.10879273733517897 -0.035746151611718374 -0.755094507796402 0.645537479348628
2 4.083248442103539 2.2293105239883912 -8.982537619442569 0.4539096510146103 -0.4383692328282202 0.6596800423735948 -0.40819197213978203
3 3.7621604439937277 1.2670288752203236 -8.68558125054119 -0.41092092371453903 0.4246682190616139 -0.5866054592112757 0.5538004454640274
4 3.7090379330392764 0.24282064630382605 -8.60499532363426 -0.5250051591836188 0.3900298177703242 -0.5309652481177417 0.5388155801124311
5 3.8952401553471607 -0.7654051718696975 -8.505226709042917 -0.43050597353369585 0.44984861455342107 -0.41907429587737693 0.660815833096524
6 4.154196488292438 -1.667443483822625 -8.748423109007854 -0.38240829393008213 0.465687061166754 -0.4154592584411009 0.6813905358683273
7 4.204887638640231 -1.7078527963308576 -8.746839772864583 0.10723633833625723 0.8067032692381755 -0.5741655286508401 0.08980060606573163
8 4.193915920299621 -1.751482653025396 -8.734209849369208 0.6072845905598494 0.5969554671763634 -0.39987054733576805 0.3390474032494554
9 4.18769514402136 -1.3147936019983115 -9.737105643131995 0.6440862698961761 0.5351750486277121 -0.4225671863082886 0.3466662909961854
10 4.333641305893996 -0.9546809719740028 -10.622920660166997 0.6032037255427215 0.5394681713400981 -0.315404948157759 0.49561989092443864
11 4.405154930855241 -1.0282328482012524 -10.547521890812295 0.8015124571101001 0.09692355997253517 -0.5738309080309675 -0.13748343030320254
12 4.76127108510292 -0.6708790975514896 -11.448751166072485 0.8723521165083293 0.17208594293712437 -0.4067856101514688 -0.20955591244480787
13 4.745545627390225 -0.627992936354519 -11.440358188128725 0.8114640200455902 -0.10172211386090588 0.4649271202728902 -0.33914823979769687
14 5.282672552206528 -1.1916571810128478 -10.777608220558495 0.8827485392432827 -0.05289978391533482 0.4176964894663697 -0.20853362321945157
15 6.058937151752554 -1.4894463876566315 -10.037217254925775 0.8182983945878586 -0.1615629784496383 0.4998124732135872 -0.23339372962770863
16 5.986117869313688 -1.4064553404696296 -10.097262829268645 0.6768358224455718 0.39952864109681385 0.6164293236843986 0.04780191732299455
17 5.907583941457436 -0.7902990214887614 -9.413450995401044 0.6634687468034242 0.3792658492013715 0.6436991565579296 0.040224787025741386
18 5.842838232912393 -0.8486867635768409 -9.412378145605647 0.1766325747211543 0.8368122963725277 0.31939434893193774 0.4080849961190144
19 5.207010831653652 -0.3338123153108614 -9.93019595706722 0.2863147205651989 0.8121544646816196 0.35324932619044785 0.36557341236936025
20 5.190566080623401 -0.37016531857361934 -10.021136269364854 -0.16806451119451982 0.2836795273257814 0.8092278782923348 0.48624118176852765
21 4.772832293427881 0.3425288705024725 -10.533819125467806 -0.1347369019417159 0.31336063364306066 0.8641772456003836 0.36993076206839337
22 4.1060750541950215 0.8666061202169143 -10.975492418854074 -0.13116545017778572 0.26102975473566276 0.878356061181835 0.3783513203458274
23 3.4571228612673077 1.4095466952640665 -11.403810133284955 -0.08429493625169067 0.193563795713991 0.8902067923164174 0.4036821616381265
24 2.7651751394356974 2.070210263183286 -11.645003125342454 -0.006176623513278259 0.11798089549976491 0.9271078640426211 0.35568717442350545
25 2.823918204266536 2.0748466180015663 -11.7148761076559 0.08860170770095391 0.06583008972213424 0.8946410513721355 -0.4329359373849787
26 2.2026263990565105 1.3481169481778497 -11.472395183322869 -0.03386123590094035 0.011842029652831846 0.9411247776355824 -0.33615076373159913
27 1.4188095251279318 0.7142985395513103 -11.601994349988413 -0.1000746412554237 -0.18563424579309057 0.8939174590770251 -0.3955206307181758
28 0.7283005211457829 -0.04470408331512954 -11.873299364759566 -0.05285811862474337 -0.20685495317731228 0.9381050181320779 -0.27271967768549105
29 -0.08615393993202092 -0.5278687692081827 -12.076081549480428 -0.12379910148823431 -0.17064160701156092 0.9172721289466519 -0.3378861729708605
30 -0.8425280105337695 -1.1649531900942773 -12.405810009215594 -0.029714935542840534 -0.34356250050046955 0.8424152083467542 -0.4140271097423982
31 -1.5633619573706445 -1.952843581100602 -12.621144109423852 -0.15407235026485677 -0.3261950391046836 0.8807653797324777 -0.30677492272358453
32 -2.2937319955503916 -2.3773831136554073 -13.140985177374763 -0.1282072861195783 -0.47686218399858515 0.8078616735661986 -0.3217528020713611
33 -2.9874174155823052 -2.7453938060523333 -13.723847246910776 0.0002608250976279774 -0.4526640559316145 0.8273393809946687 -0.33257289891566116
34 -2.926767048153174 -2.835046754858923 -13.753031061198545 -0.1945368875509807 0.8762988699399374 -0.3274011064021299 0.2950664424339488
35 -3.7172277063792762 -3.3744139033911025 -14.24206405615195 -0.06541812919264242 0.8875327009748228 -0.33554464174226845 0.3088947498280327
36 -3.77500628357097 -3.5024914297944836 -14.209866979976752 0.5499754104635562 0.7453552270237991 0.07538825432878772 0.36917373219529204
37 -3.8852532748672273 -2.619769427600486 -14.629297669844707 0.6355597217943815 0.6712973447186118 0.024139877485452002 0.3805797962600962
38 -3.8919357873563785 -2.6228662186612968 -14.571741241717794 0.46046529579834045 0.7860887904623449 0.34249555484119754 -0.22963649489751034
39 -3.875859005946309 -2.6635832904208563 -14.564718860549476 0.506925789794607 0.22159683364640714 0.8174634768635963 0.16023280236293938
40 -3.909052103927739 -2.630560694030266 -14.543965224847973 0.26549079680098037 0.586075667163617 0.2751565445141216 0.7143660302560235
41 -3.658834028368106 -1.8391831090645758 -15.305717526238894 0.3197437811950086 0.5474910307048522 0.432396951764316 0.6411320938697299
42 -3.602751379800456 -1.0240076097047688 -15.72001940084232 0.2494640268782015 0.5029745870200165 0.5384633823343078 0.6283641062241319
43 -3.5925084058150527 -1.0338776280471058 -15.699134699618568 -0.1502682103372195 0.7097987924160889 0.6830565198717419 0.0838983307784831
44 -4.529234430847936 -1.0625400384906896 -16.063702457417183 -0.1255402415648178 0.6615475311410141 0.7345480013923162 0.0838674277632839
45 -4.564618183168506 -1.125152181132105 -16.053269733232504 0.6188766492985909 -0.47272374130704514 -0.396626702211776 0.48601565453206325
46 -4.305516203770511 -2.0665460734345147 -16.01195734297057 0.6421723625343813 -0.4091841297500845 -0.46951423510878165 0.44692212720774177
47 -4.195784920201369 -2.9754520403627414 -16.264094451200933 0.6969989709840486 -0.3591802401512972 -0.42357844275947754 0.45361138914437515
48 -4.180323068576159 -2.9396609032255245 -16.126011789947967 0.8919293426236599 -0.43866902592729606 -0.06704888938818328 -0.0868100218335076
49 -3.6328500458181723 -3.672664399811116 -16.300243442944385 0.8871325007185674 -0.46125230978934284 0.015070748301519526 -0.0038865702681232135
50 -3.068481098201956 -4.496261490076604 -16.26465023215686 0.9467860454430881 -0.2707624138533645 0.11020761601849312 -0.13467806343298172
51 -2.378975048249877 -5.042685587204488 -16.115481767436844 0.9012743057397711 -0.40852313674570706 -0.08097169684702457 -0.1194029181655768
52 -1.693673587218797 -5.829580327310961 -16.355415893067253 0.8650733684937936 -0.4339689577053398 0.08224280208263252 -0.23781323002839658
53 -1.754285233984033 -5.870941172996861 -16.312811429384947 -0.28010672428521277 0.9369283559231414 0.20791697852214755 0.02181762864263467
54 -1.7797220424910498 -5.826845589166418 -16.28058805455288 0.1819015474053694 0.6361389737216645 0.4547985978528212 0.5961520515396949
55 -2.0214453755434847 -5.092228303346257 -16.845688889589443 0.2101849062343468 0.7184012218118708 0.37776667205159814 0.5449902120015825
56 -2.0316727505316465 -5.0683025062766145 -16.884422358937414 -0.23068977360453358 0.17259414344598772 0.7178742673079036 0.6337586499130208
57 -2.0680871789051696 -4.240376369607289 -17.320780856424243 -0.23090451423367947 0.07615535797093048 0.7497150741027389 0.6154760551166485
58 -2.140833498789922 -4.222096259800889 -17.361097677125596 -0.2775046566254684 -0.12022171191667538 0.13797324894651658 0.9431337593947888
59 -2.176938653491496 -4.2634609958745155 -17.32622855076572 -0.17377930967933783 -0.17860489525261825 -0.6282470813880904 0.7370255407016231
60 -2.0215046641422916 -5.087850695708697 -16.85883055232236 -0.03603196452024842 -0.19943651648178098 -0.5954008376400367 0.7774475004551538
61 -1.9973064671190204 -5.0890456753094515 -16.815778421522342 0.44300190665394884 0.33391149035320566 -0.5920234249228906 0.5846030205649275
62 -1.9844091600531264 -5.065157319606588 -16.838762170674013 0.7525914490848722 0.5936477127577345 -0.03337206266266544 0.2829749270438661
63 -1.6403107702154378 -4.100542177491481 -17.17819629261067 0.7267423829094836 0.6444510933713747 -0.09386168169229857 0.21844514607877788
64 -1.6849826966739503 -4.062036710461895 -17.281748976380793 0.49638123173415993 0.32488628526491503 -0.523999372014035 0.6111294728269447
65 -1.4485646455901608 -4.318702132338593 -18.240850804854148 0.5500355525181425 0.30791588181424945 -0.45264962422761856 0.6306798065414894
66 -1.0459705590003336 -4.5170395771284335 -19.11373716936522 0.531411408865827 0.2515271949778267 -0.4475953588547174 0.6737910502860215
67 -1.1055820584968585 -4.535126685562827 -19.18312415008079 0.6449435704416171 0.6172589625935265 0.21641711525161011 0.3952249944906739
68 -1.0706827186305055 -3.5795731677896865 -19.362016622576007 0.6834764432894994 0.6681524730715303 0.14664348582816308 0.25480956077215533
69 -0.9758019806629902 -2.6889869395870103 -19.50934578824292 0.6790160910049663 0.6565803362468837 0.08412421903169058 0.3174311358114892
70 -1.0598835921711784 -2.703277154858935 -19.542072133107354 0.30668775070312354 0.4745486501823789 0.4036716444262269 0.7195800203347551
71 -1.055989238969912 -2.7770564480697097 -19.507560378397528 -0.1404404390428055 0.7834279194063403 0.585560945790109 0.15373859938710896
72 -2.0334157890255566 -2.8178575143733955 -19.947035118797206 -0.13291230691468064 0.792783398071216 0.5364573918486029 0.256986904616302
73 -2.9028478088684055 -2.7496825639129794 -20.531594277729784 -0.11611993676742591 0.7956128787698532 0.5428790287461291 0.24248436561629202
74 -2.9307212388190513 -2.6472315097684986 -20.61445071656225 -0.23628099596506866 0.14930388132221015 0.9589612293652303 -0.04767601642550216
75 -3.7543097669677694 -2.8143300167848575 -21.072675268856226 -0.22809352627404814 0.11801722541648016 0.9467380384429968 -0.19424820293112738
76 -3.720535590397454 -2.6937578871989367 -20.968965888970946 0.46702575962188275 0.24438523202614085 0.8482617956304446 -0.05113437484653942
77 -4.27301487044471 -2.5730667448973885 -20.072947989501735 0.3244304873342255 0.34316114074271037 0.8518027569787934 -0.22675394941558352
78 -5.000662516615021 -2.776316478667714 -19.438960110345125 0.3769604406510812 0.27639232010944415 0.8356984059986995 -0.2882989520964197
79 -5.557311750225038 -3.0483902391920905 -18.682761687053805 0.3922444546898614 0.15433123231430412 0.8551757557546344 -0.3016630326488334
80 -6.020151968054411 -3.5637818662774947 -17.999356215977766 0.439171553734474 0.09684407399731679 0.8565926825816553 -0.25297934277251477
81 -6.480388585396237 -4.0350550233038565 -17.242050600843935 0.38063672739147714 -0.10369865803974199 0.9163301033062184 -0.06856684225103087
82 -7.200554135173606 -4.32627571458559 -16.53323309389957 0.4535982710362763 -0.040092521079486215 0.8903033910140743 0.0010345120743962429
83 -7.110731134816168 -4.34194943299091 -16.551375538101325 -0.3929912050982377 0.47924937372093884 -0.5892015745433278 0.5183815728391445
84 -7.091477766969225 -4.308052340372532 -16.574643819400503 0.7559376773357478 -0.6390169378807427 0.13339730269052766 0.049201023573144605
85 -6.912972251011151 -5.301620130360634 -16.29505987259795 0.7565785131297721 -0.6327633315471018 0.10473029153117597 0.12740127846905747
86 -6.74024430566885 -6.111011243778611 -16.060884202406935 0.7673515056213828 -0.6000704331093326 0.1597707974281617 0.15987630974520245
87 -6.513401521722778 -6.900673302162216 -15.683270257589658 -0.6645555418038693 0.7005524491986347 -0.050158039945111726 -0.2551007032691676
88 -6.475896418428613 -7.777935738334513 -15.32189395125225 -0.6316290755244612 0.7009878277533107 -0.08326683560366076 -0.3205111704486465
89 -6.547673301375343 -8.643642309664083 -14.78623105067579 -0.651813947838618 0.7022623531652825 0.023358175934105937 -0.2853428820679189
90 -6.596428203734985 -9.685361942259076 -14.43430335570127 -0.5669869081559934 0.746371646585422 -0.10101513228308058 -0.33354333182197515
91 -6.793993843428517 -10.51182270418295 -13.85760305557794 -0.4977881809437745 0.7591891845035845 -0.014813966537955407 -0.41906951146663257
92 -6.740915038296307 -10.569582146583057 -13.776850333476546 0.9046425152549359 -0.2576589736126281 -0.27268714233078645 0.20217689115618362
93 -6.032617546591741 -11.122384148771983 -14.191393751753107 0.9119401597227561 -0.18743849156219355 -0.24801488112115502 0.267806974719074
94 -6.027352693611203 -11.066383229645654 -14.185992191284555 0.7968945105734354 -0.09436190800853217 0.4405589346916956 0.4024460142655566
95 -6.072472516949664 -11.094980571782505 -14.174756993764142 -0.4602928750512124 0.695898305947818 -0.5501303493136006 0.03482263229770593
96 -5.965319147978203 -11.090993484718323 -14.056968693597238 0.9091641167282036 0.006526618227218956 0.3225326039330998 0.2633452705261201
97 -5.174014180293988 -10.908483324489216 -13.379385653398748 0.9114265498442429 0.09624133547052519 0.38123009978968136 0.12125535287243697
98 -5.161256909213204 -10.852701065073948 -13.292406572760434 -0.5879297902346496 -0.44941317949261145 -0.29074430006163254 0.6064932875429488
99 -4.7105776315540835 -10.65518639750347 -12.396693191845921 -0.703041808578087 -0.36959406621650304 -0.3442560444579001 0.5006198332697231
100 -4.197757421417509 -10.483998628007027 -11.541947897942459 0.8103534297328997 0.2916804530882842 0.15898479951495184 -0.4826734566241758
101 -4.170260350003677 -10.52835256478711 -11.546551551275092 0.654333046144672 0.5435181566886738 -0.47492564499749634 -0.2255701881820656
102 -4.34597128121704 -9.678309359221007 -11.917866438145149 0.6446492344241845 0.41930210048884065 -0.4827172743238066 -0.41904313161219303
103 -4.2155557783154505 -8.667220892654534 -12.196527816348292 -0.5129923426071648 -0.4356045919953381 0.4794995928230536 0.5631763811999879
104 -4.1831309908030585 -8.675471482372643 -12.283949678491721 0.7096450870071895 0.7020007903139922 -0.046084240201964374 -0.038405516401887385
105 -4.196005299697719 -8.6336622869637 -12.34808871142911 0.5615730666448753 0.5174794227910441 0.46912429353138174 0.4435911800583959
106 -4.203819119841272 -7.602052035271226 -12.30076900987934 0.5162061875346601 0.5399656566551321 0.3861057152899173 0.5411937159690468
107 -4.153643611882095 -6.587121967058618 -12.4875731990847 0.42268036692435107 0.4707056469632884 0.5433293568674412 0.5518792542754076
108 -4.223213052855665 -5.5597450446046235 -12.454089218519075 0.31749720385692054 0.5716886214091033 0.4031212943772875 0.6402037704621677
109 -4.204678867329132 -4.7534887086615845 -12.88317995418253 0.3903655911533877 0.5797956768485614 0.4592883778916815 0.5481841518001154
110 -4.324016592961966 -4.756355216643264 -12.882254605121801 -0.02907654816486223 0.7760052683588222 0.6300230151619898 -0.00643258830984327
111 -5.32457543650192 -4.862399786525657 -12.921121615160665 -0.052686385648498514 0.7843764401719162 0.6170874732851355 -0.03436270049191733
112 -5.25930330430699 -4.86457754273052 -12.924255251090235 -0.11218442484435213 0.06979688754083882 0.9891549385128933 0.06415260655271571
113 -5.279573499543399 -4.923434493067165 -12.91724166967146 -0.07999978885766121 -0.07630191257669333 0.6994691985782578 0.7060601193667275
114 -5.25197096102377 -3.8597490156763907 -12.895261181159716 -0.06335346863519094 -0.21912781680365 0.6263357739995782 0.7454346625446827
115 -5.0932886772803725 -2.8705168408005854 -12.633933657888047 -0.06655528517737022 -0.1111022510432717 0.6893758273764072 0.7127325251854094
116 -5.015122364841562 -1.8455302134107734 -12.49301965151988 0.01800334893858585 -0.10034209007268871 0.8226176657921334 0.559381372869655
117 -5.381614854800907 -0.8418609389670688 -12.363239833454621 0.11604547267863638 0.141498017446431 0.8358877636454762 0.517497252086697
118 -5.8040043237556045 0.053396197123706135 -12.342166597433687 0.24746030724063045 0.23346220842430218 0.7845606305810986 0.5183853880272923
119 -6.15556796035087 0.9445951442239945 -12.210954994403767 0.3335226132904326 0.1994386145756166 0.7891120797152161 0.47569846656007353
120 -6.467675901952919 1.857111125681899 -11.90278571687681 0.2709844262339608 0.09089962619624448 0.892180133559788 0.3497417732803341
121 -6.420165796332805 1.7988055978274338 -11.96449290031103 -0.4036619691959821 0.34154905601960545 0.8426188844135898 0.10195426713255201
122 -6.398190401713665 1.7855137100442213 -11.925925963720758 -0.5551832037441014 -0.22885489388809405 0.7308870223875429 -0.3243473575187195
123 -6.553385992268476 1.6078397442677868 -12.923293276760935 -0.6216585662549124 -0.27202460401599315 0.6315823142582969 -0.3750293616878049
124 -6.431425314861643 1.4452875308465132 -13.989255955049472 0.5018731043263632 0.22382790279395998 -0.6420274049192137 0.5346262885580688
125 -6.35869908325679 1.0213203330518998 -14.882565758686548 0.49953924569925806 0.16778601718373817 -0.6745887242414437 0.5169511075238501
126 -6.388431748120553 0.5134479688312671 -15.710316977822552 0.5936362684465208 0.1681191547434224 -0.5931202003217827 0.517243036263897
127 -6.073765425279867 0.15007882750086776 -16.680705798628633 0.47207508044599106 0.14441430685415246 -0.5786544502794138 0.6491907682411812
128 -5.812272486106888 -0.5084009686408152 -17.450300403497003 0.5051382663843627 0.2549360401333951 -0.6199179613807444 0.5436402012662844
129 -5.696945947506243 -0.39234334431780116 -17.437340522183874 -0.13429168949812184 -0.5302827573585126 0.8313681048128412 0.09794393130713824
130 -6.742260895429881 -0.08029514183364495 -17.552101791625677 -0.006500390171787155 -0.5299628976577307 0.8478074126239563 0.01787912564161975
131 -6.80994898176935 -0.09626626909428487 -17.61584256737303 0.6260194355865069 0.266398993925156 -0.567419947455737 -0.4638597261381342
132 -6.709878913861284 -0.0105342858881836 -17.653670217322816 -0.5921110788589831 0.18932389525096108 0.7827263542102187 -0.030006456042547057
133 -7.0754446234814665 -0.3672377902722791 -18.581879001140024 -0.6791494706945636 0.2366554827704333 0.6938237178721648 0.03686227676139905
134 -7.086892819674484 -0.366480310583692 -18.58237131058259 -0.6102359357967511 -0.3367464091235421 0.6107748975040874 -0.37572328006597433
135 -7.131302895454833 -0.4566240641127995 -19.572198131704564 -0.5628061825442775 -0.4073179564580266 0.6026476852823188 -0.3926283874870195
136 -7.100315482543583 -0.4612054868243246 -19.64699118950361 0.1759510153329 0.7164627149335339 -0.6659732300659646 -0.11046300353012817
137 -8.071826614705149 -0.05541731526450311 -19.712422688882143 0.3003093101917093 0.745052580849155 -0.5955700511049935 0.002698927377364819
138 -8.081992856040674 -0.06764990752002649 -19.706884236448754 -0.4100964616398558 0.7181176944135812 -0.43853050536372434 -0.3518790488023247
139 -8.477283928662297 -0.3778515985436668 -18.842986122203907 -0.29458040439905553 0.7565334988642226 -0.3755993404818375 -0.44699506246708637
140 -8.848519880595259 -0.3992549661777893 -17.94317713591623 -0.2717097070724419 0.7925317119347112 -0.3645322580908658 -0.4064277961355716
141 -8.855271401293171 -0.3818269694809661 -18.00997132728121 0.7596782816708234 -0.361664728376232 -0.08572042691466794 0.5336099146528095
142 -8.14757743024176 -1.027382114358622 -17.620742238577193 0.7459597868504855 -0.377837786160816 0.013570169601017899 0.5482685968100592
143 -8.048628421755417 -1.0302085576379203 -17.57387392259968 0.8094869016723808 0.2703146292558257 -0.38869220280266803 0.34724534368590754
144 -7.4990101907679065 -0.917269039872426 -18.384580559239588 0.7268495761145576 0.15415991021547834 -0.4973759108245568 0.44781873466379835
145 -7.076907532364046 -1.2335276970619231 -19.19738328892886 0.6569633109077605 0.31248127406418674 -0.4414721193603275 0.5252209338058011
146 -6.650444348511504 -1.2940834714513543 -20.04559927706355 0.6650390969238851 0.24699158820760736 -0.3301420492618205 0.6226751819581002
147 -5.99152918627371 -1.300040558365315 -20.837663174661607 0.6368203710536897 0.1876688792143963 -0.43575021349691256 0.6077515596218973
148 -5.503165578757364 -1.5188355124479183 -21.650947195983093 0.5998009050861697 0.11844049215709104 -0.514823682790396 0.6009719625020217
149 -5.583729578744059 -1.4450620798601503 -21.701351744554692 0.7512643069910729 0.5461761413323135 0.05702100300052579 0.36611769814826106
150 -5.059930891460591 -0.5761466029346511 -22.090694699155094 0.7432874574857453 0.5465810966792322 -0.027257037639977916 0.3847465583944796
151 -5.132620473084278 -0.6361275702534644 -22.057221204574017 0.34794585119430543 0.06428013894497517 -0.5486075600576954 0.757516662141122
152 -5.094473022908555 -0.6007146504051374 -22.06033440939284 0.84388485432696 -0.3954866200783047 -0.31708879721292105 0.1757935739970798
153 -4.510729768529659 -1.3657971610172486 -22.34483547480155 0.8543282253998288 -0.34436864643797754 -0.2741729724243002 0.2763380173404997
154 -3.9078987885209786 -2.051742760997647 -22.613590027530208 0.8780444261382229 -0.25683422521517624 -0.22873234292883268 0.3327997622955967
155 -3.9683661522670244 -2.111532490297166 -22.699305955158284 0.799121865895767 0.3977602569765439 -0.44724928239786743 0.056205878801187305
156 -3.7220850442087148 -1.5086430494549963 -23.48501522577301 0.7844400863312325 0.2929732922638891 -0.5008073042618937 0.21911742280028962
157 -3.7261032703678496 -1.4135757241230331 -23.455265519420195 0.8765332507653028 0.3507944653029592 0.3063000856468613 -0.12170850811815452
158 -3.168576797027289 -0.85051098065777 -22.843298702509458 0.8524373909651585 0.35698797587866127 0.3499393506112789 -0.15314219032104087
159 -2.6434266899685745 -0.3846159220886023 -22.140319042637923 0.9245301468774636 0.3046042464553192 0.22039673703520452 -0.06233409067562793
160 -1.8361728901151473 0.22944096630975563 -21.686155471299706 0.8935415447709186 0.3848439409100142 0.23119762443399894 0.00512907100021752
161 -1.2241748459483885 1.009827633944703 -21.259699031977313 0.8572521560607981 0.4687403374447423 0.1435217607841351 -0.1574888604401066
162 -0.6994227994162384 1.7046026102978662 -20.838517803871262 0.8740824819011939 0.40709883034291944 0.13070819255506855 -0.23057694066376797
163 -0.017177425655549916 2.2848088209653383 -20.35163515362458 0.9130527612712617 0.3613025183011632 0.10579392390793145 -0.1568527687620613
164 0.6892800639007506 2.9541662844558667 -20.01597122618363 0.9027997922429344 0.4208496625035878 0.04729832259587779 -0.07483959764955105
165 1.32220733998067 3.7124155014741933 -19.82120455799024 0.9332543111607007 0.3296693537011971 -0.10049530347024502 -0.10126797080333054
166 2.1395068627617704 4.379090426610582 -19.971535752403394 0.9409825551097822 0.3138573485704807 0.01281114293900629 -0.126020912327952
167 2.1608415299856714 4.33669312385271 -19.989290160568824 0.7142028310518707 0.24118207093825575 0.55900609972149 -0.3453370893049203
168 2.4188991961945705 4.259680972242726 -19.06600563309342 0.7448858119543073 0.24093849098473155 0.5537387855072814 -0.28366728421884196
169 2.6676379094663734 4.328329679597959 -18.136103850069645 0.8167534383306364 0.18702619227917203 0.5358391285913534 -0.10397813542806164
170 2.576400928253604 4.3599957641953 -18.188185542108982 0.26368246666763584 0.003813563073661257 0.9491962711072783 -0.17170746176212692
171 1.7529270148618918 4.03088558423599 -17.68884406213198 0.20003679113221293 -0.039514514379910146 0.9786234024977396 -0.026835078360129702
172 0.9132656390177339 4.022450704810865 -17.285543089930535 0.2692103428901733 -0.03264466028263622 0.9604350485643794 0.06344001044391859
173 0.03333686544875769 4.139991791518351 -16.766401992285303 0.24280613378074922 -0.020261078143986023 0.9463441966745899 -0.2122906769766706
174 0.11659502113157344 4.106083518814987 -16.729525212582175 0.1999872200548265 0.03704934736460831 0.8310558977115015 0.5176664491287091
175 -0.25399352114936047 4.96349995842863 -16.506215464676586 -0.017663539292969634 -0.15413106863222892 0.8319381828512618 0.5327386535404299
176 -0.7258535389033756 5.886049351178504 -16.37461364542802 -0.06667836640480669 -0.18808215914755572 0.8431704566560216 0.49924210347931947
177 -1.1827735723685566 6.8359881968622656 -16.313937257264037 -0.06683658354783815 -0.2056128965400622 0.8711879630616721 0.4407808309041044
178 -1.7179278015656076 7.598065298098823 -16.2335937902072 0.04235275185716993 -0.10092808346733548 0.8915143334196102 0.43957019881370873
179 -1.6815577112335884 7.563130037876154 -16.272527306995 -0.0011101836388372709 -0.10297695536290051 0.9030074268331553 -0.4170996298735334
180 -2.3119038846590447 6.813974329576055 -16.335793279375338 -0.038349717351923725 -0.026663482297999634 0.8752200265675755 -0.4814647058568509
181 -2.8365322670345225 6.024487055854261 -16.435661181533543 -0.018323482614995407 -0.18135073578854585 0.8604406848995082 -0.4758339924632077
182 -2.769886616348559 5.891618168896193 -16.397484266961825 -0.29465329144856306 0.7540505436838558 -0.5285022549110217 0.2554849936152323
183 -3.509143892772652 5.16866209930269 -16.423472772148667 -0.2630486886157637 0.6739235132874829 -0.5483193460095784 0.41949777168348734
184 -4.076862529592787 4.369484255333651 -16.664756519489757 0.3962063267199994 -0.6053248460399094 0.6310006087670549 -0.2800725069859795
185 -4.604981002090513 3.582706886253127 -16.420801342875784 -0.3163357851005398 0.652324733408654 -0.6396398288027724 0.2554701600134815
186 -5.243289961161147 2.863784309043713 -16.30871195675762 0.478385273378876 -0.5651721468272318 0.6057714510060495 -0.2911510326461877
187 -5.639409082889171 2.026716300746837 -16.01528278553999 -0.4001982839044787 0.637940182068107 -0.626842299937139 0.1998559197830747
188 -6.214595222686111 1.2868654138330882 -15.84391277889609 0.26947912254695855 -0.6606910421498156 0.6713874767176313 -0.2002678342646266
189 -6.952567839379764 0.6879614389924807 -15.807803283431241 -0.20657491448540602 0.7372324786774103 -0.6076825836798511 0.21103780367671046
190 -7.057323136542472 0.6649042925665243 -15.854023723489467 0.3872242983569714 0.7120977853090847 -0.13246209575834278 0.5704628647924028
191 -7.112792435140797 0.9711739613756759 -16.729273472822726 0.360105214285056 0.6604915643590273 -0.19185473711999496 0.6302911136133017
192 -7.136336493249057 1.246455223854202 -17.718068815087904 0.3387999185845784 0.7102718379549285 -0.2211523755543232 0.5760383304623834
193 -7.306325023960171 1.4628674519165419 -18.620991342047507 0.3471863563701924 0.7106606256725568 -0.2036463019528189 0.5770193175016073
194 -7.454696872627605 1.7710594984504389 -19.637965403227394 0.4968036921735076 0.6703891360778115 -0.1725999654418608 0.5234250181268422
195 -7.453627855977978 2.269681752964173 -20.495061080367343 0.5564492506598603 0.7135054423230975 -0.016162740771012284 0.4254562034171899
196 -7.445425162514174 3.0052513488562203 -21.168673226206558 0.4830370061817696 0.7865670930923435 -0.19255484315348073 0.33303166681466123
197 -7.799651929147947 3.578343525289705 -21.83753983923178 0.4730088577932967 0.6707548156475939 -0.2941461113846251 0.48972304713168857
198 -7.819141082271597 4.021445819914436 -22.765020859188255 0.23911091933095235 0.6979308593253808 -0.3608201356995469 0.5705500096676905
199 -8.103761920016396 3.9809513460001855 -23.73900868197912 0.23218666186759446 0.6743720477203557 -0.3821877067263401 0.5875748906577759
200 -8.088136029202145 3.9013295591133543 -23.677018727437076 0.669214365338036 0.1600623342270382 0.3185128226842253 0.6519829477622319
201 -8.030508022178307 3.8481955204505716 -23.623270991096476 0.06261542369724471 0.609747949051158 0.724887661957042 0.31436384156829156
202 -8.829754857890448 4.256607149136276 -23.93574638270657 0.08416831517884307 0.6805361171796718 0.6330832335424944 0.35915443383223017
203 -9.465196079431303 4.8497770718613475 -24.22195128731185 0.15601283044311556 0.7366299032247259 0.6317243160345456 0.1842844837281315
204 -10.354925852978374 5.310546222185029 -24.32329270940917 0.126009462546868 0.6967846338988336 0.6868926100493754 0.16368057786638743
205 -11.292430830975073 5.716871310832079 -24.277212799793904 0.0402901626305238 0.7187413215007041 0.6410247082491243 0.2662234756304411
206 -11.180034914404727 5.80701411845028 -24.21372177672992 0.2594880395064764 0.949348657894285 -0.06957678152468529 0.16297900042665317
207 -11.243431981118524 5.829985163554919 -24.251104835612104 0.1296971412136512 0.787269407992481 0.5152774586107818 0.31284927912301186
208 -12.020476341281285 6.297657833889894 -24.623242649172425 0.06426477175661029 0.7686662870095751 0.5993342395601686 0.21405758014333065
209 -12.917075496136487 6.602902653223772 -24.813055199855235 -0.0015605239494445476 0.8423194716042964 0.5162848758088053 0.15474301125526874
210 -13.989205652920802 6.820825444595691 -25.071952812536793 -0.027307526247155656 0.8088755127816446 0.5863432673301875 0.034296890370013586
211 -13.966462244070492 6.799136138369601 -25.067103297474183 0.5146538058913419 -0.5056268662345899 -0.4016818203878832 0.5640253960534216
212 -13.959319347291796 6.804948173160619 -25.076016133267395 0.7366741538709481 0.08069187803495795 -0.6354050015122227 0.21693431238733424
213 -13.809997163332287 6.6374750833577565 -26.063581649644288 0.794400426678858 0.08800710562183411 -0.5670817702898194 0.1989999428579807
214 -13.505512369441394 6.555257748453675 -26.918625678064174 0.7792397120867949 0.10871373972828229 -0.5335540160798362 0.31030131457384746
215 -13.122626916782297 6.39884180474875 -27.794808493460444 0.8786431910548534 0.05125162437764729 -0.41784223300250095 0.2253159606665277
216 -12.477159403931095 6.3167289822559 -28.542786864741576 0.9663446713970559 0.05846461914085989 -0.23858596879064073 0.07639764307530342
217 -11.519118216606772 6.3785349023262805 -29.050773684377578 0.947829560231591 0.00013709232981381207 -0.31874265281654385 -0.004714576582669781
218 -11.532950060827881 6.311902148206571 -28.99422147184648 0.6402797260527617 0.07036013350087454 -0.15511764032601513 0.7490192532099751
219 -11.529133393184592 6.233311085964179 -29.032030216109998 0.40641590946148914 0.6702605959307146 0.20909480763794303 0.5846847043476041
220 -11.5808165782486 6.241540522722512 -29.07534532848864 0.6058291621430341 0.7371862603937394 -0.23963332784672525 0.17917397123708162
221 -11.833120871980798 7.013497947054293 -29.65213865335413 0.5671367373328599 0.7983315517905585 -0.08874189570867236 0.1820646328344644
222 -12.23197683368395 7.967178737457572 -30.106117242385125 0.5303201127048839 0.8157353485359641 -0.07824172703945166 0.21728932638183562
223 -12.582177870339727 8.838748335309795 -30.494395058469514 0.5564183317524123 0.8050127435343928 -0.01843754634628644 0.20497116802570178
224 -12.644970894852388 8.911548460062043 -30.595591119927764 -0.4773493497094198 -0.5761947668709997 0.6606922373891388 0.060190999461727686
225 -12.676084068340353 8.87030321845797 -30.572191603526328 -0.4143519365693888 -0.02441221621229604 0.8197341041402171 0.39465493138973523
226 -12.67028606565266 8.926123186142469 -30.604192908303883 -0.30871478768697774 -0.27868692134375045 0.3858731782839568 0.8234868972948897
227 -12.121191762476696 9.796922193105548 -30.351619031659585 -0.24134432499787456 -0.1976913635566111 0.4875514284554619 0.815453644407508
228 -12.031095452376482 9.83534812701223 -30.42984044644396 0.28734592660548414 0.35192908053698546 0.4894482311254369 0.7443243041737978
229 -12.03238963047016 9.776509328813265 -30.38933295262121 -0.26105589810695684 -0.07350978385037935 0.665564583566068 0.6953200089486614
230 -11.980235030980193 10.733992772285138 -30.636130887680196 -0.27843092686866433 -0.14260075063309072 0.6114015861660249 0.72686267294146
231 -11.798307326134347 11.62895469912198 -30.738364397181606 -0.27556864034904505 -0.07899659106766603 0.5606235547874582 0.7768672298876689
232 -11.4750996670661 12.540809283879499 -30.889992877424568 -0.15725393086759665 -0.05142901631341297 0.4832730207266152 0.8596938088328288
233 -11.003777497963133 13.307085046066423 -31.026092772698476 -0.20157499660352868 -0.2171812091653149 0.4145346423440792 0.8604422545566003
234 -10.958155645961838 13.247587416845677 -31.07093753141623 0.44795535806237263 0.3195030625086163 0.5457304145075079 0.6320064120816256
235 -10.788965725065697 14.119772275417489 -30.989622005691796 0.3632577946767958 0.48899066931629687 0.623567746494641 0.489995066770825
236 -11.054026936325144 15.042543285717812 -31.001341558745892 0.39339281445460206 0.43504662569239694 0.6470276853909817 0.4871670158649235
237 -11.11812276382897 15.030450808069022 -30.997133342948707 0.6478115929345637 0.7254607328866338 0.19788062240455204 0.12202509732000967
238 -11.110945103825015 15.053632386969406 -31.042333772364486 0.9617846168249233 0.03759120922926124 0.24187003155121176 -0.12270346231884738
239 -11.12198568023658 15.029708474215811 -31.084147050239356 0.5584073446620887 -0.1016473645606249 0.8084512413589015 -0.1557422262925676
240 -11.431120030575375 14.62384360072674 -30.23932593853341 0.4432501167328394 -0.09761635200489842 0.8903032085461947 0.03688602296169216
241 -11.994918723548379 14.585213070105839 -29.474169805022164 0.5645264279274281 -0.1069455820338527 0.8178382495488661 -0.03183005230572179
242 -12.336181382150503 14.325063682994067 -28.50411722803026 0.40537273712736194 -0.1032314151460572 0.8987096704499745 -0.13167060097269573
243 -13.040615174159063 13.897685457185839 -27.843722471691034 0.49188621395926463 -0.0476978273158195 0.8480260315109879 -0.19137585967382423
244 -13.466901954921946 13.5250664505966 -27.016029944973567 0.4298376586257163 0.043519924414921675 0.8815987718828898 -0.19007684977571981
245 -14.075465796763153 13.265467301099504 -26.18780387349681 0.4154880317165393 -0.06403321993700822 0.871739207775141 -0.2516747819555702
246 -14.028050440355045 13.316542535452708 -26.172150325845887 0.3271874145922786 0.2537910860235702 0.7914071862462657 0.4496811603182471
247 -14.416766869031393 14.180830512846088 -25.877182517158023 0.2534434456270947 0.30264544671564975 0.8325765821945142 0.3885722432601838
248 -14.932679162118767 15.040393188737687 -25.69951319437633 0.2949211207032875 0.34456008382658665 0.8356579505798915 0.30979940417816765
249 -15.052761199178581 15.11079280734169 -25.670261475879858 0.046942619213771894 0.32736988703997 0.41498437193724014 0.8475926607803079
250 -15.056324420301712 15.091767287936403 -25.698538521894775 -0.20863245330348618 0.18641713062281673 -0.11214481365867492 0.953490793667346
251 -15.018192924699067 15.096616442513998 -25.732167075166185 -0.2495014655603915 -0.5482335774916188 0.09104318796856486 0.7930322194706078
252 -14.916953931645576 15.107808387173373 -25.73376967661761 0.2161341152967248 0.9705536228407388 -0.09744728835619014 -0.04261144667391786
253 -15.912144981736212 15.52180486382595 -25.657406038879216 0.2621353684549514 0.9497904677121795 -0.03856369703960483 -0.16642102426888125
254 -16.670391274552667 16.046281913915806 -25.325715303096906 0.24796457368252678 0.9268666846614709 -0.07830571994610011 -0.2707396042082108
255 -17.344229052904904 16.641614613226068 -24.849714628957443 0.43368631341661634 0.863924147220514 -0.1022928948346865 -0.2347070792940663
256 -17.880141524190588 17.421650184689643 -24.51443813071587 0.5492128346635412 0.80660156493016 -0.12767858454754713 -0.1773622190349144
257 -17.60483407641384 16.688442499553094 -24.54870530254945 -0.5401988207317171 -0.3887585181000535 -0.12560524122945627 0.7357141918302259
258 -17.602560014058596 16.74562697331169 -24.54976008218769 0.11567411162252006 -0.37383253367397984 0.24423540558866802 0.887252953404029
259 -17.78064270302998 16.760512696637655 -24.466440282071247 -0.10391906325663908 -0.1914813820687144 0.7590219106090494 0.613531945238636
260 -17.947492283822104 17.806656255681762 -24.410827576119658 -0.22481243458631303 -0.18810233348946187 0.7475395430828299 0.5960381807558194
261 -17.725860984328605 16.853421566454834 -24.308221558041243 0.7807499179504036 0.3841756623349956 0.17263226941755777 -0.46155901642763786
262 -17.14989715679807 17.32978679201658 -23.6864622125145 0.8350725739584893 0.32929002646626665 0.06540383658510224 -0.4358258974087446
263 -16.383891328130332 17.812416597193355 -23.22059798379675 -0.7263127889672146 -0.3719016965452877 -0.24469860384873227 0.5237188692074071
264 -16.401829383735773 17.91049624740238 -23.257906282535366 0.30329875823949065 0.5524420044988921 0.7374769661752175 -0.24278677739248006
265 -16.39358184551279 17.82611129867402 -23.230266324466218 0.061142746761291986 0.928027967277102 0.200896012763136 -0.30767913241864164
266 -17.152806405053617 17.780128694233152 -22.58998204852338 0.15073848647126048 0.9128347609320295 0.06923757041014966 -0.37311763128297387
267 -17.82199854999625 17.970555102595917 -21.938259326234157 0.13713697090357785 0.9425056060479094 0.05387428210877857 -0.2999569894283471
268 -17.914731454590868 18.005739457859598 -21.897231697277782 0.30130702367696627 0.6320569186879359 0.6654539170589182 -0.2586294903768366
269 -18.605079705750914 18.019057635422925 -21.193778129397693 0.34890536687858714 0.651406450521943 0.5757862635423259 -0.34986405916825675
270 -19.11569433033113 18.04041148948665 -20.248368337093382 0.24569534389846234 0.6979267384644376 0.5579153151406462 -0.37584912778204294
271 -19.05017449817118 18.055229750785138 -20.347951101773855 0.5971918048674539 0.7160812722684788 0.3498651280888744 0.09046519691497186
272 -19.316044235827704 18.990269404872773 -20.114062243781436 0.6442148184316233 0.6747629911371807 0.31732115607921874 0.17026290673327227
273 -19.220582878277217 18.03614202092301 -20.334677833476146 -0.6230077391376281 -0.326757945616721 -0.25567943073790333 0.6631128340248759
274 -19.269671787386056 18.037138007127332 -20.315381694447446 0.25158322342445677 0.6797490381409186 0.6538297003969429 -0.2171493719003124
275 -19.20913461527902 17.99638986578136 -20.384654376247294 0.6667987155119264 0.5736348574761732 0.2541807144687134 0.40213764766819593
276 -18.94079759934715 19.000236009320055 -20.4479276639691 0.7218869877350391 0.45033015310859387 0.2690961529003363 0.4512972309180069
277 -19.458874903622807 18.0447698702006 -20.41287959974514 0.7306912014157022 0.09197638467316768 0.5002849425426767 -0.4553522692391036
278 -18.893041292593153 17.723353321066856 -19.597719159091817 -0.667720983913326 -0.08187920206984706 -0.461934220712706 0.5779803280776684
279 -18.339898562775364 17.25544494020302 -18.906347048910195 -0.5588685158020631 -0.1769761199083568 -0.5140595408833118 0.6261694846079774
280 -18.300581592700514 17.288108305345546 -18.9297374783674 -0.5034746525927302 0.26700959323800205 0.11967429986041578 0.812955849519779
281 -17.42806681358786 17.1436555618396 -19.524545012335494 -0.4958542647915857 0.31359189322499625 0.13404245275389146 0.7986371475528039
282 -17.474630127595063 17.18556492093803 -19.40899168945575 -0.3407975629903486 0.8473463381613933 -0.20107311475616008 0.3541621193557733
283 -18.00165988624055 16.42629646800106 -19.873947746046213 -0.3012728493843939 0.883898206779808 -0.16174859848352494 0.3190548873843858
284 -18.53180058753627 15.742374329434359 -20.339465364401658 -0.2553136274603833 0.8894149428923755 -0.2443962571122851 0.289873214530557
285 -19.180635018488857 15.15601086177304 -20.77417980391429 -0.2860229000000421 0.8466940078308441 -0.1703446465282359 0.4150697039993143
286 -19.690686663190117 14.565988703954572 -21.30815954208396 -0.35105828202462835 0.84795736482037 -0.2390758600420148 0.3171263521279511
287 -19.60204663040936 14.439424667269124 -21.30913652690857 0.7626804169246112 -0.47306577206773875 0.43933050665281054 -0.038936651908443795
288 -19.417887242284902 13.709131689705934 -20.67798853003883 0.7778244911145685 -0.4342719587134283 0.4522688369575022 -0.04300960374930699
289 -19.20982097547048 12.99668577034876 -20.03900988442816 0.7621222310208248 -0.4751053899281305 0.43807106037752297 -0.0392214164047061
290 -19.0508569910998 12.230671618789565 -19.37274895027623 0.7490263488476158 -0.49005673148357887 0.4454315932594947 -0.019865155069833787
291 -18.904048201344704 11.57299223525953 -18.759700263088877 0.7243272521816111 -0.47943284001742553 0.4586482680111338 -0.1874458586105566
292 -18.791362427840543 10.598600505265491 -18.27993017080042 0.772338462671977 -0.49727964498561433 0.33029738388743674 -0.21704813281293853
293 -18.554914013552068 9.680690847849872 -18.022744895007293 0.7336371303911011 -0.4988533369762105 0.416449789894729 -0.1987246376165899
294 -18.545139830421615 9.70416680253115 -17.958337625671454 0.7523249799996293 -0.5399220265147043 -0.0853406019854992 0.3677068280649193
295 -18.445996670733827 9.68386142244067 -17.894225850742874 0.27924193372060424 -0.334660740037081 -0.4451806534006174 0.7822022228091722
296 -18.534957105060563 9.714794897419834 -17.88377758176502 0.7157112755809849 -0.4741094555514653 -0.2637283691181505 0.439801024879675
297 -18.12601047071563 8.72427889897495 -17.84719858831414 0.6599210330550356 -0.43730570602967084 -0.32470791599997156 0.5175255731772291
298 -17.718119161229822 7.772801095572465 -17.771034629439164 0.6217234058126601 -0.463080201199331 -0.36284149293002804 0.5170713538093171
299 -17.370605641896923 6.886404477610648 -17.709172334942583 0.5614741672855449 -0.48554383386327993 -0.29534622520592063 0.6014686626292044
300 -17.43605950689413 6.859671574888332 -17.705753723089746 -0.1730548692312208 0.776193485079202 0.6027413283161224 -0.06541083316763191
301 -17.463653630606185 6.849001166706778 -17.71889813911307 0.3019539983466012 0.5485314659580433 0.6160187958155195 0.4779726529189898
302 -17.444882243819997 6.777263060255218 -17.64977062207282 -0.21223017824299423 0.14894606092738963 0.7882342134605129 0.5580862362641146
303 -17.784589726379096 7.528691210266701 -18.09372949918253 -0.20689990774821174 0.1682725901694546 0.69419398917609 0.6685592486558164
304 -17.812578614526114 8.361608141444291 -18.66200950042661 -0.17445427437141325 0.05582355222423741 0.6727717226658021 0.7168177218455888
305 -17.7859261714894 8.415461273573227 -18.620758845364488 -0.09285393696157254 0.040033560455511326 0.9947410590607744 -0.016299872595814044
306 -18.822529919148895 8.387904036013671 -18.820074419320367 -0.1212711392933682 0.06948934164664416 0.9898058671292864 0.027365810209919766
307 -19.769246618911588 8.402702032673181 -19.062534290744015 0.004697302327599496 -0.061657990752255226 0.9910335012910997 -0.11844334867750728
308 -19.79827897046782 8.370207882575581 -19.058678108447477 -0.02595064859232252 0.7834687051974256 -0.6176339869467626 0.06349496028940707
309 -19.821852948126256 8.352252901938112 -19.14650287995628 0.39850085647394246 0.6751049639575003 -0.3995611422014646 0.47516444382143824
310 -19.98014820427548 8.478657841121104 -20.04472956670595 0.2813563141498931 0.7132806844970097 -0.385443905050436 0.5133247370533929
311 -19.960959191384433 8.454643321637494 -20.004722641264216 -0.09794534482212655 0.18002398760088967 -0.44193565344291424 0.8733217915132622
312 -19.4010389321817 7.643433824446062 -20.140653763291617 -0.16343432994796733 0.15034566763356375 -0.38910371870635335 0.8940266752771776
313 -18.687117354181606 6.81409180931577 -20.26355838600093 -0.10479072902606387 0.08172410873800459 -0.3080033325362695 0.9420583953809429
314 -17.843000340996564 6.292674250752809 -20.429486260377526 -0.019808604016580904 -0.026021262504165244 -0.257998839074859 0.9655915866144591
315 -17.823373600703682 6.372907428447315 -20.49327149989575 0.03271647701296605 -0.09007466736099803 -0.8371893097948507 0.5384517118524967
316 -18.32634726265157 5.519153918652419 -20.455509412417964 -0.023157833113301746 -0.02380451428897651 -0.7466270012667188 0.6644134110961551
317 -18.34148683751422 5.546324940577552 -20.489620854432275 0.6392165412314322 0.46254559139602763 0.44370929738217607 -0.4249421710219389
318 -18.325015242356276 5.5412738386159575 -20.47302789370656 -0.12598022590350597 -0.703823287426871 0.03250766921639026 0.69835880047369
319 -18.312848797759194 5.520713621802874 -20.467575632408767 0.43829996923491554 -0.5645698852698339 -0.4571172402910081 0.5293371423240666
320 -18.23820479305638 5.470634452986621 -20.4965455863328 -0.1073232418667363 -0.025837965040215037 -0.6930394719104138 0.712397649976422
321 -18.203284007399297 4.478962962637907 -20.289137634938168 -0.01701111762498352 0.02972204930985629 -0.6971851552197986 0.7160726785760759
322 -18.1521458937096 4.389076903459569 -20.151845229313874 -0.5225101924012943 0.43144814663139336 -0.5276936818334409 0.51222551064757
323 -18.18566054791165 4.317067724741657 -20.14192751400847 0.05769440704020765 -0.08261185056962125 -0.5873010286462532 0.8030716900083044
324 -17.947260668345095 3.344213325783607 -20.094580699587283 0.1497338011169909 -0.07033057931349457 -0.673270660299558 0.7206524935059078
325 -17.897870782799483 2.387437241074664 -20.180531180566955 -0.057145726503225434 0.013189628319793957 -0.7704820586866208 0.634758061696919
326 -17.82793791173916 2.3516686007925154 -20.207324331798787 -0.573730437065649 -0.41408964124162606 0.5927932121027255 -0.38465486125327125
327 -17.840418603127265 2.4701811446113107 -21.222042075107776 0.6111591877836747 0.34566443430211846 -0.6055151309515098 0.37463578611095166
328 -17.788484154759914 2.365287144210241 -22.198331467853723 -0.5760104944529685 -0.29806274937080807 0.6760898351045498 -0.3496756248094281
329 -17.90698944378399 2.2258762201610574 -23.114710347912887 -0.540628189562146 -0.38346275567036947 0.6870577012733214 -0.2977065514654692
330 -18.21378041400866 2.2647760585854626 -24.11167875928006 -0.4636850998097179 -0.17400114223206595 0.8373953108128481 -0.23127651014541328
331 -18.72244389180211 1.9885116659329098 -24.941723826041372 -0.3026345572568735 -0.08594646033092691 0.9111985109135579 -0.2659751951205888
332 -19.403563151578886 1.5508452280413587 -25.557617443817634 -0.26881988432675374 0.11725700748779595 0.8884281667746858 -0.35310346425223377
333 -20.06532699510285 0.8408310413943871 -25.935503457621092 -0.25015303367683744 0.07405151986148752 0.9455033759384736 -0.1948414695013058
334 -20.10671192399804 0.9682824691549384 -25.924047039642467 -0.3237226883071479 0.7847478100293047 0.5276360005238487 -0.031220933371704628
335 -20.957117147685363 0.4288968368399074 -26.19112292308358 -0.3847922658670372 0.7626558068798729 0.5186454408962735 -0.03602692047388022
336 -21.700010884879763 -0.20991456368053563 -26.55943393571711 -0.3648562993762153 0.8362003775940889 0.4005378407056772 0.084960270007987
337 -22.34987875169251 -0.6667151906386964 -26.9349985176915 -0.4340102249975004 0.7997491438251856 0.4138125289916586 0.028206779292025932
338 -22.395685887737365 -0.6715608818961148 -27.045692037076183 0.8243688975943382 -0.22874474044896856 -0.28465568296789506 -0.4325076953651932
339 -21.630837845101137 -0.7872760614054283 -27.622838750097596 -0.8283628708857329 0.07953331376751195 0.19646608156206016 0.5185465118335656
340 -20.73598436617992 -0.699135276995465 -27.95164422955294 0.864705161346643 0.011027604962996443 -0.07726038195855069 -0.49617961389891363
341 -19.841235768863807 -0.5421916803461816 -28.04248028261348 -0.8272848228576101 0.04629116329805896 -0.012532374798652591 0.559731980193979
342 -18.82014332029766 -0.45876652249743355 -28.10635442255326 0.8662594632738743 -0.10452242033537645 0.05825932920663633 -0.4850520142171217
343 -17.88675125650216 -0.7181714382888877 -28.10643519017993 0.8973259151842088 -0.07178708743485888 -0.07549679838944148 -0.4288974812812334
344 -16.86133901858794 -0.7541434255230812 -28.269261317122197 0.8637098743161482 -0.023453065343704785 -0.1955519479169994 -0.4639123218892061
345 -15.923100352161125 -0.6907993545187546 -28.557166732904996 0.8867661488400679 0.0665835270753312 -0.06519594109999195 -0.45272720313412734
346 -15.956051402505471 -0.658010529558614 -28.578183941839196 0.6730521907102035 -0.573414303749661 -0.3897306702173532 -0.25750104762392784
347 -15.84992649406265 -1.2112650858338083 -29.41545526921575 0.6439660628626748 -0.6171916015260375 -0.38112744414454175 -0.24315449452296767
348 -15.85171076306615 -1.182228394326592 -29.434287023618722 0.6864879166197011 -0.5996575799950289 0.3220216312984723 0.2558264960193091
349 -15.762797176075823 -1.8922853584519004 -28.750772880824094 0.6776627868157424 -0.5927383809499039 0.3912293973416025 0.19071947401808131
350 -15.822837952039704 -1.9261045761840663 -28.703946452189513 0.33256305058056246 -0.6798793883279095 -0.17207107157062376 0.6305215151316835
351 -15.787001804161283 -2.5519051052437063 -27.92893351735622 0.3475339020559618 -0.6966792726807576 -0.2897805027259221 0.5566735472237535
352 -15.772230897015397 -2.4651930870602077 -27.86316447251987 -0.20981576101241123 0.7867110906975285 0.5792949271353377 -0.03847588334985228
353 -16.68646757190117 -2.829501878363796 -28.047438886595806 -0.20558083120234827 0.6956865316364944 0.6737167027023258 -0.14093465167105737
354 -16.713942205574554 -2.780218987341264 -28.067942391364127 0.07398176281944852 0.0019483885152848629 0.9707772852942533 -0.22828570894613617
355 -17.645228131267544 -3.2223837681463268 -27.901325922620575 -0.04904212401767306 0.02682754670552938 0.9896278102265431 -0.13233272473509608
356 -18.692092499892194 -3.460929708015559 -28.03031165282028 -0.05460012933540635 0.07040782131485133 0.9855610453420972 -0.14398260477726227
357 -19.701899180153735 -3.7131968197058822 -28.151936540640875 -0.20275021275090063 0.22302989606372156 0.9438113526885632 -0.13553651621409862
358 -20.61464513904048 -4.015314248052924 -28.50188089835768 -0.30849929406687726 0.11574904597088183 0.8559552513282395 -0.3984607278524189
359 -21.117315852801177 -4.755671197053618 -28.931083533317114 -0.2709381969123595 0.1231612059255645 0.8499718927389486 -0.4347086292709285
360 -21.06477902380725 -4.781533357850279 -28.94309203821495 0.12912826996869212 -0.3120400275028949 -0.19588726965515565 0.9206438446641206
361 -21.050572247057392 -4.769749044555122 -28.89910281661732 -0.5455202886551099 0.0693656175816643 -0.41528104813566546 0.7246638371151846
362 -20.434397306761134 -5.505332413366595 -28.60882264168811 -0.6763173129605708 -0.02613928306236986 -0.31630951459476114 0.6647254478712284
363 -19.7366658633361 -5.8897598654013645 -28.227920480777204 -0.6649951595796934 -0.05220499295621773 -0.35980369100203474 0.6523782494744373
364 -19.83484213884591 -5.948538457877257 -28.205173308479303 -0.04623996989321222 -0.24249032975804097 -0.23696223447713766 0.9396324837880571
365 -19.881075740598522 -5.964793383717176 -28.215026454649717 0.3316125038525768 0.8128049703178394 0.13331725730137398 -0.46000840907626933
366 -20.33059109376471 -5.572723666826986 -27.436221881672616 0.3939171158430901 0.8024198156873659 0.12937965894744316 -0.42920001058802254
367 -20.71256093456631 -5.08765950406794 -26.59648339342536 -0.34347275852944487 -0.7232773726897362 -0.2756272910961948 0.5319077953049534
368 -20.864859022257836 -4.797766578579565 -25.5736052057549 -0.3312846900290791 -0.6949311456746486 -0.3124624821054964 0.5564964997195642
369 -21.044679219946197 -4.660165413593852 -24.58460950177165 -0.40604282567937566 -0.6190688729178582 -0.27678287085472353 0.6125962754538563
370 -20.904460013185762 -4.527612201420415 -23.62686267065193 -0.48061599338767397 -0.6068138247227247 -0.0714181070821351 0.6290347391091863
371 -20.633895092141458 -4.096378677799745 -22.914127451902594 -0.4878772972889595 -0.6028037133367314 -0.066842772853887 0.6278020943694529
372 -20.670978350356414 -4.081442561925332 -22.861050038820053 -0.3571853283236717 0.1252805774430251 -0.23376030975626885 0.8955889323392212
373 -19.88011151425879 -4.590563189915054 -22.98627293592139 -0.16030558046728507 0.04463112386782616 -0.19921954402943773 0.9657234370822966
374 -20.858866810744097 -4.151737620346784 -22.960428193486393 -0.24594521826749918 -0.051561257164271526 -0.22577759358753008 0.9412103190067649
375 -20.017908232250424 -4.550337623039394 -22.752004310713225 -0.20140258610924874 -0.09206393211969138 -0.3270260459372581 0.9187029966152336
376 -20.86886862665888 -4.05321431589676 -23.118866174395965 -0.19780760071292255 -0.23219975935839693 -0.240265248698977 0.9215356938945546
377 -20.07594642707255 -4.3700844103222005 -22.594689293740633 -0.09207739801902097 -0.21128739864530507 -0.3346709571375076 0.913714801454158
378 -20.733238124780396 -3.762479139373358 -23.114356061358535 -0.1150785290052629 -0.1933903406772138 -0.28944437467509776 0.9303650156060672
379 -19.990374360201873 -4.267619055460488 -22.646473346911172 -0.08594066759937095 -0.1573147187758053 -0.4414798794129561 0.8791824594375081
380 -20.49967020434332 -3.4901748685741576 -23.039482158273284 0.001412484767782836 -0.13100456856449857 -0.37720608694347224 0.916815889846377
381 -19.813184742788863 -4.156850479720562 -22.688491069018433 -0.07467256318105496 0.059870909033090065 -0.28826483258627705 0.9527554087243633
382 -20.63921139597381 -3.634367400595595 -22.583537457434595 -0.05925108998818919 0.1428376114404966 -0.1860042135159763 0.9703036419840381
383 -19.72303861719723 -3.972466503919185 -22.91766144701832 -0.0985083358560923 0.04760434202043062 -0.24064187864907913 0.9644280277075667
384 -20.617734523466297 -3.4195672613710086 -22.870415735779403 0.03410802341918632 0.21933807809479625 -0.21586701672679326 0.9508569194813653
385 -20.599915966729736 -3.4594305941160877 -22.954305828941205 -0.028121384142228565 0.20750661680859783 -0.8276928037726411 0.5206484555989397
386 -20.51435594250541 -3.3812777393909803 -22.958455825418046 -0.006457595412101036 -0.05948849257905668 0.9626064140583124 0.2642126233281863
387 -20.52128199781776 -3.337676621611761 -22.95373173308198 0.1424155950505874 0.0857577250455786 0.4997867321191324 0.8500450772041872
388 -20.552583536774158 -3.300590300819087 -22.979220048857208 0.05958112488017513 0.2769269641903809 -0.1464249675367697 0.9477981192976531
389 -19.646082224719855 -3.518634122850875 -23.539193347330688 -0.03606056804232247 0.41705244959610743 -0.08077795343531506 0.904567195932482
390 -20.249849181958595 -3.3313479387863514 -22.72583325769736 0.030563111141122683 0.3916086910144606 -0.028242941857262602 0.919190331538884
391 -19.57955004336169 -3.3864808586859696 -23.38041594428308 0.015727941738332488 0.38466770162224106 0.1896616034229043 0.9032230440840131
392 -20.21509032684469 -3.6898712968142697 -22.596188887088044 -0.08683407289061705 0.408073802482161 0.1008791810070376 0.9031937811745199
393 -20.14595980891217 -3.6599427828881037 -22.676643623720164 0.24349598090493318 0.31553498208284053 0.7773295451068705 0.4867300696166939
394 -20.574944868212178 -2.7655091048163074 -22.55585376378482 0.235428430171602 0.3252044650007498 0.662537525844141 0.6323444765781023
395 -20.745895942955542 -1.7503221811320688 -22.570711906018797 0.3069826231962432 0.4260883264968503 0.5184535771893822 0.6748453862761448
396 -20.62841497820865 -1.8314004009383384 -22.54078106844649 0.718898361070918 0.6349085154125234 -0.014690198587093686 0.282596039554141
397 -20.662230422830678 -1.8598047383472989 -22.611767032872798 0.4230489418015849 0.14923448879613996 -0.5915048988532803 0.6699855332967168
398 -20.38364330418186 -2.6393917429852283 -23.215250548714373 0.5444741536914071 0.2527593984784385 -0.5676866114932091 0.5633759788757472
399 -20.63328541918737 -2.3009724779542475 -22.32469339903892 0.06265350865237884 0.6555006833599241 -0.21765719149695367 0.7204295516966787
400 -20.57446603296871 -2.549699065859113 -23.280282827730378 0.14480768813860867 0.6727452713616968 -0.1956406298818992 0.6986911172011866
401 -20.548115408038715 -2.5097880878204792 -22.288279863563105 0.0653671974175333 0.5750220630994355 -0.1247519851216222 0.8059241271105244
402 -20.320677996053192 -2.572205825412017 -23.23663239883852 0.030315468091186806 0.5820645863004815 -0.045036318613195264 0.8113282441620236
403 -20.66178192852788 -2.4967058363960524 -22.278893752768784 0.009793307253091093 0.6345729901198354 -0.03142729840522247 0.7721615998341066
404 -20.688073283655086 -2.4817552642173135 -22.24263664521776 0.42973503150602194 0.39313061642499175 0.41607535271166163 0.6983247253188807
405 -20.311558294509503 -1.6189447774635486 -22.488785891463092 0.45379845693553866 0.2348568030318502 0.5043697566200935 0.6960749896092877
406 -19.877919517947813 -0.7351202714561248 -22.379298491250193 0.3685349368060453 0.3475768874058035 0.5797518710960999 0.6381693158208309
407 -19.938887872008213 -0.7603036989494878 -22.33979817282415 -0.12709373178816988 0.6505766904922119 0.7199922553318215 0.20544659985152977
408 -20.851237012478343 -0.6471386549957283 -22.87395701413961 -0.21008696917026284 0.650620900018873 0.6435812052536879 0.3440336351110096
409 -20.88806772683969 -0.6326966441305683 -22.71952688519389 -0.5744762168877268 0.21979634749596025 0.21005315110196163 0.7599633646235437
410 -20.03897603077114 -0.5855343448157277 -23.23581497033768 -0.5761428101099818 0.2158607066926295 0.2854394662240533 0.7348387093685661
411 -20.80441084620953 -0.7673394286646773 -22.616831981283482 0.14944055462654268 0.2655833472569673 -0.0019347906502590385 0.9524333377606204
412 -20.75139726808083 -0.7519623725111632 -22.68429127014479 -0.4529029467000285 0.3388890100870491 0.10224400201049622 0.8182782679293937
413 -20.766261441348355 -0.8156594787066035 -22.742877399449714 0.9142683314519701 -0.20589573861368043 -0.18007491677652743 -0.2988199914207294
414 -19.92626455565265 -1.0541404510726657 -23.205916677717777 0.9094394741348103 -0.20071015358275165 -0.3237569265851727 -0.16678348126331652
415 -20.634352525096755 -0.7274365368563609 -22.506812018929065 0.13966329339122965 0.0722988986090835 -0.343723525115306 0.9258083883943461
416 -20.60174702454853 -0.7072437768075619 -22.488435969086673 0.7872013448600759 -0.1768101871236945 -0.1200375921834242 0.5784835147543781
417 -19.709185192093607 -1.0909359496507784 -22.632399921543936 0.7335765535207359 -0.27147574069270514 -0.21471899195464547 0.5848607670497035
418 -20.458267916217853 -0.4296715858918051 -22.612947999877743 0.061075211220770906 -0.07692538792906309 -0.42885110196631004 0.8980195073652815
419 -20.472507105917025 -0.347079085397465 -22.629437996109136 -0.5603628679031575 0.2060792146634755 -0.4143409227387424 0.6869107753580814
420 -20.500613367125325 -0.34621795678883044 -22.66664245125782 -0.04086512798716199 -0.08244599360930359 -0.46693948618199005 0.8794886103278806
421 -19.853666377030933 -1.1157080642846882 -22.482021465756016 0.04603835373379703 -0.15683410674519807 -0.4655494914918202 0.8697972199993658
422 -20.3581082053342 -0.24643962342617132 -22.70339385518899 0.2521772557405285 -0.073672826494606 -0.36730878986140497 0.8922237383156884
423 -19.59279811672893 -0.9696746458864718 -22.744775800542268 0.36828507101507535 -0.16671717927506371 -0.26149403035477303 0.8764658354384409
424 -20.444956112239897 -0.3611370046673924 -22.8812544771866 0.24324236437366392 -0.042664850196124156 -0.23111635141829184 0.9410622162422358
425 -20.503690652362998 -0.3630559717266013 -22.90235483006186 -0.5779129803448525 0.2643140624021388 -0.2413291824173156 0.7334268124899704
426 -19.77055020450432 -0.9853276699101363 -22.99245550212783 -0.6233125193560312 0.2240885775571944 -0.2552952800005133 0.7043366614282477
427 -20.441154745992137 -0.4089342182154748 -23.04605205536043 -0.09688849936825492 0.07378383517313912 -0.2219971862880044 0.9674119151827312
428 -19.60189912817484 -0.901596154887002 -23.13187072509896 0.005460432116695588 0.012416200716744858 -0.25680803133290925 0.9663672473153133
429 -20.46432222344948 -0.4389493823837315 -23.141167977823773 -0.07444676389568461 0.1371812459066134 -0.26920985945571985 0.9503499548528431
430 -19.566283683750378 -0.9241716020389721 -23.365862725782584 -0.08608676306202084 -0.009461794479819355 -0.2872522512574939 0.953931699765883
431 -20.432342908960162 -0.34435133910655935 -23.40675876144746 -0.18435946678991919 -0.03874722038793536 -0.25078191190628535 0.9495360301630337
432 -20.405679236398836 -0.3213572469481587 -23.425061833003518 -0.8124937541852356 0.06583815659148373 -0.2812379434823904 0.5063837040154554
433 -20.3116923503966 -0.3894946889213232 -23.347036379373293 -0.4633026325569555 0.5367971670043079 0.3021271426810587 0.6371174631238122
434 -20.091329366176684 -0.5546654253745965 -24.271029847565675 -0.5602952158494696 0.6371511359353992 0.29004617936258903 0.4426973174863288
435 -20.03191387771914 -0.9067691475570069 -25.180272021726687 -0.5511556162299255 0.729562998361486 0.27722282052064356 0.29514881992409925
436 -20.216784269094703 -1.4617747424033651 -25.894021317276046 -0.5808865544614455 0.7173837688891668 0.3285920329509376 0.19989651037838074
437 -20.41288049192908 -2.1931757743972726 -26.506903513104643 -0.586660580337064 0.7744276302688486 0.20141244857331578 0.12459628611823072
438 -20.4068716328527 -2.2435539229749453 -26.52971045452853 -0.39601814582890127 0.35594752962823034 0.7498520584566111 -0.39267400570216354
439 -20.793750721156584 -3.125679476041903 -26.85576962136945 -0.3066336230703888 0.373369984136061 0.7967112319249386 -0.3630728426550398
440 -20.78788435033594 -3.172234972211578 -26.864672749854794 -0.43932173994759643 0.7897972546828244 0.42015867609482416 -0.08175201653252807
441 -21.371666064596234 -3.9340995109048524 -27.09690314657157 -0.44956413175844484 0.7997544949262548 0.3790325030907576 -0.12090988744631727
442 -21.916159751112776 -4.7338862376460105 -27.245375166893066 -0.44954992635528274 0.7268209709712777 0.4418573101812663 -0.2727604394147081
443 -22.34345115774038 -5.655141249983031 -27.28284377889935 -0.46213581925633074 0.7764471429176285 0.3153850207840255 -0.2899872539964316
444 -22.337023678574766 -5.610894764230145 -27.32964881869727 -0.38090489944638656 -0.7636680567719004 0.03439984722291596 0.5201338358105598
445 -22.40639453749375 -4.968597839825787 -26.534840586425112 0.485925622547998 0.7146979772409731 0.0691290070733457 -0.4983013857697526
446 -22.419406022072494 -4.319725998270405 -25.725909297242424 0.2712295637202717 0.8180940392221818 0.17194452796473372 -0.47706576701355485
447 -22.445649253445286 -4.3269244896484995 -25.650291752020106 0.7535619017912828 0.4306670817721347 -0.04297544088745569 -0.49479635844163916
448 -21.80499263383703 -3.5109877763794266 -25.27223168300744 -0.7038329270256365 -0.42863547485534165 -0.006443948869641381 0.5664356239265212
449 -21.153396606255285 -2.927603733201628 -24.70591579580594 -0.7609879067781361 -0.3696300258855948 -0.005555784816027807 0.5331418037973807
450 -21.161426115311087 -2.885609316389093 -24.684763215703494 0.9043084873169266 0.3308410714426083 0.1138254207451314 0.24456925155356862
451 -20.38111301523843 -2.310358662854903 -24.73712283596067 0.8808884698787317 0.33064693220061564 0.1772693215847593 0.2885891499795302
452 -19.691241347497765 -1.6222419898224762 -24.63173276062073 0.9161950498688919 0.30966008470101464 0.1319406240608021 0.21746019006049225
453 -18.90896650414003 -1.030337676438382 -24.534364101633926 0.8718372812917163 0.4488713947609129 -0.034993979831061416 0.1928461752040854
454 -18.255774128847783 -0.2643294292327224 -24.809315573083463 0.9047963175969052 0.40203112930456636 -0.012156507437177753 0.13988142857472285
455 -17.600243076073053 0.4543913004601732 -24.963942231400758 0.9456444503867107 0.3126346032202868 -0.05157222950768676 0.07318800083153028
456 -16.85291687929062 1.0636893095823843 -25.171955053953006 0.98858189646902 0.10458214428717195 -0.10037078346424759 0.041159627024382216
457 -15.892546541348294 1.2908504674546148 -25.375415698263794 0.9837458537657389 0.047703312999225374 -0.1687709352849402 -0.03853388808129902
458 -14.896234860503295 1.315821072479526 -25.784747596615357 0.9412465411997697 0.08566486517716698 -0.2910568414208247 -0.14833204177041717
459 -14.103694880345131 1.5843229421085103 -26.26656099752504 0.933922215083741 0.1263379661842897 -0.3244517930879653 -0.08098795240960255
460 -13.313408269823444 1.9188657654066588 -26.836012925264697 0.9444287850519458 0.06365368857715172 -0.2985452723026231 0.12195572262744021
461 -13.291680554133132 1.9588991287911492 -26.8563847045923 0.6797189313380109 0.7002165274902056 -0.1943370139486626 -0.09955960033963486
462 -13.30319627619735 1.9485998335115073 -26.89267024137683 -0.6164045312747474 -0.5374508293843135 -0.2757273376662817 0.5051400747134738
463 -13.243103991449576 1.946124809762793 -26.83648896415912 0.7000869496903123 0.2187098865750383 0.6655885237606181 -0.13797161094155894
464 -13.22931749972152 2.053199297118152 -25.88256192619868 0.7447810207002143 0.20172622461644302 0.6097138342673569 -0.1812644526920295
465 -12.980240570076354 2.1652376222539953 -24.782534466262305 0.6121943631516077 0.4068732725948022 0.5886155070315063 -0.33645800132473497
466 -12.979092118264534 2.235000811143502 -23.84125800761657 0.6286583483691316 0.47295821761434603 0.557469414422793 -0.26519249122093264
467 -12.935791388444047 2.240546329786814 -23.83418888806938 0.04334572655085775 0.7630378378875489 0.6027878163661899 0.2292187915118512
468 -13.84220617795927 2.5419590912138696 -24.16740071354163 -0.01034240739553821 0.8178868255261043 0.4840274480434397 0.31092057632239745
469 -14.68306305676409 2.8679595925987154 -24.687027362467155 -0.007799302382080293 0.8014839182803617 0.5641232273669978 0.1983120872900939
470 -15.677052977324244 3.0830796385656467 -24.99358152588291 -0.029004785980029715 0.808795261267137 0.5803923234084087 0.09029783314490573
471 -16.75712919921334 3.192630829709708 -25.17397538195358 -0.10002995034084614 0.8198023545433394 0.5638422722825325 -2.252277024458323e-05
472 -17.70061397955483 3.0011333403319003 -25.30509317666199 -0.10504020339336442 0.7982566627042571 0.593086669292672 0.0010289930356714415
473 -18.667813370629318 2.839746407241355 -25.438820451329246 -0.0397617780870898 0.7230614313849553 0.6882599098050372 0.04358284068363044
474 -17.73023616616381 2.8342014199099266 -25.264085508446776 -0.6317866879949833 -0.18328097151634404 0.7096337082554417 0.25233641524755135
475 -17.841906981764694 3.383688024627298 -26.117647262974995 0.719545393299726 0.19550727254211828 -0.6554725201854906 -0.11994627399784216
476 -17.95035020050273 3.3419698679779386 -26.166831595894717 -0.4886641473263788 0.32314901372806315 0.5868875174708708 0.5588784374810348
477 -17.83896839265951 3.6759593594204323 -27.1252432389488 -0.3865751474949726 0.3609458924371536 0.6693272333539 0.5218033851584355
478 -17.99497456101062 4.027882625252023 -27.975807705333263 -0.4282957889476093 0.4655924756744838 0.6608188930209044 0.40386229632348203
479 -18.347838460196233 4.232853111300403 -28.973231770238645 -0.3360482658877984 0.520470519827093 0.5019553041355244 0.6035088016217588
480 -18.310396237716635 4.552825169937736 -29.98315896431647 -0.26255678404427624 0.519905933951592 0.5522430707805593 0.5964808008386416
481 -18.46748819053831 4.97763243603803 -30.86065658954471 -0.1679555817263805 0.5456898120415673 0.5373594314850318 0.6206918663838554
482 -18.319444296545132 4.464621336397673 -29.993902975115937 -0.26611987475302323 0.5685367648518256 0.4989720592914797 0.5974722113367898
483 -18.464886957360605 4.673663813994207 -30.894908660606507 -0.1948274172070506 0.48182976413705253 0.5433058207703881 0.6593186945727205
484 -18.41054498339714 4.253208784493612 -29.999035109306302 -0.26605308373593217 0.3871505213453642 0.43835758011317344 0.76627205509136
485 -18.084744253192426 4.727274073967093 -30.857381405403693 -0.2665047810031085 0.31911341547730676 0.45201342272432193 0.7891930660123265
486 -18.596497233773025 4.099290356907228 -30.08682474685293 -0.32028680092976203 0.3000590176210978 0.3059711944817019 0.8448447071751596
487 -18.712372917904727 4.072735374253411 -30.08952870396134 0.031810448985656985 0.5136781280088852 0.7783870807799458 0.35949468510047816
488 -19.35359056899557 4.647845046843757 -30.31844675850377 0.07437261101841987 0.410242878537153 0.7459815301156052 0.5193082437880511
489 -18.89905875329367 3.8277183855074064 -29.97012550564248 -0.774450188715111 0.03920406987884008 0.35829274687329327 0.5199194684199248
490 -18.181425883995047 4.184058974062781 -30.598176145373177 -0.6754375574120043 0.05703451193056681 0.48950233294310824 0.5485605130971467
491 -18.680240413477673 3.7784690600756647 -29.866357593785068 0.0051825402060066954 0.3509638190908956 0.4705010744888613 0.8095840153257554
492 -18.36144693561603 4.4738997360050465 -30.457997861429895 0.16468623644456057 0.38607313465052845 0.49358572991878874 0.7617080185001187
493 -18.531414833195214 3.6560372058627264 -30.050983305328423 0.029891084857728328 0.448294825909982 0.45761624140345425 0.7672845936887707
494 -18.361102759783556 4.329898508401624 -30.780632713195676 0.04591773381718418 0.4780423175938808 0.45852176369684533 0.7477465456469186
495 -18.55616909825244 3.56353507688613 -30.098731413452803 0.0791286073856613 0.4783697667122328 0.569545805537652 0.6637157563169309
496 -18.67379755368377 4.354101929920285 -30.687699599961448 0.12586233661694746 0.46499753763911034 0.5346618597779611 0.6943145237640195
497 -18.68247859688923 3.482675958329691 -30.164445172534315 0.14019847785612363 0.5786226161318508 0.4831967911375358 0.6419198672279472
498 -18.615914952527913 3.598928970739452 -30.063777276017255 0.38115955917244004 0.8625617032322695 0.10380484896274704 0.3161158836571462
499 -18.66172364779894 3.5587461027438287 -30.106574888188224 0.43780931082213737 0.7327035762228359 -0.516186798394917 0.07084960063766724
