# time x y z qx qy qz qw
0 11.910294337505363 12.394963266894138 11.894981124138436 0.0 0.0 -0.7071067811865475 0.7071067811865476
1 11.855086064002412 11.362176726442733 11.814392950237771 -0.09438583587365257 0.10125436957006735 -0.7374378579957658 0.6610781135569509
2 11.790132386747766 11.389207467556883 11.728112055567475 0.6373134401525229 0.4264607394197886 0.45083355607379316 -0.4568499988533892
3 11.849274606022487 11.367549872993818 11.687923283635433 -0.02177377363547091 -0.672698409725341 0.07549191234252892 0.7357334595528033
4 11.819747954846939 11.357208561684626 11.640268714491016 -0.5256804902544573 0.5444269390664853 0.441723133779641 -0.48180909421515117
5 11.80911890500442 10.30643703793605 11.730174370935504 -0.5297739534122868 0.5273997516416583 0.5417170309202174 -0.38435884101346923
6 11.628671770866731 9.332999479122497 11.518375482896266 -0.45407375732055766 0.6645609732057284 0.4810844152323614 -0.3474672951878829
7 11.277935289216227 8.401321396639796 11.517666328579168 -0.3441938909583785 0.7154391055563778 0.44933819067993286 -0.4096005884567383
8 10.880295157879978 7.542181606738708 11.81039488877676 0.3393913650017289 -0.6314456102425354 -0.4449054473649447 0.5367951989098765
9 10.708383115628678 6.654827994545426 12.238623621051735 0.3772537357175371 -0.664307568809384 -0.3621059164382797 0.5340921064667798
10 10.543755743234444 5.829443159942219 12.660510515209769 0.46905136498617456 -0.5849079063997015 -0.3679247222073511 0.5500045061855114
11 10.668065420036402 4.988990383817521 12.864814901839843 0.5135437499844717 -0.5296988138235388 -0.3313529145051386 0.5881302827901085
12 10.864662986444948 4.039177191497784 13.16689805380172 0.5164652099963223 -0.4748647637144916 -0.3604173432055749 0.6147084526525316
13 11.270991384806702 3.085002314427199 13.388544857044145 0.4113579140883545 -0.576233951921412 -0.2785914763670779 0.6489421302901531
14 11.3343000378517 3.075060463980081 13.405235968591704 -0.030352745875292946 0.8224840768544213 0.5678309603426006 -0.01290947772609189
15 10.318233977376767 3.100842140765972 13.478126850924907 -0.09433677011232301 0.7848382777977481 0.58939833366817 -0.1665504601537445
16 9.487332891922044 2.885194065059926 13.708276375808053 -0.003548322911573014 0.6845338949247493 0.6194729282370336 -0.384257787539957
17 8.893095832807946 2.347690798249822 14.25917232524025 0.02104995966347185 0.7474706565901256 0.6080721207188886 -0.2666323550121522
18 8.0617428266928 2.1322197319541907 14.720601636861215 0.027861584679538205 0.8635677801307783 0.41039981282719884 -0.29162718469056503
19 7.266514383742233 1.8454263668485664 15.239417931380277 0.09257600803424046 0.8702284129493177 0.4335481153867779 -0.21486792146974673
20 7.2352753688392095 1.835438789271248 15.32197807703555 0.23470936174592322 -0.5021609337341656 -0.453774300081128 0.6977354776173668
21 7.182100916543054 1.742614440772382 15.340983146816406 -0.24482496044521904 0.006817762650059813 -0.6375288174431584 0.73045962502042
22 7.135075339503545 1.6820079387862825 15.310186736185246 -0.5436086935758665 -0.47584365410471724 -0.41474850355453424 0.5532143200571409
23 7.3853633351699886 1.691814914183526 16.329519190800422 -0.5890270175231229 -0.26205740732830857 -0.43929232921599487 0.625615966375672
24 7.931010252478294 1.4297215737400648 17.185630557553754 -0.641734187529227 -0.32430659489167485 -0.3973192575041243 0.5702103758108423
25 8.461556446268014 1.419640214735462 18.10331693132058 -0.6785289304620613 -0.2833045343405382 -0.3429864429717177 0.5845488271185831
26 8.42518770998068 1.3896494677293436 18.02032486712744 0.8961346164507414 -0.07268241305756205 0.43361386265135377 0.060324407559341126
27 8.44229462973987 1.3601717224757723 18.030072841970668 0.629706615299688 -0.34915121085280704 0.20566533463109268 0.6627705340001999
28 9.16839181691064 1.1747399390109514 18.754649513550486 0.7366866089301537 -0.3589724922882465 0.12887915024243185 0.5584100237604485
29 9.183228097751638 1.1666868448848318 18.863874031139513 -0.4081862663799461 0.7073393551067716 -0.4813482982272708 -0.31836900673533947
30 9.198010218861938 1.1907702279174865 18.890702260698188 0.7547111189808284 -0.12673676944155632 0.08547979542293184 0.6379985287856683
31 10.226841750316682 1.1371962211556825 19.169498088501925 0.7856941642531313 -0.07996359648458662 0.1755605437074122 0.5877661090850524
32 10.242860942580581 1.1403845335210991 19.053843677222 -0.3502667058576563 0.7329953689581175 -0.5206450779144525 -0.26260184062004077
33 10.282803961511483 1.1890834550844402 19.068211737255325 0.4837427957492005 -0.2384624379807268 0.8317196596937751 -0.13179901711282271
34 9.789832201120864 0.6965529640182706 19.938805264184317 0.38932835431298235 -0.3153985450907774 0.8587293257171503 -0.1073831245398173
35 9.138680537534459 0.31485785672237426 20.612402579047206 0.33334793811718777 -0.35168400561136276 0.857436300427018 -0.17320653296049388
36 8.430099898267631 -0.23603152615448125 21.155435890619078 0.4106542084710402 -0.42982533144203494 0.7844885928099903 -0.17660960694925215
37 7.8348895789385535 -0.8863320915244892 21.67543642346945 0.34507447289700266 -0.4801414659837564 0.7813722772574346 -0.19961248741337717
38 7.801622214690072 -0.8085117772084839 21.629117106755427 0.5768835418553011 -0.06214492019615606 0.7241708663037152 0.37271965929800766
39 7.766432053249218 -0.4278690209752542 22.56616900334314 0.5692534884950006 -0.10968849373095305 0.6343371415837095 0.5114052121231412
40 7.86736514770596 0.039441993599395986 23.422400730019543 0.4141426492559787 -0.010220809756404662 0.6628424804139513 0.6237156782331535
41 7.9978346189835126 0.8056422303826996 23.99181368568844 0.4250394390697263 -0.009021527691582362 0.6944564174677681 0.5805087178598053
42 8.020258741008682 1.5598530755547957 24.58982549942954 0.40148806930182945 -0.020063766756450583 0.6186989458266319 0.6749936221216069
43 8.276869772667315 2.3167036464196644 25.115512375146785 0.3527202943157647 -0.12926771161501469 0.6436105460050509 0.6668161049215127
44 8.207843868859294 2.407195557321108 25.111897868443346 -0.15470023185121448 0.546520172281829 0.6228510602130437 0.537996372056269
45 7.847772549382606 2.9305425740698423 24.340403835734687 -0.3160067010147277 0.5035348608674255 0.7122684780201533 0.373183633113599
46 7.344596263745848 3.1008561470338423 23.499715741396425 -0.2969513440998497 0.5180458216538273 0.7042312890958853 0.38406603255514704
47 6.785483453510595 3.251250023097452 22.656035044681378 -0.21604891487829583 0.5304368783411012 0.6964169832223934 0.4323921483504055
48 6.798805078420465 3.2422343624498757 22.63112642195083 -0.5503568530328664 -0.08669282744377917 0.8263117812910273 0.08246531446136816
49 6.41264886791539 3.443464241770716 21.745530570301046 -0.4911971538026476 -0.016952981656615365 0.8682570896549265 0.06758386473919202
50 5.917785654557944 3.603542141461301 20.826896157869463 -0.49442382995065187 -0.038774583531292005 0.8655937555327454 -0.06920302328382287
51 5.366428105879164 3.5112081528184516 19.853415311358983 -0.5036804451849656 -0.02870589631354066 0.8408265517280593 -0.19619554165223058
52 4.990854525367575 3.2695384069449833 19.062916367182215 -0.3756668483222522 0.14590354241094095 0.8632593240884208 -0.3039241924526042
53 4.437627093622961 2.620489780056055 18.539836104521214 -0.3189873690695196 0.25983805303285096 0.879536578135724 -0.23905365985800117
54 3.8109770328983283 2.0588862536890007 18.165323353505435 -0.28816933428578756 0.38656707423806197 0.8224519344147918 -0.3018230399914453
55 3.125208105622705 1.2860132253471281 17.951597840391397 -0.299953934226489 0.5118135587203935 0.7615629973002146 -0.2609527152476688
56 2.4205107994058546 0.5941632058024812 17.729621689007196 -0.30866979964196667 0.6177050347606701 0.6848627114380798 -0.23265105050695375
57 1.685712377603771 -0.13410843223319435 17.547531821123716 -0.23020206461116463 0.6501631934645452 0.6804420394168029 -0.24757516496418544
58 0.917774173410644 -0.9184782391074205 17.546196051379912 -0.2830694097411045 0.6372237228529376 0.6753525905704721 -0.24024261635275618
59 0.20129532054793775 -1.6215710437913513 17.449697500528018 -0.26434231083066767 0.6116503606747462 0.6680348021401024 -0.33126497267412663
60 -0.4360588654843023 -2.329843205242375 17.438713151760105 -0.23454550646762853 0.5014309569156267 0.7961446947710676 -0.24435430389171797
61 -1.23862349735665 -2.9992101117549614 17.223296233225213 -0.2938224404512984 0.4923859290197501 0.7723081691499464 -0.2734310923338066
62 -1.8161796013949956 -3.7010517974272243 17.09673811253666 -0.284372288625866 0.47273121008590097 0.8115812292189943 -0.19233697733871438
63 -2.5501813827001687 -4.319957126864462 16.7952997322277 -0.2537891273430659 0.5826199403965658 0.7345592299778356 -0.23783990739385283
64 -2.530676105583585 -4.415603537634543 16.845037185783795 -0.37032600468593996 0.9139639561054207 0.12669978923624933 -0.1071246965035039
65 -3.23342337012446 -5.101726025986176 16.928876337876467 -0.34288656028345976 0.9258190616777301 -0.012447055275712467 -0.15853372709334848
66 -3.978924006667932 -5.743330151795567 17.23328435950695 -0.28090566716897836 0.9321871409322203 -0.01240895940477086 -0.22795867642942436
67 -4.714030872609181 -6.319060385833202 17.74471696908449 -0.19541643149630644 0.9420306213404206 -0.0633396602681413 -0.26529005672159484
68 -5.535543644928404 -6.621546103702143 18.331477609422898 -0.2293570908168835 0.9264075323577249 -0.15945465994912514 -0.25246508729603717
69 -6.291508488989847 -7.018594032452577 18.873975158194007 -0.25207537502249017 0.941827791678042 -0.13416942497556664 -0.1772483611542273
70 -6.29872115828147 -7.0702489318263995 18.856498101333937 0.8363244046507207 -0.5262545601251174 0.03692777649420764 0.14917763725280875
71 -5.837770913253274 -7.927893392694669 19.127941522391087 0.8283586093083969 -0.5585070795887093 -0.04321876928205689 -0.004898409506565829
72 -5.48598758451544 -8.893590992597899 19.131385451113935 0.8320492097559249 -0.5301017256899796 -0.14994513248369218 -0.06482846758557848
73 -5.07125329762174 -9.739493598872405 18.843332132840832 0.8691453047056286 -0.44009159381035934 -0.182038846382349 0.13329548669554092
74 -4.5092614733162275 -10.65818638045217 18.659738648005373 0.8819441537731205 -0.3256917533642434 -0.219736602800151 0.26041354958179075
75 -3.817604418988047 -11.2613679808659 18.52073272280215 0.8793702213484283 -0.31139237123801844 -0.21484231314598926 0.28911171789199563
76 -3.1362577348608385 -11.935883566749729 18.331177615740177 0.8846914079804129 -0.14206152528358879 -0.13358468939643134 0.4234321273103799
77 -2.2176241261374323 -12.258174075144382 18.236302965374357 0.8657332752717145 -0.12382741291706688 -0.12648701990271569 0.4681599103871518
78 -2.2133461978722906 -12.27413978067486 18.186612539649836 0.3527076002922571 0.13705679046639785 -0.2167326454326066 0.899910965199842
79 -2.178240526547729 -12.300430139227227 18.173275446050074 0.3615737907160791 -0.24462075632441446 0.4774534429088457 0.7625374019003698
80 -1.8164795561874003 -11.75073024996777 18.816597665175024 0.44875237458098294 -0.3180379149240518 0.5507417892818173 0.6278189806921681
81 -1.669063816396493 -11.380270729665614 19.64929680981178 0.5259384263570389 -0.26085766191677934 0.6341809350336121 0.5031466918705575
82 -1.7543993849854322 -11.333249879896153 19.568668801347023 0.5019678107285512 0.008701936326741369 0.22278847302378035 0.8356541686512926
83 -0.8239604392935423 -10.941235944844555 19.785084907192545 0.5088593646603647 -0.06283028280131549 0.14311215500953461 0.8465420330078617
84 0.07256917401853791 -10.787438291168591 19.968036248685372 0.4310434190548274 -0.10036061876019918 0.3362013873949242 0.8313230083459271
85 0.034605135576469395 -10.841637975190165 19.96093079680218 0.39117207647746344 0.19718242580655418 -0.19048523408424006 0.8785322265763644
86 0.917863357120383 -11.056836742924151 19.39897632988484 0.4897308190830124 0.22520281720959123 -0.2455275000725437 0.8057069334871534
87 1.7075723282462323 -11.152766812245247 18.744733748738795 0.4452639020122382 0.1721880043882113 -0.1672094687868437 0.8626310580182368
88 2.5956004203156486 -11.370658766926951 18.20374714252728 0.43619790742458986 0.10686966401062818 -0.20268246279584592 0.8701896803270394
89 2.560067050447437 -11.329903298917735 18.222218407993438 0.4155378700225533 0.6867127946974856 0.14565564369460524 0.5783928160305926
90 2.575096854132108 -10.608841199225676 17.58116786933201 0.22997213027936095 0.7172429455889128 0.13056766501847056 0.644691756694109
91 2.563142176924733 -10.54859510983524 17.555194119726835 0.383381883848274 0.04935270259487076 -0.030046118930009094 0.9217808159322771
92 2.6169102009846434 -10.546377990239707 17.532850104595237 0.3218001980571557 -0.5556488942333695 -0.2902534133745894 0.7095434411591784
93 2.789826617140162 -11.246631778592977 18.111782508300752 0.337843129408089 -0.5384935474278617 -0.3232945028207565 0.7009760222262856
94 2.968310485521547 -12.057701110925638 18.631762789142627 0.3540999547790141 -0.5703379207905578 -0.20624825073953562 0.7118915206691852
95 2.8662280873794788 -12.085496534530465 18.59950136818912 0.6691026834138682 -0.568552595739765 0.3293922806651646 0.34720349993071364
96 3.08890275015286 -12.569084592794301 19.589361767115967 -0.5237633746733987 0.6891670346878315 -0.3626881649408167 -0.3452216978438304
97 2.8941087742395215 -12.993306797832233 20.42644734989233 -0.5089536522943732 0.7371347317366088 -0.3339790583997951 -0.29335397668039553
98 2.539480037615173 -13.503358038877874 21.20843803752078 -0.43939004236757034 0.6666516858063268 -0.38755220981372585 -0.4607767411103827
99 2.3613138051014237 -13.75437616538669 22.13155270729736 -0.4375460729048127 0.6645463748937569 -0.4095634332502032 -0.44630633408618436
100 2.199055120786597 -13.991198493530154 23.07980555148938 -0.47966067151406894 0.6632724145088433 -0.37773803085342317 -0.4327924726716714
101 2.2135691582951957 -13.926587219234468 23.058238090741067 -0.6576021619403802 0.7176779011032883 0.0778856999262226 0.21548003301076124
102 2.1444360840747754 -14.869008361458071 22.514393504182426 -0.6269445830357423 0.6743960821244481 0.03586480329386119 0.38838657301975094
103 2.216531385483284 -15.698792956227114 21.937358876851427 0.7226207168435004 -0.6093333695850026 -0.13246564808959901 -0.2983035306109777
104 2.484533578360059 -16.47053226252842 21.352474921429994 0.7218314646983016 -0.5883379471789841 0.025323454187256345 -0.3635608878148875
105 2.7895282091480196 -17.416108225518915 20.955269190562333 0.8227401042196081 -0.46257835805708514 -0.18856626411452948 -0.2712245335581001
106 3.293681693247848 -18.040188198311174 20.437033296177233 0.8175188733326981 -0.5069506738305108 -0.09716629809464492 -0.2553871895029373
107 3.683504438515597 -18.884766431818313 19.984944822092988 0.7667662099432769 -0.5295711651666618 -0.0997429242780843 -0.3488198809840158
108 4.073740576934141 -19.694073091408693 19.411154559756845 0.8838067583597051 -0.35223049367669657 -0.044727909906866654 -0.30466162751049514
109 4.878106363820684 -20.29966701039642 19.134637916321147 0.890828265450574 -0.35776245341634216 -0.10230821452567475 -0.26069917077046817
110 4.98616869680223 -20.373754508385055 19.081634365994443 0.9045432347287391 -0.17266733876205792 -0.1431163052715681 0.36263652573439575
111 5.875760705860511 -20.77055948111308 18.894140011594068 0.9121687804559712 -0.19826478658116714 -0.1510764852701871 0.32529230848853063
112 6.763270385183291 -21.234190555861822 18.714872871080377 0.9116137098618774 -0.2783368480072666 -0.11951845560476897 0.2778567649043215
113 7.655626035313677 -21.897400515805614 18.6509521400796 0.9490742957852331 -0.1080826954574148 -0.009545043988927667 0.29577864046897134
114 8.642758683811197 -22.083301415304216 18.762083360304075 0.9564650832444365 0.05340524463870463 -0.11158108288850603 0.2643332864410411
115 9.650471654249996 -22.041138660836516 18.447700466454304 0.9545311782120395 0.02422524238514934 0.0005459025756084488 0.2971246698658567
116 9.606274056049806 -22.010843186850114 18.499183318355858 0.4502721862159121 0.02572911832822693 0.02622025908051632 0.8921353422010283
117 10.6620679859625 -21.96947712552433 18.54401426875397 0.27137375554057175 0.057386616167737145 0.07726596814419094 0.9576497435155317
118 10.648827267407363 -22.014968488496077 18.535185446055753 0.24250394729155073 0.5662503052822896 0.24417924829173002 0.7489518823124862
119 10.829148090810905 -21.412623346123755 17.770035980510276 0.12098445069920222 0.5153372359270086 0.2541454616562331 0.8094444886931178
120 11.095831901194643 -20.86041803527731 17.033962605254814 0.10474773921841447 0.4796771083837237 0.15599735446540738 0.8570896150467898
121 11.127936594999301 -20.842331608439697 17.03191715506319 -0.47351355893572805 0.17122176513018297 0.4801056796911283 0.7183081184130142
122 11.609903391475232 -20.31671137509934 16.232555931641116 -0.39833201450756767 0.1359500094782673 0.6583273233791155 0.6240627664215285
123 11.69550900372522 -19.653638609577758 15.55573231143801 -0.36602162406664984 0.15590728910805188 0.5947076615513521 0.6986013779049628
124 11.649812979481538 -19.73584684644591 15.629428600912867 -0.3133049482802004 0.2746110952765031 0.9017114615545416 0.11552140855855472
125 11.6620574402998 -19.647613193130987 15.64357538087379 -0.009765172497661345 -0.41709271880137394 -0.7194158830585412 0.5553189106559105
126 11.601724791885793 -19.659979276407395 15.626295013579215 0.5130209131636542 0.7012857958982585 0.4945252637358462 0.02127295595511377
127 11.577425012673942 -19.613621977437408 15.52154518345749 0.771187170943729 0.03513681916973849 0.44977706054464456 -0.4491506953331586
128 12.157205657034778 -19.943041412004714 16.27850933180509 -0.7255526316935884 0.06378491929975831 -0.40945082821953077 0.5494132160612551
129 12.768803728580831 -20.476317131401956 16.929023280708495 0.6804942142225714 -0.08554400694080708 0.5732725466692338 -0.4482950306678487
130 13.138341912432482 -21.146157317874877 17.737668499827464 0.5782204766193905 -0.09232794185439541 0.6857252184086027 -0.43233963085686494
131 13.147264669400002 -21.891822821384434 18.43203892964818 -0.4594586813250994 -0.03669128719854621 -0.6076136492561683 0.6468053206617246
132 13.191222213609725 -21.920728154115192 18.518357653899976 0.7719008517926355 -0.4407122899997709 0.45527142541714194 -0.05166896209142673
133 13.37519011325204 -22.62494788530551 19.20086830804177 0.7825997656934741 -0.47603684610088676 0.358344401426979 -0.18032142927777636
134 13.644805004292559 -23.48123776284837 19.591705602406496 0.8108256325002898 -0.47217842254397124 0.2724849461523803 -0.2129818891002851
135 13.73740009533936 -23.43514737762426 19.518092786607898 0.8825246666216953 0.34366906903081057 0.2984735827738768 0.11813257036857841
136 13.724940046322846 -23.50914010792246 19.643782814625258 0.4748149127814067 0.8093601407097534 0.08671385750708796 0.3346157021822399
137 13.401631463263158 -22.65609262063072 19.185283672469602 0.629585181623014 0.6855644629384727 0.055193214962707994 0.3613551926549277
138 13.523685042026516 -21.739954065983827 18.820312683156306 0.5712863170245767 0.7279338929624447 -0.04530427079862843 0.37641959899085914
139 13.546390292195234 -21.761103345759498 18.806537481683268 -0.16276354912463434 0.9069847228318885 -0.22698605303124786 0.3152206708882059
140 12.766899635562684 -22.215916605568644 18.213894548328497 -0.3214916722542936 0.8763865042258119 -0.2027111863435044 0.29580056594470494
141 12.79996279502439 -22.197267446898525 18.218782016105205 0.8267379422597022 -0.44287817691798953 0.3169904076419692 -0.14099778970242507
142 13.207424060106682 -23.07375480752705 18.552153080060677 0.8618361460032609 -0.38490225989874094 0.3210965985054681 -0.07736719069028038
143 13.674659526821712 -23.773692645650577 19.0364832505573 0.9183119287381634 -0.3236150829183327 0.2268924200056198 -0.022278002355421347
144 13.676570807594997 -23.701199566002785 19.017271971560444 0.758980403959566 -0.4275865628549574 -0.08630993346485201 0.4833932902477549
145 14.348458697938753 -24.490150821661704 19.34515208272144 0.7631808817038876 -0.47911159262853453 -0.1541804601354359 0.40525968134401286
146 14.872789151612633 -25.43625633741505 19.44428096241069 0.7613692021120757 -0.5895947671771125 -0.11923988175672498 0.24181976592336238
147 15.225924263019975 -26.377516688159652 19.61966327071003 0.8573368323021269 -0.42901203356816026 -0.2551108644538606 0.1258597547648586
148 15.748367784803806 -27.17916076583492 19.296281793207175 0.877722109452779 -0.4022579107375586 -0.2440348311018418 0.09077154309536481
149 16.315845471581703 -27.910661439003405 19.018048342273865 0.8251643004205004 -0.5029955568628726 -0.25309995191575646 0.04516371804885462
150 16.689005549916654 -28.8100851551643 18.615394162143517 0.8875791501030095 -0.44904633170815617 -0.09556568095097435 -0.03778683509165928
151 17.324494959235167 -29.547397905530822 18.410871763335138 0.7921744627715759 -0.594372070402281 0.0013914398273762738 -0.13849016699202002
152 17.66669957650375 -30.546459101222574 18.220838300945708 0.7818094839435135 -0.5886546704280361 0.03713536799875486 -0.2021894513638988
153 18.0285440793835 -31.487125171306186 18.036840044493008 0.7391067281216122 -0.6370662454145803 0.06339769299455623 -0.20940051557172154
154 18.140755513058938 -32.451580493475056 17.82984846046314 0.796325448794919 -0.5894472455092035 0.052366880276915086 -0.12520157432415396
155 18.48463886836727 -33.36577846973938 17.86173957703296 0.7900905159244971 -0.5819605720423683 -0.02331470058345674 -0.19114207797077307
156 18.866615149033677 -34.252519694449106 17.64916545174528 0.7513955493709735 -0.5799829476328296 -0.1516416537902471 -0.27573414310960076
157 19.183499662541234 -35.06014400766624 17.13617714714838 0.6886887057443183 -0.6688028559587013 -0.13913688549259823 -0.2430052129834248
158 19.30017954540416 -35.05084069827693 17.116182130946456 -0.3643435286568833 0.23113742532355325 0.5745235145369382 0.6955228357033105
159 19.567932580883706 -34.45927861482512 16.37287504443368 -0.2883580951471524 0.16823076698496559 0.4716043342315516 0.8161723898397758
160 19.49151648164311 -34.4388544296696 16.38653729823212 0.4034900852289952 0.47965101255470366 0.1753869538649091 0.7591904067433505
161 19.478290424493192 -34.3985886122934 16.32343427876291 0.22667341709551012 0.6602033123737719 -0.355347400008106 0.6216743308360281
162 19.27729014606789 -34.575820694272295 15.30530619803489 0.1850069759005018 0.5534570736077965 -0.4345062212698629 0.686048125294013
163 19.26158690789852 -34.62274002857607 15.308669046055535 0.40932394523673243 0.843674752651464 -0.3377927833748571 0.08101145038940193
164 18.596465802417914 -34.03914465228717 14.82542929269166 0.4595602879913688 0.8262921771729619 -0.32286260682477824 0.0424890192681064
165 18.584181425551545 -34.166026142682334 14.80582954460342 0.03846421329636099 0.5246621264516411 -0.5719857090834952 0.6293508607819527
166 18.484770818387947 -34.88533435026929 14.115775416606459 0.11164542901461377 0.37134311882186916 -0.6409154949706535 0.6624703122331684
167 18.36892636505465 -35.66813276484242 13.554072193051434 0.14955341572760344 0.41524635792773573 -0.6054220337265531 0.6623204655983093
168 18.3255625137304 -36.28257269697726 12.833491237188278 0.001317670522185304 0.408543263411326 -0.6317451374278502 0.6587782229262629
169 18.19592655343185 -37.1183987168624 12.24669115815999 0.011717334155045693 0.35539946804664546 -0.6693189338901714 0.6523542648964473
170 17.96298384443809 -38.03780214418864 11.720259864198114 0.036560364097200225 0.3516012161110828 -0.695715618218189 0.6253156828143446
171 17.77102607290013 -38.832832904683094 11.343830885910302 0.033853480234183456 0.3029547013052133 -0.7404199498700117 0.5990414749143758
172 17.45393050996947 -39.797497312591986 10.890307794521735 -0.030364054313989787 0.35337002498694875 -0.5924747657609752 0.723312727375108
173 17.545833346536906 -40.61443069657265 10.42461054096275 0.11414541034934217 0.35215331947827705 -0.5670266073447632 0.735825856734933
174 17.47329545027487 -40.54492484209218 10.502336914516134 -0.30323942399682713 -0.5386006332004691 0.5226305617227536 0.5872073787032004
175 17.31966908192837 -39.55963047354431 10.85765327233813 -0.32215967650171123 -0.5760872349770906 0.5017561042827289 0.5590862655689018
176 17.281802553381457 -39.63011921158966 10.830195894279106 -0.1715584218790337 0.7729457675765092 -0.6106736736377898 -0.014149649948410479
177 16.381135995470927 -39.89852015730323 11.036314984425248 -0.04869098930756232 0.7592223634429063 -0.6465207649510816 0.056758179106509925
178 15.294270065134082 -40.01263008461735 11.014777387344445 0.19637327489849501 0.7636328276358159 -0.6140796411129696 0.034765440212008086
179 15.335969923946658 -40.127961399716646 10.955198012215327 -0.27549436993757653 0.4290529925179524 -0.6248669042773993 0.591234076895832
180 15.150222188917551 -41.107358681714175 10.910991011401425 -0.1709204847303508 0.308036981371272 -0.6341263466109449 0.6883190993580461
181 15.201019047337617 -42.11314773399086 10.754279501599802 -0.1551111246488612 0.21778625915363892 -0.7321114940253285 0.626516116831826
182 15.322213749245114 -41.144973926213694 10.907610919715495 0.7189074728993826 0.5982367507080252 -0.2371170937748908 -0.2627933015726942
183 15.512818742234481 -40.1440530073633 10.867094925585747 0.6605280807312853 0.5779339326841704 -0.36389290968152777 -0.31189256852506847
184 15.70398817512009 -39.156634522469766 10.684308888345328 0.6021368160764194 0.6499999308232429 -0.24985548613241496 -0.3905170683909553
185 15.768171486808207 -38.199631717550666 10.881836775600899 0.558083168005032 0.6590475715096813 -0.2168198241589491 -0.4551797885762735
186 15.815348164719252 -38.35782455245253 10.959815931710379 0.7155039090035056 0.6363912014917955 0.2173677030874919 0.1892397329288957
187 15.886278453217471 -37.37841270050833 10.906451035322128 0.7481768661662926 0.5871366848673893 0.13235397413410088 0.279256720147299
188 16.15028107085559 -36.4771678751041 10.763434421765371 0.8162635545574666 0.510936526557851 0.14523853702101824 0.2270758522921409
189 16.624064883425998 -35.53292101067197 10.866934290094214 0.7908259500527431 0.55985557668461 0.21891781698935045 0.1150262551895698
190 16.8776250106885 -34.576279090388944 11.160326890198313 0.8154922460414074 0.5250936237647503 0.21818950169988402 0.10790006615336034
191 17.224407893132508 -33.776063269388686 11.384002796761902 0.8219905859961112 0.5277704610241084 0.21028056613597257 0.03964720052796097
192 17.569030516751038 -32.92785818252435 11.760448219623441 0.8336838832527482 0.4953124530985434 0.24173753642171758 -0.03463697583334741
193 18.01649636488829 -32.05659875346297 12.159291930856249 0.8753381952441923 0.41164971394696986 0.2428920463473147 0.07301377113416159
194 18.121406052326154 -32.043723318347155 12.155199177205061 0.523270728664909 0.11194594253943935 0.5114588614717415 0.6723582999364859
195 18.532795820264404 -31.221759602289538 12.523269393108684 0.6396000812548314 0.09851370615841774 0.42416489521066114 0.6334752776775704
196 19.114132316074443 -30.576957405013324 12.887518524767838 0.7370957041418373 0.09850263275132237 0.43117310952714666 0.5109568513068395
197 19.083587404989455 -30.549186846163142 12.988863011625654 0.26382383495058487 0.5239232489335112 0.7146027838807857 0.3811092685946537
198 18.520545164787436 -29.743206063696157 12.887106151438878 0.35893328516780737 0.5327731006748622 0.6819350126603952 0.3496918050280924
199 17.999492890896352 -28.80869253323078 12.89965931937635 0.327627400812278 0.6017762423066388 0.5975620676642847 0.4164675446191183
200 17.942038097748238 -28.91511752479793 12.898572398879178 -0.29976675088383514 0.6767101499082924 0.6074293972638318 -0.28850094525901154
201 17.31247734546316 -29.6682750166276 12.873374339096431 -0.23740111263632596 0.6565696912226795 0.5907611165814634 -0.4044233616177632
202 17.442109421254674 -29.67650885277016 12.931972613715452 -0.45919051147577367 0.8671865197138632 0.11811975784984802 -0.1522476173957016
203 16.88683847405597 -30.455191704262095 13.020210694227254 -0.4505786319483046 0.8661520473168329 0.06859746823664102 -0.20507051156120895
204 16.32629902677162 -31.255190423004 13.299654998560474 -0.4296635303347007 0.8400348498573007 0.1014504934098952 -0.3153387053826922
205 16.21034140358804 -31.27778777368972 13.332050685537665 0.8827175945174911 -0.22889454492167186 -0.34060675924814526 0.22891913679033213
206 16.180218996115144 -31.327303074755612 13.294375222334553 0.28640965490304626 -0.8006404074395138 0.012639428656464828 0.5261033096233527
207 15.93486760523383 -31.81458862517967 14.141495606269652 0.20576742058519792 -0.7940617934543486 -0.10051864438588422 0.563046746667274
208 15.95842404166956 -31.81922251740153 14.151530107851118 -0.45490225397371037 0.6184084238232612 -0.49495147405095186 -0.40701105514329405
209 15.745169600155338 -31.959633074979067 15.061310049607156 0.4953396433490611 -0.5240048202758141 0.5760879277857243 0.38494192485891415
210 15.527668580395442 -32.060450575033116 16.088905943650218 0.4317904665741629 -0.35663985769554735 0.6116871515368791 0.5587520322318883
211 15.569074097831978 -31.704701639230052 17.065309591188807 0.4703398737229001 -0.2318894931866723 0.6834320929552806 0.5078663608221347
212 15.602810639932402 -31.681587827682115 17.02147277829061 -0.09789523971554326 -0.6321831883584563 0.22611788907625854 0.7345962419163803
213 15.668485863794825 -31.157729240655193 17.92116462346758 0.11748758082785282 -0.6640045572558567 0.17075556192149957 0.7184268608338256
214 15.725026111919448 -31.02559810122848 18.851690902031066 -0.0846935235709776 -0.6602804550175437 0.20064833419006392 0.7187468078354919
215 15.77884600782239 -30.674444647176063 19.77129635010595 -0.005411994076433902 -0.7321177634981549 0.13315269772856678 0.6680154562419799
216 15.600723326518873 -30.45544988893226 20.674017064551624 -0.024947629137641866 -0.7840588432334866 0.03995291052638608 0.618896688541995
217 15.359496869119003 -30.352314250396443 21.662980177233738 -0.03104865234543278 -0.8142145466244283 0.11495894759176854 0.5682209901273454
218 15.403148904224976 -30.370342942397798 21.656782436203017 0.35609225673237244 -0.4115398719034581 0.7366434766410025 0.40148427970617706
219 15.41214683540772 -30.36937480277643 21.649681002568265 0.47306384116882966 -0.08805395794402748 0.4071711143386883 0.7763174520240895
220 16.044104220795866 -29.817972711283048 22.151791343137614 0.4727402060044756 -0.1731017278386859 0.39810290559385186 0.7668549836858597
221 16.109826084603267 -29.83578160844613 22.186017623222565 -0.34379755261719513 -0.49104455787504797 0.09468104254315503 0.7948043691240422
222 16.099807555934714 -29.81293886534222 22.161204789425838 -0.608002852876572 -0.019979953199885003 0.5580551925358819 0.5643648947691721
223 16.09355176303896 -29.771457825993675 22.19249323973163 -0.5040933838776592 -0.3802964760154292 0.005806734601277802 0.775390696677673
224 16.089602213095308 -29.89954300132998 22.139907061534487 -0.09339034372850677 -0.5727096116273489 -0.5378282704113957 0.6115739497347877
225 16.12909801782861 -29.801131831306606 22.14394317535736 -0.517585930513844 0.7348358827216064 -0.17608428588257505 -0.4013917715450818
226 16.06076980523999 -30.37982785179997 22.90228821016208 -0.6022398388685732 0.7026997739283356 -0.27101588642120567 -0.2647085066784763
227 15.887933537113442 -31.071632269749266 23.59803342135643 -0.6553246146964806 0.6620786872170877 -0.2094329436252474 -0.2972192850914467
228 15.874136274054194 -31.791303737806384 24.31049366026847 -0.6001918342951259 0.7075224498887848 -0.2513841966898268 -0.27565872125408003
229 15.822826052279146 -32.59699978075365 25.007354272157368 -0.6147524864202039 0.6827354160180232 -0.21425787561450094 -0.3317307566265673
230 15.860483895064712 -32.59544048953812 25.004789072512583 0.606591123589345 -0.3584247439808112 0.6465048598845169 -0.292592511576436
231 15.653287270216671 -33.367718294163765 25.588180612610124 0.5307451032545065 -0.4477002845005528 0.6318176162470179 -0.34450049409169625
232 15.538972505288989 -34.33945082272956 25.91650155180519 0.5333987822346757 -0.3922724115283241 0.6423140097980357 -0.3860580358980848
233 15.635456618807458 -34.3021353851811 25.96743395361064 0.027528924368605934 0.7457816999992037 -0.09137658140286971 0.6593194480982112
234 15.421298976846034 -34.33211575084271 25.04526362196902 0.04595083703981548 0.6289596962127089 -0.14499191309359954 0.7624143009235957
235 15.486345332280774 -34.28990766462698 25.089561481220798 0.5619340284323144 0.300033684024802 -0.49981984586160527 0.5868475592717551
236 15.810645148497247 -34.58039604138786 24.185660130164454 0.5388142291328547 0.2449993339896006 -0.4810368440561358 0.6467287742857372
237 15.786681377835189 -34.63134051383866 24.187580212622617 -0.12814832499371656 -0.1867487480380103 -0.7471638845908678 0.6248592173206899
238 15.577088711295817 -35.55808456069166 24.682838671071284 -0.2100301861341171 -0.13270159601358528 -0.7243813545942541 0.6430779582944117
239 15.497289199106692 -36.4639074858756 25.15517742422257 -0.3347669530426634 -0.03611362708964945 -0.709262110210842 0.6193336355376035
240 15.448244344486884 -36.429187336202006 25.217731365004415 0.7696878138302798 0.5324617777606337 0.2685025091378372 -0.22797264540254764
241 15.474000116226359 -36.370605547098364 25.205701656949998 0.7032371200269804 0.5431250025018063 -0.1772067996158006 0.4231672657986402
242 15.525795579808992 -36.39136430167379 25.15404712847523 0.8893798226738819 -0.22144896016014531 0.13545264850562883 0.3763196368479531
243 15.538605329502152 -36.37957052913956 25.173873407641995 0.6141933244683662 0.11777241986878749 0.7036638140102959 0.3372735598134396
244 15.546540428903482 -36.39671847381779 25.212637392402254 0.403307913367213 0.5205021336096959 0.3601377845660086 0.6608487210027918
245 15.549769805717329 -36.353815448522724 25.183069016047295 -0.07148387941268575 0.5696057925556157 -0.2586283026643336 0.7768852535169961
246 15.737645439324343 -36.832482897825706 24.339796082461064 -0.0887937954028951 0.5215849167903858 -0.16278179198759615 0.8328066550358626
247 16.13703718228671 -37.168276615706475 23.507032564389686 -0.08627176808708252 0.4388351134568504 -0.1398335723112911 0.883418076158228
248 16.694105640877204 -37.45356144175911 22.76189623735514 -0.11603121586598975 0.4157273404136014 -0.2876112093291074 0.8549779690995214
249 17.228284073703744 -38.052523009233745 22.093264389221854 -0.21689190601464972 0.4751743071391349 -0.3013307904791927 0.797726164576141
250 17.204162640598874 -37.99662971119007 22.054456891940806 0.7511544476067015 -0.6032504528068161 -0.0001910738690688984 -0.2680594160252894
251 17.43350114371319 -38.83141828918621 21.68470215732482 0.7204484545033031 -0.6283362307469138 0.014437873343451445 -0.2931538049350231
252 17.65920002075221 -39.73978750161111 21.371305015401887 0.7635822613663118 -0.5884891555209887 -0.09463303611695624 -0.2483288795854999
253 17.75350967020851 -39.71602956638564 21.363170869804012 -0.09668288210682442 0.9796806243345697 0.09446866896426774 0.14816870518117187
254 16.81479759653636 -39.85731773167711 20.98229304663843 -0.008490580287625964 0.9865977453399506 -0.027605825739136364 0.1605948857273035
255 17.74743088246823 -39.82185281271465 21.281012245041545 0.9949046501751775 0.06848405046878057 0.06672962250452028 0.03196606593876509
256 18.84464407899585 -39.68184421390934 21.45844192927603 0.9794163360342631 0.12295608526279869 0.10428026155258927 0.12145397834813955
257 19.830204799065104 -39.4032674097344 21.650648988647706 0.9366100560315193 0.10838019300808262 -0.24592442555066624 0.22480327760453117
258 19.840364298257406 -39.4113734488187 21.701087919356695 -0.6185471197761301 0.6920894131958443 -0.001579424401894632 -0.37203388310400487
259 19.81113255005538 -40.31947011871731 22.257354092047912 -0.6299942101552888 0.6775130795649098 -0.1429466021314437 -0.35163843807007333
260 19.89431060376323 -41.10806012866474 22.82533338170776 -0.557726218469152 0.7225335586093922 -0.21421094208605626 -0.3478511092492763
261 19.732991307738573 -41.75776643458627 23.5320717487468 -0.4600271574143655 0.8047880571357355 -0.22365147637192276 -0.3011166130415357
262 19.314841921819255 -42.37421533284373 24.26163110123495 -0.5514749340046005 0.7101844406572254 -0.2378802179374865 -0.36732337160466577
263 19.149759795388192 -42.95572152665501 25.072433783997333 -0.47986413028894237 0.7511448745096297 -0.17723585892536736 -0.41725201529883227
264 18.939330521734224 -43.494093706414446 25.798501036048336 -0.5547763516167574 0.7090032449533288 -0.1686092406658534 -0.40138326110406547
265 18.934669322031777 -44.13651249242126 26.63090899386074 -0.575999105064122 0.671192198084776 -0.2461277967125943 -0.3964179257814428
266 18.961761003554987 -44.7357461363621 27.38196339398526 0.6450019758177021 -0.6122745625217643 0.395408600471082 0.22966138106687162
267 18.91582124777279 -45.35241113019043 28.154606296818493 0.6918745181584154 -0.5273496925331351 0.469408850933943 0.1512193227505782
268 18.914725910162417 -45.90440307738303 28.94439824601976 0.7103523429224087 -0.4232164923877111 0.5553663411053436 0.08863169096294161
269 18.90936364339297 -46.31037863396154 29.777997589255154 0.6349316248093144 -0.5010316606737483 0.4921608856346175 0.32188005447815315
270 19.012363377836866 -46.67722570080071 30.706861891825284 0.586944063235151 -0.5636180593186618 0.4873542528248856 0.3167288779009166
271 18.797998362052084 -47.002367585750456 31.6566638417879 -0.48607427668120023 0.6036275686089748 -0.5368838298927548 -0.3333486300613115
272 18.57383269445809 -47.254931457642364 32.509546761134985 -0.424545777166124 0.6803226713339632 -0.5478669658219175 -0.23825140864330305
273 18.8577993189389 -47.100562140282214 32.161993520896 0.21000891214611425 -0.31884455050208454 0.007428915328650783 0.9242181672372433
274 19.666897693011194 -47.18471219428591 32.79562376352877 0.1271422312961617 -0.365265029200916 -0.053524115766862494 0.920625591918486
275 19.72869980690578 -47.140208918338836 32.79984129562233 -0.12081356633378897 0.9018952807461053 0.22555851649752234 -0.348011983117036
276 19.8100456903458 -47.16600547491426 32.76418697679411 0.07370753143924556 0.8474670013649189 0.13344523395652047 0.5084872180703979
277 19.328955577266633 -46.82182722250607 31.84115279615099 0.08872348491537259 0.8388530632658345 0.007869398838306903 0.5370211858352701
278 18.915717225116744 -46.672573625228715 30.85501503079259 0.045873671933779205 0.8334081039102891 -0.03440896747628875 0.549674959878275
279 18.46307487845637 -46.61063084681967 29.910910206946777 -0.016083119344750794 0.8304255867643326 -0.007090539405989277 0.5568522266905174
280 17.980894417982405 -46.60623752091438 28.989820116154974 -0.03014530582550248 0.6159555440153472 0.003956676345057579 0.7871939869217403
281 17.797725937444866 -46.57452855149008 29.951280404097293 0.459421756459457 -0.4890045573318401 0.541780836682829 0.5062407703886118
282 17.701486502040595 -46.58391288609747 29.940258716545195 -0.07676326350180279 -0.14584010768418343 0.6857294227274754 0.7089522009085395
283 17.744619916131793 -45.61790299500981 30.05349452017082 -0.044650804843610434 -0.21157196873805942 0.7014679088161797 0.6791070464751309
284 17.692012496010182 -45.63413550962238 30.0593053905776 0.4726008498268984 0.7409289509629333 -0.3757129200415527 -0.294130121003801
285 17.27616928222882 -44.6358916244097 30.134141419179418 0.4567237339839291 0.7461223194387971 -0.4392382790669012 -0.20438847681166855
286 16.829969822411318 -43.804708299941815 30.032637794993605 0.40347988230270115 0.7589533250055821 -0.44881041053407483 -0.24446482453761142
287 16.363387649550496 -43.00659990039303 30.093091839998657 0.440557673953703 0.77368962737353 -0.3149956042498807 -0.328772057386822
288 16.28851747918159 -42.98942692238923 30.07283904032519 -0.3379318206320266 0.8580831142678318 0.004427737550843016 -0.3866210661008061
289 15.838694489156378 -43.62896006115484 30.71040631533461 -0.3042026346232959 0.8224116655935081 -0.18455745500040358 -0.4438900260061399
290 15.4876006448619 -44.01755827258819 31.42503305194752 -0.3035194261702069 0.7894289420496717 -0.2242755548704579 -0.4841264079547745
291 15.204006519969647 -44.231126089220105 32.33232374932162 -0.1363272984582024 0.8804013580197064 -0.14025274813788283 -0.43201560519490106
292 14.642419223498406 -44.36368588151892 33.083669483557365 -0.2354996120695995 0.8682995319122344 -0.1114978426304654 -0.42209487877112983
293 14.102984947626693 -44.7172509907201 33.99469099107977 0.3502675612943691 -0.744646044674462 0.058888128384574696 0.5651080356807331
294 13.991672128004645 -45.16128753461 34.88914102760535 -0.4704374444538971 0.7678546504462248 -0.060359517416533524 -0.43063276152777263
295 13.744807723772588 -45.84185766467517 35.57253428681547 -0.48080324322096424 0.7593624627799008 0.05146905780348055 -0.4353709079829151
296 13.63189133057105 -46.652388542411806 36.26482604409557 -0.3045823507654283 0.8947149900707483 0.12199570542775039 -0.303037499333155
297 13.604437120979952 -46.77941028919536 36.21289402117288 -0.23593629320949966 0.8681813454565651 0.0867671105032514 0.42786292838093126
298 13.067910345049047 -47.15965227434694 35.50332172359126 -0.18264704104745202 0.7767063648423614 -0.09447633994455927 0.5953498991355041
299 13.382203031942755 -46.79579118453541 36.465497556535084 -0.0029667559592007078 0.9094008261748691 -0.39874388466846716 -0.118256712921695
300 12.37720987331413 -46.7348743017677 36.678850674951555 0.11240499885280807 0.9117566283035842 -0.37608367155301353 -0.12093816175461354
301 11.339112216705693 -46.39003358911269 36.81213339246486 0.09556966832030289 0.8497131234159169 -0.5029390967188422 -0.12612022590984
302 10.455981413222357 -46.11951656252777 36.91726197771547 0.027761582837316504 0.7710954559485886 -0.6326077799503491 -0.0666969945357038
303 9.51639981396739 -46.01119186460525 36.967024890938056 0.16087640827414768 0.8497588197366998 -0.4970275532163754 -0.07065649923569563
304 8.624584360699043 -45.644889368514974 36.87832016855016 0.177055762021383 0.8382027823441052 -0.488182104106511 -0.16657006344408828
305 7.725139305902818 -45.20098223184155 36.99806153147481 0.03545997651502061 0.7802571990866124 -0.6195050267681871 -0.07845262996239583
306 6.735390928959817 -45.02207562436753 37.09349405448114 -0.038070460913786734 -0.7008914283784375 0.7077470756273941 0.07997451201674803
307 5.800565115128722 -44.860249679996215 37.11166603694539 0.050701174880748746 -0.5954740256947921 0.796870725461723 0.0885275239157699
308 4.790860729417388 -44.79764602022235 37.28087132620039 -0.18771072261930166 0.7073046579536393 -0.6756909846303712 -0.08903088643872062
309 3.9203125308760525 -44.908643873006596 37.60138568658777 0.20943575329666753 -0.5716029537905674 0.7933507354986654 0.0011571269084795894
310 3.0244495350692118 -45.209969908555244 38.01152512904349 0.21411136387979585 -0.6331489026947265 0.7281129548055298 -0.152086540884977
311 2.9966698222757713 -45.1532494842713 37.97600173944973 -0.10865399592107129 0.11848793858550256 0.904718142619436 -0.3945123572150558
312 2.3035163096767444 -45.837886929332754 37.87857979585017 0.053495531758783466 -0.10185599401541649 0.9240935466238237 -0.36443751405855485
313 2.301894267949698 -45.79603006909252 37.801075620201466 -0.25180635973842486 0.5689109883638711 0.7619422705684925 -0.17993838066142628
314 1.4491191065314526 -46.45245595883138 37.573821789995094 -0.2698245672234864 0.5300413666906233 0.7829352639371421 -0.18238208520321295
315 0.7545068886339027 -46.98818944709748 37.35246000949305 -0.37267894837003274 0.5040157765456185 0.7745109710698258 -0.08491910343025919
316 0.14565051685731556 -47.45301806141616 36.902961170822394 -0.3535223808228522 0.45022540757614626 0.8194793485293733 -0.02779579040266737
317 0.1818465245822966 -47.40732249195135 36.950461588929 -0.5185279923483086 0.08088805144135432 0.49369810110100554 0.6934320653492412
318 0.6891633808800113 -46.83158541911255 36.29467139338368 -0.535458181187137 -0.05604372421775856 0.4732137053170509 0.6972893418629559
319 0.675494853825891 -46.78102875633122 36.2625886150095 0.8433153447751299 0.44786145918148074 -0.29553420220550836 -0.029981293724456612
320 0.5755433906319731 -46.7900409224404 36.33086009725672 0.7122145923328739 0.4096357498216213 0.3988629491441449 -0.4072557853931995
321 0.5794498882486808 -46.789091540495235 36.371521564215705 -0.4202432857735283 0.07871708869308024 -0.7310237841218938 0.5317926548553122
322 0.5855614238177284 -46.74483059881194 36.38104498999933 -0.2469363647844665 -0.40279266181234563 0.8304751582232281 -0.29511271560416125
323 -0.1170856256284799 -47.02487035463467 35.71348755928404 -0.3234902438240601 -0.54766298109459 0.700295310652615 -0.3240459831060933
324 -0.7235545771538237 -47.18816684663382 34.93629699197627 -0.26697857669436076 -0.46062527441904083 0.7021608294119667 -0.472775809229
325 -0.71835378831056 -47.20312833674034 34.89321659983867 0.7096702057332877 0.6645352982908149 -0.2332376740227299 0.01900588952081361
326 -0.658594882720275 -47.10676361957289 34.88849344945717 -0.2937850480678767 -0.38085512673860544 0.8110146655713745 -0.3330089040803982
327 -1.2123617840103882 -47.512915856592436 34.239439486605605 -0.32141498652069417 -0.4798497150373719 0.7518908663983601 -0.31795720222252943
328 -1.2057621971343238 -47.51619706060793 34.20868305822678 -0.4041648663103277 0.05810860536148188 0.8915613789947338 -0.19593993546060745
329 -1.8060029890877276 -47.994717286435645 33.53324322625016 -0.41922219740991373 0.2303831465008527 0.8496413758772203 -0.22200425087063927
330 -2.3426593921109053 -48.57749241473657 32.86114357965587 -0.30901403734234834 0.10852203361055852 0.9267336819328031 -0.18411402911695923
331 -2.985718648995694 -49.00975217356977 32.24321683183639 -0.21826094654238454 0.22737752293815877 0.9490258806311412 -0.0033910424969296723
332 -2.9463242811477124 -48.98042095991256 32.2782024344771 0.763280269745868 -0.20054168536367717 -0.5851023918375532 0.1866586545385592
333 -2.774940140093414 -49.56252276548931 31.554077556869633 0.7192453868117372 -0.17404455984296913 -0.659569206485578 0.13176883772382086
334 -2.8727810000023193 -48.998635771103224 32.41048960275923 -0.014465892404814232 0.985434361180888 -0.15542313987851925 -0.06747966620582513
335 -3.8591629893050396 -48.94993622299591 32.58456641596517 0.08063259647282964 0.9939309877056866 -0.07011198586395437 -0.026151204612039614
336 -4.909754822748937 -48.67339187333931 32.64807982367595 0.1865103257916891 0.9761812576661395 -0.05776442677052363 0.09459028255748504
337 -4.970900525712108 -48.7134216032628 32.653885544410436 -0.2836301406511436 -0.5803122988882956 0.7632322344188301 -0.016374840983469585
338 -4.84892085874224 -48.66676192959059 32.69439448506413 0.6768286049347394 -0.0476601575378367 -0.40781187621645254 0.6110000184471188
339 -4.27896014774949 -49.13254740189487 32.22533655510171 0.6300601999996431 0.014438627800541259 -0.42004653146173965 0.6529751770248303
340 -4.999214776268054 -48.632742628867746 32.796486978163 0.17535846135067024 0.8568649598639493 -0.21563932609047554 0.4342021782917764
341 -4.976537536307739 -48.68236749193408 32.69564755196466 -0.5013686094442605 0.7206074032064891 -0.4720602298870511 0.08070704595580984
342 -5.408543238605432 -49.501289147390814 33.109898780956065 -0.3419253698077313 0.7995569834779898 -0.4877682953499865 0.07666656184277452
343 -6.164632188634252 -50.09197797413785 33.440357317555346 -0.40438957703748596 0.8225775400857208 -0.37992852623063356 0.12445712308335836
344 -6.809787242315941 -50.74727214317135 33.59783668581895 -0.4090920095060157 0.729838790725226 -0.4958048609235951 0.2327157218487911
345 -7.304064067311778 -51.61897646590303 33.747294480092144 -0.27449356293191973 0.7320241609973724 -0.6173883793442576 0.08732411279654548
346 -8.120217287538395 -52.13996662922124 33.97360324531088 -0.34217686123959784 0.6542841504030202 -0.6348797219745055 0.2274972192999049
347 -8.736387864309906 -52.86019563080002 34.01201778080454 0.3387671221740669 -0.5722431354127818 0.6858607232451835 -0.2955836585747646
348 -8.753259822309222 -52.90644929349633 34.031029194942725 -0.4679819626232855 0.8704901712253209 0.15178850964658686 -0.01414188101481013
349 -9.339940290271977 -53.64445013363299 33.90670276301056 -0.3514408162454689 0.9078798904940566 0.2036647395588153 -0.10375032999300754
350 -10.023386366063761 -54.286083182427134 33.91966199893961 -0.4293903225665825 0.8551647008546935 0.24682750959354835 -0.15294922623575233
351 -10.012383997856933 -54.28803185339978 33.998079102917586 -0.32199017478396946 0.7287501891199661 -0.5533361714194449 0.24303203615793662
352 -10.665984070776586 -55.04302385907268 33.92989017802893 -0.34854187867212744 0.8349365130972712 -0.4052804468052805 0.1309478420822044
353 -10.61228647434039 -54.97979371511059 33.896494218014986 0.7441678474964462 -0.37052708456049277 0.5274698348556079 0.17521263560886424
354 -10.364969141046238 -55.38407599773263 34.839436957834415 0.6448331557041227 -0.34152306467424975 0.6809849656421463 0.06173875743433157
355 -10.637296134168311 -55.780635412025056 35.77512676686268 0.5910421194217341 -0.39983595919415194 0.680658260485905 0.16584556441779896
356 -10.947645094111568 -56.00458153803769 36.599501051199574 0.543604145336628 -0.4154120284471629 0.7288868592675074 -0.025521092872292823
357 -11.442406404246542 -56.522337132509705 37.35142973602471 0.5063507343171744 -0.3010273813961974 0.8060334591510366 0.05745878727592672
358 -11.432893606437437 -56.59834846843342 37.30750297066051 -0.3803247887615756 0.7422763373507261 -0.4298880777632832 -0.34579637745303665
359 -11.912729915846668 -56.93585394830717 38.14221724959961 -0.28246862567861375 0.7868059689037329 -0.47207885227378354 -0.2798024303692881
360 -11.871700094662586 -56.92032376510568 38.05248144880055 0.664773111513123 -0.35897446828243595 0.18571634188778344 0.6282702298265637
361 -11.2465523047353 -57.15566591453834 38.783866393406015 0.7353855080884207 -0.37647409153170636 0.11928950988790703 0.5506772427925585
362 -11.892124732847709 -56.7671824417016 38.25194789566798 0.3088183228650771 0.4721653247709991 -0.14909484581566987 0.8120725808066046
363 -11.391664356479973 -56.710922578076456 37.30187539687437 0.24281535454591746 0.6271995496923699 -0.005363702897224694 0.7400220666667033
364 -11.205111059685555 -56.454296924924 36.30678676052428 0.11796359566222918 0.648484926097831 -0.19991942311118174 0.7249718028897543
365 -11.071615256387416 -56.56079523694621 35.322970578746244 0.0853730383845803 0.6137835956227423 -0.08092648983073386 0.7806612871822701
366 -11.060062025320763 -56.59514948630936 35.18765411087118 0.44216524789463846 0.41456986954031166 0.6054385506063055 0.5158157406122221
367 -11.198816758420312 -55.60373074210712 35.380139687311974 0.5330540382235855 0.4301313968746704 0.5451774930725348 0.48334446805908454
368 -11.16882776032702 -54.630606143266206 35.62428936177032 0.4662236299852402 0.4768638454294577 0.5458404296147368 0.5072421760496776
369 -11.207517610099186 -53.62635976336456 35.620552300400036 0.36547580323785167 0.5700152124581743 0.4104422595433879 0.6107759379631996
370 -11.160186263326588 -52.71391262817147 35.25273555416477 0.2943548551372618 0.5834968383412233 0.5214721432464033 0.5485922554328654
371 -11.212934088072371 -52.6615790259542 35.247945928867054 0.5475800043401585 -0.021119359011393966 0.1732053373123471 0.8183581261576717
372 -11.156342188406903 -52.61007274401607 35.28523249280783 0.45688952473943995 0.5272890579307881 0.3854036993284837 0.6038892283471772
373 -11.076082750401516 -51.62368517913301 34.99763371403156 0.5193177689428026 0.3463322860292933 0.5426372080311974 0.562056814720806
374 -10.844038045440193 -50.627738305535786 35.193445187558275 0.6160416100147553 0.26255150008861133 0.6012398023994284 0.43597034823751896
375 -10.698404846798844 -49.751079046018624 35.67609704676529 0.5938479261692421 0.263163566719722 0.5919143193196478 0.477207519136279
376 -10.562060758790059 -48.84354664580656 36.13164691095036 0.4601238983390881 0.2822954002936865 0.7535458317625546 0.37518526701290833
377 -10.551205817409318 -48.8271754051537 36.06308124614923 0.7220936206257933 0.6074647840000984 0.33069565041046217 0.014412704494564724
378 -10.406020080765884 -47.867702033234224 36.4504387346631 0.7233436305631437 0.6152346617241178 0.3134636870811163 0.0009055487023091123
379 -10.374966209330243 -47.03229337353456 36.90304454990603 0.640756187946916 0.6219865615343134 0.4395010741328339 0.09696922560556498
380 -10.594122189547447 -46.1641242088041 37.42423097611997 0.7217050724868794 0.5454398852299307 0.4146044401510869 0.09869284753249118
381 -10.581012143461932 -45.28947707284962 37.96347152938348 0.7791157912477004 0.4851571170100933 0.34413571474374316 0.19791858295960266
382 -10.279541329101695 -44.297121051729604 38.36434029033211 0.8496376034359848 0.4220104661067029 0.26949002387385884 0.16552412620650295
383 -9.818851202160056 -43.491949844781104 38.6894365008997 0.8390993085135923 0.30818240375482375 0.4449915228301889 0.05402315315843187
384 -9.401076707535116 -42.96520665238228 39.43687117800774 0.846824542973371 0.33258093914549175 0.4127752036478246 -0.043528652500864254
385 -9.391769210209752 -43.01065364461851 39.37378842518688 0.926674120447504 0.3224662670411804 -0.16208184834659223 0.10497645235919838
386 -8.720641177712254 -42.43175824615483 38.98557688462352 0.9458192415493403 0.2939994174513786 -0.13068057790231877 0.043736614093876074
387 -7.973834059680374 -41.98015023604612 38.698765504016265 0.8907971071826595 0.44287527476072924 -0.09940332151308932 0.02147054989466153
388 -8.039207690764817 -41.941129576832836 38.710214747462146 0.9369678447976016 -0.3438853512776147 0.06057844946110647 0.012820860068536142
389 -7.306033735286033 -42.66116429361838 38.84565416349288 0.9650601504801953 -0.2169457819586392 0.06874751841070646 -0.12987383246007164
390 -8.17946876124674 -42.26261863177897 38.778398626180184 0.7029540270183927 0.22618476648062866 0.41932635250637285 0.5280733825941518
391 -8.130451266288107 -42.235539559063746 38.72124213779097 0.3973903927217019 0.6214702954463902 -0.007014506436736842 0.6751343157844345
392 -7.9023906861317705 -41.76674570688919 37.84352973629706 0.4930492452826793 0.6440649067088947 0.08086783508733697 0.5792609350892994
393 -7.677247774317701 -41.06026380941109 37.18559446290581 0.5730818368977079 0.6045707366429316 0.052062068193788044 0.5507821471946565
394 -7.429330961907872 -40.37574177676901 36.59259931043941 0.48420372348012336 0.6164119162569383 0.1534777450527878 0.6016873651971965
395 -7.271165713284824 -39.5954649456211 35.9967205937045 0.48947831856800694 0.6108477780978235 -0.0067512461450405445 0.6222783849052428
396 -7.029238068020381 -39.08203838225113 35.19873255402485 0.5231295125723562 0.6278760527797195 0.03710741852095762 0.5750914839504045
397 -6.819197139365549 -38.42193247512688 34.4747071055745 0.5229142473372944 0.6237564118191434 -0.003993002968882973 0.580923992079401
398 -6.493631075143411 -37.73852526707397 33.69196258324997 0.4926940878818894 0.6672311163047605 -0.053047733742354775 0.5560945163780484
399 -6.4091812505968235 -37.756196255881754 33.71155278330685 0.7090798322812966 0.09403564732274293 0.3457523026744306 0.6073042348607904
400 -6.456979792030765 -37.75880296750707 33.764117965511396 0.39292745101683774 0.5687572908030821 -0.11610554297087025 0.7131918853206253
401 -6.076475799600152 -37.52559873079592 32.84563771652284 0.4627299240497536 0.5146429549022925 -0.004318324515968839 0.7218067597575688
402 -5.9597726766648815 -37.48117622043114 32.849520304447836 0.00023114573343369158 0.6938446955334369 -0.48337194426995184 0.5337893297401588
403 -5.962752827236468 -37.53150242490936 32.890491371466595 -0.3339047251854505 -0.15761733807205197 0.8900949055032789 -0.26719930470534214
404 -6.555610162563405 -37.82570224665072 32.243537567404545 -0.2092438298754895 -0.11253045788240551 0.9528863507560872 -0.18857761863635963
405 -7.4353373368285 -38.045457421246326 31.85004934423793 -0.16632741471168677 -0.11684239085053022 0.9602255660506662 -0.19144165982966252
406 -8.404987860969488 -38.473187070870935 31.50790500881249 -0.25808964139471935 0.03782259669910242 0.941138823444567 -0.2149811693824789
407 -9.195140010233938 -38.86125668209919 30.977596721803195 -0.3807260078352169 0.028558422164928023 0.8979616763507569 -0.21885372120813124
408 -9.735265614333345 -39.302323911600084 30.329924455860805 -0.3908461525253089 -0.10015256919304066 0.8854349752295557 -0.23068084571639688
409 -9.698807966559814 -39.269800981345185 30.34778723108751 0.9016522048285459 0.1650463394497071 -0.3479451500928642 0.19676681602579274
410 -9.042404678692682 -39.12703074774971 29.68552238953787 0.8373919103681334 0.2752706512622159 -0.3777138531300314 0.2834309477762593
411 -8.49375557777251 -38.91580692136235 28.884855047959615 0.8942082639445526 0.11687662085779338 -0.3862550865245102 0.19374840470072527
412 -7.79452653533583 -38.91233694836247 28.10608933011687 0.8458940221125675 0.14247661343788331 -0.4969409377178486 0.13119993291766713
413 -7.299144879135945 -38.81128414270058 27.29430081267489 0.8401225190298156 0.25511035978122026 -0.47747701612892857 0.033593993807052226
414 -7.257668386963693 -38.853647098263124 27.321523686467867 0.4585414445815393 0.7493651114640956 -0.3661554150790433 -0.3067929029977261
415 -7.703181087026978 -38.01825949270431 27.40761755683656 0.5343790331821183 0.7808307484385193 -0.24613814879406207 -0.2101390085075073
416 -8.136414371571155 -37.1304263526492 27.494664883529087 0.5037241185038563 0.7201069740325556 -0.4174903480974499 -0.23110553353967755
417 -8.480825012756101 -36.23265239247992 27.36020406335671 0.439626861492921 0.6655503372230948 -0.5474754395438303 -0.2530644470730699
418 -8.94205923065288 -35.39865282865797 27.212995881399088 0.33461162583640636 0.6883415805245952 -0.5162309006485654 -0.3843521635058013
419 -8.932003591183372 -35.40211589976402 27.250145242281672 0.7106213001131786 0.1807010244261993 -0.668174458949082 -0.1261245416438809
420 -8.804714415955752 -35.04430812117608 26.333897610129757 -0.6476288099470492 -0.19214842901636436 0.7371422774036492 -0.016648381821469167
421 -8.754756217988726 -35.02787271016675 26.248114241414463 0.21246160654536483 -0.17572452033010788 0.950851038864666 -0.1409370802482482
422 -9.685418600879503 -35.35117308583194 26.568647813006383 0.23738422586370875 -0.18199138220995884 0.9538306524858925 -0.027110007206428338
423 -10.676803641658088 -35.43950712382153 26.993476277399747 0.2804494618949468 -0.23822512507218457 0.9255472982648132 -0.08921371969535555
424 -11.559401951213225 -35.782304059532635 27.464728302676747 0.23477209710650424 -0.13133542965789308 0.9554292763627105 -0.12160577784718113
425 -12.41484289702679 -35.987765169383906 27.88968348652804 0.19271938792036172 -0.1227104198410744 0.9709340238163047 -0.07133380529529802
426 -12.546969944534967 -35.93809809760339 27.97170903801782 0.1414225861913045 0.5998306512562354 0.7047829531086872 -0.35140266210699267
427 -13.369816959317323 -36.29341485103854 28.592129727499476 0.020308572936919577 0.6671281262772666 0.6278297840993065 -0.400446484805232
428 -13.39991520379797 -36.290144792171056 28.59022144921229 -0.5056916138169326 -0.39405866580125887 -0.14352143829929706 0.7539199933485374
429 -12.800880421740548 -36.05537797906206 29.29830188032081 -0.47308423298320196 -0.3228207555455978 -0.14279119325861955 0.8072104703356147
430 -12.036251422233516 -35.95048314901086 30.051667226054196 -0.4159619059232925 -0.37442766332773264 -0.19182503019347757 0.8062150926067232
431 -11.325588531024453 -35.86410244445597 30.880698889984696 -0.30326279160135194 -0.2907572150878912 -0.2999490451906782 0.8564592759692017
432 -10.75924000511298 -36.230887573113556 31.525552278803985 -0.2403375206526939 -0.32507173624038854 -0.35156573379289924 0.844374192693521
433 -10.255706535433546 -36.65803810528664 32.24947189520543 -0.3311667664768851 -0.42621439330101085 -0.3768902183690215 0.7527440647537823
434 -9.966298804569327 -36.920567661180414 33.18456294191373 -0.2511195061700045 -0.3924267556369262 -0.514999229130822 0.7195248634174277
435 -9.765519187532025 -37.507803818488604 34.040596946153606 -0.19004211572806995 -0.34343177327967295 -0.6957964521906904 0.6015030411148601
436 -10.014937289075306 -38.19915808843594 34.661921566896744 0.3303483871775411 0.28948618007258753 0.7649353868462335 -0.4711067273841264
437 -10.449530960012945 -38.65404004638279 35.55685383860182 0.204591672346268 0.3124715378381048 0.7974305284487696 -0.47392862115044593
438 -10.865823691739553 -39.325224369394945 36.14452526097038 0.11214039001721506 0.3210516907045646 0.8419819771824835 -0.4188277628362319
439 -11.507123894944367 -39.95246906024306 36.64616514153938 -0.10934740137138904 -0.28634418637682946 -0.8075434464479675 0.5039084587903351
440 -11.943311468920436 -40.76861491830395 37.107601151401084 -0.269772044765214 -0.38889264118022565 -0.6723304171524789 0.5691725289142436
441 -12.178593504311987 -41.315950600381726 37.79096558213912 -0.32064870516015415 -0.36003441152987103 -0.7058847320522869 0.51892810238888
442 -12.483389278185703 -41.811637439886255 38.5516571807783 0.3111688568781773 0.4938283845484413 0.6576358846620421 -0.47625887112806425
443 -12.472720529924777 -41.79421685429767 38.45133264021921 -0.5248290945570321 -0.06818665364460486 -0.2381681299895971 0.81435922271959
444 -11.613870449942308 -42.1006314425987 38.89075942926066 -0.5968777849832945 -0.2236680364265444 -0.22585379625397103 0.736681465758573
445 -10.862634873376283 -42.17753729218401 39.46388126557632 -0.5929682610710852 -0.16998062518037182 -0.13549613178657877 0.7753296245446172
446 -10.808433849952475 -42.127224325212886 39.4510392773258 -0.010454405524167407 -0.2938091366116371 0.17531413975504354 0.9395913202294972
447 -10.758993457489828 -42.183392426777424 39.40379094703971 0.08629214344959729 -0.7592549442101181 0.18302688582328255 0.6185359769141932
448 -10.696243366012022 -42.160067253890304 39.361884188274004 0.5680598229044029 0.52983963660386 -0.5570185183438988 -0.29378285740879184
449 -10.606088288407072 -42.146279493609356 39.37184651533973 0.7080562565841733 -0.04960688869575003 -0.6975660592446582 0.09796472373162059
450 -10.598034586958553 -42.30844522257629 38.42062409026951 -0.6631690189556627 0.028138996800735127 0.7281004398980578 -0.17112801809372596
451 -10.610543666226953 -42.29695232277141 38.42045069478693 0.5923946406742854 -0.5405335913088045 -0.5082610168810567 -0.31394707370227803
452 -10.671830618146032 -42.661616290152885 37.55562957133515 0.5975059501531026 -0.5730142328183541 -0.4428869518885581 -0.34422736144311966
453 -10.707737419475638 -42.96342901220334 36.60808162634123 -0.5385825059081506 0.6816156844845972 0.4009613091001023 0.29079025361765937
454 -10.949323708985455 -43.43930753455854 35.7121186949756 -0.46915685159031284 0.7667435169280571 0.3148637522415429 0.3047245401654342
455 -11.313284767597919 -43.94029783224833 34.893056576853255 -0.5195106720722775 0.7248178273518999 0.3170492815075524 0.322842890352918
456 -11.580957616975757 -44.524233545111656 34.1451768673917 -0.5873439011045999 0.6296100341494167 0.37538139662124276 0.3430847618363211
457 -11.699752343144675 -45.10055290725671 33.28513021940042 -0.5820058370150268 0.6612929627619436 0.4551745943084772 0.12952571859704629
458 -11.96247082427228 -45.79448883096921 32.59860115918575 0.6467890639924532 -0.6345746004578445 -0.38262892944900817 -0.18048292302109448
459 -12.001136794209435 -46.38183373055233 31.874510110044312 -0.604414218904334 0.6430593604086062 0.4200434564981463 0.21147483450809787
460 -12.045131365686915 -46.32535981472229 31.808840951238018 0.878928782300867 -0.08443122448441412 -0.09099448403873296 -0.46051663145830235
461 -11.06370478947077 -46.40078549200639 31.51555500814159 0.9009848536557181 0.010520367227634853 -0.1934090555319922 -0.38821199439816656
462 -11.057689401854667 -46.352186536639806 31.429877228617077 -0.5806286454779545 0.6447011618454153 0.4936735633784462 0.059305992840807786
463 -11.409668945689756 -47.02411433554865 30.852769499029808 -0.5057974013159644 0.6620818552940209 0.5530030587537786 -0.0020549261321357805
464 -11.916341870410866 -47.74348802219503 30.326497267709573 -0.4642570434645191 0.6841800526931132 0.5227432926447498 -0.20761142330169802
465 -12.432569360748777 -48.496556771082915 30.079562275313318 -0.4654289802384588 0.6782116125716728 0.5167592226162214 -0.23741267608996153
466 -12.472860631547219 -48.50955717665271 30.08993892228415 0.118128041767669 0.8276267987111477 0.5001489809280787 0.22567818831220054
467 -13.368628813064168 -48.22122364148891 29.86742131682287 0.1208678800606799 0.7748347144292824 0.5065485315620332 0.35837230090685995
468 -14.048370388343226 -47.711153907457046 29.407356037023725 0.10677855573530452 0.752167524076589 0.47120234308067555 0.44811907751719005
469 -14.620154021107906 -47.12632987572595 28.728065084029677 0.15237649625978744 0.7081208389511878 0.5386769138365547 0.43031786313164105
470 -15.198987305260136 -46.49898105685424 28.240062791083105 0.0683161133532397 0.710519304375974 0.5197554995529083 0.4694139404085652
471 -15.198153188982296 -46.48739795075327 28.19965522614522 0.32585634225592386 0.9150302274854217 -0.05983995316141517 0.23012280852885145
472 -15.812101939676095 -45.81816766638368 27.755909899903635 0.26637625324968534 0.8801985474008439 0.07799002185043212 0.3849828117590086
473 -16.43464724580651 -45.26050131124446 27.091736772367454 0.13473772822767385 0.8815497169748174 0.11011725081002627 0.4388508085530959
474 -17.019667960883282 -44.912246832051906 26.41585415988703 0.10894989761657252 0.9128562754573549 0.08279734366049694 0.3846660110410448
475 -17.617422463665626 -44.554350372757675 25.76168492529875 0.21423463356128805 0.9012257294257067 0.12425399394000253 0.35560744001485806
476 -18.245622736435546 -43.99784561289436 25.218900144226204 0.1723351434999164 0.9257027953628786 0.09948836204977576 0.3216784089566285
477 -18.25563184853069 -43.984862755926194 25.24554723055259 -0.6519101525313529 0.6586087579517833 -0.18448920038721334 0.32743150721371184
478 -18.191288352097295 -44.935699934865525 25.150006574923875 -0.5767325182602595 0.700724497715928 -0.30801582198081534 0.28546634493652895
479 -18.302996640842863 -45.85725770927892 25.120021793705725 -0.5136627382213467 0.7152285185737575 -0.3624306046698239 0.3053568639811482
480 -18.550532396266394 -46.75497968556068 24.97923288327658 -0.5418983223944386 0.6685845483285707 -0.3337491868060964 0.3846457984024296
481 -18.672932328269702 -47.755060667281825 24.862788573364718 0.694793673297121 -0.5662501509378024 0.2613442243971261 -0.3582202039018366
482 -18.429903854992496 -48.66960979197999 24.729752696878506 0.7192601310964096 -0.6107178758180636 0.0816342354573234 -0.32097412913308965
483 -18.102993324897614 -49.505384866063416 24.411234223874914 0.6535429232995336 -0.6360136103014248 0.10115619348695185 -0.39766287158304936
484 -17.90280975307076 -50.37487998652745 24.11842758280958 0.665610774143708 -0.6633440465146819 0.1428183573392337 -0.3107086901009744
485 -17.884797211581112 -50.29967417021398 24.110031027789585 0.7699344081224276 -0.533373605379 -0.3222727447357333 0.1373094398600098
486 -17.718775056607775 -51.18411231897639 23.803721414947624 0.7305330627979675 -0.4966111208703181 -0.40739467470254576 0.23179391236819244
487 -17.809633996187955 -51.2206017666477 23.809300353957607 0.38854854495872915 -0.024669830588959003 -0.6132857013284639 0.6872423707944817
488 -17.804281381099585 -51.20375818886996 23.828033562972177 -0.38594328907811676 -0.3803832230119686 0.8386399924448147 -0.055130248854444265
489 -17.863712872405355 -51.201768166097544 23.812854142575752 0.5189333926334138 0.005728762379770493 -0.49202280136803933 0.6989913291490228
490 -17.369636486358154 -51.803942766188996 23.179681152847504 0.4607392762185827 -0.07736208301232268 -0.6447965366943362 0.6049560758671318
491 -17.291712150861812 -51.85493099523203 23.135554421059858 -0.3518249564470426 -0.444809282425708 0.8213588835953324 -0.06110226368958945
492 -18.063291635150048 -51.5993984625071 22.51965641331098 -0.39612031743015325 -0.4402123434206388 0.7916972354762031 0.15005756948078688
493 -18.653695201279817 -51.00333110969464 22.026272728280325 -0.4072082504573593 -0.4186019825874037 0.801908856823976 0.12607936500718558
494 -19.27013997629126 -50.480480807659355 21.523518056245308 -0.3723884994964649 -0.5262620808030978 0.7343695998340478 0.2123118427953214
495 -19.36206456371808 -50.48189112123508 21.588463001336173 -0.6823813690944348 -0.2989941834184402 0.3545276401852646 0.5650383152843801
496 -18.77300085992583 -49.633383115272665 21.495915353485984 -0.5921056379150047 -0.4512508314024554 0.35564821991716394 0.5650645488593389
497 -18.48092638409468 -48.6663449777717 21.681169750383894 0.7057981142158186 0.4009141703434812 -0.30850137884870266 -0.49592716121991226
498 -17.993888112661146 -47.7974404366604 21.648807528928785 -0.6289394816337549 -0.4720977795161054 0.3299035827729385 0.5222283419078309
499 -17.672665711841002 -46.812266327451006 21.80502824729399 -0.6530742264698073 -0.5089255536938497 0.19484940676852128 0.5258541092358452
