# time x y z qx qy qz qw
0 9.186764652684728 13.114002954146667 -0.3972296625494435 -2.687631671255316e-05 6.526950769017721e-05 1.684309797901866e-05 0.9999999973669325
1 10.18177563954395 13.054743372692542 -0.47494027523673615 -0.05652948889677013 -0.0926997364483118 -0.10878899363250949 0.9881174680228608
2 11.121038444918506 12.863369172079045 -0.19691246220226566 -0.11676437090190413 -0.21631999718802772 -0.08504175279769868 0.9655773613675649
3 11.975757736641102 12.773130116180447 0.16633220208633523 -0.052676926805268816 -0.16273886500185922 -0.0741343702178665 0.9824689808602911
4 12.010397123628618 12.767029814260377 0.1998705710890876 -0.0663661588623725 -0.8204906355585315 -0.022775578636296014 0.5673375740565684
5 11.618444228693935 12.817697239217273 1.2335943279180315 -0.16086386745772777 -0.7512488622768033 -0.042589363922176965 0.638697196764676
6 11.506531749462587 13.065032718642714 2.205791666065678 -0.10887059080650137 -0.8364845755413239 0.022643210422073366 0.5365892603851434
7 11.050458408962651 13.27930547497807 3.133806479988279 -0.007969489258374833 -0.8412898790153399 0.04138114387615864 0.5389391687740055
8 10.55568435089047 13.312744632416251 4.057570466197735 -0.1780776690024345 -0.7921689479103113 0.03101908179793365 0.5829189637794799
9 10.278876819212801 13.579218219438763 5.003672947534209 -0.22909042618500958 -0.7134160602647177 -0.03553123546764447 0.6612810543882847
10 10.201824635247645 13.84545450161682 6.03203447620094 -0.15709183599983323 -0.7643244612187076 0.05437098132747004 0.6230361702456939
11 10.204667467615707 13.827781233583773 6.106548739806866 0.34270124102733696 -0.450469981835319 0.5380409002560833 0.6246155973999
12 10.23948889605018 14.158893366871746 7.1446261045038675 0.2600703212776639 -0.6236292401183783 0.42332635322578793 0.603526965035086
13 10.16200300474557 14.355571083103328 8.260250545025869 0.46190931963117693 -0.606667627283313 0.37204814785266166 0.5293149781781198
14 10.046292034736664 14.098488151187796 9.266912832419699 0.5516765489850786 -0.4502038580749861 0.2294079432419826 0.6635822986275292
15 10.475304756218776 13.89199972504209 10.058078287666696 0.46603928948211576 -0.5141689025503735 0.22237179411523264 0.6848273545143494
16 10.816438285199391 13.689237474338082 11.012386412707238 0.4307516981793999 -0.5123058157714352 0.15207742780382702 0.7272332374107354
17 11.258578171470722 13.366296391982512 11.891813958172847 0.34862695139581185 -0.5089534436617363 0.3006249205424524 0.7273584385254396
18 11.270966522172928 13.309136229770733 11.891943190664433 0.7976201424678144 -0.07183025811840915 0.5055406794355612 0.32104694950131085
19 11.682547556491501 13.585885989261016 12.77592960183912 0.8723512874937056 -0.03345882786202731 0.4347934524916784 0.2209940988274119
20 12.260565537854433 13.854275020515123 13.634338568916354 0.8505578244542633 0.01320998703111088 0.5184625622547523 0.08702559992614485
21 12.859221522373074 14.088508809292314 14.499742919472533 0.7571462359243286 0.0043603964230014974 0.6396928290148176 0.13230135628811465
22 12.878326156821885 14.118747157263227 14.459539617202829 0.5361890921671466 0.5797134516850716 0.3526150391382467 0.5020918297979795
23 12.858431566802402 14.141675488327948 14.450050589607786 0.6822594099815396 0.04350471702541155 0.06774821761910728 0.7266633444020792
24 13.916760193223938 14.339040106437785 14.401179859318342 0.6392456180358296 0.001189222046322431 0.039154779667926125 0.7680042505104198
25 13.919212769242447 14.327438672038483 14.402099932189591 0.5968387043850996 -0.3979063980231635 0.5520850478553722 0.4250366564129251
26 13.966128021835742 14.310691724179962 15.465196422582187 0.6711952239756078 -0.393146029762977 0.5152333453001572 0.3598163010269994
27 14.15323514615126 14.167552622355693 16.496770581217987 0.6267079861573214 -0.5506738338687218 0.3910112184389246 0.3887231094672218
28 14.254118971876604 13.826101851966962 17.394056371503257 0.6520021997559676 -0.5704696888881157 0.319928873923437 0.3835400646651637
29 14.404593434018656 13.33445031425476 18.29810728186699 0.6944010111766034 -0.5429743122810007 0.24540226431138126 0.4034400334011638
30 14.66891112986515 12.797552149778511 19.137837307454117 0.6575723108586595 -0.5307440814030061 0.3575057171073861 0.39761669769165414
31 14.713104835806941 12.85307616336674 19.042877289168064 0.7034049567209902 -0.6650776750090952 -0.17620363119541899 -0.1784528885123096
32 14.780151398061799 11.989794335613407 18.505213577103422 -0.6331678039607879 0.7515499996018322 0.18430720276366783 -0.01737771951066224
33 14.563792496964602 11.110378588801442 18.27758828685193 -0.6840213729911246 0.7285038596621631 0.016045192920634388 0.03375558520908084
34 14.361272315434572 10.124144076910213 18.18303975086648 -0.6044720309951949 0.7936603656887073 -0.06828809124795271 -0.007316028507488972
35 14.381763781039133 10.188414334443236 18.233765757617434 -0.3885258460505953 0.5760923682987041 0.5269023409453483 -0.4894273932310818
36 14.112978791160266 9.197494398697861 18.35118493046595 -0.40999143257604936 0.5838928682477267 0.5403629764935244 -0.44607622359720134
37 14.125615867018182 9.172441197989418 18.32465048035397 0.7086224036488455 -0.21043489452524336 -0.6648981016204335 -0.10715390181708842
38 14.212557867200909 9.270823235144507 18.232879852531997 -0.3160795984870455 0.7362459490554412 0.26815785193098507 0.5349083625888468
39 14.122149429000634 9.098150712488378 17.30614009308278 -0.39174620948893396 0.7313946044464802 0.06242066085048299 0.5547075815568216
40 13.982159200494987 8.500643315769924 16.460846961159298 -0.41927373242058713 0.6910280165691117 0.0007667735853280315 0.588803218127191
41 13.953530530615758 8.474000395075421 16.411281560012572 0.02776978592424899 0.4649188312492718 -0.39298270344208114 0.792870679326008
42 14.20922097419731 7.757757402083809 15.708951587759255 -0.012785853121007523 0.49016989264819355 -0.4391233770217215 0.7528217970105978
43 14.293329638056242 7.07067111354365 14.97933115861543 0.04354755164312266 0.5934979017415168 -0.20563518826521204 0.7769028386622343
44 14.467738448100116 6.888680441181896 14.000220856337556 0.19292944124811123 0.7371963464560255 -0.03866072772810062 0.6463939399492484
45 14.324426706257949 7.122540528076847 13.075572598245412 0.09264461366383074 0.7206417734804489 -0.017698712706320938 0.6868618241266375
46 14.348422766041526 7.0935433828386 13.058350493333336 -0.42744613561419165 0.634177987019697 -0.43980648022249236 0.4708272951756742
47 14.21613929612321 6.113582146555628 12.857974377116212 -0.43378636787376135 0.4934801939568997 -0.5094861265698756 0.555635286903176
48 14.217492286971623 5.167159253159502 12.682860207575041 -0.3185055796813776 0.4699727131294565 -0.5285185034486805 0.6311481887306135
49 14.279148763339887 4.130947604354012 12.329063445662932 -0.27318519723316975 0.5400518735092362 -0.5292057774308913 0.5946890507362677
50 14.171633306565559 3.1515475581592187 11.89229726639289 -0.47920331601050153 0.5124376355375944 -0.4196538304829646 0.5759014795693397
51 14.14436304016658 3.173521811678463 11.983656333474173 -0.5663229685611437 -0.1542486019235983 -0.0030509076669484082 0.8096149430730121
52 15.032141835691027 3.389463105638888 12.269500575103383 -0.5138762869495488 -0.3075567908393245 0.02781744955913818 0.8003537790374867
53 15.887386663700779 3.7208388224877 12.69735179559037 -0.3521422269917304 -0.36118807605529457 -0.002403665819506676 0.8634426721418204
54 16.63267422479855 4.016385139123943 13.353497072195907 -0.4623160649789211 -0.5471933200575193 0.08064391075494395 0.693065571360303
55 16.974834413616183 4.589230857457741 14.053934846929975 -0.4145728284481556 -0.6238837298771307 0.14745629140615302 0.6458754552015723
56 16.96924760468263 4.606685872950683 14.02073021658086 0.6517834682903183 0.6381628979415828 0.40352573731106156 -0.07136809848810952
57 16.85057832494396 5.366475439142919 14.594997794366364 0.5357288399607357 0.719763218374766 0.4327552317900764 -0.08751244978539054
58 16.50712708480681 6.104918047538892 15.154806224344222 0.44571470967830196 0.764905009698152 0.43520425733885637 0.1638779366150045
59 15.907393401399286 6.935249010443487 15.252851583000401 0.34688501113224235 0.8454683820032594 0.36472954019221066 0.17839945794691442
60 15.906622994306028 6.902830537969317 15.249356496252185 0.4763730659836965 0.3660747703657674 0.32947694321335497 0.7283563059366803
61 15.958671574386546 6.9284499182033965 15.272622810306355 -0.017169162965737925 0.1645861260897636 0.391624682454905 0.9051224972532249
62 16.570025920605154 7.55459553545392 14.885590787855543 0.035263784170503576 0.2626375474288834 0.22383028291630638 0.937911503637802
63 17.36626889485159 7.933796398535992 14.367244090001842 0.21064325307104528 0.18561458261949465 0.19861208403623037 0.9390047320058741
64 17.377042034811378 7.871169014801014 14.288788988754034 -0.07161168033170898 0.274162713891566 -0.5986480044279119 0.7492176855535105
65 17.44042969983184 6.896455073500593 14.015788503816923 0.15231977847942324 0.43584463917054955 -0.6178714455744162 0.6364534643900162
66 17.495187999955757 6.9303980780749885 13.990552798110356 -0.5595956849874373 -0.04510253416338502 0.7799298953197364 -0.2766365650849971
67 17.568168442889043 7.002630710072604 14.030382012490632 0.31917670355186356 -0.39405770349516206 -0.4481584301248854 0.7362056640191537
68 17.84609075826983 6.16680580204997 14.185598439074043 0.22913862076658267 -0.38227304525949946 -0.4235241557458374 0.7886634902421896
69 18.22520208473731 5.229352758655148 14.49976800294961 0.25366806967864547 -0.4237709343470002 -0.4308216861223811 0.7552902623461051
70 18.1828054553605 5.22394331280658 14.453925276608159 0.17342948721973758 0.7643936531317284 0.5143697657423676 -0.34791996221080906
71 17.491929024034352 5.130997823514863 15.134779659660849 0.2506234145533685 0.6405807210707618 0.5813007001052268 -0.43466508938175125
72 16.95483658800242 5.006782363210308 15.988367434864623 0.3272826056396582 0.5874519558917973 0.588167838551213 -0.449271509511354
73 16.63849839652271 4.957721804779736 16.854652495056463 0.35801611156296553 0.6132903553437863 0.5042213486232227 -0.49138603510499135
74 16.297207254189075 4.85952177750774 17.832408475336933 -0.3306997697162188 -0.6072886296814082 -0.46433522033161423 0.5533814107185997
75 16.124233905356455 4.76082349387458 18.856578225247276 0.45683306190089945 0.572647098358331 0.515920775138249 -0.4440772546266927
76 16.109046948508514 4.798107855796587 18.85859193046066 -0.7737149425416958 0.03431614240963845 -0.12124987639029727 0.6208752350779972
77 17.013444964779026 4.505880140980881 18.955694705752606 -0.7937630191331153 0.19394110403923376 -0.10427084147685918 0.5669697604268077
78 17.914557826979575 4.0692166776063905 18.973037598750047 -0.7261938828797845 0.38512046327930904 -0.11242980019365055 0.5582868557112266
79 18.511357123054776 3.43894148268933 18.71932167458635 -0.6171608861370962 0.5497927559883747 -0.048593312839102835 0.5607843222064084
80 18.492992284955342 3.463414919208075 18.765128290878945 -0.5453633672237589 0.7118100741715452 -0.37682297923050134 -0.2321845350623321
81 18.452786582846507 3.3658373213171195 18.832709043795678 0.14364819600208745 -0.7019758597170628 -0.354881590271616 0.60054487346586
82 18.272646907286873 2.801892899613725 19.500228351019206 0.0007028188386791984 -0.7047451217678993 -0.4481780179304969 0.5499729844582542
83 17.91839720469899 2.3475686827506745 20.300764997278193 -0.055102111162440605 -0.6559425437436841 -0.48061158984046587 0.5794097309879476
84 17.918493497206107 2.413657874122293 20.371895737083715 -0.507291631492768 -0.3121082437771591 -0.10921035873725113 0.7958120018749552
85 18.691388693079425 2.598257552242976 20.977242008623847 -0.6006025763233086 -0.16595185230501897 -0.16262426813679565 0.7650424010754623
86 19.605766156412855 2.5225271736962647 21.448089084095383 -0.5271574511883483 -0.25169493151013506 -0.2144257440443261 0.7828002832138916
87 19.666140447302833 2.4846899605446975 21.43187617978073 -0.018145163396307354 0.6267216399352126 0.6377957783524068 -0.44733352679861343
88 19.14303554850503 1.8016291315551787 22.004756035219646 -0.16927877847021844 0.7113223995111051 0.6053613396031107 -0.3144881359086872
89 18.419005128112584 1.1728858617335987 22.13382869204627 -0.301282313491635 0.5977082616701459 0.668475124651532 -0.3242141410094562
90 17.855033222454495 0.42108412966279307 22.13823405045094 -0.3584993102374327 0.5834437421035262 0.6532160792345711 -0.32307955396300175
91 17.866533654243163 0.37852995159045755 22.092278049982067 -0.054903791482050254 0.6268667898553918 0.7548044723934926 0.18518587935388633
92 16.972432649762297 0.5937838118026171 21.729295631746066 -0.11659575493033911 0.6873503700257909 0.7054554813883203 0.12762234340743972
93 16.034233385178347 0.6113564153007707 21.45423033907741 -0.17802057823401377 0.7036457218399065 0.6659481124280537 0.17234988661190312
94 16.053619745571012 0.6363723520875803 21.493258042243347 -0.6605404358554954 0.42138644705751205 0.1698972921582304 0.597707875933869
95 16.76137324273262 0.3103379586112197 20.644903538262735 -0.7363975415300426 0.3414912085186459 0.1224601135749842 0.5710568587419157
96 17.470860257902935 0.07672500460123516 20.039211104751534 -0.6698087363525261 0.34790991123303183 0.10075162125002202 0.6482006334362429
97 18.22513790068003 -0.3193880094631763 19.443438503137497 -0.670301215080001 0.2864603939171718 0.07890176312584715 0.6800082613871138
98 19.128325778521702 -0.6294743750711128 18.940260482686252 -0.6990720744034753 0.17551484726087668 -0.07234810371565398 0.6893899658893808
99 20.03387078402361 -1.018930756532754 18.79678283403756 -0.6807139727908222 0.13217828829784994 -0.09587709279191427 0.7141183168269504
100 20.95603589457723 -1.3490259380134397 18.71034183590319 -0.7838500511428614 0.0789233989047285 -0.07624271931938914 0.6111769319758746
101 20.92437681694046 -1.2487278861343978 18.72856178247586 -0.6061740153697507 -0.2954320745412324 0.6074586286996497 0.4198415973210827
102 20.977780401502088 -0.3572571244904399 18.21632724880479 0.6257972697001063 0.4866578115769209 -0.4763106571406864 -0.38035524126960946
103 21.081415350214577 0.6347348084729987 17.94152147118917 -0.5768298269872746 -0.3069270126668604 0.6019335749171542 0.4590633191409243
104 21.134140823888828 1.4720972298808908 17.545875080968372 -0.5645764843338366 -0.32144366768551796 0.6555368325544957 0.3849660024035198
105 21.05082268944173 2.367321117833358 17.08492001725688 -0.5281407584054256 -0.24518233670067185 0.5939318647638269 0.5551557449032692
106 21.17060448642468 3.356784273824316 16.79122623093169 -0.5686799876866183 -0.2581404035501231 0.5244739788970177 0.5786999646791577
107 21.4111205524064 4.230059809054438 16.482417022144638 -0.5173760721762145 -0.24227911124988855 0.5569830699798209 0.6028206134061194
108 21.633207057883936 5.1897327629181245 16.201107344896382 -0.4510372401220045 -0.30789363143037246 0.5443888458718174 0.6367163451946978
109 21.85609189306059 6.22195615882637 16.136938967771282 -0.45884329063621343 -0.284773600900521 0.6128629512235594 0.5768585908919361
110 21.894652270535282 6.234385377249387 16.129173706962053 0.7199677790910751 0.6633858517829236 -0.19134296188983124 -0.07038096092080676
111 21.884606042131004 7.193998500412626 15.985505583531111 0.7786909837793218 0.539636610513209 -0.3082905362672519 -0.08596293167788482
112 22.19276522997729 8.072721146259724 15.601816065295637 0.8492734501434877 0.38197826928402284 -0.36086694726423 -0.051012302911696
113 22.729511531480476 8.774723270093833 15.083542565305267 0.8398830913309889 0.42651631116969335 -0.33549798684408055 0.011014990969917475
114 23.118473797742315 9.51933893142106 14.436037222935745 0.8191228082046731 0.5299533731868995 -0.20048969584590504 0.08939311598961942
115 23.367905686087806 10.368484327973437 14.077130048212782 0.8995984291962151 0.4056995513720231 -0.1397293546434917 0.08127882661034302
116 24.06511567578593 11.083508112156535 13.811906282211654 0.9448550111350708 0.2563263328782776 -0.1565899969582027 0.1304813851043475
117 24.92512239412903 11.583066040124475 13.388226715996257 0.9075586576857044 0.3307948584461147 -0.24989498802844992 0.0668172091874356
118 24.965970343900217 11.640180297821598 13.387257798293376 0.576186591160524 0.47834168506569574 0.021557747329296977 0.6623696158682181
119 25.558891331569512 12.256024028157643 12.732192628657064 0.5728563436025993 0.5489250268460981 0.02759120605888186 0.6080753652669101
120 26.004483025228666 12.897077549330632 12.1170894735969 0.5767469760966096 0.5638202271313244 -0.026663681764672993 0.5905579777767379
121 26.435654780624144 13.527581884863043 11.365715947044574 0.5447590512927885 0.5577912569401826 0.08543413276898124 0.6203285409149586
122 26.78962034100861 14.246153542364008 10.821571598748918 0.4920785633666684 0.561034700368479 -0.035244052332893544 0.6647229567516089
123 27.168238067948568 14.71273219235677 10.013259118776794 0.5484210935457147 0.5729060581261641 0.2063824015117678 0.5730787529325212
124 27.41373409795215 15.62454683501601 9.567422764940867 0.6028053753475818 0.5502627555610584 0.19508240410247238 0.5438560792195004
125 27.426915311318236 15.703075867675992 9.550035359835439 -0.007160478368073284 0.7603829330439738 -0.12670034116492246 0.6369564712236423
126 27.186190032440404 15.449400056795874 8.558771199599793 0.06595324782709276 0.8139526989101681 -0.1533625834212356 0.5564270761243333
127 26.76365482144892 15.390697506476906 7.717035811525748 0.06410696272005843 0.8725072572511421 -0.010588704044139753 0.4842615643653365
128 26.16904314118468 15.528232365152313 6.927703572470072 0.11731287473401038 0.8460091785388253 -0.25881685402378923 0.4511319045721911
129 25.550302388869156 15.532210889614062 6.137861054149662 0.039011865098282805 0.8227530649256313 -0.25584644081449126 0.5060613275677065
130 25.043817187348203 15.395954346719417 5.243131944959494 0.05184968930632021 0.7612573284652171 -0.38876388753200103 0.516392805263438
131 24.56545031473258 15.08532255982436 4.389344142539506 0.13600792777582388 0.7223836181600406 -0.4807581574352146 0.4780537060369171
132 24.01258451295309 14.902190977540604 3.6101467207215667 0.13839891453851602 0.7762010144137459 -0.41849401744732156 0.4507998259077219
133 23.487054512970683 14.714705628850606 2.8648299218007507 0.22466345417231168 0.8592419387563104 -0.2856783968598581 0.3600242722501404
134 22.880484885153763 14.990922243523345 2.132770710970496 0.29706991606188204 0.8061477673661542 -0.3487208044743073 0.37452508950448443
135 22.349916807452452 15.104316041357269 1.2515796920603215 0.24978963853673006 0.7941630752719171 -0.3840302109791943 0.3992880456632971
136 22.46157963473115 15.14340792553974 1.2330802512752257 -0.4551036369067842 -0.3987796312029189 0.7955275133590953 -0.03148747212107802
137 21.918545308262846 15.459116877898637 0.4695567484816867 -0.3975563766724229 -0.35192950809299456 0.8381414037266626 0.12495413582437345
138 21.257979455970467 15.973679820261594 -0.07878083842114585 -0.3161247657447502 -0.41047485969475905 0.8070459784534849 0.28328838787259075
139 21.39690991014176 15.99975433415606 -0.10590214255776068 -0.009238393646495924 0.17526019812228838 0.8010448472565278 0.5722985826653209
140 20.948448327225858 16.903942423288186 -0.26185942032558185 -0.013912707742031722 0.1606188654182008 0.8005335099804861 0.5771950415876566
141 20.70103630773939 17.82570336559729 -0.4329179754001474 -0.20980565907492627 0.1614586933946565 0.8741810582363543 0.4070874023698029
142 20.137940539817013 18.510482974514005 -0.934390308744761 -0.3752721325806693 0.1664387464121214 0.8172214153001492 0.4044973777120667
143 19.76183050059766 19.060772997024 -1.6548001842991784 -0.27543866409167334 0.0075056830216572185 0.8826079153264165 0.3808943092892426
144 19.225478103175284 19.655186235930696 -2.1470574051593325 -0.017182529910918353 0.04114128311956859 0.9255989459191138 0.3758706516909241
145 19.27259691699716 19.70378698332526 -2.109006126108792 0.19510810387637315 0.1358618988873659 0.9551873135229405 -0.17632801342189577
146 19.266156052075093 19.703424101335752 -2.1671385662153395 -0.5029928693945332 0.12119348964107926 0.8381725022849452 -0.1725606207112835
147 19.286147062219413 19.752046856414395 -2.1819833441805843 -0.24887351839398128 -0.590471709701472 0.6693517954919482 -0.37599641721181865
148 18.628700448793047 19.636899272902518 -2.986766649859063 -0.19977121099870437 -0.564248162563805 0.7879641710902319 -0.14431888087690792
149 17.72070948539737 19.59246250005864 -3.469256818291657 -0.11185389066948842 -0.5297621618296648 0.832925757125921 -0.11434789963907886
150 17.769189932161026 19.539251535244503 -3.5232472263691585 0.574359582564582 0.26858342091753773 -0.5138946784520955 0.5778289326289298
151 17.777537329796395 19.504246447768168 -3.5992080752884754 0.9113089071629807 -0.10011566539611458 -0.3972052595257218 -0.04148386521059605
152 18.53319909045225 19.342484102382258 -4.412049832595431 0.892831088969806 -0.004483927312893042 -0.39261773944651124 -0.2206441742642528
153 18.575386676996924 19.2598178256965 -4.5330349908934515 -0.4421788765627204 0.1047814818115693 0.41450319323714585 0.7884705352689538
154 19.172962683398445 19.752177766709394 -5.130987528291951 -0.44944076664291327 -0.035967633347129865 0.4550378182364857 0.7678866521859947
155 19.785569348506453 20.52767639015977 -5.482371414891325 -0.379712721906397 -0.009959508311035169 0.5453838887518307 0.7471783394254464
156 20.2759492042912 21.312251855884032 -5.8960948028637725 -0.33406943960365026 -0.24390720075663946 0.4687274242724335 0.7805136056962062
157 20.71720611814481 22.200032289027295 -5.858421685269792 -0.39775800691033514 -0.46704125553086395 0.4126298999257905 0.6733480520934942
158 20.91744082866475 23.107268638377324 -5.551876905958255 -0.393236252575118 -0.6984513982820268 0.2618723801418891 0.5375441846186962
159 20.84158866168339 23.928734051663195 -5.062445896462019 0.23263518631793786 0.8494682558222734 -0.1506455571725675 -0.4489882721644833
160 20.298219956258393 24.424409928531446 -4.4203345737354 0.4062014424233087 0.856406581181326 -0.07820643635169294 -0.3089529239151229
161 19.753172436249514 25.157691742842935 -3.9823549545346877 0.3725120961227628 0.8883115142108887 -0.037925647749241474 -0.26589290551908745
162 19.785213939862185 25.11199685458028 -3.9947301657498078 0.8544157081888765 0.4098579605022578 -0.26636243914472835 -0.17618541604202012
163 20.2814922028415 25.905304160468123 -4.288318131649039 0.7690090584292927 0.6163458274170285 -0.15059463512839497 -0.07787262002690723
164 20.572859089678715 26.872047679308398 -4.416924877999208 0.7387611938652604 0.6454648231122553 -0.000933654646349821 -0.1939231519247785
165 20.65048201517095 26.71512283715277 -4.484318128967317 0.6385278307239207 0.7271939491772521 0.11207618221966491 -0.22563266396969203
166 20.623808993828153 27.57604459062942 -4.0102100558958975 0.4682652605436329 0.8677766894206306 0.05281049519314677 -0.1578046725025188
167 21.091717691050114 26.7955543932842 -4.3768058043901386 0.5468864766840444 0.8068313204097993 0.09613654695789417 -0.20173290848273343
168 20.717656142925634 27.567208823927817 -3.9854749473312188 0.6186738020148639 0.7194394611183272 0.1788098189833996 -0.2601473373328401
169 20.762788058067326 26.774400117719082 -4.49129780274153 0.6867012654084761 0.7138483552162018 0.1044359935305709 -0.08919092496886956
170 20.85275819958574 26.75466385703724 -4.565700907662917 0.43068344169265704 0.52371432167648 0.5412226672184753 -0.4973058483585646
171 20.809503878051594 26.807585279359436 -4.568758831367775 0.33544606400499477 -0.7593580628741243 -0.04960967349159081 0.5553288672378482
172 20.684946174787587 26.18345023447175 -3.8784039100955963 -0.38234249802838177 0.7685113542323982 0.1346644264172727 -0.4950454573824598
173 20.407921301939968 25.453979017324926 -3.199457235952151 -0.4951413683900249 0.8361062469344932 -0.020355767433620105 -0.2352594565116506
174 20.09266971128637 24.69600677312334 -2.866687872092929 -0.6448742029418949 0.7602661337014004 0.014913250550101429 -0.07687823674363024
175 19.99998519008546 24.68917769032555 -2.9200246578442073 -0.41264541697407675 0.47194284125108543 0.4231572710436553 0.6541648403919519
176 20.20271996331788 24.789173894416958 -3.947779451855899 -0.31706662624619264 0.5131044419152699 0.3812290427946875 0.7006118776737383
177 20.296228021615768 25.017205821353503 -4.935048631188899 -0.19121511720322476 0.6215114219056999 0.2718262169142643 0.7094158436289612
178 20.255322532851604 25.009738959106652 -4.791987303371574 0.5669710441674413 0.8153934313641416 -0.06060182371852467 -0.1000240277427375
179 19.947109779208112 26.002058460301207 -4.684106322050604 0.6161671746145021 0.7308427336219222 -0.18599128425159953 -0.22718748605954853
180 20.163665761492094 24.991126161241656 -4.854053478765032 0.6782129756958423 0.6522858397091426 0.31441968111719143 0.12526215325824636
181 20.17970133976995 25.009890305981724 -4.838078148575049 0.04634509585339161 0.9809875089925123 0.041020610290884996 0.1839373502646166
182 19.112626592409143 25.136460649498854 -5.227458357270068 0.1623312175447779 0.969028939151247 -0.1254676371479124 0.1374385787410448
183 19.993617092122967 24.852325553767418 -4.902340443693975 0.7488367324780355 0.22695686326183057 -0.4180024260438611 -0.46152800795988047
184 20.601756401010437 25.584511834099988 -5.3359394864673115 -0.7449296938910892 -0.17819256342043926 0.322792032632666 0.5559968211868234
185 19.783115285085014 24.92966735330525 -5.002539436067491 0.9915510221355349 0.08053008877450865 -0.023772232588455098 0.0988754583387867
186 19.778966632255557 25.019469569512598 -4.945006276204407 0.7160544138515191 0.20178846266964445 0.6662933197226366 0.050997106095994255
187 19.7960151531256 25.074100092001526 -4.950390821648929 0.48328337057562587 -0.40218491526790184 0.529905638089687 0.5691085066810835
188 19.81362767411807 25.053696853115195 -4.952297187780752 -0.025184470187761307 -0.595294860162607 -0.03903181606315231 0.8021635053155658
189 20.12466361065386 25.05891809761951 -3.915973461133744 -0.05606425614851603 -0.5330925560153406 0.006114866111392986 0.8441751798744042
190 20.099094567812237 25.046358075114572 -3.9248981939415293 0.4095772092750942 -0.29962484738410106 0.49163306122906447 0.7076499089090711
191 20.46967758339401 25.487850998535603 -3.1083945514724736 0.5261872943427082 -0.29222718906271977 0.42179271554215825 0.6781011033469653
192 20.455304837172775 25.433480573281983 -3.1565172899938334 -0.617541552340539 0.6756210064441615 0.11437668950741499 -0.38613036617383456
193 20.47836927875249 24.51736675317512 -2.868888298957353 0.6971565698000332 -0.6652310033724531 -0.16646981183484386 0.20911296249730996
194 20.553287602359045 23.48446189142554 -2.824284417881306 0.7650389389125619 -0.571263328154517 -0.09411298478502142 0.28198648539995447
195 20.62372131896381 23.51128803018873 -2.82959375292295 0.34393850508032897 -0.2963155507434212 -0.4645498659009744 0.7603267857981313
196 20.967893484669865 22.58296559891801 -2.7254706397864723 0.3063784698483328 -0.49831124183092546 -0.4003642480215898 0.7053556609147056
197 21.122221364598964 21.623284340305776 -2.239953718881061 0.2469744892719256 -0.5448625731440205 -0.3858811133451777 0.7022991843931148
198 21.243168090519532 20.792139238057363 -1.6221047387341145 0.295329906668191 -0.5173808331878404 -0.4148599682984409 0.6877416130936316
199 21.37848664838966 19.837650400352832 -1.07487078421479 0.2278042473161987 -0.5029980817048234 -0.5269464002520406 0.6460848597261691
200 21.324331219286055 18.918597507653644 -0.6664473525769392 0.31985060468734516 -0.48238157591097897 -0.5170073889205296 0.6306401237666026
201 21.25749351694344 17.977817201567788 -0.37813372798870554 0.27071227414672877 -0.4811174212269389 -0.6214489470809401 0.555915549153141
202 21.234392128045663 17.973690871427184 -0.36307293219784675 0.2985591337870744 0.6869269308994025 0.6552219191337139 -0.09837719209334703
203 20.430462844018273 18.19228589233592 0.16820867632582895 0.4029368713981443 0.667355469489277 0.5985102695648051 -0.1845643850695067
204 19.849805547298782 18.492302328326456 0.8878292432224789 0.32294136672067847 0.5738100600530329 0.684501144294049 -0.3129042538903102
205 19.27258497983245 18.41803113054689 1.733553540838439 0.399240675208365 0.5107258424326508 0.6847552389618791 -0.33298087008848914
206 19.29667965597807 18.39158327081451 1.7689679128715627 0.09875697088556036 -0.8366764083850887 -0.06769347482427238 0.5344504110013865
207 18.920224523051598 18.26492556012385 2.725912672710863 0.12730668543569837 -0.767451491646817 -0.028776315792437217 0.6276807623799409
208 18.99320616972739 18.28128268759446 2.6978263838244887 -0.20782797112033605 -0.4431173868608388 -0.6212295984790323 0.6119871745839179
209 18.78516440723354 17.776510584737665 3.5252406269230896 -0.12583395216507978 -0.44692129505208206 -0.6789715260068829 0.5687045273104225
210 18.54378423607668 17.16183542182475 4.199604163607379 -0.12897446106370114 -0.4384735233348786 -0.7032959922947529 0.5445009687317038
211 18.542936305545915 17.183816511946343 4.193419057291691 -0.30907195618142363 -0.19248759983082783 0.12657560715966415 0.9227142924468642
212 19.434564514113397 17.541331601197683 4.424179641510496 -0.33393518809223033 -0.03951349381338887 0.05305821949980389 0.9402716625018411
213 20.422088767056273 17.711583705485413 4.462805468660907 -0.3288267709221819 -0.092669012014992 -0.027597075864068035 0.939427384283005
214 21.352927334222855 17.69824493091379 4.603895260618913 -0.3594673335666042 -0.1327946990889124 -0.1838533061185006 0.905177753715643
215 22.194615485792504 17.410134829558306 5.018049677332164 -0.28336645060837024 -0.12561405459166516 -0.15844107344348882 0.9374545270063669
216 23.014646607916184 17.21307320087911 5.297480913114013 -0.45915477035851215 -0.08272918601577127 -0.26723613617483455 0.8431593124437009
217 23.762219123573274 16.87459699998275 5.7046691133871725 -0.4253745667555536 -0.1653503174534428 -0.36551839722383533 0.8112410565094008
218 24.44968061664355 16.489426223107653 6.212012540902642 -0.35639628448987426 -0.21168452182692393 -0.32021624206568106 0.8518408947321391
219 25.114137022749446 16.1059443868081 6.820032083739621 -0.5788671546263002 -0.13157219080583799 -0.3536787120950887 0.7228505685908823
220 25.800837375463704 15.756068551644534 7.462142732671758 -0.6486346942111391 -0.30963319459455646 -0.30704686215380994 0.6237968761642603
221 26.402972845459036 15.804790959370553 8.28142449368486 -0.6484059029485777 -0.19024211992058673 -0.2938026723978048 0.6760604340748453
222 26.414988479813065 15.793194585398492 8.266089971308144 -0.695074376950646 0.33583526620018356 0.05272523157804957 0.6334874382637462
223 27.229232372296586 15.43718403563411 7.7386245011856705 -0.6859560944648502 0.2821418886209352 0.005089162429045691 0.6706968701117606
224 28.066732988390232 15.039138155182801 7.353080506440023 -0.629596509132796 0.3627321587679557 -0.04242236752475037 0.6857360712525845
225 28.827613079314684 14.413477157058592 6.878248980501868 -0.610724777894422 0.4994056582998422 -0.09894598765454449 0.6064807710479996
226 29.36260886633276 13.752059837380761 6.319426745845995 -0.6042286412062433 0.5116583034721724 -0.11275920824463491 0.6003323167963535
227 29.37330610432223 13.625615542727322 6.33596187232894 -0.4871824593340536 0.759343618891975 -0.43082853345033956 -0.020911588421052948
228 29.371439600888372 13.528149295777144 6.336733341400769 0.8599051253852857 -0.1071115985743586 0.33645038246740583 0.36863453571863986
229 30.171924304444854 13.58916746231903 7.033329061982866 0.8244710910578968 -0.040671891201320115 0.4078386019137292 0.39020621735815747
230 30.876606866128522 13.820295871201889 7.747840863053789 0.7309878925202575 -0.08934412230497413 0.5884287224248899 0.3338052836965842
231 30.875694262851095 13.785413364538543 7.782035249216412 0.8284935599914213 0.2675269124874061 0.47426113649775087 -0.13078282209662756
232 31.30963510097015 14.149976021392133 8.633204263308878 0.8592840067001165 0.25461728492338787 0.44267374473287424 -0.02899982365137222
233 31.79219046726555 14.595209317219041 9.470762731580429 0.8939924227708061 0.257379905822817 0.3642183307410839 0.04333750868705136
234 32.4092039298905 15.116383317413359 10.238611610686242 0.8923147373072914 0.2161722264856787 0.38518698647747895 -0.0931394842633427
235 32.968749945208884 15.401964947049967 10.943439295232555 0.9026028760886062 0.09469040623841678 0.4149913195104217 -0.06421821995336056
236 33.69829539000386 15.509056495011334 11.736200660775715 0.9156026915932696 0.0206587569537312 0.39539737541132985 -0.07004171918306487
237 34.355901280455335 15.533288575962272 12.464641885998102 0.8293401790781383 0.09573721400569295 0.5353814169124503 -0.12804683379875686
238 34.82904455982831 15.584386679401016 13.372112053624235 0.849142949212159 0.07549886079420833 0.4584809172556365 -0.25110042280825207
239 35.3550629572655 15.456443156651892 14.134813396358071 -0.7515897203778178 -0.2209737490614632 -0.35540571484709377 0.5098728001199334
240 35.95982136745807 15.35526752115241 14.978698218174962 -0.7112678469117312 -0.25685416310721004 -0.3469454212552789 0.5547547778199313
241 36.55530970941993 15.338922268308355 15.73487331579934 -0.617155996733744 -0.23383417597503978 -0.20544441725753612 0.7226566579360938
242 37.33969085954494 15.241653214440571 16.329505262299772 -0.5152051518033215 -0.25630374061599587 -0.1650415306990092 0.8010201852925383
243 38.17482283914292 15.283735477750774 16.863985451723305 -0.42968142619303795 -0.34824678861902086 -0.24056626889277782 0.7976377100364944
244 38.75507310869609 15.178027775746406 17.695026082678492 -0.4050242972314762 -0.22695506744116173 -0.23409889337194786 0.8541922641519036
245 39.571589666142 14.949520946251514 18.32797460392106 -0.38161354967353367 -0.3911258701919927 -0.19736026135250165 0.8139045273316733
246 40.150921564054634 14.853470877291631 19.14344166246662 -0.2461452196390428 -0.4110984202348833 -0.10066925274179375 0.8719382554296141
247 40.833875491945236 14.894837475191455 19.947206605424917 -0.21172860591332332 -0.4330316727294858 -0.19103112519919604 0.8550799243674434
248 40.540558880793064 14.92696858386875 19.366837774697345 -0.2712159186976021 0.7220070526338355 0.5390288204619892 0.3385198252737559
249 39.90514129184371 14.862424897201107 18.678663043499522 -0.31819699346287506 0.6809037272497541 0.49431209004882093 0.43677951554548194
250 39.43773240275174 14.822036282574382 17.696622795938076 -0.18800080749873047 0.6706419206832716 0.5502831664167421 0.4605252950277999
251 38.93709383165196 15.032046858839589 16.96522864992265 -0.2043201772557032 0.5238144490263243 0.6990842640829977 0.44176111176628047
252 38.38086214230884 15.440929415501492 16.223231866465856 -0.18412599131231153 0.46600714860680154 0.7994678608377003 0.3313398500908223
253 37.70182322261288 15.798203803905867 15.663660056901394 -0.34341321603374053 0.41570812375038046 0.8021000968117263 0.25668960554709086
254 37.07476436352262 16.000143441925083 14.877539480678019 -0.3287193620953664 0.3368460847155878 0.862292120644147 0.18689728427779173
255 36.373760919419034 16.045400099827766 14.145419779935127 -0.19508778357859222 0.24681317611527567 0.9474392025173592 0.05816330739867022
256 36.29966045726037 16.056325285445784 14.171963537096083 -0.2940640667421069 -0.1602088582791922 0.6619491677060131 0.6705838842033762
257 36.375339393984845 17.047211340089703 13.990648597105684 -0.07658676880897439 -0.1887273114838212 0.6879743115157448 0.696568600668969
258 36.32479030577449 17.006373136349666 14.003604875680654 0.5200084222060694 0.2759187609033447 0.6485991938140186 0.48247193078988765
259 36.277614687847716 17.91306899221242 14.467813759709214 0.5583555543102422 0.15454302979347806 0.7327540392758926 0.3569692491490246
260 36.18608969847831 18.606578736046966 15.224423579508079 0.5499115152269328 0.20361926834424537 0.8022698692661732 0.11180150199084891
261 36.184378488825324 18.558169416401025 15.298265864056326 0.20888766173632417 0.6401108913289418 0.5180879823529652 0.5274550541210429
262 35.80783755825304 19.37960626925991 14.802240681262232 0.27572318015203645 0.5283446532314595 0.550925147675974 0.5842175425188656
263 35.69108888855249 20.35068032052019 14.515780387775392 0.23916753678970687 0.49421175280754376 0.6425031748239203 0.5345496263903117
264 35.31436370045101 21.251801338643407 14.269479962600807 0.12242976821430228 0.39790784441023697 0.7158346097323957 0.5605899666610681
265 35.37084407209514 21.20652999440097 14.2161499710563 0.3873744658267027 0.16308773741669316 0.8585357902724606 -0.2937000339649652
266 34.80182852779766 20.840773012785466 15.009405243344228 0.4839037274785633 0.29505564547856317 0.7868927003973577 -0.24408856315881663
267 34.401496104360824 20.77656901041219 16.022955294080855 0.4736041637398351 0.13750585017470468 0.8038486881685089 -0.3325936316073873
268 34.05664790132539 20.369194229943986 16.816707650785606 0.5221868611680032 0.15436487164019755 0.7364902230463128 -0.4013409022068472
269 34.00161273718143 19.920179400612493 17.669905298979355 0.5358837939038348 0.17755024422650278 0.7547547590942073 -0.3341402756792222
270 33.900350381047076 19.65198320022028 18.555915861000972 0.5046156214088748 0.0809070891168193 0.702904960152991 -0.49471379054267256
271 33.854492990450815 18.969131301278992 19.351090128803335 -0.3055737133018337 -0.03393396905865361 -0.7698293263008434 0.5593174410386682
272 33.71507695107911 18.077097517343162 19.882937460724108 -0.26258247359983466 -0.05063369469293831 -0.7342611118274435 0.6239769973146913
273 33.66073444884328 17.204171671212602 20.29418340319315 -0.40320675393142724 0.11180008836773599 -0.6414949937324951 0.6429690714499373
274 33.917039738614804 16.26042149989738 20.719128996201757 -0.33887961487479035 0.06727373143768003 -0.608761367383755 0.7141739628842727
275 33.76283334606372 16.316865482933064 20.68639148755876 -0.6142838193494943 -0.5062020126559073 -0.15449739742919685 0.5852738383492911
276 34.14682719328363 16.8567065272623 21.476214772401306 -0.7118402062606008 -0.39724571025980676 -0.15319266670118167 0.5585797823946251
277 34.8921646826718 17.199157843095264 22.19725643610296 -0.7257849177698396 -0.3903924561135947 -0.17463000680396157 0.5388268219670121
278 34.97904278209124 17.133973368322387 22.269214741658523 0.2687762326811185 0.8924252369772536 0.33100418071747356 -0.14755597412301205
279 34.1548468851025 17.5140075249248 22.70024267789686 0.2972858273652792 0.8997662211318155 0.3179795021129389 0.03051098808496239
280 34.15238808897118 17.514081870015406 22.719903747243393 0.5817440963297554 0.566277950907727 -0.029096679079137076 0.583143611786828
281 34.51565887627423 18.19487936997856 21.98506607268645 0.5782302240642185 0.5812336722589179 -0.1402176105920386 0.5551182287503408
282 34.82975945086747 18.683965269502266 21.1320351507483 0.6665709972258802 0.5515261578572114 -0.16024950802463098 0.47520742632499
283 35.20246986676927 19.372989150787223 20.380677506807412 0.5682590167122282 0.5233005224790656 -0.2070867752350281 0.6002943616436395
284 35.277799928365226 19.38085929949772 20.356335162255863 0.1286094062606705 0.5350746133141813 0.21561647525794664 0.8066376599225306
285 35.6126885104284 19.868125931031887 19.574053118151195 -0.08156981158819336 0.555115050420058 0.1920929657376832 0.8051670256218298
286 35.87526330504097 20.008728777138437 18.639782761995786 -0.028700189082779184 0.47525817175283736 0.21947975516596538 0.8515483582281459
287 36.21718710497344 20.3924560582114 17.823432417349 0.023273872230886637 0.4409885168822513 0.22020978840442032 0.869767269986778
288 36.783829346660994 20.82680473016457 17.048880363071596 0.13061471229510754 0.4376848495849489 0.11365396303755115 0.8823007118107323
289 37.37110680424978 21.140050547580604 16.318986837195666 0.16595895344617947 0.4100586506307736 0.12819256368535625 0.8876239042689722
290 37.940575414572926 21.487312728624644 15.6088689932885 0.2535216223143496 0.4185010905673346 0.25839434995999555 0.8329561717892502
291 38.49197953062345 22.149012598263234 15.040138327613215 0.28651835767985306 0.48732756301493957 0.15185157435805874 0.810777513503759
292 38.44970309607969 22.17711149102613 15.032855335062957 -0.07748458300971109 0.4741902552036869 -0.4865602152098187 0.7296566988938332
293 38.45288832145168 22.153609095857572 15.04868841148985 -0.2531581434333261 -0.16018414454385965 -0.233887561515769 0.9249587033042883
294 39.33008354459529 21.901753242915166 15.484927368842285 -0.26833670341367916 -0.16279202300982556 -0.1818712588492023 0.9318889504925222
295 40.28488186833076 21.70356094224321 15.868988843575524 -0.20836345284324684 -0.2107150443927196 -0.2357247414930946 0.925536432472449
296 41.092619875551264 21.28242017331 16.33800478933398 -0.1739244741354857 -0.30242855571721367 -0.18814644990992102 0.9180894070676285
297 41.835925392412804 21.064656148145016 16.98090487672649 -0.14198419624264771 -0.21997351516859645 -0.18754963916535805 0.9467192157607475
298 42.57703948558986 20.774552081755367 17.44345955583543 0.18085944930786274 -0.28316698846889166 -0.16276668765344884 0.9276924714730848
299 43.36001579719064 20.387478871271217 17.905824618352646 0.23948440620378988 -0.11663063777336605 -0.026867032190751854 0.963495031694018
300 42.34980602691045 20.502948853267775 17.66763261988263 -0.17671162387661715 0.9072783135219741 0.30432362102640814 0.23023074834822926
301 41.513603026710825 20.306479315592398 17.1459114753396 -0.24134620931537432 0.8042617025296512 0.5241946169873696 0.1418982896819777
302 40.68714861973636 20.10777956502672 16.59786462957321 -0.4700284400428854 0.6928643185075389 0.5236811355907118 0.1573860537543166
303 40.65379481209005 20.07481857099241 16.602546076441794 0.021459440364185324 0.3784518649600979 0.6929180730026472 0.6133336958245298
304 40.46270345604302 20.919979315166888 16.140719285809443 0.22377981701446406 0.4303226485373774 0.632375019447943 0.6040255345852217
305 40.26837526176053 21.816439552817254 15.945231576952287 0.15881052470397572 0.2628841576301977 0.8050095241073151 0.5075734459236646
306 39.825744240888845 22.670767226855556 15.890252051202681 0.2373523024167347 0.13609782613974536 0.8735976765001923 0.40245293621860495
307 39.30218446553637 23.442441228558582 16.257238383740013 0.32402423564373867 0.046060766105779576 0.9201949853744178 0.21477404273564743
308 38.610029737129906 23.95522137923231 16.776979810616023 0.4217878189043608 -0.013543293428264292 0.9051934402587776 0.050363188337290185
309 38.64025469378776 23.98772124631069 16.80297640061352 0.3296109300230233 0.534850141620796 0.692396021499986 -0.3547953075064008
310 38.104209572691246 23.83893390080479 17.699141313694476 0.3098907667655346 0.4615299538974437 0.7695288567171116 -0.3142978730576255
311 37.46286776665803 23.728861693337297 18.507695913913984 0.20610247177594895 0.5283852503703711 0.7445539525117997 -0.35209403590225974
312 38.129915065804155 23.953793763743178 17.760325336579804 -0.23364718662018877 0.8305276916376471 0.17149793131478572 -0.47562717033645224
313 38.08731140756709 23.912185273136465 17.753432388162313 0.6900635714440448 -0.3228486113146602 -0.5456941279114081 0.3489970777830266
314 38.268086556686676 23.073714458885792 17.233334637414824 0.7797491870612068 -0.3893268673559256 -0.4017143467114062 0.2811429872474783
315 38.59936381398997 22.23751549964554 16.814469476700168 0.8068779043159421 -0.41225575592360497 -0.41095410512786956 0.10054831034444081
316 39.00210625114995 21.531783129636572 16.222651312820155 0.8138380588960794 -0.3832508385416598 -0.3914981685454067 0.1936894232398048
317 39.41281731926444 20.77224111814113 15.694062943683635 0.7650974117497474 -0.37223723238053863 -0.4422113174965678 0.2837508485299437
318 39.627237246869036 19.87058138035548 15.199066276588379 0.7796920371675297 -0.48832908902348104 -0.376615224632481 0.10851728233820322
319 39.57235384924481 19.963633453982233 15.238209562139104 0.5107257170165804 -0.06542077408601059 -0.5688931953117353 0.6412798894584877
320 39.543989440550625 19.887560672733148 15.220949958925148 0.22926642469175865 -0.3773810005327551 0.1884043703504841 0.8772253303335422
321 39.59740408878219 19.996847772483505 15.232286387475982 0.09739096305312533 0.4994069326117559 0.2439984774435678 0.8255740178688533
322 39.60030815130951 19.924774892166912 15.189080334650102 0.5829619110651598 0.5469132778284613 -0.024147016671818688 0.6003817105542405
323 40.117719276292824 20.52054061976288 14.504814769889533 0.5385079791033416 0.6626949989616929 -0.07770740758820065 0.5145930951724076
324 40.27669371499049 21.157431427261216 13.619847121572377 0.524839626482533 0.774657835199879 0.1626825636170123 0.3130223447808614
325 40.037340797032144 22.006267069858847 13.244275278684784 0.4240153132202419 0.852052027149378 0.19460960783471692 0.2373719817581534
326 39.46677092984443 22.838568752181978 13.100857611293216 0.4750955745713402 0.7579946203293525 0.178447713173196 0.40973743328837414
327 39.29360053946202 23.708901266997948 12.650130134797509 0.45680567958594714 0.7704194261663332 0.24044683523474783 0.37412270488324106
328 39.32153297876911 23.702287325199755 12.64296152552349 0.49854473742164906 0.17060868284326985 -0.13299120413545 0.8394397904258928
329 40.225231332750504 23.684728006949797 12.250289697222687 0.523897894963654 0.22753333329889425 -0.13219099129234588 0.8101142633676397
330 40.22410898960243 23.63774409949838 12.203943028054233 0.07309563981927739 0.4491623150829265 -0.7347424043349139 0.5030545113811298
331 39.62974493969515 23.000964583620867 11.679225369184344 -0.07588488696027344 -0.5352405064679197 0.6924568599241062 -0.4777683343536258
332 39.12805450227637 22.430907979591 11.100622155820972 -0.055425960359347354 -0.5778322133018837 0.7707708711316412 -0.2625836255440547
333 39.11027013399238 22.332571323587672 11.107137902476895 0.4002993128591949 0.2506014484058714 -0.4096029277958918 0.7805029248647113
334 39.652191063340915 21.899943170274025 10.42115115088218 0.4030727031427712 0.1870854939118647 -0.3156523606817208 0.8383883355253636
335 40.32477217281962 21.55939533295053 9.857983477391523 0.321073788930797 0.12638436699064765 -0.5083487995733355 0.788999437144504
336 40.77842340019672 20.758920315731213 9.31271707286427 0.2813180713864711 0.15646124464944655 -0.5350859482172623 0.7810653299529914
337 41.161100758800856 20.0568806320467 8.682955979298708 0.35230809447151684 0.03918655573605563 -0.5421774077578407 0.7618313979722687
338 41.087710549092144 20.0218434825843 8.634116462468924 0.6638962240716403 0.6112682097362914 -0.09627094398378881 0.419910567589906
339 41.36957659662193 20.82219371437834 8.017680135398273 0.63917823943274 0.6257949023442227 -0.1590862438331643 0.41776008121731956
340 41.485499372768935 21.51600407664529 7.291869883722364 0.5608538882090834 0.6165926856922359 -0.16960732276364565 0.525822909444364
341 41.6301377330193 22.085896131374934 6.4845670849955255 0.5618478689687031 0.5796337680345116 -0.17544994598444505 0.5635325931510056
342 41.90303405784141 22.608815600268553 5.62141081739217 0.58004697065921 0.5411816337122513 -0.10077769774302195 0.6004263541844479
343 41.97953112306403 22.581489887625338 5.656044666235748 0.525978475554397 0.8029353084784725 0.2774833599135623 -0.040552664809267995
344 41.65673464831426 23.32746238712615 5.946516084713023 0.4397237132502138 0.8073290777418938 0.3920305812146384 -0.03427593369085008
345 41.63238370901212 23.23394845647413 5.9169979492416465 -0.27883688148444224 0.8187162820921771 0.401422348196298 0.3013531837060343
346 40.95100551014517 22.964766700060586 5.150760756406343 -0.28449372329311035 0.7685585811442521 0.4831854354459396 0.3080793140236368
347 40.91412022354105 22.922397044068617 5.200760242735773 -0.032675531313107936 0.9032377140820708 -0.27109421036230597 0.33106173234192976
348 40.10360371235553 22.615283874196518 4.591657962440815 0.07053048250489079 0.9475941272876541 -0.2507501224807274 0.18497350362545595
349 39.23795940199431 22.705745335580637 4.143980003221233 -0.032897643702473646 0.9537013158222357 -0.2689561146452722 0.13051495559007953
350 38.293288306043436 22.666412315684354 3.9126913234815257 -0.06764168205320417 0.9718444161213956 -0.1375056053918139 0.17898391600506497
351 37.33963689146036 22.413158394611177 3.5900920785114065 -0.12240736829179312 0.9255323156182557 -0.2265037484455871 0.2776732267869644
352 36.58324732059012 22.1090734269707 3.1195677639646537 -0.2056400939991942 0.9101686202194137 -0.00855351916951095 0.35948862543578197
353 35.92554289124531 21.783927817104672 2.518126962744477 -0.2052662855884498 0.9286855011727282 0.047994972272769186 0.3051318969704985
354 35.15812995906241 21.411090408867288 1.9104453710023475 -0.27571125094106 0.9285861699513931 0.057126179901168715 0.24175944790104253
355 35.15905599544966 21.427210433166287 1.8611005985768798 -0.2003984331005062 0.436852684144829 0.19953465394564313 0.8539239557718898
356 35.63009665130415 21.585950023160493 1.0783480753839234 -0.10377040123634693 0.5078729912743518 0.1295199036505817 0.8452936313019479
357 36.029675933031356 21.680472769829983 0.16415649724040265 -0.12330561247545709 0.508401532895292 0.08925129291079571 0.8475599176433022
358 35.55954493342527 21.643291595277198 1.1056671237737217 0.7652429943776365 -0.5675372101087466 0.2506634743405723 -0.17167555833443934
359 35.828969824937495 20.714731730663253 1.278811681109284 0.6770143578738033 -0.6512438661704935 0.22441642866969122 -0.2591722449475843
360 35.79297691734019 19.76400729425537 1.2753681621633255 -0.6039534257260716 0.7314438377682846 -0.25215585555365105 0.19143561908524717
361 35.584530611480005 18.79747538274934 1.307274739993596 -0.6312835502606662 0.7246715108862992 -0.2529183117147432 0.11119625928699216
362 35.40979764802116 17.833528534531375 1.5143722536316213 -0.6651026888520146 0.6848795052376496 -0.278498889670987 0.10496115967003757
363 35.28515404496311 16.96414396644491 1.7611737606412365 0.6803160254630983 -0.6706207129442106 0.27422321185917337 -0.11063270287726663
364 35.24062319923729 16.004476343580137 1.9381980618446109 0.7524756205179154 -0.6065948373418641 0.23865734922550724 -0.0941584488881839
365 35.35369630046455 15.084516336146189 2.1158209641086048 0.8442802935307051 -0.4704779809889308 0.19496185007925734 -0.16682665366768404
366 35.87270496456881 14.23057234377333 2.423362272285173 0.8628040635044092 -0.4403464393873374 0.12821314609829632 -0.21266299745548004
367 36.447959895328175 13.361768044391752 2.406053123490283 0.8489097836884456 -0.459522736444713 0.20402658813235172 -0.162985229954955
368 36.90859003579756 12.495719972086498 2.501846505346972 0.8521386452778832 -0.5052872696084669 0.12243173472185735 -0.05962360881890268
369 36.37483066115485 13.324135004325354 2.3595765848203456 0.6683660836242905 -0.417597073230372 -0.2728502619428551 0.5517718706565864
370 36.35633935567344 13.346068277990051 2.336088228596644 0.8329353956930463 0.13980238308668502 -0.503792436426282 0.1812928605450898
371 36.79964161118198 13.395761700750223 1.421786363465593 0.839437343308323 0.048138472275125056 -0.5252612321482703 0.1308750249228671
372 36.323866871470926 13.46405195056632 2.25264623776543 0.8091281536509325 -0.49660765592543127 0.2991302165136828 -0.09598739820496004
373 36.697723209182236 12.552653903339614 2.5956845279457212 0.7466239299904257 -0.5822170615767086 0.2886839038563285 -0.1422589330372744
374 36.5844169518162 13.499209935064751 2.33234827498641 -0.6064149728113197 0.6370234738469486 0.2132606978196946 -0.42541961553702323
375 36.61543041089995 13.407459249362503 2.2789332916606186 -0.21813854585288428 0.68230660686816 0.6962722163548373 0.04558804415160696
376 36.62881968918464 13.371712458655887 2.259173403789129 -0.23731930059611483 0.012590171748308166 0.9658854490723888 -0.10288992375422076
377 36.60252762532458 13.331594821089125 2.3001403058701664 -0.09038369651990591 -0.6337264672647892 0.7437024141508805 -0.1926869774469446
378 35.673375793917 13.245199877260179 1.8839522349431856 -0.047389222019023736 -0.6348356113143943 0.762865557058596 -0.11302278574335833
379 34.71751106332093 13.066563443256335 1.682720605003909 0.008766869120551076 -0.6386323561482046 0.756549690751914 -0.14037243714347505
380 33.78037412725022 12.969563565337124 1.515292334093009 0.0011592033678017998 0.7063520447480215 -0.671166928254372 0.22494532568033299
381 32.82770273419221 12.731654854311534 1.1200138745214303 -0.12859017197187614 0.6947069456016821 -0.6652767848772445 0.2413578813886562
382 32.843775796992574 12.760334832604746 1.1648998987110484 -0.3556784943172415 -0.5745496859371775 0.6680889615689145 0.31151662315112283
383 32.23475602404515 13.598208078862628 1.0993326382934623 -0.4401309094181448 -0.5475139623249345 0.6188308103711002 0.35151340197701164
384 31.939999379960604 14.430313073371211 0.9794092076776666 0.5836603855776358 0.47694230366525453 -0.5533795481566549 -0.3544540435145023
385 31.80166570841962 15.311236456216118 0.7049137253124351 0.5963224012927817 0.5348015980915317 -0.5445073755297336 -0.2487942169522342
386 31.73809508534787 16.309730379160765 0.2999952856214656 0.6016981520956679 0.5594254881585888 -0.47560427145937556 -0.3143294989859826
387 31.730814934864917 16.250427420611285 0.27840354804881606 -0.1466450714029836 0.012302514205286268 0.7689571615202904 0.6221324255527101
388 31.52861145756112 17.243754078487374 0.02030896724591358 -0.1335983380613014 -0.0007415562737585423 0.6440393928664482 0.7532358160614552
389 31.667873025249154 18.214201352904016 -0.0659939400118611 -0.26812644699700683 0.07077061125446103 0.6327558660622258 0.7229935981509604
390 31.836707173037176 19.245075953362868 -0.5809052142473161 -0.1869317855889748 0.03721788631350522 0.668173610600828 0.7191768645969671
391 31.95429295894625 20.27767797578995 -0.9046080587672979 -0.20923907039482828 0.18234009090600992 0.640915595534823 0.7156803071685974
392 32.102805769895994 21.14578056928999 -1.3773348936570766 -0.08562846746747464 0.32906826401108236 0.6808338491790386 0.6487273024869205
393 31.992720072731014 21.95092078268389 -1.915749733999932 -0.06607684479540508 0.210529846533775 0.7031068662244236 0.675982077401774
394 31.955247837068917 22.826988656180347 -2.3292481365609277 -0.23501300303996786 0.1866412362504016 0.5912441953173246 0.7485748051040895
395 31.966763084823278 22.877425219597903 -2.3339332059652214 0.7321094760556422 0.2992539544932882 -0.42412106083595147 -0.4411168910221504
396 32.427256835122954 23.628589068270472 -2.697897573272687 0.7894490031864424 0.3159335872594777 -0.3842181448829294 -0.35962849852592227
397 32.44956395588115 23.67517742572162 -2.710958500166208 0.7828755398489142 -0.37551764720040803 -0.49559754644660536 0.021804992626598727
398 32.39510059837997 23.63999125518619 -2.7308534813185843 0.4177706861784371 -0.012450835533024687 -0.6307906971279086 0.6537703930902764
399 32.58783869109167 22.837601983812796 -3.2047322720049287 0.4000180640847565 -0.06726231828748228 -0.7365323052184543 0.5412776480828174
400 32.711114291412926 23.650001476041183 -2.6613268037198643 -0.2848939161856977 0.7915466198999663 -0.4335717110558654 -0.3229628096505892
401 32.09052588940236 23.515032982348497 -1.8819414520550617 -0.3073307102121913 0.7715560505499369 -0.4427345512544776 -0.337987000557342
402 31.41289726301755 23.355471912034442 -1.125259291830685 -0.3527326959587623 0.6756513215710735 -0.44348965202914475 -0.4715844202303471
403 31.118556846425733 23.264662939904813 -0.16142909426817253 0.4817232528618768 -0.5873279375902072 0.36361230327637867 0.5392352865718743
404 31.120090762398924 23.281404583903228 -0.17625232696230186 -0.13078057815849026 0.002859988731729035 0.7458550532345629 0.6531374284218069
405 31.031148048316393 24.321772350643325 -0.4185545356143332 0.00872906242389134 -0.09604430650357888 0.7273040889364213 0.6795057445480566
406 30.984501462477056 25.298860055839004 -0.27773114279972455 0.03572165186525039 -0.04002786519709243 0.7305717079009934 0.6807251377835304
407 30.893672601481935 26.27537304685342 -0.1451128557336211 0.06017971128542552 -0.054037724074659746 0.726157364460376 0.6827545743284282
408 30.906103283116085 26.250871262749115 -0.050849238694117393 0.5271676413439579 -0.4271743790574672 0.5776190964496295 0.4538419407827225
409 30.97589994575736 26.092603581696896 -0.0261632647736878 0.6186815785787846 0.08665091573372363 0.06693115615665102 0.7779748989943724
410 30.972052139131613 26.050584037938116 -0.11220582757261544 0.4979732384168114 0.5050117259930658 -0.46238852680224174 0.5321490963177805
411 31.013795244317155 26.002440987881716 -0.07015148967523 0.17494162120420143 0.007414379452260081 -0.663259203012592 0.7276178157294426
412 31.152395990267387 25.01495663136829 -0.37058737292212496 0.26339998075736 0.08739196277310243 -0.6335725938831287 0.7221972467822702
413 31.295313111264424 24.192566597284667 -0.9108224577341935 0.1739197421360785 0.1205861578455303 -0.5962971639340549 0.7743646389883616
414 31.63254487248786 23.275121729951312 -1.2994583584459718 0.2121544152264716 0.06617125910105365 -0.5916103819085098 0.7749896932133754
415 31.904854683762377 22.42197088210422 -1.601666032314744 0.23727390643216728 0.15708961117101233 -0.59244486440508 0.7536796600868338
416 31.69163030627871 23.099653504675302 -1.1040159698814818 0.7003573859983191 -0.5750964818877508 0.3837712097721725 0.17743513447999884
417 31.769210096279636 23.021212397048245 -1.1602486662234908 0.5970577049400649 -0.051524367835656594 0.7393008610970554 -0.3070856122842457
418 31.668001986223032 22.503017245345728 -0.24005033073507964 0.5098629920227274 -0.2521570475082312 0.7570591680491595 -0.32143112610678853
419 31.71334914136866 22.503548325339793 -0.18811735495371873 -0.10358594229967391 -0.34110856586270183 0.9193919714816742 -0.16623267316631696
420 30.705688284680367 22.253169776611088 -0.4839414030708543 0.033238989525021904 -0.3837590130041253 0.920419944551676 -0.0667181773203148
421 30.694458509359556 22.22914116607327 -0.5368410979078699 0.3862954561350325 -0.36010698030323174 0.6063818889067651 0.5944743796936734
422 30.701278517971918 22.682532451089795 0.38166423110867653 0.21907408719897487 -0.36021475331003516 0.7092240681621299 0.5650248640151022
423 30.419888383272106 23.406041775765846 1.0968985328948795 0.13403470584395097 -0.4329039555125521 0.710903261598794 0.5378154103213367
424 30.486936767422304 23.411477590902027 1.085942076576726 -0.45192717443165525 0.027629886816329163 0.6072762361958924 0.6528506654024997
425 30.807481444627218 24.170203914375218 0.49120933944301426 -0.45667553180735676 0.11252092087012378 0.5358469087381844 0.7011808549944427
426 31.18398743214368 24.84007934956127 -0.1189478963624373 -0.4871639830765579 0.031201164563126556 0.58136764279365 0.6509296466097106
427 31.512358071769974 25.527719428567814 -0.7381091302957923 -0.42625973733700856 -0.0077166162756656985 0.4532888342537348 0.7827977535095046
428 31.46706042137294 25.59128907985615 -0.7981345529325045 -0.24571409060021046 -0.547212190258688 0.5961653381477398 0.5336387299512574
429 31.480238641756227 25.49031146727968 -0.7056625380051126 -0.575140643141659 0.028707200418194537 0.3481553523008988 0.7397141258046814
430 32.24917477351753 25.95336346030991 -1.168676485481729 -0.5566028243422348 0.14738590996145556 0.47743009376579715 0.6637252406273715
431 32.73824100820549 26.354096464440268 -1.8740172066174865 -0.49586049758378925 0.0852644104479758 0.45906519018577524 0.7321963523581726
432 32.73153744044954 26.309529695357437 -1.9147852238870848 0.7101615452168408 -0.4845422418840135 -0.1583360525864492 -0.485612077667539
433 33.24467483158419 25.789203827917785 -2.677139139916207 0.7218730609712725 -0.4867316801610947 -0.07879609520082617 -0.4855746397338149
434 33.20448499598502 25.84889090702446 -2.6052510718606636 0.9099531818370129 -0.3453445318196579 -0.20804629703170222 0.09715502816815173
435 33.90283422362927 25.08831277091204 -2.9169447405995395 0.931021152723279 -0.2816704167022704 -0.2304643709455495 0.027341603121582906
436 34.61015638646075 24.56461038825924 -3.402021682735297 0.9310194149629418 -0.30059261528648656 -0.2051776613877554 0.02736888497442352
437 33.863168023920885 25.135577225110133 -3.0681031463252486 -0.4569331184687118 0.7834454112350572 -0.39104736970886833 0.15654829128727538
438 33.321019088405905 24.30050184228471 -2.998032367511555 -0.46709088398848075 0.7223398045806638 -0.45681560943910443 0.22665129998746267
439 32.80754593692103 23.389979461040532 -2.9359877194517456 -0.5112377382260447 0.615116108006286 -0.5043227345070752 0.3254638661111611
440 32.58566849135084 22.54545060826963 -2.750757004241908 -0.5420988493518545 0.7030009502212805 -0.3967568873978523 0.2334576488824905
441 32.59271559185399 22.52598122632003 -2.680744178158767 -0.5677296245325006 0.7642783406312422 0.1703517743435542 -0.2540511059770129
442 32.328995994864655 21.57900943106426 -2.5827534503418246 -0.5042584841143981 0.8029271968927075 0.14753497640305527 -0.2815399233260156
443 32.31631813247559 21.600024770730876 -2.5951602011529373 0.4489487836780611 -0.17620132047488202 0.3132718041037374 0.8180824292517762
444 33.135753112717964 22.054268479256134 -2.0474395409717836 0.46713333915240474 -0.19117550205226008 0.2702677711713515 0.8198741993339348
445 33.92876002315986 22.332168731538836 -1.406130836202502 0.4360035952470366 -0.3191430999538623 0.1741886037310158 0.8232295409020115
446 34.701503120602226 22.383993968790474 -0.6754550638033973 0.586797557724428 -0.26427078724587555 0.2169511771827749 0.7340039264037354
447 35.48283177407279 22.429441931670485 -0.1684201259714324 0.6038154640791598 -0.4072921505731405 0.2169061301689735 0.6499782458786567
448 36.07702904352574 22.238399942782 0.6949741993861156 0.630579791396675 -0.4726589721368841 0.18508261210307 0.5871175771834245
449 36.59640333514779 21.856827936280627 1.4805831152861064 0.6519977361308842 -0.34138936145699433 0.14273592558248782 0.6617996007193545
450 36.68593768692035 21.883972354648872 1.5478990904175787 -0.09937084999427694 -0.3301567441421281 0.0008031902994572264 0.9386806237236535
451 37.43972316674642 21.98070921804217 2.1902235471437317 -0.12971798723566438 -0.35889381417548577 0.097263809216904 0.919188895358684
452 38.12608680641941 22.20732569467493 2.9239224671449087 -0.008680463415194418 -0.34827290576926095 0.24347364987836073 0.9051802110501767
453 38.75817062633084 22.606460057484774 3.4957204421003363 -0.003925243150962417 -0.28815861934419 0.11534199542816774 0.9506026649733867
454 38.78659772336496 22.528067736928044 3.4986932821839014 0.6588068150127409 0.05259772490543881 0.26033856782674397 0.703868517501287
455 39.6592261341249 22.935441827598584 3.8030325792196455 0.6879597834506533 0.11637304819667273 0.27056558225333904 0.6632970041450936
456 39.71433014344723 22.911368610467832 3.7381443745562484 0.3424627337488956 0.5416558939599232 0.6201356581302245 0.45250407075196825
457 39.33870301494088 23.8235015445157 3.6072809636941017 0.23494544934797185 0.5990114061204271 0.5726080176165882 0.508041365766125
458 38.97926753891864 24.65520794344294 3.2444628937334317 0.36797405405698047 0.5489927741102538 0.43234413588504167 0.6134171318779867
459 38.91511174482571 24.572443566468596 3.205952931025986 0.5334780473254748 0.11609480455167673 0.805181660592318 0.23152896756929384
460 38.831414820759285 24.531535571558173 3.142426085872247 0.9495332258213715 -0.1149157295801357 0.2514976867937834 0.14808761492340172
461 39.681313080603736 24.381167230748634 3.6877534723058556 0.9703039498141834 0.005322473567286892 0.2341364476467887 0.060514792682967763
462 40.554911913622334 24.478801778276363 4.137694891457954 0.9647149887597316 0.07604294077345221 0.23020775803765373 0.10269785664809916
463 41.47652535194765 24.6727743048352 4.5134888779716436 0.9232962001853519 0.13594549740780668 0.28178080758249613 0.22280602535836028
464 42.25058933362379 25.120789708264425 4.91137293892562 0.8813259834779582 0.3172314729352674 0.10606521859936362 0.33373473422675004
465 43.04930131171058 25.859008182008917 4.887998261886191 0.9025227989287755 0.2091539743661586 0.20630282249433823 0.31487514644931686
466 43.99960111852997 26.474805740025943 5.054211113806451 0.9042262036176593 0.13364567010711115 0.14296800408391608 0.3795707540908253
467 44.91133346425408 26.840536411620306 5.23173069219762 0.9372151909012979 0.15820067996570203 0.006429250629670333 0.3107392726041781
468 45.911719332440065 27.182100295858127 5.148544486888514 0.9473723306870814 0.17850573687310772 0.030685235533567026 0.26396928850183604
469 45.00143297442181 26.90331423070443 5.122684486589357 -0.02388689518892721 -0.5535297810453653 0.7879862673422111 -0.26853647836782263
470 44.12636845150641 26.453779859662646 4.7146965057650405 0.05943874707298567 -0.5925777707164265 0.7566114917586878 -0.26992160257718634
471 43.28304388500791 26.050395626380684 4.584545331433632 0.03409588162344711 -0.6289472270851105 0.7538621800129799 -0.18696168041699715
472 42.38757983737653 25.764430701272794 4.373982954418834 0.04941063794910403 -0.5634006587133911 0.8120147675168309 -0.14411906172802838
473 41.42906256590781 25.4168692863386 4.336445185110797 -0.007663563720814105 -0.56744371414247 0.8030303096112651 -0.18190993078150408
474 40.56717040700525 25.069442032964126 4.199849710785151 -0.07073776117264148 -0.6196455440942792 0.7575278144322669 -0.1928397759536654
475 40.6210416154125 25.08698492903418 4.157342716491021 -0.42338788442430836 0.21050588771734963 -0.6704535932379111 0.5717708893196753
476 40.60553490063049 24.116193687934324 4.4506921268910045 -0.41297561602790467 0.3667597160376297 -0.6329579373634218 0.5424967288260932
477 40.52805993473659 23.11396485036593 4.593010484983479 -0.3530412581584726 0.4642595956425506 -0.4176367088040408 0.6967097511525346
478 40.74513042153213 22.139289449741486 4.2500632304070685 -0.24676005112541627 0.4032261661954547 -0.4791623563892077 0.7395414608278827
479 40.75296185589204 22.067401657597483 4.252524502820885 0.49707494570717925 -0.025880091911270747 0.8020682352970998 -0.3300503978489726
480 40.691667833673584 22.076182688115544 4.228825064575622 -0.30676663681329847 0.390569541203175 -0.3938053149134216 0.7734772381709363
481 41.1453855188906 21.25276882173577 3.882604399261139 -0.1589201474876627 0.24739906906135478 -0.3650970181978213 0.8833132256754307
482 41.69518370067151 20.49834754713439 3.5375553540501303 -0.06970187345001964 0.39238150548514933 -0.36645850612542374 0.8407654644900016
483 41.63969059609117 20.450231958267732 3.4977002322422077 0.2458619258717045 0.32213105134148595 0.3407271376619259 0.8483445743499494
484 41.65819092159904 20.436628994417365 3.4711742589860988 0.75334661723889 0.4373371104197784 0.02397796325506691 0.49054070516373904
485 41.60584691258346 20.346075062490943 3.5399032159963797 0.8416590759367233 -0.17449745262729566 0.35823802548277695 0.3644532288485416
486 42.314795515929006 20.32114451256889 4.248941842236485 0.8163802521471997 -0.27696005121903516 0.38998324631365067 0.32361934665203596
487 42.305991183303554 20.332775423458923 4.248549766925607 0.26970559245144743 -0.48516832967340373 0.12138245614361945 0.8228832752115421
488 42.804667549643106 20.243018338262285 5.093711324861639 0.28344782510254957 -0.4818044498094848 0.08618954146136 0.8246776130895599
489 43.34983196210343 20.1606949311116 5.899107718159309 0.25579173276720873 -0.5989249961040773 0.12654716321500034 0.748228076171909
490 43.61892980303677 20.05671761738909 6.908780412349464 0.24278898914372196 -0.5831262926005865 0.1441441722167449 0.7617346593430111
491 43.97078246221723 19.999428940389073 7.968791916902161 0.18978743557568628 -0.6318750065450254 0.14915426513265004 0.736524073329628
492 44.013050759059794 19.94582448885583 7.999879568301756 -0.33488824797912803 -0.5196906928592296 -0.3418804077971422 0.7077352837646466
493 43.95886134174066 19.964869800975663 8.02622168309141 0.4117066413806938 0.8927722788534578 0.053218021138337145 -0.17499469071932652
494 43.354347298159986 20.730882433510118 8.352780197101453 0.40010671855419677 0.906183473428707 0.1031626410254243 -0.090019974167601
495 43.30244981771545 20.822364800096132 8.382439341539582 0.14434329718687047 0.6801352553891574 -0.5443886493935564 -0.46927821742054826
496 42.78480624054184 21.540251743345404 8.916366659278175 -0.19498839632891105 -0.5823730734443794 0.6071875738485598 0.5041273438209107
497 42.73889494445624 21.467009803094694 8.90558136656936 0.3297751912153424 -0.41349692726325926 -0.02385224347931695 0.8483511565877246
498 42.723236552924924 21.479942619359445 8.868409349052962 -0.21847789610223148 0.9133110312403944 0.24647192322521674 -0.2395453197017472
499 41.87676377914702 20.98639185305632 9.14239122980794 -0.1816996734222606 0.93538111854535 0.24152294420830958 -0.1836138860980923
