# time x y z qx qy qz qw
0 -1.8292051775323575 -0.48698965230491453 11.123889712046767 0.19699698788689687 -0.09911827852358288 0.644638652012406 0.7319895914271183
1 -1.8084844583283939 1.456788838880401 12.76935034334897 0.7833347930696271 0.13438710270029147 0.6060094613968616 -0.032851808045703305
2 -0.15700701777902587 2.353962165832874 13.941785670229383 0.5634754973245001 0.3189836369666694 0.6894850005720112 0.3245847150570049
3 0.24567135867280762 2.6299535884544185 13.755402705797408 0.30683016748173053 0.5003351504773157 0.0992373488752736 0.803537139221444
4 0.6649798809347012 3.0987074466363365 12.887188930804871 0.19547469946195667 0.30685538542004615 -0.20118973763037773 0.9094790287748215
5 0.7361237151367916 3.1762729992115815 12.731428933733836 -0.14366872644661746 -0.6123451085896388 -0.30325413290362385 0.7158419489694785
6 0.7365328826717835 3.000633036270961 13.557972733763288 -0.4349526025099986 -0.4757827453616029 -0.24389468425252134 0.7245428874672072
7 0.7562501605574592 3.0941158333699637 13.569719920468954 0.6336134933179973 0.6618969923404624 -0.33058915899340513 -0.2261351820748978
8 0.6853000780515502 4.2285759953287405 13.430555879837664 0.4903301798091949 0.556056286112175 -0.4800023888241673 -0.46901538158839806
9 0.6805021836390057 4.333290517545886 13.343328622310828 0.03610008837929301 -0.574231702023799 0.7701546976333166 0.27534792122547885
10 -0.06718577835046566 4.8474611129163145 13.726750177852816 0.6471799188350006 -0.42872194552895576 0.6041212155463995 0.17998111846893639
11 -0.05362507084039012 4.799342987286269 13.819344232709582 -0.49136280208959143 0.16772124439476715 0.8187454683624388 0.24512861713252987
12 -0.4208449413422749 5.08751994741855 12.897661145595492 0.19193087223489066 -0.24871003077112463 0.6892574623875838 0.6528629346348349
13 -0.3920588994569356 5.934899566814587 13.671804828013517 0.5811079883764328 -0.2968192849175816 0.6557150454250964 0.3798020499540192
14 -0.4160914117643007 6.101960888572145 14.756169067494332 0.8274137251071396 -0.029909938139524247 0.5566136362613078 0.06836068338438979
15 0.08352163431449805 6.094017315313256 15.728393268876962 0.9213081689088962 -0.05678476893220037 -0.07094784135791653 -0.37806500991986197
16 1.1539826111956468 6.7348053350439265 15.670201113692832 -0.09810189689237372 0.13873083239769243 0.5275029620751005 0.8323883702757725
17 1.8809297930658242 8.035722075674794 15.32604925734521 0.19823115602693914 0.7313382278538898 0.3890007283285942 0.5239534698993584
18 1.5548754619927387 7.549453175251787 15.00495355935537 0.31971891963580684 0.677023961542636 -0.5530375966035009 -0.3654692663782429
19 1.0542206717013436 7.1141488048023245 15.161916334590094 0.06928071013672843 -0.1893354688103864 0.7530327568526922 0.6263337213978951
20 0.704739965262433 6.644110495913395 15.74935782372934 0.7576585614321959 -0.09824546809194416 -0.5814036694451488 -0.27976973646841485
21 1.2177140506658883 6.8494632671041575 14.63570340312929 0.7336113236483036 -0.03289905679714415 -0.674362343445287 -0.07724964478768229
22 1.4386474743524797 6.931644202150043 13.537109667326112 -0.4480286795619744 -0.10582001331577817 0.8609311354479235 -0.2164948200030451
23 1.483033725825925 7.015475643602047 13.358220272529481 0.07571641730890806 -0.33396548462974995 0.8134258251674726 0.47018348139480154
24 1.4739061513555884 7.0756055785886955 13.13447164386796 0.546153448082371 0.23497159244368165 0.04224176531260206 0.8029448269685111
25 1.57864327061601 6.949787100545564 12.783739398881174 -0.2736239700256873 0.5979338037612223 -0.5909026071538385 0.4673747941489934
26 0.7860491441069173 6.37827229242038 12.184444554881962 0.6242113828487453 0.11703752930557179 0.7723163961023636 -0.013774997915139368
27 0.05619220902560419 5.900196806936081 12.84252519183652 0.6580927325876488 -0.07646512986328399 0.748119498294548 0.03720558428282188
28 0.7493246676576721 6.044404501649351 15.0829281400348 0.8545907745459188 0.12946319068552609 0.4925260447313381 -0.10164637514360057
29 1.950789450042286 6.547526211287719 17.31345840816354 0.8075247876127036 0.32309006935675627 0.38318085792417134 -0.31094847578755
30 3.0308686891030314 7.356755693478603 18.903317067197392 0.6344686517250214 0.41171416861118143 0.4626117098968365 -0.46252716591500037
31 3.315360816965581 7.134543291987301 18.902127924496103 -0.531773807700295 0.41697391350311924 -0.02637319808879199 0.7366504105234668
32 4.004078610554632 6.380509945318985 18.107792584022004 -0.4739044299064152 0.16995748122991858 0.015296782573635601 0.8638837041708521
33 5.252102785286121 5.918858767410349 17.81528967992892 -0.47990308050872665 -0.10061986722552174 0.5344691115378234 0.688412263436469
34 4.938184415328829 5.81291778111549 17.76943591482269 0.026992845742235202 -0.4876293312890836 0.717556356274305 -0.4965902708628508
35 4.337511696844322 4.7461012715922175 17.01680344998691 -0.09123697509268602 0.45711151892979707 -0.6142235005870567 0.6367529858306213
36 4.008240918319959 3.689559986082498 16.240598775293908 -0.2801745543341209 0.2794885030014563 -0.524560634708127 0.7538066969112762
37 3.826051306055812 3.538814472369592 15.956443850179358 0.0441273147121616 0.6358964538092244 -0.6103920980789056 0.4702233158106658
38 3.248660026659853 2.6437095683146397 15.091779169943727 0.20556379621947368 0.777740033585394 -0.5291750285379352 0.2698847068922286
39 2.698546543367664 2.521847788234965 14.825556409697716 0.3084068156666595 0.8219376440151757 0.0023923513389944645 -0.4788507304538691
40 2.0473138978984964 2.4936478111089126 15.227093309743088 -0.1991044859259058 0.06146817537803516 -0.4653289633863024 0.8602604390146654
41 2.5133900417219213 1.8441505612059546 15.907550455816645 0.2308656831283278 0.07246496128682826 0.10934384205461567 0.9641025826871974
42 2.3662074507421162 1.5543536589234916 16.584143535107028 -0.41810755369859615 -0.13937561076275315 0.12160709914091362 0.8893661934789386
43 3.926156541366347 2.282447666876701 16.517718277098446 0.8444716130953321 0.09941140339526858 -0.3759363278012572 -0.36831636535790263
44 5.036619186513178 3.07849567952189 15.6603412813507 0.8951910304226285 0.2619538001129211 -0.33461219883352145 -0.13434248043365915
45 6.082287696406682 3.812643085726383 14.841705978031488 0.8578379782684317 0.459181041555117 -0.1400167100447998 -0.18347232768163632
46 6.595593074261973 4.024605091783514 14.556066266308873 -0.3947354405192906 -0.5056903424626321 0.4285441240524163 0.6362477059119453
47 7.149601200588826 4.203757294808801 14.429050260658988 0.11386042089007459 -0.6796042055068731 0.04012810577005517 0.7235769921296656
48 8.756096781302345 4.7475188524869845 14.703652955365593 -0.04655804057378129 -0.4287384547970253 0.02217172019879208 0.901955709034327
49 10.696890539617597 5.185366875232114 16.36232089820339 -0.1690077745664403 -0.4029788086699754 -0.20687589210506693 0.8753552519775953
50 11.671685316326851 5.64550344759834 17.78174293867968 -0.15838582568643025 -0.011007585019751706 -0.7697059603201788 0.6183409237154311
51 11.719992970111884 4.648486842056402 18.09668046917621 -0.6995766889663098 -0.14566720260803911 -0.4213862033840653 0.5583969823851549
52 11.772867199903061 4.508169533702303 18.070501636659287 0.5025308246187816 0.35524395209735643 0.6893800661523923 -0.3821251486070252
53 11.605677768213312 4.284246750352475 19.004669117391593 0.41462982139589294 0.13499268758593477 0.7629281740113643 -0.47728365445217275
54 11.419664511528275 3.661007825276828 19.780862863355757 -0.20809303308430396 -0.024127333121334242 -0.7991755636636099 0.5634124420184351
55 10.989671249292815 2.821261644058985 20.053071733017546 -0.27524949868964194 0.02505647482430895 -0.7654299714407055 0.5811427065366642
56 10.772409058388426 1.935298066439676 20.35648285998974 -0.23745940032564078 0.14282339244248757 -0.5675599158811153 0.7753001055418651
57 11.000762314752066 1.077095470563983 20.39793768561629 -0.26069557640844315 0.40054261926633583 -0.019476729746838808 0.8781936481156655
58 11.5614743438481 0.7394298786548295 19.610966807204182 -0.3842713324653828 0.5527035273363085 -0.20462585389428442 0.7106212872081139
59 11.974317234964333 0.17633751272644324 19.134567349987467 -0.13783088365800011 0.5713142761110335 -0.380846476750145 0.7138337387436807
60 12.047481812801692 -0.42974873521443996 18.53566510123187 -0.15318438935175455 0.8790736952439739 -0.3568564456997494 0.276437078467374
61 11.310789548138 -0.7147744107628035 18.079405842625572 -0.38423055240604975 0.740153636716851 -0.10991088161701258 0.5407948545934332
62 11.623495760078095 -1.3743692846237863 17.175767131560228 -0.38545338210431346 0.25039447166229906 -0.04823230948910439 0.8867930666771427
63 12.971484226802831 -1.2865996676849547 16.821183311604834 -0.4588391734131979 0.5015689107981416 -0.25497971745012554 0.6876631329010687
64 13.607302325406394 -2.280515640860353 16.249098113173204 -0.49285142766108125 0.3867893251724619 -0.13936205447538616 0.7668570309760907
65 14.582585794763911 -2.966617192274483 15.439500749044223 -0.6365870504186769 0.1980493858156559 -0.2195928801233272 0.7122586152630461
66 14.383468855402636 -4.37780578323364 15.501459891100689 0.746083429753465 0.4366477692645066 -0.30220782856978157 -0.4017071941038324
67 13.265016370297685 -5.550364047298045 15.8250679003977 0.7239939141385497 0.4561453205103698 -0.2838705289661294 -0.43264509895678305
68 12.024643269536435 -8.67128713350953 16.337096665068294 0.65650381895443 0.6411293090411926 0.04935833410041608 -0.3943598605860433
69 10.269488719024595 -12.493951341298201 16.594931825715083 0.6244398573543773 0.7364392118549318 -0.18676597520343152 -0.18124740631535122
70 9.527881546236909 -12.650104965101463 16.831824724340226 0.31402504046224616 0.7263997627201356 -0.2876307492518705 0.5394443537267037
71 11.130488085644657 -12.528255460933542 13.93537875363065 0.48141400027345593 0.5919438063899836 0.34776128006660323 0.5448900646035687
72 11.025610056892818 -11.480591549048624 13.107746758706304 0.8185315967831474 0.35179584807302366 0.27028764817923695 0.3649524538730353
73 10.861321044483462 -11.271312516127592 12.86457556080051 0.40537920574735814 0.5375932843282347 0.7374243059745524 -0.05354020125823784
74 10.173282496013552 -10.864425672112885 13.334060573669854 0.07650763670644561 0.30778207205319663 0.8877450176536066 -0.33365485352296775
75 9.496796866117075 -11.24854614700887 13.689591131628275 0.5718037865073937 0.10888604400244377 -0.3359651888097184 0.7404806891913895
76 10.127559412190147 -11.258067838893183 13.146283608995716 0.8463502344216318 -0.20818067001333634 -0.47922485214028804 0.10341968100108534
77 8.971237599071946 -11.127530719392148 12.877389798773091 0.2037188558185852 0.5633267173918223 0.7996898676374594 0.040715511227339914
78 7.529334506712888 -9.85046948149786 13.496117492626672 0.1299995648119991 0.4185139004443895 0.8959515126496517 -0.07222960102558915
79 6.451306910609141 -8.91237208287005 14.203051473240146 -0.033741753235997624 0.5259280799075378 0.7297156955129858 -0.4356330480752479
80 4.993991886852871 -8.499573432939584 16.34420007224971 -0.3070873872221886 0.22573059402581805 0.9221002061391061 0.06688980017924395
81 4.7612179379430755 -7.575263560540752 13.883723809847742 -0.5232828198308789 0.647825298230266 0.338191018887014 -0.43831986971488573
82 5.428533403381629 -8.658799814461029 11.41974317143117 0.14275407137296325 -0.8483909308008433 0.0070654112693545506 0.5097099014193418
83 5.909024742805329 -9.315299158425946 9.388500477113002 -0.14753461875594687 0.010200452739494315 0.37945470301620177 0.9133146311054766
84 7.6281547690820535 -9.162313218469599 8.622651903594923 -0.03544295268206176 -0.540038954595787 0.19346717700128657 0.8183350023354858
85 8.132835239410731 -9.382551223170088 8.62449190450824 0.8009685375496496 -0.43696139770220804 0.006952086828181591 0.409225863384075
86 9.022184899121536 -10.34314704468085 9.16823058918185 0.8529874508245453 -0.30449604323084417 0.28242045451576847 -0.3161222157073283
87 9.8070645621635 -11.267449640502806 9.577430188081893 -0.5938500075376787 0.10433681571667822 -0.3245338007105587 0.7287892765607645
88 10.582773899745137 -12.051838301680796 9.889594374567434 -0.36636646046487575 -0.2028126766952369 0.04856630966508038 0.9067987364259322
89 10.47521423755384 -12.11158984273281 10.009028355971491 0.2189011749550258 -0.6086376178017333 -0.21904552614148 0.7305214461446989
90 10.44398453864106 -12.662478266681966 10.796799410476819 0.13703220028971244 -0.5509179108135163 -0.2606996872086579 0.7808631792560964
91 10.171851050772043 -12.645591946821249 10.857931269254605 0.1783642689752254 0.9466320884435362 0.07120502046681494 -0.2588507711834808
92 8.921947919157041 -12.131520408998972 11.55723759528045 0.0928759401011554 0.9067572346527566 -0.07624912599986103 -0.4041675988243858
93 7.1279167772555745 -11.292625586648457 12.403662363285127 0.26991717891848416 0.8773567244565499 0.015456652534154656 -0.3964227370724324
94 5.696655582102195 -10.38551304785509 12.76385090765259 0.36594187816419943 0.6324728535593087 0.6824656430225525 0.01747218961713297
95 3.4433246533500146 -8.661996082396803 13.55210721013872 0.4643239219570199 0.6081185897357665 0.640771531191727 0.06330024589560154
96 1.517611313788872 -6.994164554607206 14.252844413538561 0.5871377021674539 0.6695126504594294 0.4426094436161893 -0.1054467163551315
97 1.2996266175597226 -5.8639464523587 15.007276826302443 -0.5215001372581377 -0.6517396957369425 -0.1398674998342303 0.5326444013885646
98 1.7341131244814636 -3.9462551893120046 16.71019446404313 0.6386291902844184 0.5723830879864916 0.2674069307345798 -0.43934484325962897
99 2.394226842946065 -3.395722232445092 17.74359418991615 0.537489363081767 0.5283509516807876 -0.4810998990564877 -0.44776483064193384
100 3.1704022102143683 -1.5208963217374933 17.944746621009696 0.5209233297634138 0.6231872708129337 -0.57335112726971 0.10744763777523236
101 1.274872002918935 -9.192932550669045 19.235897236905966 0.6992802004848128 -0.6882767888832433 0.032334486615113796 -0.19035951268541368
102 2.8433447151642417 -10.67775228117208 15.959846678807894 -0.5827182077279575 0.8046268380832545 0.0028741100122695313 -0.11404771505864578
103 2.415987627916826 -11.747384764929194 15.827049939542164 -0.534295514421696 0.8079310470724177 0.15812499703545324 0.1917608191416067
104 1.838152891843502 -12.575328234043265 14.801451385771907 0.7839202461099226 -0.14366840643301154 -0.5904660332026921 0.1271939478349304
105 2.368190496846927 -13.342147428466863 13.903675519636858 0.7959908080426971 0.2358815472196741 -0.5566130635354376 -0.03066637726374029
106 2.593075064570109 -13.635936879269154 13.74327531181102 0.8025500507976433 -0.1970256881478571 -0.5083890765073347 0.24214632159622582
107 3.307981913746341 -14.395814672921402 12.870502782350028 0.785459049137765 -0.09185385667990842 -0.5680574097998813 0.22787656815055432
108 4.377619894906074 -13.804789620444042 12.786028294251789 0.15802624949211755 -0.027557089241268793 0.957537495176458 -0.23956263614177878
109 4.527443036493599 -14.027354549367145 14.397738134824836 0.8805553396438371 0.2996953129550706 0.33238171783141324 0.15597245548149796
110 6.4535839242179245 -12.806329332719663 14.819718620256623 0.9223647101169861 -0.01653976587098339 0.35083518097978533 0.1608864614025149
111 8.180242149890372 -12.476829478302035 15.644632912639231 0.8061806095713472 0.026074618843086924 0.5466282406429733 0.22492333257118166
112 8.985283876246763 -12.02874189507993 15.976757127611805 0.7236737413859382 0.4788311359629624 0.3752299444934256 -0.3259134057021246
113 9.882273018283287 -11.068979479002984 17.096533985579224 0.45053615414913584 0.49874650574417095 0.6600620612793333 -0.33554011991439037
114 10.402377914685975 -10.431265824840592 17.5651463779572 0.755256032774368 0.635282193655017 0.04354343449368318 0.15527017967171464
115 11.189943337342925 -8.719544438240414 18.08652224288795 0.6450139560769942 0.5910716545683116 0.15709401555096048 0.45816237941352067
116 11.371005325984756 -6.876876244497597 18.47230837672744 0.4651426000654435 0.7485676217640573 -0.017136093307226305 0.47222370922797624
117 10.979614480372605 -6.490264536471191 17.38442640286946 0.040840736187520404 0.8821909270599735 0.46450673241753765 0.06561019752681825
118 9.386711290532535 -6.2280689577371 16.520385260909947 0.42345650475300695 0.6375393539501581 -0.6072710043078121 -0.21319026261572785
119 5.574479575328181 -6.600319403537924 15.361058542236728 -0.15506964465899079 -0.6030105653757185 0.7558684858252227 -0.20247097443059736
120 3.472620036881983 -5.11935216956912 16.34008013937812 -0.5715583879096049 -0.03773113881720077 0.8154504467707792 0.08329429293215306
121 4.422050259511403 -6.527024363715999 16.047487425891052 -0.5826828515900038 -0.4289799788077307 0.6179573343477808 0.307547728281069
122 6.11765427775193 -6.82992822142276 15.837164734592005 0.8513590244808659 0.44234975287787454 -0.20370387623838013 -0.19498522602836027
123 7.081320409558106 -6.00263240544277 15.50597902673235 -0.5500653816976181 -0.19944676024710062 -0.34051940614981935 0.735999728070713
124 7.67475596635448 -5.368213434261958 15.633695254679418 0.7233696252697707 0.5241748073072956 0.06941700455923444 -0.4440252651589259
125 8.47380071549535 -4.257778455478817 16.54639475720675 0.5484403288045431 0.6644917128275182 0.4605120833942728 -0.21352421495507687
126 8.260290489897345 -3.1091928368993833 17.549255977665915 0.1347926513485184 0.40226614575885744 0.8369466167443071 -0.34573580930966413
127 6.695098746083381 -2.4194420247103365 17.76046993444503 -0.1654725785767865 0.18778159309107423 -0.3834380355708128 0.8890062833933873
128 5.5351319688831415 -1.3351450563344243 18.178228711470336 0.32805318842753944 0.7152155154788286 -0.39448966452795947 0.4745795787447001
129 3.0785543093439216 -0.8181104757034003 18.868499947443784 -0.5281447503149462 -0.16044859494890312 0.7190827721386999 -0.4221840095349521
130 1.9660966082691327 -2.940453943844811 19.29302129154272 -0.4661431395931558 0.6204364936595276 0.5184565359056162 -0.359126650532169
131 3.4672375128293886 -6.095123075326297 20.116927613019175 0.8044125234615189 -0.4095106170989609 -0.3142836624779073 -0.2940192614115141
132 4.137384274048483 -9.171632013279927 20.03742760188428 0.6832352717556296 -0.2827196998881913 -0.483682658345837 -0.4683056915516258
133 4.622427460339518 -9.689093477901588 18.88910325482895 0.7355566858110724 0.10649899891743668 -0.4923677491650536 -0.45297717908340024
134 5.625078413896462 -10.136516779661326 18.41191949228135 0.6853467534177301 0.3288695455743122 -0.6497235516829373 -0.001988960038000246
135 8.230156300685225 -10.501034598992046 18.247492977297462 0.9917824259287007 0.09083266157463797 0.0781360769453068 -0.04485310122885612
136 10.272064248935804 -10.180019345848455 18.441069816282628 0.9556919167411047 -0.005872029848191095 0.2842924125778604 0.07613345973903582
137 10.991309010090601 -9.853474479463678 18.668819995948056 0.44753296920943914 -0.21461320287536725 0.12220560065787121 0.8594889212724086
138 11.447961748122157 -9.573722371887877 18.86954555052575 0.2392120072058996 0.014965847620048838 -0.4031248661947245 0.8832009857722214
139 11.689904155380137 -9.628455087437011 18.84215327237375 0.9820332350582538 0.07822189339106916 -0.13626317816753558 0.10451988763397912
140 12.759711245397856 -9.461096348030985 18.516113127221587 0.9132999164277084 0.34656188669709215 -0.20932690967054426 0.04427602319397488
141 13.418110133400317 -8.627300369864617 18.006029836387377 0.9199284033369838 0.21533762946040264 -0.2930136926219954 0.1466438338569523
142 13.184386715007195 -8.367569437006951 17.942004212632284 0.4522061858716407 0.7520070272969571 -0.47719091782494233 -0.0477893743504337
143 12.011169882123305 -7.253755823539165 17.336489312222827 -0.4178396295953596 -0.5519610178270091 0.7117058645090782 0.11926374621975773
144 10.323951345603218 -5.87598547750696 16.75297516845433 -0.32968364226570024 -0.364540323726905 0.7694354351242062 0.40790704771397224
145 8.440464310428375 -4.032891139793412 16.205685932335353 -0.22063633740145633 -0.14870634411769537 0.8339601156893423 0.4834424011985704
146 6.327890343296467 -2.1993136270810747 15.307755084310863 -0.20633408883969928 0.15900425834057025 0.7386663098944897 0.6217040873591825
147 3.8947342239859726 -0.14121940965943397 14.567150786971727 -0.48321165669860483 0.37490153739112364 0.7126687615234925 0.34359651983239475
148 1.1482866292305522 1.0450173535116791 13.861869927611323 -0.4926926257056654 -0.23834826032312187 0.8127029714187629 0.1998948814334974
149 -1.947228570167779 1.9182323317933034 13.4432067576489 0.3251914589352242 0.9366230652064115 -0.11499625203434313 -0.06134827444175538
150 -7.561345244522368 2.3716904883769834 12.764117161232983 0.42663498189259486 0.8722348974649511 -0.21519206440221308 -0.10431323639944087
151 2.8596883846359407 -4.525435715929427 18.912467840203337 -0.3644775281151665 -0.20732816548493643 -0.517811912448343 0.7456822289838333
152 5.693353873502574 -4.650106030727727 22.65254142239904 0.08320185376961056 -0.5557596313507506 -0.1988302116197466 0.8029167021786415
153 7.322722748353288 -5.358897120342178 23.218107473457465 0.19599571913028038 -0.5084627247501126 -0.2788763340862826 0.7907460565244013
154 8.408902560396733 -7.266041271641881 23.22093213476254 0.09219915388514727 -0.7009285615431314 -0.2897178355713476 0.6451837283966432
155 8.786881694123174 -8.007569328229282 23.55787128044982 0.469661443833004 -0.5981537327474027 0.331235017771922 0.5584922588350545
156 9.082053537929202 -8.353195598141129 24.772198129946027 -0.32304778675594603 0.8518533727057374 -0.2207785580753386 -0.3481993497640673
157 8.565499978745931 -8.840267832209483 25.677302407727122 -0.16474852602350742 0.9483962179658938 -0.14827423077243973 -0.22675380792814043
158 7.520650397577062 -9.132732797842383 26.139850765346072 -0.17861209244433918 0.94955160843222 -0.1298861995857126 -0.22266350961398879
159 6.559315481326274 -9.414763989347515 26.471587538083988 0.30153055771373843 -0.5753789897421666 -0.03592228431341603 0.7594260532914519
160 6.816848138662295 -9.897539296103169 27.433260083016382 0.17949883313973228 -0.6349149873113646 -0.2075308718366907 0.7222146945497488
161 6.814702730257361 -10.58280066395549 28.207614436355392 0.23692786997153106 -0.4094184281846499 0.2125942175425313 0.8550119494843582
162 6.500611543195479 -10.679963514407266 28.198544007459663 -0.44867702399836423 0.7958685417276629 0.04016052360268851 -0.40456065647590195
163 6.330490291775167 -11.706910627041564 28.947698687836645 0.24833386124613863 0.9551119609762962 0.15254299479769634 -0.05312315970221836
164 6.184913622996697 -12.180440812467184 28.876211202445173 -0.5194493741672693 0.8421478679750171 -0.14112132668594438 0.03231233969808577
165 5.236097907742887 -13.525886494336705 28.75133690983424 -0.6625128745106791 0.6995835808223648 -0.2386792243989767 -0.12120945669236184
166 4.399585384595672 -14.81441336746726 28.59163181221471 0.8650755187728604 -0.27482387903849914 0.219814682585841 0.3574880244844363
167 3.565976023975916 -15.654975409612293 28.46728933324661 0.7824890945935079 0.5791654967711976 0.21905615059772135 0.06551753259481352
168 2.489055744286153 -16.599208128456894 28.037897112973617 0.4326443573368497 0.41312184298749927 0.763921629971473 0.24201848312251703
169 1.5472746042663363 -18.129129626375345 26.312867854330964 0.2630064662652968 0.474802749516632 0.10527763145773267 0.8332506034013643
170 -0.11341023479496593 -19.654070645392142 23.019092353064824 0.3670540451930087 0.18629202210920093 0.008443285351078227 0.9113151602702514
171 2.436060709176252 -18.544319239346965 25.038175518356766 0.8123673511712739 0.14006290783484723 -0.3913877581586003 0.40897101530964264
172 2.9090195466628295 -17.589383313693975 26.668150743420075 0.245397960159133 0.8748774346260009 -0.23685151547983577 0.34390503797831934
173 3.3476072460243493 -17.060936148729215 27.02091403510439 0.8862095468202597 0.28568305328929405 0.06525951582171391 0.35883008204810773
174 4.166571952054418 -16.37236602036362 27.10249471942626 0.8367844760645998 -0.12370730320332543 -0.24112557038906976 0.4757590808970435
175 4.725507911166878 -16.760620830712526 26.6574131666623 0.44148095095096235 0.23386097780219686 -0.6861846004838743 0.5287289542550317
176 4.322093704275443 -17.366217233270042 26.50813857264777 0.9650624153910173 0.14037532632930694 -0.2089372340903892 0.07276355109706047
177 3.830259170321222 -18.082024406969555 26.347425302409004 0.6844962755000444 -0.6617794147788308 -0.15154508702958702 0.26560674238194815
178 3.5923965016014896 -19.98930175633433 26.535855938439962 -0.47710536713612006 0.8234553086946711 -0.2765176514104998 -0.1335283179362819
179 2.175689119534986 -21.425121514088215 27.07776449906641 0.7618353203643388 -0.5751258288247854 0.29476853104122497 -0.04414452142415094
180 0.4352470966213804 -20.613873487274997 28.04085200289229 0.9644055589263538 -0.12771264361339493 0.20251519113311287 0.11224524904664594
181 2.8500976572157732 -19.411282418946815 29.735760307403137 0.348420848603027 -0.5502210474040203 0.12225739137837893 0.7489411468905436
182 4.355613633182231 -19.591114375482885 31.334704989489484 -0.5013681817602156 -0.5863913675577296 0.21871786772056076 0.5974425534827618
183 4.891338691960957 -18.556118739883008 32.0824464254485 -0.14927995981331996 -0.3461754599441757 0.2946381727181107 0.8781038615721405
184 5.674766313631946 -17.872351517058 32.63561275262947 0.24511916635815928 -0.25769489410034463 0.3602411014726075 0.8624014637326956
185 6.3699662526642 -17.256250500053135 33.23598773002168 0.5994233136455713 -0.3117082860170087 0.1558039775965512 0.7205933361137856
186 7.632667304857156 -17.381471160529788 34.32100294954897 0.8139395640150138 -0.4141935403506406 0.20060416272378812 0.35454769377439094
187 7.94636694338362 -17.469580453381532 34.67890312778571 0.4425103798033025 -0.5452310053524784 -0.023814059342519105 0.7115761414959705
188 8.555999555031068 -18.13222709106891 35.836022539337954 0.5483411804583117 -0.591303745418218 0.06064654628480182 0.5882208997406482
189 8.75299259596977 -18.96914144055997 36.86516793996694 0.6570440846912088 -0.5416295336851222 0.29405882663874117 0.43411971331439764
190 8.749605408923442 -19.65662824153386 37.38757301091042 0.4726107249179064 -0.3160193832326509 0.34868856890508454 0.7451088068388068
191 7.340033092162396 -19.770488332961996 36.8578364496128 -0.1737430898168321 -0.5429643910515969 0.585169628918886 0.5766970731517558
192 6.387345729432076 -19.346961595589438 38.041631201599586 -0.3687459972100977 0.8607231626028744 -0.33891919303421303 -0.09119104941535841
193 5.070488175383072 -20.133794033773693 38.360243662298124 -0.4051403286683067 0.6493057841436466 -0.6375040375227743 0.08861103151584297
194 3.8974045736722323 -21.50630923863612 38.89337286062971 -0.01516009234711805 0.7908974920347249 -0.536260150914208 0.2944085243920086
195 2.3681375006113012 -22.520558595344784 38.7339243871694 0.3120751408879102 0.7932984265962313 -0.42879946735084673 0.29902797461001024
196 1.1378835523263526 -23.054213962689843 38.490616689764046 -0.093486299807946 0.9136284030636388 -0.37882056494798505 0.1141859555115851
197 -0.46641547297826413 -23.771872879230607 38.367189531310416 -0.07337749734381177 -0.41413403915278607 0.9060190017130872 0.04731077079670779
198 -2.8779972078669425 -24.832647150623288 37.62252265419545 -0.053302890777503664 -0.544134151938453 0.739228912451887 0.3932142437961559
199 -6.069256917575023 -24.20302945615862 36.039374460849245 0.030141513810427456 -0.2606613711088965 0.9122541074273636 0.3145466296731694
200 -9.535201369926932 -21.674727485912353 34.607556006533905 0.1036003758462109 -0.2753324103481233 0.9076452428035342 0.2993979611696278
201 -0.3997632059113936 -23.16922542078221 34.402658270385125 -0.29957181914845904 -0.8118611383895579 -0.003899895569301894 0.5011217496371921
202 0.3922515494572637 -22.660236763306735 34.70405444974537 0.08920536610540622 0.9894442416449062 0.015203260443326106 -0.11318726167563477
203 2.6274519580638986 -22.895186485429637 34.66961836470169 -0.4343806470794683 -0.5137812430034508 0.5483148010351908 0.49668215867533505
204 3.661885170006442 -22.832784204219582 34.573822071854416 -0.6467115535835476 -0.08150314518917183 0.1681092448565987 0.7395002945094552
205 5.322765491432831 -22.491625322435667 34.475639304375655 -0.6842832998189988 -0.0651877825238603 0.38815245168827656 0.6138766918908256
206 6.275677601130881 -21.98718040697059 34.171412286589884 -0.32552055756887244 0.036171766559659015 0.7824040956115066 0.5296902878799513
207 6.059472398084484 -20.96140401138678 33.34688882608908 0.292852039200332 0.6420545823496607 0.5400211830467436 0.4586727790929013
208 5.636555163032191 -19.94847339400979 33.1714676911771 0.5235282605934949 0.6560777254870184 0.25674511439876646 0.4791264182990695
209 5.785307356364192 -18.857847880496177 32.891791309891964 0.33517776828892376 0.8721579892633646 -0.11748320108198823 0.3364431644014635
210 5.858987210439425 -18.959907906129533 33.53184932937597 -0.024553372996775808 0.9027152941467087 0.32396674159531835 0.2820421598417772
211 5.215709525285653 -18.81406012376541 33.33761849899434 -0.4420514647602215 0.7134423434004413 -0.13133198980375874 0.527581684292407
212 5.304431606770559 -18.745952662651753 33.77667510515539 0.6300711799667903 0.21589648310421972 0.7415813799232438 0.0803496963878707
213 5.06224580671977 -18.12486881690017 35.109118216316965 0.4647377371059337 -0.1087906139030861 0.8197545495113356 0.3165215894559369
214 4.300814605569997 -17.327758949858335 36.33767866379511 0.4356319528320843 -0.5452498087759353 0.568031026856717 0.43619743262611504
215 3.5979694479675444 -16.84840380951966 37.793091040723255 -0.0766086616666979 0.9592427097543327 -0.22011301295415073 -0.15979611468695998
216 1.5613661867195177 -16.803776628424956 38.851331586145285 -0.12649786204970154 0.9493347806269569 -0.2127158710611177 -0.19368459770341132
217 -1.2619861617286525 -16.044665911099575 40.316681325158946 -0.2685415136363179 0.9185644330104201 -0.23901110030528747 -0.16431229957923538
218 -5.078252826417799 -15.04312752995283 42.39486739678837 -0.5738426868682381 0.8145174249247138 -0.07377862276874003 0.04269250571473291
219 -8.663182409424907 -13.016327926519972 44.19835404177494 -0.694085336423935 0.6956475153174513 0.15891708925671572 0.0952125986206798
220 -8.801026672924827 -11.318446749384261 43.816491405405976 0.8440827697319347 -0.4334589614311755 0.05554089311949564 0.3107294897304744
221 -4.110232029795663 -14.374497327425193 42.9364536838038 0.8226006143936951 -0.4294498884905578 0.2649367387865368 -0.26212505968662575
222 -0.6519957366170821 -16.511836258668414 43.21922995145144 0.7990645446023524 -0.14427710712789574 0.17186962910244988 0.5577999646023891
223 1.1318586846020475 -17.012179176933508 43.57303477187623 0.38790175044052433 -0.037133209466676066 0.2127838992749576 0.8960336874075806
224 2.492085322170748 -16.70437004809217 43.893537849888354 0.02811031101509143 0.05376015292342078 0.5262893734365935 0.8481386394806
225 3.0163797589346895 -15.236042360903017 43.562014520798506 -0.16572091393249058 -0.2835543312706608 0.5714983716232513 0.7520127200619683
226 2.326140050361893 -13.259524634007958 43.473873671592564 -0.3139836025675739 -0.7225742592893115 0.03708193329814955 0.6147565919565735
227 -0.4133380209734935 -12.782716274067544 43.786569050166094 0.31592347960232486 0.35249972087080356 0.8268671036116856 0.3036891417005019
228 -3.5865518137116426 -10.6455918933075 46.52364544419091 0.1197069212607673 0.05423280239790625 0.9454675235541159 0.2980272102523287
229 -7.344844521203452 -9.214780968652326 46.59104949466805 0.025739192880978843 0.43138003156663496 0.7997427261349033 0.4167257303187774
230 -8.246140159391572 -9.3861683267457 45.468447060535055 0.5655202534860532 0.09977209821476696 0.7130664546926884 0.4022046773806753
231 -3.988611893517878 -9.904499087464593 54.3335043382441 0.9392573864734859 -0.15777058858565823 -0.30207940637698916 -0.04064524049944207
232 2.0622208417793564 -14.752100119244082 50.81051760551911 -0.380285532501274 0.14379428628479085 0.5410025296202239 0.7362216921190176
233 4.169613811854431 -15.19243071124569 46.49003206687918 0.12031992381791584 0.7914591212394652 -0.4117323743517937 -0.43542166603183485
234 4.951611072021736 -14.282954966814621 41.66044075386262 0.39091152269618396 -0.7574569229987052 0.08453222532562191 0.5160440815532942
235 4.62559305055152 -13.946277976331869 40.14747886713855 0.006131460422103426 -0.18821147498065943 -0.7487754607005142 0.635510940371155
236 4.786564732427745 -17.78741406478269 43.13876956058358 -0.017233148820260648 -0.26751987847223224 -0.6959498790580259 0.6661755767386411
237 4.75669043433519 -20.488450232558762 45.490742508994344 -0.03356672027659797 -0.15128819569258997 -0.5674345513352856 0.808704635256208
238 4.9403413690370375 -22.19861611397272 46.67689859091798 0.11486792912331908 0.014270827937871816 -0.22890543781992098 0.9665422923314624
239 5.60008018753281 -22.741436216149893 46.609688649005754 0.17798991998582714 -0.002398136414543312 0.6359173084433352 0.7509480768650789
240 5.36982388070069 -21.982716324808038 46.72076358341287 -0.1369490091654757 -0.5122387326254809 0.48257735971002313 0.6971194600512446
241 4.654109772268566 -21.811572104072994 47.055502994663776 -0.22602683675095545 -0.45192898943083004 0.3476098447032666 0.7898350799032392
242 3.76167854429414 -24.36036628867467 48.09455560570161 0.5565246736406659 0.7517632919281871 -0.3532022863669126 0.01950347260440117
243 0.5484869919132774 -26.880172632499328 44.74068878648447 0.025021604225180478 0.936673640380734 0.3421549503991171 0.07033065231660765
244 -0.6676523846351256 -25.492171852537545 44.04337080828529 -0.20973991826567825 -0.06001156232099467 0.9737407735259508 -0.06508982291251843
245 -2.8935121066504594 -22.616111591055077 44.62884096527902 0.1620735590266325 -0.3199948946574536 0.9192584559668654 -0.16217065083121757
246 -5.941147866589949 -18.515342849020538 44.86000533368617 -0.21423326075821897 -0.5445124271735164 0.8098394742552659 -0.04207555794593043
247 -10.41636906228955 -13.00074103415102 44.97600911023181 -0.21051936326269888 -0.5059058986028193 0.8330992890794674 -0.07540818248457955
248 -14.720721567720892 -8.357731712578499 44.8314472843547 -0.15758797726678292 -0.44136545270997024 0.860737310693906 -0.19873059290031178
249 -20.168124395378737 -6.494103761643354 44.60328630424685 -0.23491565670621348 -0.35965800924123154 0.8944413332565279 -0.12423949446616217
250 -24.56231146214424 -6.51973651176811 44.114914661312156 -0.18173967820648887 -0.31616751386939806 0.8735708283494973 -0.32230854843739276
251 -17.31429426946731 -6.087720335644223 45.067882558557386 -0.12603397925589002 0.23310635078310118 -0.7054179039391463 0.6573906343260545
252 -9.775903884225484 -12.979287285623565 41.999766907669894 -0.08361968063488123 0.42212065893004397 -0.4006843510814503 0.8088720227041005
253 -4.081929151129759 -18.39254174464863 41.314212702525495 -0.5449673819031248 0.1838677195993499 -0.34576223561862834 0.7413849814846512
254 1.9875437464174062 -24.269316348902603 41.66249408639236 -0.5989003781788381 0.19396226869991237 -0.30357942217726847 0.7152178058245916
255 5.643514830017788 -27.711082004713937 41.92055433496119 -0.7403457715741703 0.25016444122270876 -0.34442388922505807 0.5202673114765707
256 9.681657669061039 -30.789149788150603 42.02692332977345 -0.5162831704106298 0.122696059897656 -0.3717345462361442 0.7617156897234998
257 11.820063059420775 -32.51739896146899 42.24363067364086 -0.5795266565795799 0.14305515306586097 -0.26829692622360535 0.7561090112371114
258 13.16929304207109 -33.70416177508078 42.43393013088706 -0.6697139017619619 0.20862006241940173 -0.15367647536300816 0.6959486333508365
259 14.3882235395018 -34.46484651570533 42.380845424878814 -0.6203274297420877 0.22065314618495202 -0.06382370021053668 0.7499550681738828
260 15.612470919087794 -35.02477510428042 42.09925224208634 -0.46430609092480274 0.2525284891913129 0.013120440817280676 0.848809207130579
261 16.760600342392994 -35.27371233028485 41.48964979574054 -0.4095138640997612 0.38876638245245293 0.08641750397947255 0.8207868846362454
262 17.30325791555069 -35.093390091672866 41.1051730787852 0.8787402290129973 0.10160213544295023 0.4482784574890275 -0.12860420109341467
263 17.16763189825345 -34.53690279576068 40.990627599614285 0.2738306666956838 0.6405258422884254 0.35931298674148576 0.6209972535338738
264 16.964081451410422 -33.3049069016345 39.99118382651048 0.3785771051765182 0.7097895414698938 0.31593484848604825 0.5030540266892043
265 16.697221758146 -32.003671621498135 38.897209111087335 0.5264920957227488 0.7571096129017147 0.1854429409465164 0.3394142348906287
266 16.351392978391296 -30.694575325205694 37.80893946680914 0.6580747207977647 0.7196432360749507 -0.17029609638108167 0.14159983819158098
267 16.050246556641746 -29.86647944500171 36.661266657074876 0.9849202319382994 0.1586141640965593 -0.048399729885860505 -0.049306691366708184
268 17.46543023277404 -29.605921707476853 36.24650665665041 -0.330937418025323 0.46395742200816753 -0.378806617165453 0.729197835094108
269 15.991440090754404 -29.7467733935797 34.19171223817213 0.5163972916104249 0.7135908263265164 0.4626751772811566 0.100267891809431
270 13.789946064474343 -32.04496637535388 33.14582492408802 0.5079609885667751 0.11098963559607233 0.8526375374698945 0.05163491630466608
271 14.973432213586882 -33.911152616524504 33.93648632386586 -0.45221079262566866 0.053363808026376934 -0.634249493030685 0.6248081974623161
272 16.09543192794407 -34.69927816517849 35.650164062332045 -0.15704563013987455 0.4200404904236535 -0.44904123825479675 0.7728289738391189
273 16.737819274254086 -34.83409680050576 36.30467332781503 -0.29985019295220344 -0.15093135539648433 -0.2970836547180095 0.8938964648347688
274 17.119527578967453 -34.92611242519713 36.68080635024992 -0.28067226220027985 -0.5973245905180673 0.11611796826644699 0.7422553686161341
275 17.492578188123563 -34.39296146272802 37.48847512723446 -0.22440001727933537 -0.5839146688079614 0.592514090644419 0.5075582175314864
276 17.415310641509674 -33.12020602847648 37.66599667919482 0.04121491872739142 -0.6345663274991267 0.7270747147913006 0.25882284595783833
277 15.996085696197506 -32.484595884146195 37.81177526131054 0.7900257535100034 0.2701510669531378 0.32655102583411044 -0.4429922542683145
278 15.46340343524838 -32.14158072180131 38.221556075489474 -0.7292516130344124 -0.1581660479567706 -0.40070652578915344 0.5316106341585258
279 13.717370978291317 -31.6646082496585 38.17607838356866 -0.11573649155698404 -0.3936598248340653 0.8585491248483684 -0.3074579760809504
280 11.751289427998039 -31.724539689036963 37.84658884616777 0.2113894808365348 0.32077634214511125 -0.7235498914675016 0.5734915694838326
281 11.845358349606876 -32.472515427559124 35.61806882750408 -0.4519139617388854 0.010833410066518872 0.835234449572904 -0.31311311479790177
282 11.305372298145322 -32.334242162498555 33.30262210478606 0.6833496534981713 -0.2883682735514638 -0.6667507331911898 -0.07294141253011639
283 11.350201134950883 -32.63928495178254 31.706386750193506 0.6476527784206604 -0.26211822395805334 -0.034365391344421764 0.714604040816185
284 11.681843062699683 -32.73283848931249 32.201437934275965 0.36190264736026045 -0.3393381647662526 0.49994490234704797 0.7098811015824467
285 12.098655220457488 -32.132589244930806 33.34372990555052 0.48420713068575544 0.018104985543524448 0.6907533048033626 0.5367266864939451
286 12.260243518612407 -31.130150781858433 34.23647692443431 0.6064056517208921 0.3639950388922361 0.6050269145147515 0.36568050253678996
287 12.208186979644411 -29.7400031873298 34.817043116035464 0.773935942051572 0.3032314426158751 0.5328771790079221 0.15847953149350272
288 12.259966842001607 -28.661986081018757 35.36512092542573 0.5511832301622251 -0.3706299577046655 0.7419256089857884 -0.09152525318643642
289 13.609896166633577 -29.30162548292021 37.39304568714 0.20064602953140062 -0.4740439598490947 0.7851237061479647 0.3443896935280712
290 14.180672050241826 -29.47339315634971 38.25453844373337 0.40617004769853116 -0.3570494963306219 0.15304524975357203 0.8271146843397771
291 14.336179701687973 -29.54429829369009 38.64625317147019 -0.084195047906716 -0.7162341534491082 0.453614273849707 0.5235970988277432
292 14.430679265429777 -29.450370926066967 38.77899133288253 0.639145078140964 0.2598421471453019 -0.6356483815147796 -0.3463044364901231
293 14.553077230715042 -28.68044242107044 38.06205679921126 -0.4866064392805744 -0.07730453688727179 0.60387395097631 0.6265576056194574
294 14.923232012464375 -27.870047760203708 37.39786287544136 -0.4017416765376344 -0.08713226968256228 0.0025687919382356554 0.9115947532871578
295 17.152676851961832 -28.120752815172544 37.984726618990834 0.0564454678179787 -0.11207942465271153 -0.12730676279809033 0.9838928294678224
296 18.0555735760825 -28.684448636897443 38.619828004556744 0.7976041089442132 -0.2445001062428592 0.07730368524710284 0.5459592692589389
297 19.16471629036547 -30.249923775769062 39.671079422875714 0.878535036035712 0.0665411548019972 0.3071553911544701 0.3597277176700324
298 19.48319515231239 -30.806050506239394 40.91532319426813 0.4094473738705469 0.31856733335538273 0.8548220538656713 0.012122638913546464
299 17.467742323345437 -30.97873714329467 41.88569873337914 0.5497879904181543 0.35169108482716205 0.7568926855626705 0.03405890466220552
300 15.349683968688076 -31.54273000462379 43.17386229372828 0.2143185104915043 -0.4372785271299124 0.6144464172591698 0.6207339736869308
301 13.801873997428855 -33.29064497528032 42.93624982169268 -0.2693647568401675 0.6485262145527263 -0.2928985755505382 0.6488966028966507
302 14.58386786372086 -35.00424078977485 40.966874405797746 -0.1020691568639918 0.659026350437055 -0.549831959506439 0.5029423157301395
303 14.573082328940863 -35.95235456001009 40.463118711177565 -0.1329498891611746 -0.13206169459310171 0.8540326024167347 -0.4852961464946212
304 14.030654551179788 -37.31589655228579 39.733741147906294 -0.46460600321696427 0.3741201576419714 0.785578869391801 -0.1644421156085156
305 14.038638867903968 -37.55144830547152 39.520944588334665 -0.5003800893403307 0.8111548784904709 -0.14588612524988442 0.26526358165501546
306 13.58810432879487 -38.62263835726404 39.090973504193535 -0.43566648735913704 0.8081920031426132 -0.2758329590614144 0.2844935439406404
307 13.038904761126325 -39.47509364767495 38.8443233121761 0.7934144767477155 -0.5799800817539621 0.04846724733696341 -0.17823439284098347
308 13.333614313558238 -40.38776469066032 38.64069976123874 0.9310783592021437 0.07264523697102498 -0.3541397189851291 0.04899814290359797
309 14.084908007377434 -40.18969497679993 37.88491631691654 -0.4836311318278216 0.048934822265872785 0.8259821373050868 0.285411668208692
310 13.656679045290497 -39.59951546168163 36.97445800613591 -0.4156530684855701 0.10689486960919324 0.8121574060566975 0.39522950458818246
311 13.11511505063603 -38.78794611579616 36.05363334675106 -0.5399906051860677 0.13583144401547959 0.7355352493059092 0.3859376402424988
312 12.883458746591897 -38.453455909458 35.69710395886534 0.9262712632952689 -0.28720281995409414 -0.23514453372505842 -0.06513935264514237
313 14.102645892318453 -39.14922296042247 34.89268732997359 0.7263233851148707 -0.41896970611384676 -0.32497970619432276 -0.437386460874138
314 15.013614893571214 -39.684750202984375 33.653032543091896 -0.4201790735539677 0.6039762235552495 0.5432055029522618 0.4044626671148403
315 15.493788926041876 -39.67177200706814 32.94065726736618 0.6809500159780297 0.5942554055849735 -0.37298108517733336 0.20988734781424878
316 16.34975556297114 -39.61309205168468 31.68424585677139 0.577637462487805 0.7342243686575843 -0.33689548311527745 -0.11726453793259688
317 17.120567665321087 -39.0559498119346 27.141536457731096 0.6173569239727636 0.2741155590858095 -0.11626724416459262 0.7281572746490502
318 16.899780366152406 -39.15162100929834 24.28838954870068 0.11564482436887077 0.28446223284878114 0.06147475844532703 0.9496990927412049
319 16.364601231772436 -39.46592687255399 21.7506328712167 0.38778276243180954 -0.36834055439557395 0.14840294489012545 0.8318210932022908
320 15.335302600788626 -40.450638935915464 20.059721740854037 0.6502511517626123 -0.6229143417629108 -0.053852734423929766 0.4315681237678954
321 16.986223951882184 -41.02195356541163 23.749426257292875 0.820490995094659 -0.5544858266274947 -0.13745375298916077 -0.02112961966045079
322 16.959492709340285 -39.92720997688893 25.563887464415313 0.8421624499246793 -0.5148849443673996 0.09784587329894183 -0.12681516896258618
323 17.35689741664677 -40.92980904943919 26.13928304797495 0.8684222883676697 0.05658306248726105 -0.04858740711625732 -0.490183996041835
324 16.45635051930816 -41.2612253197905 26.082992707920923 0.8942575121046354 -0.15914718746408935 -0.39349825587183906 -0.14189713666074602
325 16.881450959206415 -41.14433783342235 25.258684628600488 0.9021888288540972 0.06329950748007583 0.13925445920821725 0.40330718445656144
326 16.043419888647882 -40.80469948164721 24.886726220245382 0.5087740377522114 0.7213094563754354 0.0500464491437232 0.46728684935571363
327 14.987437328340546 -39.70649978061391 23.498428044454837 0.7209413612588176 0.4235679291432137 -0.5102307082066065 -0.20124211147420715
328 14.416619492248161 -39.48631636788084 21.128040089342647 0.14874923443613886 0.6754138384446265 -0.614732751039622 -0.3792010771232284
329 11.413370034826684 -38.252354212930534 20.900629339466878 -0.37312439090310867 0.7500997708208618 -0.5416604099258323 -0.06879333577210935
330 10.4924332301522 -39.18174693420524 23.252351597268856 0.02460214908370042 0.7649310680694154 -0.6307551027608193 -0.1281530167566692
331 11.576660502479903 -36.95954653433131 28.789716613875697 -0.38301307370612636 0.9199384938220042 0.048490707150108094 -0.06828472944055743
332 12.153547659610176 -39.58000382062786 31.177686167037095 -0.6203347724505411 0.7323230328621853 -0.17996536705303925 -0.2156390787629426
333 12.843958930046357 -40.97431386280522 32.828815508350885 -0.24776892147120771 0.936961822042316 -0.24544281623044628 0.02170091124827173
334 13.889946996207449 -40.61954615436643 33.17217460507493 -0.22189973106818003 0.955347200763601 -0.13404045596562794 -0.14179348190078095
335 13.1589128505089 -41.011248931092396 33.56326016108539 -0.5845588887225166 0.7201133059800459 -0.11590000316717707 -0.35537996768505853
336 13.062546411063362 -40.084862389206656 32.86888088228143 -0.4202878087034198 0.7337983058759956 -0.3606322023897441 -0.3935004685490458
337 12.499733642324768 -40.08578012566779 33.31864114864996 0.6566405834816291 -0.6435558524733311 0.06596190468814958 0.38769580343632976
338 11.632709847030762 -38.93489392598423 32.54589589677045 -0.4632886007024271 0.8023821685283015 -0.05861816152422092 -0.37163212889432373
339 11.58764198665604 -39.2137581944739 32.099189048291215 0.946497741267623 -0.17359911555672267 -0.21515484718193195 0.16647451633006896
340 10.897572098657177 -38.73454754928128 31.516028700533372 0.7602937630638397 0.3311031995794393 -0.546088097538691 -0.11879332809992824
341 9.840467493814373 -37.657108766246424 30.106579204372846 0.9615613878359379 -0.233840767395668 0.1436489913416859 0.009119222189774361
342 8.290106680174093 -36.10214399720655 28.523658633191314 0.8184465995602127 -0.4559565546473151 -0.06843506332574177 0.34287815044134323
343 8.901798641749403 -36.60557189742138 27.109058445473458 -0.20468418286196913 0.8468673448730969 -0.3220758865218648 -0.37038791664263826
344 9.300121271512943 -36.74362439379152 25.000468157265992 -0.24451349901396918 0.7375722761496235 -0.5071378677051995 0.37284241898533016
345 9.177639279532693 -37.30312439192753 23.663507335685207 0.4971415192705608 -0.5897192666604866 0.6187434370896314 -0.1491242951543607
346 9.447953940709231 -37.26703569103762 22.26697388151253 -0.37544849386935325 0.6748839227571105 -0.4197878161575921 0.4768105584620043
347 9.850198662374392 -38.19034694216826 21.35369889899637 0.05012412799442546 -0.6767751990993951 0.733988012234626 -0.026916529728685756
348 10.644931654994082 -38.5347251359282 20.865628069362483 -0.026722364349276186 0.58559801900616 -0.5068516488346018 0.6320302852342529
349 10.446438031733056 -39.69848424893983 19.085208752798977 -0.3237629831299575 0.6753304490917071 -0.381035905045688 0.5421420057055152
350 9.461742696799313 -40.179223298923695 18.044832248627472 -0.2707810398571403 0.5527834689361036 -0.12057206978465013 0.7788263226886333
351 10.166019730988964 -41.05319510661151 22.445422415754997 0.7248001225861521 -0.42599557627835444 -0.24789723053505724 -0.48139330529559715
352 11.346606649514696 -41.79522360951334 28.448119363735973 0.8110098066421236 -0.5321090671758294 -0.10748337740427473 -0.21810629917850458
353 11.148255957004588 -41.80771334385794 29.50921860902432 0.6617923637588123 -0.5315786727960086 -0.4061658387510171 -0.33835527678852695
354 10.785043691701711 -41.79440240002308 31.029858463092236 -0.5580367394642959 0.7757506877895595 0.07791183775170384 -0.28414012976036146
355 10.357285417668235 -41.9316960787008 31.426837826675893 0.3495208653651133 -0.6407065708900805 0.6825847859439139 0.0375268529269006
356 9.247137363422995 -41.841340390504165 32.01994863003683 -0.7922089488124874 0.2805760972801352 -0.11093737365677472 0.5304478618889865
357 7.8746977959590385 -41.14474490144116 32.09710502469399 0.9248463129288177 -0.32219181455074875 -0.16810942181905944 0.11220942203812005
358 8.896055768876671 -41.58094557529777 32.221470774355204 -0.277488851720269 0.8446567918322855 0.40117949558024524 0.2204764239290395
359 9.901993185217634 -41.59816733663187 32.90682302724893 -0.6634384465831391 0.727429086895526 0.11518166283684403 0.13202096681903225
360 10.095289200861686 -41.81711063607225 32.89785170478201 0.6723295811379065 -0.37423444642367154 -0.47012034732033786 -0.4323290095197175
361 10.351018356160186 -41.912276528686974 31.82696404836333 -0.5149322983508201 0.2564866017242813 0.7591648024015226 0.3045129784520334
362 9.972200984564102 -41.682673753129244 30.771241770676216 0.6260492037738282 -0.5624988001243865 -0.533402493083109 -0.08449422871122284
363 9.778054959127795 -42.581788704371945 29.438639000158066 -0.24414291336524663 0.6524858381781781 0.6150005951821448 -0.36936531612491424
364 10.428320697306333 -42.56423320475508 28.663066167599414 -0.47067210123503445 -0.28973250372480214 0.019713029882484003 0.8331471933921444
365 10.524913129524608 -42.60114534758784 27.763277463681856 -0.632896002160346 0.12661499602133122 0.6880436082119181 0.33167346356121685
366 10.666394800962056 -42.418334156807674 25.739182443860248 -0.5901219469657873 0.220716654699094 0.5449079469205838 0.5532771235380535
367 11.106981656697414 -42.173244674228656 23.711061504315502 -0.5237688282198933 0.17119556526498136 0.5175624878249779 0.6545894623465787
368 12.134969733091229 -41.43025959882577 21.95893977291729 -0.5536530223738776 0.29932849310708626 0.5225327224646408 0.5751785270541678
369 13.491437165923447 -40.67480386068363 20.433596698281967 -0.21012230122996983 0.8766762739721973 0.42406517021347145 0.08634848343697736
370 14.64155988177724 -38.98297224495761 19.58144957408414 -0.3763855315131384 -0.2689671692086185 -0.17431040746270374 0.8692562771735737
371 13.752885115271196 -41.08278067505426 23.340186505893936 -0.5643321589991036 -0.03768179893992834 0.2549619199615881 0.7842854810064774
372 13.454840129859575 -42.22492438247127 26.43720820352939 0.516414538462712 -0.046193594690088456 0.30665307038790884 0.7982143012347124
373 13.790926244026581 -42.610114057893064 28.064938650928596 0.18165873769974916 0.4272495433746247 -0.06664976680508022 0.8831849972051931
374 13.24784718395769 -42.34770958319466 29.1389342942089 0.19312964394015672 0.12983754961992505 0.1906711298653423 0.9536706305513007
375 13.875148568488152 -41.65450021877902 28.492554748915516 0.6511248067338554 -0.256495284372224 -0.08037650955781123 0.7097790303058507
376 13.534801876794546 -40.79811203335087 27.625676852561313 0.5120407051452113 0.08989320895314998 -0.24061958457093366 0.8196558685078825
377 13.601607219650836 -39.75676970704905 26.946906293668867 0.06414661914598209 -0.8460040039795246 0.031026422258409753 0.5283936010443276
378 13.53110483119037 -37.56979792471243 24.606827944619887 -0.16992788665635525 -0.7160178724566585 0.11298583671076405 0.667590533457383
379 13.522600497587264 -34.66413734535153 23.61012372609718 0.05334516826111962 -0.7978730448088216 0.14591795907603083 0.5824610258290068
380 13.205129027093642 -35.764700353706885 20.393230303072887 -0.285104621216435 0.6252635433323503 -0.2104217150405754 0.6953298197114012
381 14.678306271099535 -36.37426970081215 24.052957107524872 0.4621399984988157 -0.39838143792556074 0.22982527753829174 0.7582210716593968
382 13.731696274452634 -38.37344312937738 30.069591448011938 0.44159786868107365 -0.6243986812168895 0.08568180811291312 0.6385735956250019
383 13.070900731216788 -39.309329300534365 32.473580974906824 0.6095612366612461 -0.14573599510300922 -0.28206415468922713 0.7263855251385449
384 12.60163678830188 -39.723084648603546 33.27165712840458 0.49227388888988444 0.7418647503996603 0.009016861543392278 0.45521621965785286
385 12.033937885572657 -39.15939914137142 32.91463239287067 -0.1333345295050628 0.9623468206096905 -0.2289685933671059 0.06069500272323246
386 10.890145062616233 -38.67546785839035 33.54006482626487 -0.5535287387683677 0.7104996556083197 0.07173027439757855 0.4285451463647758
387 10.898358748526134 -39.601226509321464 33.61790433493849 0.7740651650912641 -0.2341280421686668 -0.5465820401778563 0.21738273486529017
388 11.186982150415739 -40.31304892770534 33.38571356558986 0.739953579445631 -0.47660626724251415 -0.050156302279324376 -0.4720164315279929
389 11.986886593553642 -41.35924047612452 32.90441806223202 -0.57800357289438 0.47204037001005444 0.07437578928720118 0.6614816707740345
390 12.749762301680702 -42.01156924432315 31.921622151944668 -0.5172678893617608 0.41176306118735134 0.3217988191581422 0.6777393540774181
391 13.143803712540777 -42.08509614337249 30.763674515515785 -0.6436880180089201 0.1251852527020561 0.22751272862809557 0.7198835643976526
392 13.088915474119652 -41.928051546118596 30.308229236976224 -0.6262545991565374 0.5514304082826317 -0.03222995590842189 0.5501735288058437
393 13.446332047446615 -42.42238517353765 29.211762999972326 0.6960229607616983 -0.6307342452130668 0.05479877732965914 -0.3387084941527094
394 13.45341027175634 -42.620114924901046 28.246312011572382 -0.5880723600005694 0.11874008018187865 0.7992109610835402 -0.036517563523405114
395 13.022243473643561 -42.599194055850106 26.32158314392527 -0.5019335051599887 0.1390514720942167 0.8170466897427279 -0.24730982852828445
396 11.682853773927901 -42.117173440806006 24.239957964716407 -0.43857552947290096 0.07667410831224179 0.8101264461714668 -0.3814023168200171
397 10.222021032446664 -41.256269422564856 21.934816749462946 0.3263537373850957 0.08834068567203396 -0.7477071074648332 0.5715096174136958
398 8.07097337202623 -40.69879560453316 19.724162155865056 -0.37443358767173013 -0.5115856841588445 0.7638394728361969 0.12094972477986302
399 4.981962325091641 -39.776885813386926 16.99348795401635 -0.34793904906938744 0.2253255083310319 0.8914496550748559 0.1829872834242137
400 4.1246909664986875 -41.1901241952858 14.453369617249688 -0.014048384759682501 -0.41080397312741906 -0.5706509409339727 0.7109150738024497
401 4.3059481400117035 -40.81399067195912 18.397267755670644 -0.31605156395544304 0.030727317652441744 0.05057562999144166 0.946894580469322
402 6.953317072768616 -40.289354201978966 23.22583850264646 -0.3262054607578048 -0.11876432002326219 0.043827224453684144 0.9367839708587496
403 8.943784520264757 -40.05947706583389 26.037920038182765 -0.34238123211357524 -0.09514515266816106 0.24691769000511293 0.9015287827810498
404 10.319681124919848 -39.610990092524936 27.11559731449645 0.47937637777284586 0.2193378120589133 0.33678948821839255 0.7801679647743732
405 11.90632174674767 -39.13686580734347 27.682538313298114 -0.014406265561646208 -0.08215687718743668 0.11423377696673159 0.9899461355262168
406 13.824528016157851 -38.746486690147975 28.153528536731887 0.13261890701193196 -0.15901535509217782 0.23937614330728207 0.9485912736069211
407 14.407946548104988 -38.66759194427646 28.307896127682724 0.08046561106144734 0.5404018392753974 0.3300967314273233 0.769757939514282
408 14.763587671027558 -38.50610490173947 28.44421421121335 -0.42222006564444714 0.0661701561499722 0.6373926737259654 0.6411570057971372
409 14.99484828158902 -37.728390767083475 27.926192400521956 -0.5560289930359171 0.5620421130012858 0.5920320465523906 0.15632810998506008
410 15.304592316535134 -37.192989089978994 28.973566151034323 -0.23687902932044608 0.8939831922106347 0.369781206647401 -0.08913044779130253
411 14.63652666686853 -37.61219131085542 29.277207373578293 0.7953684813847004 -0.5002052702791406 -0.3045492719351888 -0.15631189132152884
412 14.462805374304056 -36.94490396502111 30.391870885275946 0.8800876845081786 -0.43014804822049085 -0.19138173457759036 -0.06157398687113535
413 16.414589126856825 -37.99868230311638 30.29105455549188 0.8023083214394852 -0.3176673181103079 0.4666452430760359 0.19398724047748134
414 17.830240615583715 -38.99568858457693 30.948852592615196 0.5075880269340958 -0.04419385117919877 0.7633481123997238 0.3971157988885368
415 18.21793230612559 -39.505003394692785 31.072162715177356 0.8979687370262824 0.08717254376745279 0.34954817851627945 0.25272349679538225
416 18.409453909705455 -39.172808360487466 31.672772488160938 0.26727281359323296 0.5246326402691953 0.7967320436412173 -0.13617593955401502
417 15.200771213580628 -36.53035633718417 31.636080012855853 -0.09477997456628572 0.9327330832439259 0.2640752156674654 -0.22647302778405082
418 10.578453956384102 -34.45417388099491 30.736345376264328 0.23493809051649675 -0.8021082426952122 0.112963089577166 0.5372762799696623
419 11.31098952537616 -35.05960336156737 29.687140787370826 -0.05869649755490396 0.8600401520170441 0.2751805845712873 -0.42563047819474936
420 11.594074787715924 -35.929520163032294 28.676631886523392 0.05247690829140696 0.831936788847246 -0.5517743630589524 -0.025930787292228547
421 15.561788721815283 -36.7346310376132 30.937768256283192 -0.4744749331962049 0.7025113765648135 0.1449617226526946 0.5102326944944139
422 16.635258486825567 -37.18354500971524 31.012161697339437 -0.21658595936351963 0.881001101031671 0.3782237377755555 0.1840499561821607
423 17.94103267631639 -37.63290254835675 31.665547848438496 0.7179459102288315 -0.3881961269644064 0.45735482411813444 0.3531062189361709
424 17.684723019916134 -37.536577633946905 31.448491276827237 0.9311466729516501 0.14250598205770357 0.27520711167144735 0.19214308266055688
425 17.28769727940693 -37.025674197233634 31.35973659344279 0.9642607075926084 0.19662336710213815 0.0012883632017532092 0.1775918900813879
426 16.745729931305075 -36.608381684339804 31.215240100831878 0.17237747248343266 -0.06876835842979712 0.9200447700148127 -0.34507179112104286
427 16.028185379696176 -37.43297153138403 31.267772149821344 -0.09451817721817234 -0.3656615227876504 0.8950776746364995 -0.237052570741782
428 15.918269658953427 -37.986509986620526 30.386736593653893 0.02939026896003738 -0.39426560933255456 0.7777227358414008 0.48871074015561866
429 15.659687384515287 -38.84075576305133 28.509637335402058 0.3768744701784695 -0.3419797979583043 0.8415212051718604 -0.18126641377319264
430 15.30837468909035 -38.605216768563096 23.398702372756198 0.4384818447146181 -0.3606981306353907 0.8023463665819455 0.1840403174430796
431 17.69357649679708 -37.96007703875118 27.40217677919847 -0.41732482639407287 0.3419025557723656 0.4447832075289204 0.714919946519725
432 19.147724767042583 -38.02927847297376 26.59287418910219 -0.07003921237871744 0.4799414343231626 0.5991620646441728 0.6369894415455618
433 19.334323426798388 -38.61464045927875 25.8543595505315 -0.18691887959039707 0.4057551299706724 0.2265104514382273 0.8655155240343201
434 19.09031026003485 -38.75225811456192 24.70556315029211 0.1818266593614262 -0.26962189092370437 -0.16735074879601716 0.9307184476293581
435 17.522687375402455 -38.66349701469828 23.56861256870198 0.48431622312801537 0.5684365643414192 -0.560736978790561 0.3576195030357997
436 16.144840127113575 -38.11299959639388 22.011909997522444 0.7623668578068121 0.42024521694880596 -0.3751401863520541 0.3185287621756696
437 15.094527531364204 -37.26315631506974 20.803423710353236 0.7042118241506947 -0.1273552521831797 -0.057508720955704994 0.6961027894512044
438 14.169238359237294 -36.26873962951326 20.655168135536282 -0.30954462391445225 0.21723314315148806 0.22215116706588559 0.8986883477009426
439 15.710691387965758 -36.14177371023634 21.822610266781588 -0.47100738421058147 0.05439631548464304 -0.5600302223374531 0.679381509131257
440 17.467227666838173 -37.01460551318917 23.102077638586366 0.4439788011708447 0.343229318087279 0.8094534192279647 -0.17280515448445824
441 17.35530754978212 -37.24255103700178 24.302353083598128 -0.033918639485513546 -0.38722730287364354 -0.5899917185072454 0.7076823538124446
442 17.63779140762888 -38.08160128076992 25.213057231987214 0.34803736304559957 -0.29840152816613713 -0.3132946574293045 0.8316687919710791
443 18.312843371630464 -38.75730362793384 25.599301227299033 0.8444386117739753 0.3732552912360755 0.10488095581875677 0.36959965316008786
444 18.952523766427095 -38.06354774363612 25.570304760145643 0.6171083380753131 0.6885423533967899 0.35014647363969525 -0.14994723623468467
445 18.794536712610828 -37.356562762949366 26.380145224034877 0.6482110789670404 0.4908714766391568 0.5641494140615554 -0.14353755306707153
446 18.48142682934207 -36.87187927998893 27.589621671191676 0.3845093951206383 0.7484422905690122 0.5274162655971201 0.11755316046520431
447 16.199590601501285 -35.7551031717975 28.369277824705986 0.5212662243605236 0.6176112444528377 0.4637724835701833 0.36297790228812044
448 13.007362832126272 -35.29881411860895 29.09811332879699 0.749943947719356 -0.07754872649845763 0.6494549508083975 0.09888648627612125
449 9.646085817581879 -33.9962315334858 27.960207547775052 0.7382456486934037 -0.13837898897858236 0.6420163659611914 -0.1538167852755536
450 9.044475365709763 -32.958134274914286 25.382358901978503 0.058430579101085164 0.2629510330010737 -0.47750063505614365 0.8363227637644208
451 14.44257099746269 -27.199426774191167 25.24018093227743 0.865409517177173 -0.3367183027188659 0.2478975267562183 -0.2761049952852136
452 15.48945542109274 -35.117839037231654 25.007886951089226 0.8938790047114828 -0.3773813673094269 0.1898921245472617 0.15001536447511746
453 16.97858459123878 -38.444922279956174 27.147386062267525 0.8684660342061851 -0.30033274355128986 0.2025423873378561 0.33844286358648196
454 18.255008185053445 -39.59600230360189 28.55152657011727 0.8308384306489014 -0.35801352006248216 0.2956753569906303 0.30677337706816105
455 19.215273659059182 -40.24980089384236 29.608935696072248 0.5951726930464067 -0.222135213602507 0.6927994288733824 0.3412541042718326
456 18.865412945256818 -39.827302327009036 30.792796517550023 0.1714590910946297 -0.04976835669946901 0.8507801474339117 0.4942651428987975
457 17.812653795857027 -38.94007255516812 30.98712491217823 0.25881564513985883 -0.03259180345125586 0.4761456295502159 0.8397842435047599
458 17.08030566121777 -38.536002561402825 30.993633648280674 -0.005608671800173764 -0.2569486635081148 0.9171441443387464 0.30461868890003935
459 15.455131147003783 -37.67968558386217 30.811692940565827 0.10134346689213275 -0.5682002404759753 0.7232290687992577 0.3792330450858474
460 16.24585256915326 -37.24896578387295 31.413522790111173 -0.3445243230125955 -0.03238304513007053 0.6026374982250282 0.719084400452336
461 16.67692899305225 -36.47854475084434 31.701926274422057 0.8417164170547893 0.43128159262112803 -0.08598639675227342 -0.3132347373778833
462 18.113075173337183 -34.593027686884746 31.845205451698273 0.38375907138143545 0.7802039270790737 -0.06870293426907334 -0.48917350104606905
463 20.119369553559647 -32.90715403971172 32.37042389717754 -0.40214368596715216 0.4011608576479671 0.22862962092645034 0.7906193259482893
464 21.10408737729006 -31.042783101592853 32.63487124423962 -0.5504832887103066 0.18371401207888252 -0.44830907044744983 0.679879612851501
465 22.877180226003002 -33.15561675613947 32.34695978900178 -0.3687795980791621 0.05485359623596481 -0.6432260084498882 0.6687697608849985
466 24.069191673654995 -35.421298985026496 32.113329909981196 -0.6816137269018561 -0.07390782813600949 -0.4198263342290354 0.5947152338110983
467 24.6277641384238 -37.216115755370524 31.695178725430818 -0.2642583774952467 -0.06892669737016399 -0.10571514862702253 0.9561594676956287
468 24.24979565513142 -38.694592309020486 31.140082265135934 0.07579993397241194 0.8642536251065139 -0.2520135834056919 -0.42872974620272103
469 21.932679564284044 -38.6772343861897 30.20715556257319 0.03390982550820508 0.8602460582553016 0.41835142381971313 -0.2894977187789859
470 17.18799766398109 -36.81156487004245 28.399285971991628 0.24270077911520532 0.8787071773768479 0.3356135690641331 -0.23734692014711248
471 12.608910690708361 -34.853765162749426 26.91573718648826 0.5335811768617439 0.7781138184865766 0.29044918333526254 -0.15959099310097533
472 9.896589811274414 -32.99272161085853 25.845648360291577 0.8196002134187189 0.4924109976145922 0.15688700214749107 -0.24733250524216444
473 9.328175234160394 -32.05740667632787 26.321178193386448 0.5511550351093315 -0.13427331934948145 0.6857228637284748 0.45605148519056765
474 10.095364329717954 -30.42111870392511 26.949140953912877 -0.49528932373629203 -0.4912270716857217 0.3374886412346988 0.6320489434161515
475 11.280738756469356 -28.58404436089893 27.640195618777827 0.6307632244683061 0.5595621494615155 -0.2727934342444556 -0.46326201849651916
476 11.986584970065763 -26.94786694923465 27.96801198742862 0.6019966190834272 0.6857226347244015 -0.3836196251123501 -0.14219888208916445
477 12.095125395823167 -25.598108108463773 28.018920579418705 0.12506783929708262 0.5070833457788466 -0.6836590756085076 0.5097399183362122
478 11.726819212073202 -26.501788629026727 26.98988637033165 0.13643919842846458 -0.11910028816021273 0.976506317318451 -0.11676848345983265
479 11.672063959254027 -26.805907370779064 26.693338229149422 -0.02595043181512775 0.02874508173869726 -0.7863820900572518 0.6165253472499173
480 11.91063238490737 -26.853221970306528 27.08941840868605 0.8590536823666857 0.009403885441987815 0.4876237707347777 -0.1554393642718214
481 12.676146449645403 -26.95419166233301 28.253995475467104 0.8352251451391246 -0.2874646352540873 0.46878753070435203 0.0011364249549064443
482 13.263719337895344 -27.321800185734915 29.153079600274292 -0.3639692894417297 0.8546900022985116 -0.11153060899300202 0.3529763158795531
483 14.022055381484241 -26.64456802623555 29.869601528405905 0.8077046850117341 0.1462003654342828 -0.3178429092957993 0.4745676769095818
484 14.354603803601636 -26.821699217594187 30.099016299960997 0.7730574538624971 -0.36356194435499906 0.03775088455702536 0.5184397326204904
485 15.300383710352147 -27.41524814038563 30.708013040281305 0.8833920650232282 -0.43904627898626314 0.09782271035289704 0.13148209650566733
486 16.421450517620872 -28.49181638490552 30.953651771857626 0.8985060032840612 -0.40116282301510225 0.1381321069785655 -0.11258273630853916
487 17.37515098835332 -29.44312507236743 30.959273574920825 0.8646138923316913 -0.30692394711542087 0.15663923723684173 -0.36565647434715653
488 17.29520179342292 -29.714896321283938 31.254242085064323 -0.11747710033110377 0.8347665858684552 -0.44273056640260144 -0.3055380886045957
489 13.77444121087845 -27.4235704226764 32.38096640743271 0.3633628516754211 -0.28564402092093 0.7388637737615316 0.49036237126975496
490 11.610243335205404 -26.100746617117135 32.83969934564228 0.26319657466190566 -0.11630728826881673 0.5733777868230259 0.7670971850813444
491 11.428855350114661 -24.935936459533078 33.218373378408714 0.4817804059016 -0.30490506012816687 0.4256994232875652 0.7026382752242879
492 11.507207394620353 -24.854093073641984 33.0666181841649 0.623446371557668 0.3365310220140289 0.05309978855322969 0.7037342577062544
493 12.20886710125093 -24.24242410059933 32.40080832945765 0.39981748397341477 -0.04312960513988074 0.6945246290675026 0.596591448386828
494 12.748171671458158 -24.725429114013195 31.988900592138123 -0.17347203199511416 -0.3978100668755076 -0.3738139604962144 0.8197058788041751
495 13.741906168846286 -25.20491281115013 32.64814895861282 0.11235451248149271 0.5009715634049566 0.8544391720534794 -0.07960940550716439
496 14.815290384565296 -25.469246812673667 32.75261489790866 -0.33325726188021865 -0.3301213459278384 -0.5777422361807448 0.6679621268453505
497 15.362746723950398 -26.08584212423852 33.52599784750272 0.1472777397081214 0.5772630060286911 0.7952465533171695 -0.11251492654020814
498 16.42420114635734 -26.180337398945145 33.27183079529212 -0.3312581134385321 -0.4468285145951193 -0.5454781192872337 0.6269497286104561
499 16.455191811551366 -26.63181526722483 34.15356650252587 -0.2580396320554545 -0.4890452734393666 -0.6247574231236402 0.5512970443120582
