# time x y z qx qy qz qw
0 4.009022915142204 3.178838459717941 -8.996194714202867 0.0 0.0 -0.7071067811865475 0.7071067811865476
1 3.9468672876090247 2.1643317982196866 -8.974563296704053 -0.030053437120025187 0.053017476294526605 -0.7036324094753452 0.7079458810252037
2 4.029932338457625 2.113323592208057 -9.007361149021802 0.5987111407233356 -0.5132590010565897 0.4903536701742031 -0.3710302493798081
3 4.012911742840755 1.174173183923466 -8.84218481213262 0.48297751461642774 -0.45763685397675996 0.5744604770578386 -0.4767561122373496
4 3.943435294795002 0.0754107680153715 -8.733412458470216 0.4665528000882657 -0.45699532368358275 0.6042610197602235 -0.45645632743940656
5 3.8226958926667263 -0.8726221393443636 -8.624629520637198 0.5543790188567729 -0.3607699863840916 0.6475164070279381 -0.37845927522714246
6 3.7339799407880805 -1.732165117863071 -8.135469060322547 0.5441949129273276 -0.4479469880125072 0.6318384218593724 -0.3224524791915836
7 3.75444565846856 -1.692797353554253 -8.141889867967647 -0.16350241798920148 -0.4719672846713305 0.8590239453775784 0.11221275675962517
8 3.7764653396743157 -1.6729835865674698 -8.122870224807802 -0.4164131490047337 -0.060805659800605615 0.7945896917006474 -0.43764138620021353
9 3.5366494587476343 -2.3182536930030473 -8.869050930205388 0.3682450764567369 0.019900626623060996 -0.7662341960982587 0.5261983328128627
10 3.3280800058354933 -3.1250488046537113 -9.516252841670333 0.31169328218451786 0.17605563810999966 -0.7259338267385805 0.5872578559094834
11 3.358443176537259 -3.1300122691096184 -9.488745067235723 -0.5871611188602932 0.3500723329493574 0.6874362208243056 -0.2451991527328741
12 3.1885425880026674 -3.8834175614528066 -10.142503608450118 -0.6418587757407792 0.3141387659108698 0.6727339739950026 -0.19173718468110187
13 3.1344879702398614 -3.879559989981797 -10.076589852543007 0.8923303970449705 -0.057331666711161716 0.19386123398700159 0.4035806789958141
14 4.066567865377564 -3.8539692876480753 -9.744717887907598 0.9314317173286892 -0.11229790648939245 0.09802210030781752 0.3319876564022712
15 5.0908893715228025 -3.9826531366377615 -9.520914355221514 0.9019220506549891 0.024810183208326266 0.19993820457022832 0.38202851163846646
16 5.07909020035389 -3.9976144846372703 -9.42519966335515 0.5984984889318791 0.608065724616011 -0.18549751967088624 0.4874897983439363
17 5.278171528776875 -3.454259412024408 -10.23066681178161 0.7543726185974072 0.5137901939111775 -0.1737890305001073 0.36978231681495805
18 5.249979487031084 -3.424041815293031 -10.294457706491468 0.2669933629366252 0.839126955610231 -0.4623285947335004 0.1040805793980974
19 4.3712371221612365 -3.1499062553806167 -10.82900359691946 0.29971263102556406 0.7932811396642265 -0.4381516434986145 0.2981618848146468
20 4.362142561871089 -3.1432412833245085 -10.778484782802577 -0.06612757726224512 0.8926422722878163 0.1847456139369956 0.40581519855879244
21 3.7058059325376 -3.126467182564086 -11.492734239990689 -0.0976910956749608 0.8952201237486073 0.14160646388060627 0.4110778384303685
22 3.0390079214897905 -3.151091126118861 -12.294127050048898 -0.0769599191280324 0.8237949144171548 0.2161218996927549 0.5183921626543297
23 2.663656753100563 -3.0331732765360186 -13.127767172718784 0.010807232916674105 0.8386394921588571 0.17158515206745076 0.5168418921664604
24 2.1512652899533378 -2.833179049158787 -14.005904238525492 0.13660508885872294 0.8956264851269231 0.05488901683756267 0.41973735200444
25 2.1064946728841702 -2.829177639315433 -13.929087785655094 0.8312409093009187 0.49669288878220363 0.15863550751298386 0.19279393323927257
26 2.5317554690357755 -1.967182599194353 -13.923802115399262 0.886181172654709 0.4506107819492803 0.1034156826041935 0.030627585848240556
27 2.9735215976442557 -1.1282622920788383 -13.765936837839178 0.8547601888536754 0.4654816607815217 0.2132683618752211 0.08502028493227183
28 3.282363882487321 -0.3187404551255465 -13.499110585466342 0.7760934693123056 0.5933140364212685 0.1931881133065877 0.09130024070796106
29 3.6138723788367417 0.5198916407964939 -13.2592148113427 0.713020392694327 0.6271793918961092 0.30281149908488814 -0.08095138049975661
30 3.4957297599310566 1.3204835970615385 -12.723144983973485 0.7190653727279743 0.6519109798518327 0.22411507435681383 -0.08791756103442587
31 3.5811823780707606 2.1200210584382813 -12.280888667498719 0.6654599159619684 0.698400325984533 0.23719866431668377 -0.11461622293099921
32 3.53807297416853 2.9762941818000064 -11.90004329417804 0.788147411405908 0.5483889320313345 0.26481365246019317 -0.08925786570599976
33 3.860889921625959 3.8218905298963817 -11.371941926685333 0.7906384930597405 0.46268334854903254 0.3606480133360799 -0.17535079909830906
34 3.8042845522043462 3.7809009081207825 -11.300364054071487 0.5914757743797336 0.07482175054396603 0.7109710749977658 0.3729319569089672
35 3.7643811840274894 4.460656406301151 -10.449119284949848 0.5617040754326482 0.03483731608732882 0.7705283402090194 0.2992673887761888
36 3.731757478909717 4.45558341478134 -10.41085715737895 0.429844663744841 -0.3733764840371417 0.7972824420686497 -0.20041026367727868
37 3.0881223808703084 3.846994393237005 -9.876719914137192 0.46517495205697684 -0.45991906686014183 0.749593034504186 -0.10098018884955273
38 3.177000450658558 3.8174434892951212 -9.9415593490432 -0.18251222192558308 -0.3517613747613303 0.8719722900984019 0.2874326866839497
39 3.2182737524945275 3.8531328445392385 -9.983323975387158 0.19177097722943542 0.8927429803779625 -0.4077169795871263 -0.0008531322821045017
40 3.185734782302914 3.8110141248535725 -9.98098262357724 -0.5000633693496324 0.6976754954445787 -0.4842186893361893 -0.16946324258787615
41 2.71413934347843 3.276493423225518 -9.236260627138929 -0.4772345330934699 0.696159491192717 -0.37184589475479835 -0.3864450721633778
42 2.4407499479015207 2.9079050536969655 -8.332942543775768 -0.47880867391083903 0.7111367114003045 -0.33753239671996094 -0.388714178608116
43 2.4305828828478457 2.854445138438522 -8.280353600302739 0.09073957536300102 -0.18445683487882122 0.5757175503754356 0.7913856883461673
44 2.630428527612881 3.681197249737654 -7.900176793840291 0.18188161081764723 -0.16581760073729923 0.5891644396529876 0.7696160510153646
45 2.61081043884326 3.6413320136148957 -7.872102103305953 -0.33292486030474777 0.38314113499300545 0.5892956706817162 0.6285654465392777
46 2.5818576485160882 4.084444037799658 -8.789461323605458 -0.3375312012756989 0.2959862150146816 0.5949650746011783 0.6666943892755361
47 2.6932405361164076 4.722870426842021 -9.662079170343208 -0.4121447754583653 0.2917844278206338 0.6167095703782851 0.6038773365076631
48 2.5922879395466327 4.717487096883251 -9.653802728863175 0.09459846913876616 0.6895880376946412 0.29168860303546656 0.6560771500092601
49 2.391842969622884 5.250092830434932 -10.47902923009834 0.08163628671312102 0.6756928564187884 0.37380588803569714 0.6301141472353674
50 2.192601111815005 5.797214167979724 -11.303077557924608 -0.06126121822278791 0.7172611447568433 0.4002418057526626 0.5670890673358187
51 1.8652372448381263 6.128211607805475 -12.088663521406314 -0.12114302120405723 0.7175325622484049 0.40156911605686696 0.5560698117647613
52 1.5394335851581624 6.377047009336037 -12.950738562328358 -0.02582009984397914 0.6929976397176871 0.49309027413667267 0.5253090284219182
53 1.4739527755087947 6.447294037474243 -12.90804852112729 0.5426980802962676 0.4545899444541025 0.7062686770349658 -0.0033662862684037957
54 1.4198802825451102 6.51841788796631 -12.996362616121944 0.9561250456611774 0.12701607179049318 0.16247469413784 0.20807159424375715
55 2.287391179091843 6.941324694187652 -12.716647341438566 0.9887773086820706 0.06391502785083401 0.09966271751808768 0.09111336777431628
56 2.3428112263119423 7.031162409098539 -12.69396049816656 0.5779815371632507 -0.03091425542184376 0.1440843610870116 0.8026340065062446
57 3.3702650793714293 7.29151658518956 -12.405747087962117 0.6558353525747209 -0.016528092985062595 -0.06348966705457361 0.7520477874661743
58 3.416275544707695 7.292457293154275 -12.41183607891667 -0.5688913635066445 -0.3035343076792845 0.6207269852082578 -0.4460129487172712
59 3.464548528212718 7.337704195094814 -12.435712271968555 -0.34135043201538673 -0.6414034217586302 0.6869626142720471 0.012802332277543885
60 2.6078396225312086 7.763901251576861 -12.87706273107824 -0.3837797009016553 -0.5595209322999949 0.7210555415982531 -0.14045772824743502
61 2.53555282842335 7.675252141350966 -12.943873371283441 0.8065799785811046 0.5035025330925869 -0.19776124133774908 -0.23833679687787485
62 2.4590415162857084 7.677412714742399 -12.950586885751449 0.6933955037483684 0.15290921809476665 0.5016128602566189 -0.4941720194713244
63 2.9373816903913568 7.37511102437608 -12.107701834839906 0.7253550380477388 0.1643469133639537 0.49348993742804 -0.45090779822905436
64 2.8607962432656855 7.380413743184381 -12.06796735159042 0.8864452692930943 0.38168117500462967 -0.24181302138466332 -0.1003031798289497
65 3.4688129762014404 8.128534675518496 -12.348215360521355 0.8342493231201065 0.43430272275437715 -0.333880150180835 0.06271568541442758
66 3.94395477872485 8.768009901355484 -12.967240224254558 0.8352082906427023 0.4424054451286996 -0.2623388221031078 0.19463523776471223
67 4.014985987693031 8.860973609017838 -12.917385977079824 0.7001889731333373 0.4758943813248989 0.5084462096053742 -0.15729714448711946
68 4.0721225500789995 9.388298891237609 -12.055136144178931 0.6799197072607015 0.48219592158043834 0.4840733982036808 -0.2662127533407332
69 4.19964967961022 9.81799055814544 -11.132041561739259 0.5811757531964481 0.5064073716827581 0.4318467036811975 -0.4682891652831459
70 4.222194605740029 9.817798613191382 -11.235297651228917 0.7615913570112831 0.1530506717336814 0.6283060961886217 -0.04225572505348281
71 4.2388318342838875 9.847351457705972 -11.287009053434353 0.025125357704981227 -0.0002268214347870388 0.9807900876255347 -0.1934411253268788
72 3.276468766243838 9.386778543531284 -11.15002351532605 -0.10358084862419935 -0.057873106182568586 0.9791542496130405 -0.16485953670866288
73 2.438162476514204 9.069676568777824 -11.354192339771862 -0.13302654683985535 -0.04556505349927455 0.9864535551200081 -0.08448163899078283
74 2.55597351664362 9.061552087528561 -11.368527580779608 0.15048434542256384 0.7076814477787393 -0.6571648265885314 0.21136655588667608
75 1.6223250437785666 8.926981350512168 -11.829240953607178 -0.3316663524667795 -0.6247079191574256 0.6909964976880468 -0.1492021667611925
76 1.6368987677048528 8.990617501536791 -11.767298489305727 0.20254077285955352 -0.4137714113624637 0.7616872470354004 -0.45563471352850404
77 1.1550583804109 8.122261549451045 -11.879820841352954 -0.21520109519863803 0.46094510217516144 -0.6451259710369504 0.5701145348959858
78 0.8922127657083477 7.1752054975840815 -12.035938017187975 -0.1811196472160993 0.4264972369993983 -0.5743114701367676 0.6748793340246375
79 0.8408313669679452 6.243714449441624 -12.349726979628874 -0.2498165250631915 0.44473419747708004 -0.5547629720634083 0.6572984422826075
80 0.8343558960175358 5.254978613093284 -12.702604426112337 -0.31840394780597625 0.5043311081310506 -0.46924642323880894 0.651211834713144
81 0.8475061673506943 4.382097252944378 -12.913015401330936 -0.4408957779713186 0.4751257703317918 -0.4150108330784785 0.6384609806097734
82 1.0381746646091043 3.4235105045498813 -13.177836011784 -0.3071689104346544 0.47424252254799176 -0.5240956195219569 0.6372323531237248
83 0.9962335720418289 3.448521917890765 -13.193688476203526 0.07393144528466532 0.5168718730086062 0.11682386436972221 0.8448253032458369
84 1.008315078117883 3.408130485035781 -13.170709765462083 -0.490768951267333 0.4490643413646307 0.5071253841111434 0.5480062942857836
85 1.168715569509678 3.422788346971119 -14.177379854940549 0.5601518500366193 -0.49107387745555126 -0.48224053003571876 -0.4609993741559646
86 1.1495207638877438 3.4248013659875323 -15.147458441574853 -0.5020246428137248 0.5194501163824905 0.5391042486564974 0.4330236063755436
87 1.0545922438720576 3.4180944891258833 -16.14149096818575 -0.4610373252677246 0.5296435109890995 0.5592159487995879 0.44068113028049843
88 0.7720346952625126 3.367649234640436 -17.09563586924866 -0.4847877359603737 0.48804852391209114 0.5795118011906317 0.4369846240434927
89 0.6408626125355216 3.355597097243972 -18.098302263133085 -0.4186872068436938 0.47028456103355754 0.5528209467332938 0.5458227325165227
90 0.6033169642519296 3.5525432791704623 -19.089298935651364 -0.5172739087414244 0.5396163547931292 0.49522372672390463 0.4427136246659129
91 0.5585275329087928 3.3549344956904297 -20.112002526568812 -0.4534214542540566 0.5040284168631939 0.5216446637546629 0.5179297100889291
92 0.6103929026612968 3.3439038977795197 -20.06023326097285 -0.7113731536351168 0.21172665608882688 -0.0844882192273186 0.6648171178605955
93 1.4799074980225406 2.9248618823730537 -20.191777791533326 -0.8093740133623603 0.09519179225036313 -0.08695888211007935 0.572966300932294
94 1.4420748581682823 2.9909115280382825 -20.178346568004034 0.38591501684333246 -0.39578780336149716 0.7338159574886932 -0.3948870155120866
95 1.348074881484749 2.980882526820885 -20.168963390119792 0.003597015083529087 0.6061084925640173 -0.26171857326034115 0.7510811841171595
96 1.2983798365134978 2.958156825320158 -20.05465347115283 0.4658148698262186 -0.5174307818346482 0.6499769888722149 -0.3046503027987589
97 0.7461844392162998 2.1694929420330946 -19.754703330616024 0.4178404590587496 -0.574005138972255 0.6554644520925454 -0.2574758304191565
98 0.7479304661376465 2.219632531181871 -19.77969601342352 -0.09697336258891819 -0.057677161480993694 -0.7913182366414219 0.6009034534352429
99 0.5467040953538611 1.3453887933105384 -19.485812198364645 -0.14612405748505836 0.06816555090197235 -0.8152448187955414 0.5562167769146789
100 0.17712486969044766 0.39503795733527836 -19.26962869228838 -0.23224031997399325 0.0015057944916308384 -0.7908895408567028 0.5661765630302931
101 0.15774056080444254 0.33038794980278247 -19.332084980816585 0.63228892991721 0.4536260411364895 0.4997606810817768 -0.38035954773301434
102 0.21816516004386258 0.49217252049317495 -18.287019267581154 0.5595616130889968 0.5481987622567457 0.5648803227699715 -0.2593822259999803
103 0.023594579752838435 0.8085061594848051 -17.38502453432434 0.6257093370717606 0.4332611778473644 0.6009344111488947 -0.24423433576928233
104 0.08412609231972558 0.812671825828713 -17.469866803520585 0.49691394831267094 0.0032543086435324405 0.8365858004415114 0.23062986785583472
105 0.09936121045204012 0.8631564279340489 -17.519672568865673 0.23007971441508657 -0.5733142786743292 0.6207280842386919 0.4827739722894853
106 -0.3516533493307656 1.1908533676507593 -16.59697823640277 0.14926696534423955 -0.6517849149088674 0.5457398424345675 0.5050384362933668
107 -0.8493015774157365 1.6070640452710294 -15.725097479100885 0.17802983212691295 -0.6004598536840708 0.6450695485286556 0.4377654857884565
108 -1.353687490107101 1.9391195150086475 -14.945403044809503 0.20440044241648708 -0.6910266513158122 0.4546051047788186 0.52348526724277
109 -1.7349162757279006 2.1600759429161 -13.988263344167066 0.17360106384278773 -0.7252800184358044 0.34995417609222346 0.5668894425953106
110 -1.7827260566171734 2.186234498287526 -13.9839244680455 0.006027420252857076 -0.1841240376057597 0.353880380003984 0.916968203172326
111 -1.1609854436644147 2.883754587595194 -13.649140252814899 0.02268760102347304 -0.19564899772730351 0.23300686535829476 0.95232060942941
112 -1.1891337733012437 2.930389751448729 -13.67235053233841 -0.6501869933144944 -0.2477390471988718 -0.13430318877371833 0.7055812438712239
113 -1.0949459540421573 2.9563246951781172 -13.731762191227807 0.387145628475981 0.6813865593606884 0.5384327768411449 -0.30971077459086593
114 -1.6035777010912828 3.1319580573621275 -12.94815506167977 0.398975227368027 0.6462418381012875 0.49543330978504424 -0.4215875830590081
115 -2.0157181935884347 3.261550284587202 -11.922808562901686 0.566385891856563 0.6551174067024305 0.40922926725330816 -0.28733188435091506
116 -2.1911342083416043 3.740032674188697 -11.17700190983819 0.5310258811535479 0.6653901881801767 0.49120615314789984 -0.18434729758878668
117 -2.539095720135752 4.2310808263287 -10.438198214360696 0.4846809698901604 0.7012698829713659 0.4963308921815695 -0.16419669341952936
118 -2.9811381275194226 4.747561387340218 -9.746322587227105 0.43163008830266875 0.7965969998364699 0.4172191838670946 -0.0711114571404674
119 -3.6253299557512175 5.451879586431007 -9.300418109971709 0.4026696285545449 0.8348470583438431 0.36447762445138554 -0.0896862346664793
120 -4.202569993544468 6.052478167513618 -8.850283176013525 0.3458430359664087 0.8574092146348133 0.3763549551664106 -0.059991506519992945
121 -4.20424915811748 6.0258981271281815 -8.856596555903549 0.06882761170197625 -0.5082284514965856 -0.5856231713859514 0.6277038331033543
122 -4.183099142089679 6.003075610043748 -8.847293015497273 0.43653920699955834 -0.025213759775668435 0.7561734789245208 -0.48682589992866876
123 -4.359361811010635 5.277507045628837 -8.225229696261787 -0.39478759998223123 0.08279871515758 -0.6935606079511736 0.596875872160133
124 -4.286405926076802 4.372583394744112 -7.682891759946098 -0.4181173608619398 0.09891503182596208 -0.5767964341669555 0.6947658328940761
125 -3.8636436112713435 3.4917119274733848 -7.291446852287185 -0.36413266173155523 0.026259893424446068 -0.615517664887798 0.6984667686216007
126 -3.626269547740129 2.5891604317398618 -6.976441096953196 -0.1415255930639419 -0.0557593833335204 -0.7814140881813371 0.6051887478050888
127 -3.8077226040788426 1.7144134858331035 -6.766936742016238 -0.026603042208895894 -0.09351918003660967 -0.8186301599848707 0.5660310082262744
128 -4.271523680425333 0.7885415971615033 -6.701125094510641 -0.04977729611743778 -0.1380755248769702 -0.7830425473449493 0.6044019682866
129 -4.21515771770624 0.7306887934026837 -6.670845331962784 -0.16470612027810613 0.056219560525345984 0.9660931976317702 0.190722805261699
130 -5.156465886339012 1.1060104534876078 -7.007042321824283 -0.2145540782634458 0.13739175333479053 0.9492919594605191 0.18421408556275765
131 -5.10641379791324 1.122477162977911 -7.013926888432093 0.8435794911900476 -0.21986855660064678 -0.4805613019606134 0.09535352599567662
132 -5.057612861748626 1.1599453238964057 -6.984291094203101 -0.48088734123671073 0.7068728585852035 0.2783757540907481 -0.43770431385614256
133 -5.2384923111907735 0.21117480505379105 -6.58642077457698 -0.5631335446898038 0.6068327391146264 0.2691349778826326 -0.4921392092323575
134 -5.219814497747513 0.250691046736272 -6.651761671798199 0.03689185551053334 -0.20858232748712008 -0.6690122962319573 0.7124289095393929
135 -5.137717308133606 -0.7558230017304819 -6.503577917369443 0.12368830319352575 -0.18394491344918437 -0.598942567263201 0.7695019646430046
136 -5.182513532380747 -0.807144222892737 -6.486842719697689 -0.15687043034915132 0.06784187434249304 0.977068112689084 -0.12699232785471845
137 -6.135639117114777 -1.0485904078967367 -6.729651360802562 -0.012374681049430429 0.06099061526940312 0.9819573682303042 -0.17856858373241008
138 -6.1430982974428545 -1.0350227317931124 -6.7660927568417994 -0.18952982847123148 0.0585929674402381 0.769236333506478 0.607388484826409
139 -6.3263794237033855 -0.2322313885962417 -7.185813068665284 -0.047647191826806934 0.030874174337173394 0.6619386737366616 0.7474046579208387
140 -6.273996819457724 0.6798940511154702 -7.334494375075843 0.007242000680654661 0.2509320806967487 0.6192150514041417 0.7440116695441727
141 -6.27764232643228 0.6502681363610836 -7.388774541941604 -0.15157107608946535 0.3859559155090378 -0.06685972513264833 0.9075208082087421
142 -5.584764705916481 0.3644163459938823 -8.057701715811097 -0.30536231301054123 0.41129025918777373 -0.13517798400923464 0.8481279933649785
143 -5.53612114805243 0.31787398902687825 -8.08104569780139 0.36115775591828186 -0.05358908229243468 0.8018214264007524 -0.4730493481274313
144 -5.882475216062089 -0.4537968249960913 -7.472700378644158 -0.3808545317573088 -0.08324674529708874 -0.7711343496856745 0.5033603279681541
145 -6.034641022503135 -1.195350595173569 -6.7649454811865475 -0.5044136268060088 -0.04085916737027421 -0.6914262129111415 0.5155843419204731
146 -6.069665032050408 -1.8928815993696293 -5.995147516409023 -0.5784341299850314 -0.06469548186449546 -0.5819258303229958 0.5679707561993573
147 -5.718667106466198 -2.5618338594829844 -5.352040699857885 -0.5292355099366215 0.0791922891212094 -0.5281770712472235 0.6592930590978274
148 -5.303603160942877 -3.318181982670322 -4.931545346505662 -0.6188084683855356 0.06221014585456837 -0.5595360772318949 0.5478369789299015
149 -5.238057904713243 -3.338318359834963 -4.916051023367656 -0.12221737038119519 -0.30522971690766604 0.9109002628382648 -0.24931595507458293
150 -6.166848041782339 -3.697736021305645 -5.289107675991848 -0.08858966371010775 -0.3670323342361021 0.8910330574619624 -0.2519905308120028
151 -6.114289947845723 -3.5770715702868823 -5.356194527902118 -0.5184775594681411 0.06591021896544792 -0.6888963493263115 0.5022536045154492
152 -6.077577922881381 -3.5871897565342743 -5.419638461616223 0.0744407347813568 -0.42066586650775534 -0.3806023494102315 0.8201467291795431
153 -5.792427334917714 -4.231303288724825 -4.711794901585421 0.07910926096298503 -0.47801677619655747 -0.40164121151132504 0.7771267745485644
154 -5.526968278299088 -4.861608765491119 -4.051608826709452 0.103659345678956 -0.4779131934876162 -0.4006363221956922 0.7748188542371618
155 -5.496933607158267 -4.776641728399826 -4.0880349693508995 -0.3917214842680179 0.13174782906925556 0.8339322673737151 -0.36572361385523505
156 -5.999212216772083 -5.45536335157416 -4.561530129561757 -0.4241918755351276 0.11778479428622458 0.814801217493778 -0.37720945234126724
157 -6.016951396115881 -5.5167422171511475 -4.61929277732873 0.8104800523667977 0.40337590273586016 -0.1834015215013277 0.38311075124373667
158 -5.463975717203912 -5.090616760191229 -5.250830338342443 0.7289251856683512 0.532298549356472 -0.05828571623317669 0.42653147988693657
159 -5.019089696559908 -4.4799586989868665 -5.796582378159976 0.7424046238809526 0.5165584550534023 0.057538626531998156 0.4227198166751046
160 -4.539025860541783 -3.654435244470553 -6.124593265682327 0.7322579311350359 0.6047864765355434 -0.21602394507990375 0.22663912998790262
161 -4.363695205369896 -2.8192726987589873 -6.6540632258052135 0.8008843501922295 0.5577981258501997 -0.10612758267200918 0.1902168357726784
162 -3.9656458567037105 -1.9027604303920396 -7.021403830314893 0.7498091096330111 0.5947543535039317 -0.23481551141979976 0.1700447990857953
163 -3.752288670809127 -1.149940833398972 -7.545677913669329 0.7447643968257419 0.5306335936490267 -0.37323078814067784 0.15637378711214991
164 -3.5347100920109495 -0.45553975776419053 -8.188296951880094 0.6170134079511537 0.5417474764946664 -0.46872954497653685 0.3257249449861837
165 -3.5716632083298867 -0.05288648390975825 -9.134979519286809 0.5937085666434279 0.5818145716266824 -0.3524206836516439 0.42988557067151445
166 -3.4206121068485076 0.30994035094195416 -10.03839133957837 0.5680909306413569 0.6163430891678993 -0.30159295640747397 0.4543518235942341
167 -3.4801003613331885 0.35635844211626877 -10.006393631715923 0.5030101708757209 0.7767909789437806 0.35123603788135377 -0.1421611364633407
168 -3.963537043527251 1.0481277996873715 -9.390533455220698 0.5149066149203148 0.7377258064971257 0.3883950156576367 -0.1994520597832256
169 -4.309589937413477 1.6579305501838473 -8.63125259863488 0.49462659769979933 0.8068397460633172 0.27740436925241274 -0.16553238033712006
170 -4.293110201071711 1.6693218322710248 -8.62202580147894 0.28601208571777403 0.5145017068194445 0.6527278642961342 -0.47689769938075177
171 -4.549879853147084 1.3165549032654595 -7.758394591714551 -0.2629580647042091 -0.3890173454048675 -0.6668224852221131 0.5786763641132823
172 -4.8011006998053745 0.7113651674750028 -6.950056117991532 -0.060431006635823285 -0.41573849273456653 -0.608626493892726 0.6731146930706665
173 -4.818150741382605 -0.09141335521226612 -6.304287165056782 -0.04385284619130721 -0.6282171039997015 -0.5739483331638586 0.5234534449037215
174 -4.809443724852837 -0.14181134406673543 -6.270629959845142 -0.46351487543691994 0.6139602756050986 0.637980867573921 0.034455084345188305
175 -5.444144010855988 -0.6492453010657783 -6.845341315127585 -0.36528692830669357 0.697909813604858 0.6044048192982358 0.11908890162966113
176 -6.1052404036353165 -1.0767449974810621 -7.506209959318362 -0.4304783533854042 0.74585616035007 0.499739536585354 0.09299124102783371
177 -6.7000877694142975 -1.6640958057216955 -8.064139311043638 -0.49704232099899287 0.7177968253023518 0.46282058367741685 0.15334195787941862
178 -7.168774519705134 -2.270126961654289 -8.784403448248886 -0.4734725829642823 0.7250222808129078 0.49731055813653907 0.05337241114942222
179 -7.077337487978589 -2.180892855395298 -8.833191211117407 0.1378398583869299 0.893227439698336 0.23564647493244556 -0.35723333167796406
180 -7.73553419959854 -2.104258948999029 -8.178898389409547 0.11501485134042481 0.9462663637915688 0.1743139534034671 -0.24691334183610955
181 -8.630533580464656 -1.9173410864614036 -7.648836126675899 0.16213285119982304 0.916179559379598 0.24541296558099301 -0.2722139413431342
182 -8.587679127047725 -1.9172517085033958 -7.633241987049123 0.33487448426392147 0.4732612004236867 0.8131720791432557 -0.05132334424351089
183 -9.393967254566418 -1.7586678751612697 -7.047170372341609 0.4156684916434533 0.417126775889149 0.8076393224676932 -0.030719418860143594
184 -10.00924581126445 -1.4796474068806669 -6.3739669381176505 0.36934594097177265 0.5567499853995408 0.7439952043214958 0.009174180721045172
185 -10.701860550458818 -1.0007900887649912 -5.9268903452669575 0.43385687127304945 0.5537988258740234 0.7103921144863223 -0.02044796775636446
186 -11.295948809775382 -0.5103301169304448 -5.330433534875377 0.320718603508383 0.45621012515029064 0.8275010989909912 0.06522139405662888
187 -12.162389346241632 -0.21114718911657526 -4.889740969928862 0.33273691580490306 0.2802900274706382 0.8942151483188957 0.10537036527489291
188 -12.862714164983652 0.13984951033805393 -4.361675013028433 0.33916713070713067 0.11789043032726068 0.9233475998450767 0.13600262403895277
189 -13.587697933188094 0.5102506544626542 -3.78514113255887 0.4239309738570758 -0.010498166258020419 0.9012138362334645 0.08936408278034202
190 -13.488070078405093 0.5815943743966936 -3.8521877973542726 -0.2100598262095097 0.32547906488795864 -0.6358194335552971 0.6675866203317066
191 -13.531883112945852 -0.353885352789867 -4.057638812286804 -0.217786712297069 0.14727258831830056 -0.6866064565397918 0.6778283754127821
192 -13.465544885360632 -1.3665714440884553 -3.9467005829078112 -0.1771585485024665 0.3462067064002663 -0.6360149606053911 0.6665138670891253
193 -13.475405671774954 -2.2894226871727943 -4.189560203402201 -0.14741960178859717 0.405213567060433 -0.6189353511978251 0.6564971112779359
194 -13.519579070229515 -3.23526443614377 -4.508772702510637 -0.23037742529336783 0.46856986804308914 -0.6303394164430379 0.5744917238355377
195 -13.723046083334797 -4.1444773005875994 -4.772663442587882 -0.14557184300944498 0.6967153060624037 -0.4959072706068024 0.49746617953436334
196 -14.169553799755015 -4.8184284978720555 -5.2399129747036195 -0.259265305607965 0.678935730246917 -0.5653607603276883 0.3901217581522357
197 -14.730963620772522 -5.6848402281452675 -5.5906419801889085 -0.26433234682959245 0.609598834921516 -0.5990066519402588 0.44688779555187125
198 -15.193417677224733 -6.532664529867333 -5.730848573528262 0.23904560618144508 -0.5712818140378975 0.6497063292483649 -0.44088090551704395
199 -15.6100500301004 -7.321264080228381 -5.853935464582294 0.2612136406232826 -0.5818531408285686 0.6201207635235307 -0.4567981995446701
200 -15.669016232911106 -7.326939299126548 -5.848862217475081 0.1217668177191923 0.6345670397270384 -0.12337310182887437 0.7531776629320108
201 -15.641599227042004 -7.396629749128488 -5.799882681358918 0.2804629837553788 0.9554398740167361 0.05908246770893959 0.07060045248675753
202 -16.449176396865813 -6.819768781452829 -5.955944975681794 0.3815261892185585 0.9224395356749966 -0.008011757795151883 0.05898204558246896
203 -17.092474714186547 -6.203656425568862 -6.039765733308451 0.34812816475435704 0.9212288076912827 0.020783089202300608 0.17237264280525932
204 -17.78754585484911 -5.557182500062882 -6.353800925151567 0.3343686337823287 0.9334075788565369 -0.052726568359442644 0.11902864136313152
205 -18.483860055606186 -4.9914874359179775 -6.618841814983842 0.41092754022849426 0.880401858495298 -0.17071515360895825 0.16397396307967196
206 -18.429474861571926 -5.052319378774365 -6.5902769443636355 -0.38738101403797304 -0.49231492179707337 0.7346444318614435 0.2604986112704444
207 -18.35099817119611 -5.096811438889654 -6.5897346208757135 0.459077878479438 0.8657373390772055 -0.16646216120632434 0.10971194148704501
208 -18.896197161773863 -4.397705146197723 -6.958731506174548 0.40803378626178993 0.8839735605486215 -0.10857256018236972 0.2007764246501696
209 -19.46643828415602 -3.749756406855154 -7.453292770924703 0.36230140395355787 0.9282578700120854 0.018974652266948038 0.08194499389990213
210 -20.13902977943974 -3.1569490840715058 -7.477118742396766 0.4934533990027841 0.8497650807649195 0.08818314248627031 0.16317715497714202
211 -20.141470012473192 -3.1633754730549297 -7.3566826357674575 0.3453932873778941 0.6680360519144872 0.5085493656380181 -0.4192956630898586
212 -20.169592919081385 -3.1159965719567757 -7.327599736796395 -0.08205861832388966 0.6110415910504265 0.7771427734893236 0.12626823345029692
213 -21.121299666287634 -3.011993442154046 -7.605366900003593 -0.19499104114882504 0.6064924455838125 0.7635379395879229 0.10561828502343693
214 -22.007077832532783 -3.1119243018798053 -8.13897703044381 -0.0819593805472502 0.6229574081829544 0.7508959546059281 0.2033764806626814
215 -22.961326503627816 -2.9483197052753005 -8.539439826127358 -0.163768114494018 0.6177296129861453 0.7389041484632173 0.21356682630714988
216 -23.913276722809243 -2.78371788648674 -9.037110381466606 -0.3042416117951322 0.5490664732406579 0.7440231422885426 0.22889432792109102
217 -24.70060780214446 -2.7248394249417762 -9.796444072194088 -0.2682759903806435 0.5714151915908657 0.7101937716320976 0.3116688603942234
218 -24.76872278426203 -2.7339855114560696 -9.804217402003218 -0.448820734417012 -0.1914343423491388 0.8728339667801311 0.008585299155354244
219 -24.796069075807797 -2.6656953191522894 -9.801481519170673 0.9629322896862123 0.033174257231988045 -0.24205175744032967 -0.11433206399265863
220 -24.79011596590739 -2.693497656652429 -9.794404138548707 -0.5465976319299393 0.11161902142590083 0.24589461874139582 0.7926588542989539
221 -23.83303749002741 -2.416206496398055 -10.262232756298292 -0.5390189966095137 0.15869585840823108 0.16916226127234069 0.8097272844479033
222 -22.945357230677608 -2.2302488148353388 -10.687466531548786 -0.5809715279813016 0.14053307724968225 0.24915391499306672 0.7620005672684463
223 -22.167868961914767 -2.023404279765661 -11.181114556669682 -0.6346774805549952 0.06299560076176587 0.21774900067187733 0.7387837455354757
224 -22.163276294252963 -2.0230004003004947 -11.158563223062073 0.16439500701563062 0.28350980590736236 0.1428666137844277 0.9339087762134327
225 -22.121274158455098 -2.0096375968939815 -11.178979640700215 0.7322389011238907 0.3639868022730816 -0.0023524000990013194 0.575616422338406
226 -22.126754486838994 -2.061188254240002 -11.143240428428081 0.18907843719154593 0.8575530871603205 -0.39667147516817525 0.26740192235455074
227 -22.820892961406706 -2.0256302008032656 -11.708441639325372 0.05554710659087969 0.9314768426046551 -0.3110984492083464 0.1802308673363281
228 -22.736011578548254 -2.0108552973083844 -11.685653808532106 -0.2616812513638154 -0.3349916304861771 0.9021966440035032 -0.0731077679709597
229 -22.737809683018206 -2.038288518590328 -11.747866766768775 0.219142353481109 0.8650898638955192 -0.3723434402495807 0.25486568776337615
230 -23.510407411461177 -1.8842929360385856 -12.312201908802603 0.3171181224605192 0.8334205503698559 -0.39737811329621686 0.2166492965635009
231 -24.276259888610923 -1.5151963216455262 -12.9724919064303 0.34804899070181206 0.84764900833813 -0.37285678172884407 0.1460509467742091
232 -24.941903842287996 -1.0060012580398343 -13.503309231649892 0.29174858077193 0.83733993187997 -0.44109152633115056 0.13850223642839438
233 -25.62100182230482 -0.6336927189558363 -13.973025699429602 0.27354608148469317 0.9255580192421045 -0.17702011636098292 0.19281797821921348
234 -25.611251065621225 -0.4924379509930786 -14.041950749352255 -0.31147233530007473 -0.3304583458056244 0.8908736708612066 -0.01124137875912075
235 -26.408815818408197 -0.3516961501861763 -14.727566131995406 -0.31487990663113874 -0.37708229935156934 0.8638534467970092 -0.11143072454500534
236 -27.219857285031622 -0.35568778471015966 -15.392897234583359 -0.4130676843075308 -0.3458788897551069 0.8349208372257532 -0.11247256273792056
237 -27.17189443952126 -0.3956608395302624 -15.391258886530368 -0.360955637018692 0.33221589493461473 0.8413835740017559 0.22675385036919213
238 -27.256855679635745 -0.44077793050290226 -15.381468125232793 -0.0661496106337972 0.4995299940146773 0.7259006466157261 -0.46814769606990847
239 -27.1418873652896 -0.4127766356743996 -15.32442536644453 0.6019318060034776 -0.0053611971477060694 -0.4437255186885186 0.6638953400583106
240 -26.58626728628287 -1.0279215467617924 -15.900406091979272 0.6425991255785406 0.07291014441771416 -0.4169190679376627 0.63869317002507
241 -25.92859450451818 -1.4239055094935487 -16.567977060418084 0.6312015554541491 0.038456768172623515 -0.301762786488267 0.7134738215693802
242 -25.06426996602754 -1.7434579895386364 -17.07124525711796 0.6423438804240457 -0.09954548012686763 -0.3103664588286055 0.6936553163511989
243 -24.26806076348783 -2.310753449696607 -17.353989388931378 0.691946786711703 -0.27205402844697135 -0.3051500814341705 0.5950459459284161
244 -23.637003221152526 -3.0210159929109377 -17.421461184305123 0.5779201214210963 -0.24847977362201656 -0.485091311927493 0.6074146478723081
245 -23.355014564714796 -3.941464419941764 -17.68410146676846 0.49309050965379975 -0.27454302760232013 -0.554084213444869 0.611946533363404
246 -23.354273115558563 -3.936465045849022 -17.680747351306692 -0.6360530522968356 -0.09712566437274242 0.7580864975547006 -0.10633899665352357
247 -23.46911717084736 -3.92837827397381 -18.6632207325861 0.6892268931182897 0.06618884300796417 -0.6385886498667305 0.33584202108307176
248 -23.29235536211111 -4.306037570171876 -19.547673253337113 -0.6094300165242619 -0.19427967369196852 0.6613832918086266 -0.3916919767697104
249 -23.29548970143022 -4.288472778435187 -19.564191579392517 -0.24221476699635983 -0.596643318046837 0.7066195956685769 0.29332150397837625
250 -23.233593110879976 -4.25263279290509 -19.54085797633293 -0.01045341841220158 -0.6468922503736034 0.28998624459426164 0.705215655240431
251 -23.290754771596625 -4.23177605317036 -19.631456238768667 -0.22534206115940042 0.9391732582933691 -0.2542778483781922 -0.05017292300839107
252 -23.31966844405831 -4.179521814385361 -19.60690339259374 -0.4155715673306955 0.6602808854951259 -0.01195578563977273 0.6254490257933227
253 -23.134696382702458 -4.756116412425925 -20.367042550966246 -0.2739877095102303 0.7241313465808332 0.0928655855318356 0.6260515242056319
254 -23.17545422366027 -5.132930173281638 -21.28236538732867 -0.43266167915237574 0.6560341798763427 0.03319932325244738 0.6175118064965234
255 -23.102501226055484 -5.704190236460722 -22.06495034414274 -0.36559858421805497 0.741836364920689 -0.09856893353451214 0.5534443497235102
256 -23.343051524754554 -6.383439439946089 -22.77357571316637 -0.1986692979196925 0.7666310309376498 -0.23448136260696084 0.5637604660292804
257 -23.11850659052743 -6.0307261384513 -22.044344702230458 0.06572933498771391 0.971189103073885 -0.1808767879067636 -0.1405523681378101
258 -23.126587565594335 -6.021081090179835 -22.093377703126166 0.015997131912117084 -0.6517469381351116 0.7334564007844184 0.1923843251163133
259 -23.176525135114552 -6.063403980447071 -22.14591472495221 -0.33067116525396023 -0.4665067857294763 0.7340091144735539 -0.3664131809961109
260 -23.638293542317662 -6.303629680107169 -22.954257203518573 -0.35015124981041956 -0.5595096511528328 0.6505755478266511 -0.37562549047300836
261 -23.17860730700837 -6.171947961742361 -22.039579048297785 0.06289065851669015 0.9933568982226489 -0.04932260908259175 -0.08278960114712375
262 -24.160462724227038 -5.997965367132824 -21.937352013750214 0.19979225259795427 0.9549794271255112 -0.17654727507209958 -0.13010922040148126
263 -25.11321292377016 -5.631247754711478 -21.84362269134808 0.25530243299237626 0.9376580729882081 -0.23176943712701992 -0.0435997004810446
264 -25.13028878060835 -5.603607829466907 -21.839642207409508 -0.5497103928765903 0.6768711850289104 -0.27352124510506437 -0.40601725495007945
265 -25.13715321097345 -5.602544169589961 -21.87578457175548 0.6083958781763649 -0.4199873766588566 0.6728472485614581 0.02723304919570511
266 -25.33735603950248 -6.049488645673213 -21.048863969911626 0.6620312441042883 -0.28390457734310476 0.693248730743195 -0.022782012999496736
267 -25.42144844815803 -6.419513223305454 -20.14901794913411 0.5418850076915849 -0.32678074165335935 0.7600446140928014 -0.14801070877505768
268 -25.36802828216051 -6.456729123214438 -20.213921817933166 -0.4892811429242004 0.7700632159035803 -0.30613952216770507 -0.27181832104910175
269 -25.744691296273945 -6.94307533691185 -19.517806762061305 -0.5457427277889936 0.6847731488391282 -0.3380099797382246 -0.34496356806442363
270 -25.963366495051822 -7.46088534868834 -18.716845860574477 -0.6023985860152298 0.6318573388809328 -0.3214455030914765 -0.3668038105192266
271 -25.994155088761936 -7.490275634368851 -18.711505801111038 0.7379993373679371 -0.6555054892540214 -0.12559810177878247 -0.09947184743381911
272 -25.92788223231754 -8.451424371627528 -19.05748215238073 0.7544194251902127 -0.6300798433749195 -0.17619414120731827 -0.05297496080715903
273 -26.0006761326268 -7.481104413763273 -18.71957074928177 -0.1629131948128125 0.8210817406414711 -0.5462146446731978 0.030555328268346765
274 -25.980926547569247 -7.490762844869758 -18.70602044759109 -0.5692692261383828 0.59964210493307 -0.4101631714908247 -0.38487409228971453
275 -25.933671645648566 -7.507175208828359 -18.72321060371404 0.7243037698713004 -0.6490824409483266 -0.05870052146803778 -0.22501173876525574
276 -25.797671797017774 -8.530043237401841 -19.0557527001871 0.7236751252791788 -0.6711029612767587 -0.029490920221127273 -0.1582574296588949
277 -25.944993962507567 -7.510689999811652 -18.742979015767634 0.07747549278835555 0.7499169965337926 -0.6433335950688982 0.13320635038414508
278 -26.948701295118596 -7.506247547718641 -19.001913020554245 -0.05023992897541731 0.7101177872230793 -0.6781885718708073 0.18239774886159404
279 -27.948328230632203 -7.835603769058494 -19.224053732785578 -0.201531923096034 0.7586719172052412 -0.5995873156870537 0.15587449080760768
280 -28.005374946774378 -7.86583913539657 -19.170599165252675 0.32328117422812636 0.7820371508755369 -0.31595261372778544 0.42904676076010234
281 -28.409783988093643 -7.603184852511396 -20.05186519133369 0.4417001882861328 0.7984897400419504 -0.24681257327543663 0.3261880322588334
282 -28.595033982387832 -7.56832780632274 -20.13031216902035 0.40592272462512485 0.8337323350516836 0.18998323007539578 -0.3225267545682072
283 -29.043890094309187 -6.956015135032848 -19.515721772157082 0.4452042012514883 0.8241993899169899 0.06080448416361668 -0.34466128235425775
284 -29.51557548231425 -6.27402464401688 -18.935484283243984 0.33365671381944334 0.8745024158193669 0.022720375947472757 -0.35128692911366005
285 -30.019340490767576 -5.72949276591837 -18.33893293286225 0.1855772355971492 0.9056402381754027 0.028378756831240203 -0.3802255840766536
286 -30.70324047037607 -5.445856266650545 -17.588576833202307 0.1621086606901251 0.9116939208848109 0.10772344967268353 -0.36184338482491296
287 -30.718318931387696 -5.4766679540344345 -17.59410954224341 0.7429095066293834 -0.6320752126143596 -0.19055112804985525 0.11070979250781936
288 -30.627365818330073 -6.4285343460234365 -17.768841504042637 0.6994147501857736 -0.6770782565235632 -0.20573835113782257 0.10027847544050611
289 -30.63725245995825 -7.445924501774614 -17.936444356107614 -0.6598524228530886 0.7076372542925324 0.24389436709366807 -0.0660290397644244
290 -30.778604167493306 -8.432941340164021 -18.225587336492918 0.7199726674405921 -0.6472658405625791 -0.244547518904285 0.053691719818360004
291 -30.785960539890258 -9.330277106355673 -18.637352172749107 0.7748209189495077 -0.5880807418177536 -0.22712766724733313 -0.04718694133025147
292 -30.56482594080956 -10.174914334526513 -19.059009908648278 0.7995530618197713 -0.490358557242259 -0.33712432223937583 -0.08130546124682772
293 -30.306235124702663 -11.00486997897734 -19.67502574415197 0.8416717065975877 -0.4572967987263756 -0.2816912322569655 -0.05584286755946699
294 -30.343906145723082 -11.05453564860663 -19.61017004018126 0.6409982811384979 -0.028384802054901865 -0.4571040777489207 0.6159313019283108
295 -30.346022477597494 -11.018851291945813 -19.579848546053633 -0.09935672918079862 0.3033979118085441 -0.2939358469941829 0.9009326641478377
296 -30.341810908404554 -11.055038993786322 -19.644363029874327 0.567352330118393 0.19377208508475435 -0.47941552179729213 0.6408778900937102
297 -29.88405170673412 -11.459676951032055 -20.476246321703286 0.5284140686484226 0.17549558481534866 -0.511612728417495 0.6543945964675625
298 -29.41691975167291 -11.936836725951952 -21.25462406352485 0.5665645449713785 0.04747336977496856 -0.46592986365163347 0.677982490703966
299 -28.797672288810062 -12.646629962603672 -21.772441802403748 0.5418150436764277 0.1562885755764665 -0.4722757777699202 0.6774702423885537
300 -28.84272629502736 -12.618830171032387 -21.72990359128572 0.009589748801014894 -0.4292804299978437 -0.7479076524696727 0.5062217819455187
301 -28.849431368757145 -12.55959068404404 -21.635440639523978 0.4100939710739628 0.7098674001903801 0.5253298951976054 -0.2279028526530782
302 -28.87216714430158 -12.614404052415185 -21.62828939054479 0.4456715362740776 0.119157846881991 0.8606950669079041 0.2153654825684682
303 -29.389516121639534 -12.160995869809403 -20.97636706697553 0.4082024215683338 0.30497914269781856 0.8224526115972343 0.25284423509730225
304 -29.911153283872732 -11.499522839825856 -20.474575399067504 0.3421694201736675 0.2620697402625143 0.882130651311685 0.18996066212028198
305 -29.90809993678246 -11.394042403628019 -20.49550209478252 0.5943161147395434 0.08251012558896308 0.7264656179679753 -0.33500468779793857
306 -29.922178052625988 -11.750211686048887 -19.553702266365423 0.5134972056777809 0.08823377833068839 0.7578915585134509 -0.3926013317051451
307 -30.142244665319822 -12.218964227311792 -18.727272060662642 0.4501655498442535 0.1694416772964639 0.779183600729737 -0.40188731266640265
308 -30.11757206697291 -12.192275217249778 -18.78601342279837 0.5614970128876969 -0.5085144996885544 0.6513902141374989 0.042718813777949324
309 -30.130669307428878 -12.194674781283203 -18.773991072593983 0.1383589967569911 0.6337350735072105 -0.5000813488544867 0.5737205671327135
310 -30.30423178652395 -12.48583169563568 -19.62484234109025 0.10619798275315923 0.6376487966555267 -0.5304175141637103 0.5484371078358058
311 -30.310829200468977 -12.502245222673087 -19.597864081503097 -0.273436743602198 -0.051458918599141694 -0.334182752239511 0.9005033120707875
312 -29.524685562325363 -13.085930721362345 -19.35530556901375 -0.12020105216557021 -0.13484963254353713 -0.37822879254015185 0.907915339750784
313 -28.85734536517396 -13.771355312740855 -19.07959198158513 -0.11593094298968322 -0.20316055459844717 -0.3454451817824761 0.9088198016636995
314 -28.242480791920404 -14.381183118216125 -18.565684477696426 -0.05146557438728188 -0.22935828007957512 -0.30185740924565824 0.9239200065457103
315 -28.26917801852519 -14.4003777104563 -18.57211376504837 -0.11613068750412675 0.2945130269204351 0.8763145058959882 -0.36310966270570555
316 -29.050489201045195 -15.103150690780726 -18.620478937044396 -0.029734075076822394 0.2513423744205707 0.886562349586017 -0.3872339033407016
317 -29.047495842462304 -15.044064360733348 -18.614969736444127 0.6260166947006535 0.57815917368465 0.522600825061174 -0.02689694194011667
318 -28.9968683162042 -15.091717318899649 -18.660100470483513 -0.3624574893279841 -0.7308598105830433 -0.06454842829719436 0.5747190671179548
319 -29.025442188819003 -15.11950905060249 -18.675275499932724 -0.3650862911127393 0.6798997446542729 0.5989113648354726 -0.21390071138616923
320 -29.008788288852482 -15.10551991146445 -18.623643789257283 0.16377548409495044 -0.001829796637821478 -0.7863363714738565 0.5956923312844088
321 -29.268457611604234 -15.963018267188403 -18.854881029060977 0.20339607302992438 -0.06491613893070794 -0.761437765540058 0.6120690006785962
322 -29.252382953603696 -15.925144882646427 -18.893694350104234 -0.23997622192957654 0.48151681592691525 -0.518445848874121 0.6646554526017235
323 -29.30427044133389 -15.857033279319667 -18.910014539830804 0.2981936691545689 -0.08223587519492874 -0.7239314506756619 0.6166368876654144
324 -29.36463561645313 -16.83860218828016 -19.333851677105507 0.33734777488582396 0.10801066312862184 -0.6878543248389379 0.6335507897796872
325 -29.380615180504822 -17.60691900886376 -19.94908797467177 0.254913926143352 0.21886295843480005 -0.6699810757495974 0.6619994364202729
326 -29.455005880722293 -17.667880164531443 -19.88020964155844 0.6530859773835789 0.6309405478597891 -0.2880215322618608 0.30403343264327565
327 -29.454877435595773 -17.046425571282416 -20.682644762571325 0.7068567353879908 0.6146771938775947 -0.3234993576766372 0.13369244012359127
328 -29.42341239293385 -16.28138884873824 -21.367607671155778 0.7199468213819895 0.6489650377749236 -0.2455139112798788 0.015616449526572417
329 -29.421654311545627 -15.376770522774178 -21.753854936246803 0.6592645662250846 0.648530200104307 -0.36157290952639537 0.11850671866748495
330 -29.494370748344146 -14.645192803369937 -22.329163948800016 0.6943402349657717 0.6293624416120301 -0.24894023635563525 0.24458804941987722
331 -29.347116676256856 -13.862965802776182 -22.984281208355196 0.6601767983018947 0.6842815304204916 -0.2787141280442753 0.1350696743823978
332 -29.48360255132871 -12.990903658939946 -23.505278965761274 0.6703719107120284 0.6695502172663534 -0.31116362201225845 0.0740351823330907
333 -29.65144351563548 -12.221687774109087 -23.975017888900382 0.6464140358134601 0.6596520437637033 -0.3652205928542248 0.11671329837225333
334 -29.59047709189256 -12.210187676181404 -24.031091152910236 -0.5640471805199262 -0.09382522975861844 0.7557866332509138 0.31911466498346996
335 -29.646632778923138 -11.549060444696039 -24.80445302060703 -0.5108617868333928 -0.1488869542976008 0.788455333094951 0.3085305451774694
336 -29.910895781259313 -10.923216157038775 -25.56543929536852 -0.587329467362916 -0.16475534101680733 0.7868598810945926 0.09354839334500555
337 -30.193194254070235 -10.615701596875198 -26.52712630252141 -0.6353253982117323 -0.1734288393274682 0.7511145600025785 0.045945552872537765
338 -30.28452841140479 -10.593865178584553 -26.50265638658793 -0.42281204234108816 -0.5849209647364246 0.39557207155675855 0.5679966356127992
339 -30.34076487582919 -9.716558355386303 -26.1567912697639 -0.32462837436390585 -0.6655676397526922 0.2923811933092844 0.6051027790970016
340 -30.437938060527312 -8.974798972233893 -25.523355222536782 -0.16504810671302478 -0.7445508638407725 0.2891699487845233 0.5786051108868275
341 -30.744810549232188 -8.43525071588931 -24.699546058258814 -0.016052765574730544 -0.6929018614177003 0.23574004061528153 0.6812165238835541
342 -30.81561442998761 -8.101064477709789 -23.705340314021715 -0.035456766233661965 -0.5577932790973832 0.2966969166452483 0.7743257810348575
343 -30.586285614989208 -7.6286928278459065 -22.752509095489557 0.004549807368033799 -0.4748859840163201 0.26856909975240206 0.8380532441891441
344 -30.250735799216876 -7.246051023601583 -22.015129311003932 0.013957171550340607 -0.41749811886215765 0.31694575011015647 0.8514962769125793
345 -29.779142317843878 -6.70477324495609 -21.254961199106848 -0.03892957927083586 -0.3201263292556653 0.3677593599870228 0.8722136632253729
346 -29.732122648261893 -6.780190189262474 -21.232919992986652 -0.193748395983318 -0.21532949087904518 0.9114712175244414 0.2920872969442088
347 -30.473903532293107 -6.147840894585799 -21.428188837188262 -0.17217510612756676 -0.19417252337150728 0.9331887586720499 0.24861919613260075
348 -30.4472090002762 -6.084772647420729 -21.459225400502593 0.7812703472437639 -0.11113144286132429 -0.4733108139356451 -0.3914630510491957
349 -29.894208107257842 -5.8091149138092435 -22.239015186307235 0.8033082092108716 -0.24085189291881573 -0.45432128991988147 -0.3004637286219085
350 -29.883499351554587 -5.718767081067676 -22.304538377474724 0.8289406685916523 0.09112552836578747 -0.48820965402195504 0.25730301155377694
351 -29.427674965092024 -5.7599851095195485 -23.14218772922374 0.859039532385423 -0.010852431471188365 -0.45026905555051855 0.2432921785504833
352 -29.433221290630744 -5.702716495118021 -23.15647911121273 -0.330222605760848 0.2341732021458263 0.9089305666307486 -0.09980564656166076
353 -30.174121732486185 -6.055028444344417 -23.692372422371307 -0.385928628251647 0.27194008613955784 0.8270411518797781 -0.30514032271002905
354 -30.090487767938527 -6.040509901390358 -23.651827807931284 0.1199006840719031 0.33954012281100987 -0.7554867720944791 0.5473354256311491
355 -30.373376994048986 -6.66710624030269 -24.172857358553596 -0.2579612932928127 -0.44795164926785946 0.7532971679105733 -0.40661857790663314
356 -30.89698437605552 -7.005881599790832 -24.886556934758488 -0.33489507834496735 -0.3111093726335805 0.79105723051493 -0.4065522141249583
357 -31.39860128535584 -7.437796372298357 -25.683020861558287 -0.2670929022394032 -0.19338369683621995 0.8813517403825913 -0.3383537159480682
358 -31.935143420265582 -7.876082684150337 -26.250310769986527 -0.2556816329328351 -0.2573467110744678 0.8855595689486234 -0.29014448594360853
359 -32.617557349065784 -8.368450245635609 -26.86133154111629 -0.20341800552831985 -0.2978507820064783 0.8732532513961679 -0.32761987975553336
360 -32.6907824742649 -8.402424128259378 -26.855857588710546 0.27747635825236894 0.03913099560459589 -0.4593050964651128 0.8429202003482709
361 -32.61496724789943 -8.469829063371122 -26.83239177479729 -0.38726442070605716 0.34186838292279587 -0.17086225302799946 0.8390222688958562
362 -31.89689440619856 -9.054642622009087 -27.273016623437787 -0.46437886915226184 0.27938317952353486 -0.16910330916246985 0.8232261996040265
363 -31.097196117785813 -9.630560909026356 -27.587750439685554 -0.36916355894277325 0.29011561122754265 0.02119334957758933 0.8826675709486878
364 -31.106757508006947 -9.665359509316653 -27.624896905409106 0.22931514449904292 0.11278114003983704 -0.27729056896523047 0.9261775851949973
365 -31.06644914888881 -9.64957956395343 -27.646071234907218 0.18953441909725177 -0.6169979631222325 -0.4029801735058796 0.6488429680913971
366 -31.08035307711687 -10.407369367242536 -27.009098807227662 0.1195573137247628 -0.5953550403652488 -0.3784389602494375 0.6986002991782465
367 -31.128565274164007 -11.093903653946274 -26.25096440616898 0.0422866617074017 -0.561051454114945 -0.42404288719734207 0.7096624083988743
368 -31.034893286843708 -11.771368588036594 -25.431155744492813 0.09660237393508894 -0.5697978890126218 -0.37299358594889626 0.7258609590464608
369 -30.86812223017446 -12.425542976469899 -24.747463069732873 0.12953577173015626 -0.5219760909915756 -0.25283536026861886 0.8042609805736348
370 -30.49689163810465 -12.97209479741464 -24.02523803225641 0.14394862769231073 -0.37958627610018264 -0.258451832491471 0.8765818283900807
371 -29.871058633624823 -13.524676819926189 -23.37298057940298 0.05674984249752968 -0.3979015802405169 -0.11272989972851448 0.9087055395043017
372 -29.846424740240565 -13.49108119964271 -23.332294012556375 0.10690048858481906 0.40241693745128776 -0.16266188566115564 0.894524457433004
373 -29.182350624326688 -13.621847127673451 -24.08284507218163 -0.00817995973872188 0.4356654369767618 -0.14185617602986214 0.8888225585597525
374 -29.698099317098855 -13.269832428938658 -23.316605345341078 0.047970203543520766 0.40304706581607996 -0.09381102415215871 0.9090937322721814
375 -28.9721663893422 -13.382731009946125 -24.05295679623384 0.05513369535001989 0.28474171000380194 -0.060356830169641634 0.9551122903999482
376 -29.804451790919376 -13.260394830855432 -23.51275930640567 0.2804451487805553 0.20121743622656507 -0.09178226043545201 0.9340439382348237
377 -28.880989873064138 -13.330623018941479 -23.92431941405651 0.3780628389904881 0.1888604268204204 -0.17549887366006686 0.8891571145189745
378 -29.73920809001372 -13.179070460188992 -23.549053567727494 0.41998337935775526 0.2808885221177573 -0.22655950440028783 0.8326982587778347
379 -29.041923958645796 -13.395371954196879 -24.17263583475079 0.30279335754716913 0.12187497293541473 -0.31014689509403964 0.892900653522457
380 -29.889641833116443 -12.881840354232715 -23.765987321161855 0.2678386779758222 0.16764296546384053 -0.3376216002585107 0.8866622433314365
381 -29.1326693864567 -13.333285091462425 -24.243222763147884 0.22690831546509516 0.20035500166025005 -0.3024687474519621 0.9038158808614479
382 -29.79263756619446 -12.95045575013961 -23.77500251567131 0.29141994986608877 0.10847566514688815 -0.39854194549945104 0.8628277699335475
383 -29.232780697278887 -13.62516157375204 -24.193342476640442 0.29641730177160786 0.1799650395871104 -0.45196234160385773 0.8218755438074592
384 -29.794245244484102 -12.989489571906022 -23.603597772379125 0.28389769910576523 0.27204544717833834 -0.4493291072764124 0.8021824757909961
385 -29.73681100056279 -13.016514438925691 -23.594484066751264 -0.14473542613969964 -0.3920390827702745 0.7909631351827842 -0.4469164718184159
386 -29.765720084212614 -13.035521816919516 -23.612251221635095 0.13821717859001129 -0.45711531969194213 0.8707396216911906 0.1172779061146312
387 -29.769616403348245 -12.979687868804593 -23.668005670800838 0.3444833094377154 -0.2334289294188658 0.5415406935954388 0.7304627722268748
388 -29.718849699949164 -12.936051026924877 -23.681993701455216 0.43867277648281067 -0.018548663946926423 -0.05227686275447117 0.8969332594230164
389 -28.772964033227414 -13.020984821047955 -23.695531224362977 0.30389865307296254 0.06227178228277224 -0.051753622805578985 0.9492572866816793
390 -29.72354136368668 -12.943862420873344 -23.600727364401926 0.37824896948320563 -0.04989266404220416 -0.02895399779222546 0.9239048139129444
391 -28.800449028215528 -13.010879549001567 -23.495922548493223 0.39542866344441546 -0.08843820221825284 -0.07621321888437273 0.9110468713421112
392 -29.802727261445874 -12.803327224174005 -23.638127505751665 0.3012954538060466 0.00023236143022597962 -0.1409423499074462 0.9430568644183346
393 -29.6983811188617 -12.832781817211368 -23.55107938380562 0.31422340603970605 -0.25973608140632687 0.6326899042273952 0.6584104374941353
394 -29.588823794019497 -12.159536437325281 -22.785312342482058 0.18226694376816677 -0.31607559789774525 0.7045072273485865 0.6087237010636246
395 -29.81134771452473 -11.446326206999215 -22.12503158345963 0.26462218646776653 -0.229579742627375 0.6443805800102533 0.6797366462901745
396 -29.875466073423894 -11.466136744855232 -22.1559495260569 0.6511883097872361 0.23347012699920078 0.6738039064976394 0.25968015053896343
397 -29.855912285989685 -11.544814910635774 -22.114564632320764 0.9546644151334291 -0.023032882888867266 -0.15620215367616558 0.2523613044242367
398 -28.888317027386215 -11.722589563299083 -22.34155594864715 0.9567699149043053 -0.17141845209179352 -0.01719465466271661 0.23433179056092884
399 -29.860166893164255 -11.386566633316992 -22.4020288094058 0.5090150654781396 -0.059421990286706666 -0.29754777773709185 0.8055048169628595
400 -29.012009965990117 -12.000252261740549 -22.53934330678613 0.4388588817034189 -0.0509075588095809 -0.30019653348572617 0.8453953771397302
401 -29.879076045308437 -11.438851695748935 -22.387303314567927 0.34571726154512566 -0.03148167756304742 -0.3100588663070159 0.8850717363422941
402 -29.057629761526535 -12.08162249477014 -22.504904595479978 0.39296067105901406 -0.0483779306541404 -0.2861418524886269 0.8725619330917715
403 -29.979381907328058 -11.565843493640742 -22.350680748798222 0.41474578689631014 -0.039409896882923845 -0.4529136976668658 0.7882271086084037
404 -30.002314757419704 -11.605894683596418 -22.452298776608096 0.1910082511147199 -0.36235735437767536 0.251308765035477 0.876958893193319
405 -29.37969018601721 -11.32375037680438 -21.716863547935983 0.2652036691744107 -0.35007649635993593 0.20458214206536782 0.8747911794826962
406 -28.79025977362609 -11.143859763700638 -21.083403545773184 0.38832339108976494 -0.3947677431828982 0.13477268675294457 0.8217053582521043
407 -28.813116227277504 -11.143949264262154 -21.106393835385177 0.2618471544042609 0.43215431687233247 0.22157853583016837 0.8340153875069435
408 -28.211665197787056 -10.48618043715871 -21.789328342539765 0.32041223750370157 0.3755522878557457 0.05134345332194099 0.8681361223593705
409 -28.135003463962132 -10.597830929084788 -21.834962153945842 0.06787586161494925 0.5371176587709533 -0.5137897791947389 0.665520511210178
410 -28.265505051056316 -11.187945676176396 -22.5886739929555 -0.05050147358791808 -0.6107036068180628 0.639704754366903 -0.4639704010227768
411 -27.697979451160023 -10.570966440613983 -21.90646387296415 -0.4050012951894354 0.05049830417767227 0.8691172833336825 -0.2793904436102593
412 -27.678438912897715 -10.564773166175726 -21.852144619663946 0.2612560132496207 0.5973242803798096 -0.5910832844362948 0.47494162848676197
413 -27.69663366058444 -10.547856650376865 -21.860401991126267 -0.018666199044036463 0.8478498084334672 -0.09421452870932961 0.5214651454629128
414 -28.133423705807605 -10.77564879618075 -22.67849785118789 0.16994269529252262 0.8631190850949678 -0.05981884659659177 0.47176967987927226
415 -27.6816602874347 -10.96293596594587 -21.91807613585548 -0.4889895276543139 0.16503405604604002 0.8092424652278969 0.2806771003507028
416 -27.729912534557936 -10.961802188310994 -21.892902629290802 -0.1141986245633068 0.7332514035849644 0.45366045561398793 0.4934503463375386
417 -28.25357965563266 -10.67064971387038 -22.715292998485197 -0.08847921018582272 0.8016525412099322 0.3244446500104672 0.49422697378445046
418 -27.785534997907195 -10.853588787501632 -21.942424438842817 -0.3827737155299693 0.35568181366922874 0.8087281435064345 0.27006206698643365
419 -27.782213363917865 -10.894549754432497 -21.979475505120334 -0.4077304387995526 -0.3008719923424826 0.8258633551361224 -0.24734925135018165
420 -27.748091363406356 -10.852768530681983 -21.92644304669449 -0.4853541824734638 0.40439310472772977 0.7568445792467206 0.16758227015121982
421 -28.186085447577305 -10.974545461317557 -22.801883115481342 -0.311423336902305 0.44998275463768056 0.8131230952274558 0.19839823025682268
422 -27.508493773548707 -10.98878607554986 -22.12981819968618 -0.4234610884124196 0.34795142712994925 0.8157390525315074 0.18487917441885668
423 -28.049297430805314 -10.983989030061108 -22.94577909052506 -0.29328509614398557 0.22125908639089173 0.9151582952742423 0.16587213045000276
424 -27.323208352123928 -11.11446971261908 -22.36344494786413 -0.1689791252362499 0.27538649962170675 0.9251132042305471 0.1994339249445406
425 -27.37105446157488 -11.222109906281347 -22.31036009524507 -0.3216314832194224 -0.365011776629137 0.8700618033048498 -0.07944841316242607
426 -28.131008255951144 -11.059164430673421 -22.912350496115298 -0.2568657592405942 -0.3930696993211743 0.8805422956784469 -0.06450936929349718
427 -27.306969762401238 -11.131481346615415 -22.398176961849483 -0.2953757848466118 0.32493298121402614 0.8973652271376455 0.043673247758946675
428 -28.148568283609475 -11.229264996290565 -23.016501799293295 -0.396537916448432 0.2440023006790546 0.8839821744902766 0.04238010459526769
429 -27.44447310657819 -11.05884306373662 -22.343822426030222 -0.48499613433728017 0.2964626607637263 0.8225519756606583 0.01723043201818981
430 -27.929638039065857 -11.306487847110642 -23.16182391229076 -0.452472164984101 0.3434660565711469 0.8211699756292086 -0.054588268182734385
431 -27.275550798558097 -10.804802923642551 -22.45338890933708 -0.3593822770456723 0.3836960374689775 0.8457319702695648 -0.09142846515189706
432 -27.14418133212353 -10.859829673322817 -22.387523271463873 -0.18077231901314722 -0.33866324570602724 0.8593115550449253 -0.33795299385083005
433 -27.196393775424696 -10.829791181465232 -22.459485960855606 0.48654885632596395 0.0938581218085535 -0.33959546403774055 0.7994596826503876
434 -26.38906434505336 -11.263583151246555 -22.90281668835109 0.48095749437252705 0.20723635289069214 -0.2621123059540657 0.8105739458648464
435 -25.66233266753259 -11.536684861556136 -23.496761373346388 0.4572297453017751 0.16717802317597727 -0.23118623648388592 0.8423451742834779
436 -24.8285118405546 -11.725563549272776 -23.910104976596422 0.4176638585564994 0.22452289283571192 -0.23272693862406893 0.8491080872816184
437 -24.014431714374485 -11.902391348365937 -24.38431574962178 0.4273825590121125 0.17377244856935234 -0.2248384023667257 0.8582511154619306
438 -24.02564856611039 -11.942757599269443 -24.436928637407 -0.46706416434836245 0.22316425231249742 -0.08521225284098642 0.8513446157914746
439 -23.096811795394533 -12.325161051957366 -24.66618735405955 -0.4026903628206987 0.13938477407900662 -0.07961338194983208 0.901151522143079
440 -23.055325387885084 -12.389284668193426 -24.61668738354503 0.43272220010048257 -0.10404484522650552 -0.09656287131654362 0.8902818540243842
441 -22.15009276001115 -12.659820602906109 -24.537587183712567 0.326031475677821 -0.2162847886700608 -0.09275042569308772 0.9155991074651834
442 -21.248448481036913 -13.00691004566757 -24.151518032362652 0.4228471270716316 -0.3064517577426562 -0.058126013714816474 0.8508284162117111
443 -20.440259411700957 -13.296519490395497 -23.786015508258927 0.5458173988060273 -0.21399488703144423 0.018779242666107344 0.8098993119702651
444 -20.3927832633141 -13.268307083199607 -23.85636646452587 0.3870094247349477 -0.5319298299999066 0.5571485868195715 0.5068133910302103
445 -20.57991926556267 -13.122592840824263 -22.946175028092753 0.4557531214227936 -0.538386192542517 0.58597530880664 0.3988261995680745
446 -20.87418803773894 -13.168273395841702 -21.940590556323478 0.4396603215211606 -0.4953642778238399 0.6372345583421666 0.39401161352228886
447 -20.905224681462766 -13.214873510743072 -21.900726989318166 0.05310619002590737 -0.6247182639342957 0.7538051150273666 -0.19668419317888736
448 -21.930204201059112 -13.519356810820604 -22.0734821196494 0.11050068835481543 -0.6538223170120985 0.7074491883822243 -0.2445845896768118
449 -22.882461625386906 -14.040446463408959 -22.13330780999512 -0.11036855824436048 0.7126915462054246 -0.6611419284447226 0.20683542194405485
450 -22.923489603896428 -14.041527006816708 -22.10639744629752 -0.17019796651676655 0.9829336909754108 -0.012840653109759024 0.06862309353801588
451 -23.86374375804749 -14.326076941338284 -22.21705302456016 -0.11811934679285008 0.986417780849382 -0.04273796677265754 0.10583594726532851
452 -24.883449287995465 -14.575642521229305 -22.419281930875925 -0.1543312834071515 0.9520034787767326 0.07601737558492175 0.2531651436672924
453 -25.760402211593433 -14.813612424570973 -22.968989302865594 -0.016892699319530774 0.9607735302305812 0.1574947018968012 0.22764946560974744
454 -26.6743142447359 -14.771804347969297 -23.41773821851925 0.11166181425100054 0.9125257926156043 0.2031084404973043 0.33700931507629084
455 -27.390789149711022 -14.456489306926724 -23.987805601366393 0.2198326959547243 0.8623680212929076 0.12460845071978974 0.43871142639535415
456 -27.85083465614791 -13.980151480183642 -24.68966742381735 0.2788001831674229 0.8291028752054715 0.007259332934313602 0.4845680367886226
457 -28.245827177331048 -13.494619328863827 -25.47539572515819 0.4487400318754996 0.7739091004221912 0.019496205809633745 0.4464493095919379
458 -28.44639629026495 -12.806009349992763 -26.070364630944088 0.2572492284688547 0.894501593027862 0.11088573003502131 0.3484165458146266
459 -29.062717957020734 -12.286740742999505 -26.640678650619975 0.20045812071558883 0.9336814599875101 -0.004747385911209105 0.2967034469664541
460 -29.783497824878705 -11.901721252473399 -27.138756052197778 0.2524550698096644 0.9147171218912901 -0.02752938059549422 0.31432651471096107
461 -29.854352452504106 -11.894917445779638 -27.081156099843437 -0.3485496115544326 0.8408102388022605 -0.35156461382882204 0.21898317952283555
462 -29.911456415593545 -11.869482833215887 -27.087596286415494 -0.016173356230714392 0.6961136000910141 -0.6244478222582736 -0.353877373667012
463 -29.84447901679741 -11.869535660694721 -27.09046631240279 0.22721790384400373 0.933526079235811 -0.06368565553968177 -0.26989853804315395
464 -30.566752291994067 -11.432366039782142 -26.6545836082799 0.1616176703419417 0.9226201040861003 -0.21792112774677805 -0.2741573530857211
465 -31.573888361424086 -10.9934560500429 -26.24088586233755 0.05931605925615322 0.9035159144372369 -0.38958713047663857 -0.16841159473130798
466 -32.54290900067491 -10.675075780821762 -25.9340575316219 0.19775966860272404 0.8575603053807936 -0.46022603552917246 -0.11693345257214065
467 -32.65196112821277 -10.706052401997013 -25.852760641189445 0.4609127784630307 -0.7049734457149128 0.1653292233356556 0.5130673439204271
468 -32.79586639340127 -11.183192802251016 -24.96443837388836 0.43320304755970496 -0.7353077761653276 0.05258408951590063 0.5185484619836116
469 -32.82706267957875 -11.786468767445715 -24.16051428960109 0.2761110119385544 -0.7400030279173029 0.0875365917159978 0.6070383619428321
470 -32.89848603727283 -12.011457234428796 -23.22030245209077 0.44799140304565915 -0.6229195086018233 0.09065251874519559 0.6348677889494763
471 -32.745578082646 -12.467430475101438 -22.318333219223266 0.40168299451055733 -0.6330934064855689 0.0040552667815015025 0.6616850197766764
472 -32.54538477774408 -13.017817538976459 -21.453452781566718 0.4972376496779145 -0.5814407001416746 -0.11591418654563562 0.6334392893711339
473 -32.25486920204957 -13.784323364096476 -20.851669243923105 0.5908366795365219 -0.5561093210299388 -0.20194361544415707 0.5485191130300059
474 -32.51746736241206 -12.962779034411787 -21.1494617440988 0.44288528828022244 0.3945587110546448 -0.4152482197649012 0.6897426773354833
475 -32.08637704418292 -13.205444469442314 -22.13952889535839 0.27835879078248077 0.4306982706678316 -0.35127187420038036 0.7833412114995647
476 -32.08817853197209 -13.185734430725073 -22.071281134348126 0.7938636124991569 0.16678556742368944 -0.4011607233930468 0.42547997985300523
477 -31.524974762766153 -13.294204718800252 -22.838125415874803 0.8331636295511172 0.19908871909051373 -0.3692087183718352 0.36039834988847236
478 -30.90033331012385 -13.213329913720626 -23.693533328101672 0.7976025963159186 0.0747303848204915 -0.533426245687323 0.2714809539297635
479 -30.432422185622244 -13.432879381292864 -24.526350061168706 0.799546473894711 0.036016040115820824 -0.460253177265387 0.3841813292626616
480 -29.80796728420406 -13.766766485559828 -25.328023407898062 0.7447883295518729 -0.00010259405928662131 -0.4769218351796002 0.46672893285794054
481 -29.31633558034223 -14.212943374310969 -26.10645181944549 0.7096308727150548 -0.15589663411838448 -0.5368632848114615 0.42883339116919916
482 -29.667225919374154 -13.537612045797442 -25.512374870792105 0.7390931870855705 -0.20098697290201561 -0.41509959552323894 0.4909560299291795
483 -29.125844739465037 -14.273998388779379 -25.944245155547307 0.6585413416925098 -0.3365524914661992 -0.3892528135171057 0.5491247298553804
484 -29.625581870473287 -13.451146626470917 -25.85501845226698 0.5436318965434378 -0.33414062457039934 -0.3452483747477187 0.6881990728025923
485 -29.01180096349086 -14.302488996883067 -25.67190170327264 0.6093532789687445 -0.32358109234504967 -0.25659553804586066 0.6768623109183877
486 -29.739392699382996 -13.588526463750071 -25.862430567804097 0.5624069057853956 -0.4790418113317927 -0.33502698947503246 0.5847857142955456
487 -29.720236939125115 -13.604056140353476 -25.877764244518897 -0.004729496439694289 -0.8481792033580929 0.07902827502985403 0.5237596801969957
488 -30.233738557055645 -13.455094524954086 -24.94675244167694 0.15600360961068158 -0.7719082322640507 0.0775805395823623 0.6113933387186472
489 -30.095389856815586 -13.266007478415059 -25.86244332818147 0.11949198061694984 0.040299387959307646 -0.5838353162421352 0.8020186714826463
490 -29.754058769086242 -14.19651513732492 -26.11880685262451 0.05426760302563261 0.03184910781685836 -0.7058622735791181 0.7055488022318789
491 -29.75661031898349 -13.240295534912805 -26.003539046296353 0.6072472765728948 -0.46639535769977947 -0.567532051561204 0.3027102341540934
492 -29.825196722208368 -14.24017092336152 -26.415229489779488 0.7410693364122861 -0.2462094310473677 -0.5517159019146657 0.29292783798620353
493 -30.06700237128841 -13.599135695767217 -25.775659714778488 0.6803037902525992 -0.3444073207659193 -0.5487883781185118 0.3426392657195623
494 -29.923032658183107 -14.416888450556616 -26.379475776071605 0.747911580587443 -0.3645073706909158 -0.39527719844677434 0.38925387695340496
495 -30.29479841153745 -13.585917948626935 -26.088718932514844 0.7390006249154965 -0.41285695715791715 -0.3746891293931696 0.3782000338648834
496 -29.91869947774533 -14.451267009864477 -26.247282728123565 0.7105847391123681 -0.35058543075788595 -0.39044703547859755 0.4687326495635751
497 -30.316495346394557 -13.54632458090538 -26.032201315292752 0.6416506934330735 -0.34432752746654016 -0.4289671293325862 0.5345186090285361
498 -30.36534144171499 -13.521157062989337 -25.971088136136142 0.8533906919310931 -0.5007418513937127 -0.10341189054414941 -0.10142931569448216
499 -30.31164587054957 -13.440725367929828 -25.930965272070466 -0.4079289341642424 0.29757376080814174 -0.27693287974346736 0.8175279944241138
