# time x y z qx qy qz qw
0 4.009220578819646 3.178230726706845 -8.996184582142995 0.000428906057651755 0.0003709693124818313 -0.7064296911064489 0.7077829963658426
1 3.9942233704778065 2.2172391288548328 -8.949407294871627 0.014605322178198958 -0.012439567001865834 -0.7226939315278562 0.6909018910595688
2 3.98319490215777 2.205027342271916 -8.912500432040318 -0.48661598933528716 0.5421347407230255 -0.4589990230666342 0.5085417373709763
3 3.919335431079793 1.229420792543608 -8.996880863095724 -0.4866826658816959 0.5401059101870449 -0.4075390157490246 0.5525735599480172
4 3.9565658609266903 0.2511285706717662 -9.160290607464923 -0.46928026253762206 0.4521387048509184 -0.4372401293640998 0.6198126297858255
5 4.125440073792118 -0.778890224765817 -9.372799213449756 -0.4931143204628645 0.43500262879357204 -0.4945705512246776 0.5683405227136689
6 4.295665382701299 -1.7937667483852069 -9.38110222654319 -0.4899880354558829 0.5227317384412175 -0.42857054947362594 0.5504457637771238
7 4.313098338406902 -1.814701035363621 -9.374761783578986 0.01653960451328173 -0.7004346266073898 0.713451925652341 -0.010204171444969474
8 4.3228576587107606 -1.7919887749576262 -9.420265677221456 0.5084490520325952 0.574419469538743 -0.48476946944902916 0.4201433041143129
9 4.177810855800477 -1.5895255496573681 -10.34933885617013 -0.5145096745476923 -0.48973369207447087 0.5263662104116352 -0.4673107297942442
10 4.179837608795143 -1.5365292063154437 -11.323168368969885 0.522505075054287 0.46037234676554517 -0.4860706366095762 0.5279972396727665
11 4.189192969766072 -1.548556357471619 -11.342955403860014 0.7526999646829776 -0.037003329573113745 -0.6512432455494696 -0.08919502168250153
12 4.3511968285544125 -1.5146222129253522 -12.282433626965487 -0.6914422384554908 -0.033223734060623455 0.712627852189507 0.11386552884213817
13 4.3770910940156655 -1.5318738101866602 -12.321847826518892 0.9979214581391124 0.02767844363781813 0.055551797538054 -0.017339692430579087
14 5.3388551781929525 -1.4881355815230046 -12.16083101562206 0.9956427668828486 -0.027048401443101226 -0.037698452852605584 0.08088690490900366
15 6.371322031583957 -1.560616328570547 -12.20969634402969 0.9967290230542089 -0.07606872746284472 0.01310202491712981 0.023940347672014292
16 6.426757110823335 -1.544461049681721 -12.159872609117643 0.783292372447285 0.6194545119369702 0.003695967844838866 -0.05211052416281823
17 6.66347639010192 -0.5457622255674632 -12.03684523714259 0.7081206339375846 0.7056279890544841 0.0222755165399429 -0.012574188547872006
18 6.616227333822775 -0.5692992294350232 -12.009480526543324 0.0010812740107147961 0.9984044217891959 0.004721967927972408 -0.05625961621964711
19 5.636751595299814 -0.5285460280372767 -11.88313034635481 -0.01825179756866863 0.9917234351324131 -0.03568313461247871 -0.12197628457575564
20 5.628309027823174 -0.5205869068740275 -11.862532313349526 -0.04397204721332719 0.7198325349645496 0.6899459509862645 -0.06230702519009962
21 4.631219013841768 -0.6648680509989717 -11.783978766547062 -0.07796348563623581 0.6761605288290579 0.7326020004664251 -0.004789892864116961
22 3.6973165736041085 -0.7459008902500499 -11.91540703287584 -0.0930303636829956 0.6592758994077581 0.7349620488113484 0.128574595858306
23 2.6874108393319593 -0.6816699418837152 -12.184994182038619 -0.04830958994866229 0.6256894209741385 0.7749231336695243 0.07531977764069575
24 1.755438874101444 -0.6428765468095006 -12.38658047264737 0.019676244867433072 0.657615321654745 0.7449690223837936 0.11034532070449304
25 1.7335231448460338 -0.6770536021449695 -12.401054947907474 0.4827433786754605 0.5093666647621877 0.508101538621042 -0.4993368178143638
26 1.6950685674010626 -0.6840066338338401 -11.405056566579177 0.44001349563690956 0.5194403652839371 0.5627423115972852 -0.4689252832906554
27 1.5454482061939951 -0.8063749121207477 -10.382188341575743 -0.36731253129050445 -0.5355219501844908 -0.5541489617387885 0.520784670887486
28 1.4081018648082972 -0.9329217131110186 -9.431767036592827 0.5069677397210737 0.5046348942194749 0.5009571843023345 -0.4872055355946621
29 1.4440636425576117 -0.8747859705487385 -8.37517660038099 0.48786135348135906 0.5351269805742913 0.5486206913270821 -0.41790639082044867
30 1.2495534112696123 -0.7997100610753342 -7.34125442523994 -0.491684082372076 -0.5492252226548998 -0.4501054529561667 0.5039875982211602
31 1.29629717642142 -0.7629168737524996 -6.35796263944721 -0.4329508725459789 -0.540038552365559 -0.5051661567419146 0.5154794447921164
32 1.1877560673270589 -0.770148471270392 -5.3727873536364115 -0.42953428720347014 -0.4691952412466734 -0.5781407203224936 0.510988678165252
33 1.0257506452774363 -1.0182116620019421 -4.360907082210368 -0.4900656126911925 -0.48781403540032214 -0.5201186269185667 0.501347959062771
34 1.0365967770190605 -0.9726124486118959 -4.344018373320306 0.6970147579293215 0.005981951124989638 0.716950920668493 0.010771297139476839
35 1.0040666279113977 -0.9021668288334446 -3.333725308634495 0.646815743460994 0.0998605828105023 0.7559620388688032 0.01336614383693592
36 0.9563871315849104 -0.8855642752677979 -3.3494535734734487 -0.47415968491721205 0.509240983247784 -0.4957480526450597 0.5196922959585522
37 0.9761145738736223 -1.8595975974045078 -3.4148594987337524 -0.5017887410772435 0.5021157994960402 -0.4988571202599213 0.49722163749232123
38 0.9741716242520138 -1.8469715956508272 -3.3685611158269557 0.05352492080738684 -0.6814433600056149 0.7295465322823231 -0.023062679628744028
39 0.9723641576744333 -1.7942420196212372 -3.3336215101577116 -0.03862295611754976 0.990197626763946 0.03090319143145702 -0.13062128452569366
40 0.964924021129295 -1.7490755325599165 -3.274321850887687 0.7472527912611786 -0.6591730886981194 -0.0827511336392202 0.01601108896925809
41 1.0781390195713285 -2.7548956657496757 -3.397248918064753 0.7462362479319979 -0.6656446811972996 -0.005121745278435932 0.004731637287545438
42 1.1540255171851628 -3.7786657342600782 -3.4100972597633423 0.7528633131912686 -0.6563542348366583 -0.03851128376680289 0.030213094599570077
43 1.1965425644685193 -3.7555072277838657 -3.4514276608005767 0.5368198363804398 -0.47501239717630717 0.48823157860352606 0.4978128277290618
44 1.2538909596381078 -3.8110645759645445 -2.411439709322679 0.48705693322393395 -0.4702501223947071 0.5384191712531302 0.5017421272061472
45 1.2408071003032481 -3.7926697864351206 -2.408301226263401 -0.0549950495499194 -0.020380863076968646 0.7468742085786808 0.6623738230827118
46 1.1710000676402341 -2.8564502269883607 -2.4656100222605124 -0.01699621380276585 -0.10209752272882568 0.717210286438921 0.6891274407504095
47 1.0779486183624 -1.8804236322137908 -2.3776934804213066 0.01632077548857791 -0.08909762145178243 0.6562484404509004 0.7490882661908733
48 1.1246541312135891 -1.8539804640390911 -2.3403240846730227 0.5116183841024898 0.5055627991816368 0.4777993800987228 0.504341786400121
49 1.1726409745328945 -0.8329688545614973 -2.387889080795115 0.5178596930378941 0.5210718674884115 0.4873938865214398 0.47196678550546606
50 1.1068538149293796 0.19117258136850174 -2.329699494028913 0.4953657865303789 0.49531537039673534 0.5046404048308861 0.5045923931214249
51 1.1015678171683703 1.2217680209849573 -2.286935572182135 0.45737972247683567 0.540629482110924 0.445795585526343 0.5475306826696695
52 1.1148352497290825 2.1981426145501204 -2.4494070617183636 0.4893277326363478 0.4847272737459522 0.49472519648082103 0.529947940959114
53 1.1221996437479569 2.2040882240742308 -2.4047724023456456 0.7028951485121654 0.008867598139922042 0.7111554543830984 -0.010848760411182594
54 1.159931369207453 2.1806808235764543 -2.3593669057267945 0.9967894183483722 0.037476699680519324 -0.04813623425731341 0.051858031213065404
55 2.1850242676719835 2.276018329918906 -2.481082719599282 0.9932104544478507 0.11398337760311912 0.01939901063371547 -0.012824242360159997
56 2.2177171085034812 2.3057818971984925 -2.5182986652619155 0.657433553560502 -0.025692680310579925 0.08154932072232557 0.74864592239656
57 3.147439167612273 2.3379696629369815 -2.428830685268302 0.71095825202878 -0.017112280994824095 0.010680500628880606 0.7029448489160816
58 3.18533235069433 2.323098617314582 -2.4211286252310305 0.45594107709028886 0.5068607439073748 -0.4910193902349864 0.5423189826298468
59 3.1895396116946517 2.3146878742896857 -2.4502169523597526 -0.02745767180817963 -0.6411168142044676 0.7669365397743041 -0.004863204931519836
60 2.1433909172828 2.3052770922998964 -2.4457387832197255 0.08370879413262226 -0.6713005589221178 0.736386906756676 0.009095104894864706
61 2.1594454240521737 2.2546061953960264 -2.39964052651694 -0.4521726705790227 -0.48189657550016957 0.5454876827641524 0.515517947752782
62 2.1044414581138264 2.3001593048712845 -2.4405619193980472 -0.74981299075541 0.07321584853729872 -0.02095819348710961 0.6572523659471657
63 3.112052800599845 2.1589371972640774 -2.4618769512726693 -0.7272039512587745 0.052711759816516796 0.08569613759664059 0.6790081410790957
64 3.1062841034539126 2.134501386037187 -2.485467872342782 0.5083937918662579 0.5096155739577743 -0.5032314381466008 -0.478106514107934
65 3.109913223924714 3.107664129865164 -2.500010498663312 -0.5040303617909825 -0.4776937809755952 0.5076456268146187 0.5099587861642229
66 3.1495792958787585 4.1120081791822995 -2.489469117413324 0.5266144773078821 0.49844708190936426 -0.4960588695257582 -0.47765395087930945
67 3.138395377576535 4.071141464128951 -2.491264184279019 -0.710742724735323 -0.026460259066435374 -0.021257299440764824 0.7026327356068982
68 4.091579195597585 4.030190118778876 -2.3744872395028933 -0.7303994128970912 -0.06484514657018023 3.3724793429085175e-06 0.6799351473445857
69 5.064831352582867 4.149425211341308 -2.2856697952849476 -0.7440648399458214 -0.045052456630895986 0.03625181283196775 0.6656001774145767
70 5.067266109877085 4.135892461232987 -2.2798427905492153 0.9942977711850625 0.0469310090908338 -0.014141543890469026 0.09470712401148303
71 5.116769069741002 4.107822125494511 -2.216465463878215 0.680293165444532 0.07822209328782778 0.725680163875248 0.06686413784027007
72 5.03358218369686 4.317240257577867 -1.192606218356108 0.6299428394659814 -0.022065891519561242 0.7759830488841221 0.023139215230561064
73 4.882930059746996 4.282722043346724 -0.2487950019371231 0.7046099064983626 0.010694590305845264 0.7094762219387606 -0.007348190665846817
74 4.9060601748858375 4.271803805059179 -0.21093306257533975 0.48960260578154713 -0.4953210791963433 0.5026327280667887 0.5121588206716986
75 4.947762778237409 4.306184800811896 0.7856251786735922 0.4923458815394132 -0.47096758378560266 0.5108231838354756 0.5242563712636374
76 4.896819987520025 4.260799315497352 0.7365049830881425 0.7194002530862337 -0.6925232232369436 0.03257845102967666 -0.042585275219078074
77 4.948251437387233 3.2924870041663503 0.6861304741622841 0.7228741710484351 -0.6901339882430969 -0.028750456936774783 0.018477616963271364
78 4.981582149087025 2.2635004752185366 0.652724784937628 0.7194028373823823 -0.6943388770309716 0.018664170191862856 -0.0021748932378259345
79 5.008680206127981 1.2752208456995313 0.7275668049989019 -0.7004687410561663 0.7134223879646322 -0.0016831450969252207 0.019214738525794164
80 4.967905892832672 0.2746494436432003 0.7318591917734767 -0.6993300240343292 0.7130176660968844 -0.050142593158239386 0.005389403423673986
81 4.946187809032177 -0.7209305014583326 0.7797360766954564 0.7258922361577481 -0.6863531759330077 -0.007669809280722652 -0.044056252656975915
82 4.9470852263034155 -1.7616168533891658 0.7478468692784241 -0.6503812112466866 0.7544652212948967 -0.06765337508293401 0.05665272061978722
83 4.9671942694016815 -1.8064607761432285 0.7825496232997443 0.03409968646432721 0.9923568692836836 0.07495064995835342 0.09191003992677388
84 4.99428046884804 -1.7882440118747602 0.8301577249384751 -0.032781471989106824 0.7111122706934354 0.701544137996249 0.032871507518720845
85 3.94254519159879 -1.820561744386626 0.7874218280028841 -0.03302124005775166 0.7067084105650523 0.7066801712437385 0.008715257459567301
86 2.9356438642672624 -1.9047699710675345 0.6888120230708378 -0.013247340676386483 0.6567459128675396 0.7538233594419183 0.01611386534902653
87 1.9290671629357243 -1.9537387843004739 0.6696911599267147 -0.007071716135858171 0.6684835974240312 0.7428299874827604 -0.035822904715855926
88 0.9845375500954368 -1.9720001955420903 0.7363412505288851 0.007356419576321536 0.713170731700082 0.7008526891433478 0.011785527477549679
89 -0.0006662702514696982 -1.9725052424544294 0.6834976164689495 0.07059684867754067 0.7064498734743226 0.7035301847207376 0.031463318510895885
90 -0.9518717734482026 -1.86217422769571 0.7167977687773124 -0.005184859238790698 0.7167916797501219 0.6909697117543918 0.09350755324424716
91 -1.9888615443867532 -1.7817872729804727 0.6203375109368828 -0.03474485234029995 0.7313903491242728 0.679090944243906 0.051927275006933254
92 -2.042614850638166 -1.7371914973230849 0.643962650839342 -0.5048585170565241 0.4872799768647903 0.5072836584607662 0.5003392766521471
93 -2.020144827091252 -1.6707323817738062 -0.4004079946693615 -0.5205539486442348 0.4559655689396396 0.44542739849908575 0.568078708594843
94 -2.0440271650681443 -1.6567280967519833 -0.42470313638750934 -0.6355649207204414 0.7641030858357267 -0.04902546574564156 0.09899600736575927
95 -2.0731098201916063 -1.7076743283306468 -0.37999078745804116 0.11444076900982063 0.9911833175181827 0.026315756265795964 0.061371185700206464
96 -2.0179829669470526 -1.6668286907588263 -0.3660387352265927 -0.6772690947251475 0.7197584110645789 -0.10008289064935347 0.11505571707325
97 -2.0678641831538918 -2.7032312446164295 -0.44763495285119814 -0.6940872624404048 0.7105970354715601 0.015931071442627343 0.11419687499973066
98 -2.047969244031126 -2.7271821195775128 -0.39655156933920055 -0.505383996325425 0.5112775315142467 -0.4953455970850522 0.4876628358561832
99 -2.0427011717490138 -3.729153713428549 -0.4034035015540734 -0.5021943541759795 0.48191140266108506 -0.5076438291891207 0.5077991466172435
100 -1.989494295171106 -4.7612554319147 -0.3558292032424566 -0.49426954367583636 0.49581928558470634 -0.5040981026830447 0.5057133151382435
101 -1.9858723656165158 -4.72010845922151 -0.37183985476848236 -0.7236396007024419 0.08627428173229841 -0.026307999410924914 0.684258990276183
102 -0.9816089285872677 -4.873620161860609 -0.4034769044597495 -0.6841268309367717 0.016028903738463857 0.05147453146787064 0.7273678065789801
103 0.03487395345904487 -4.83969033505867 -0.47727631803941556 -0.7059449031566164 -0.015370772890653726 -0.020295629131703064 0.7078090282598041
104 0.05731145454676741 -4.800783847999849 -0.4344819926213439 0.991671311861795 0.08414329598168248 0.09680051972475226 0.011729209379306178
105 0.09054021383870646 -4.847497355232571 -0.3986797734937224 0.6999225177362877 -0.04097348328175578 0.09728247008676986 0.706375087221564
106 1.0199544689003162 -4.745821088741085 -0.1664022723230337 0.6823899608161997 -0.061218708876768814 0.10068903160576304 0.7214277025281328
107 1.9453296672654106 -4.680446975885773 0.09808422929050757 0.6191624638269347 -0.1004763988083037 0.06242688087178968 0.7763022743847229
108 2.896364063249976 -4.7463418366375 0.3093523014915478 0.593170941822952 -0.12046473874109799 -0.019413058893573473 0.7957761077346479
109 3.852403026868355 -4.86859582301168 0.4783192340111143 0.5697355522367231 -0.03201406030835832 -0.02043998310293165 0.8209498812661106
110 3.85935174373998 -4.843744871051008 0.4104375391590106 0.3168107314749732 0.5010683273317249 0.3683103060364149 0.7161766613305987
111 4.047094995384244 -4.058005104887337 -0.10918222436005531 0.390809888376809 0.5100367829713816 0.41328592261457453 0.6452324056739015
112 4.042931210681561 -4.01174398700617 -0.13526336984126247 -0.17112031122382607 0.035260617910788404 0.7159896750936857 0.6758944540906136
113 4.032047137509573 -4.004054369093801 -0.17120334610556043 -0.2258356062543106 -0.09659241207026863 -0.002309214042813424 0.969362085295634
114 5.021502350991562 -3.997444131197932 0.07171659981665626 -0.14173171433190485 -0.03366065295657224 0.014756433960578068 0.9892225883247124
115 6.081131725845345 -3.9489463386729082 0.14318188792547124 -0.06317857998116874 0.03439487808340398 0.025794991809069266 0.9970757633152864
116 7.139626046530581 -3.855550404670996 0.0492396500885036 -0.04903664896273518 0.056477495356967174 -0.008086410101804765 0.9971661393912122
117 8.11830300411403 -3.9093164451600666 -0.007156842651688675 0.0020751392121959194 0.07638699147668668 0.06688027765119064 0.9948305130984324
118 9.121041463549613 -3.8212612637777297 -0.14604799895998352 0.08001270559652389 0.013899163010365605 0.029715275787365505 0.9962538745699392
119 10.075181533222935 -3.7443568240058753 -0.15963249190297393 0.017797624829097736 -0.07317764321907666 0.08023044431421257 0.9939272372203553
120 11.07979873789226 -3.610099309789873 -0.05969223192269449 -0.07513402668304846 -0.009443120705596695 0.17631938886489343 0.9814159050148112
121 11.056536746382715 -3.611391947312475 -0.07041574610276741 -0.127912819150404 0.7395756149897817 0.012234295713590927 0.660693985456107
122 11.121266413607467 -3.6553216475555144 -0.0870257766453803 0.5586121163262056 -0.5048399770285745 -0.5120371632423666 -0.41340905232717795
123 11.129259148988618 -3.8129281183497126 -1.0242384340787374 -0.5130467127480923 0.49124072665973945 0.48603406386294956 0.5091527352121904
124 11.19654790238999 -3.8304048384668756 -2.071005983624944 -0.419021856894043 0.498193610489951 0.5378010107907245 0.5357181000344577
125 11.076400806213913 -3.7199715590045925 -3.106606057341541 -0.49908068162357094 0.4905060639493438 0.5206608833587493 0.4891160588236301
126 11.055481953594471 -3.648838056443563 -4.152505700537262 -0.4969636758251243 0.5056287851697465 0.48887899845281585 0.5082951518457743
127 11.026140102433084 -3.7023483836395226 -5.1658335494548755 -0.5218998053347953 0.444170373137242 0.521792028578663 0.5080023146899948
128 11.050124753487388 -3.6448386521435467 -6.111677154023317 -0.4874358714407486 0.38233179844219867 0.5562859840149232 0.5538723418995586
129 11.117672958064707 -3.680887230618999 -6.151127010006371 -0.6732038061178081 -0.034302524649480005 -0.0594811805035838 0.7362621553475831
130 12.118977504731006 -3.7094114633533195 -6.050390890394137 -0.6926680335682242 0.023883740987421395 0.00018290224401658087 0.7208609635262155
131 12.131645470409675 -3.7130120597821326 -6.025903653374153 0.5089825184948178 -0.49402532791012943 0.5098288208704692 -0.4867754560983815
132 12.08339306512434 -3.7166048287553877 -6.012240143633848 0.0026630105489250425 0.6828118495826512 0.017378503818653954 0.7303826901353565
133 12.130112386004289 -3.657628683651037 -7.027880225692546 -0.05283673746975147 0.7280731421860783 0.018997926534212044 0.6831960608699698
134 12.087219379383422 -3.6348598105820957 -7.079227981190553 -0.5152316667011232 0.5382892252460245 0.5183850535525986 0.4195926308524564
135 11.939177062411014 -3.7670131181090833 -8.01076586393715 -0.47440477238447004 0.5610903450104751 0.49689579058229305 0.4617491851389269
136 11.93101014633356 -3.8228532028692874 -8.030988669521248 -0.7464889245825409 0.07418001211375913 -0.06117312269250132 0.6584143530774921
137 12.881282455332345 -3.9520411734163496 -8.004292021249235 -0.7659586342137714 0.026563616923135212 -0.0910166536676825 0.6358598223543231
138 12.944660072390185 -3.910035090209069 -8.00078120591153 0.6097819803966652 0.4824289143257222 0.46619630646284316 -0.42200625925029706
139 13.047841613092425 -3.683718316747925 -6.990065923399185 0.5720380204151521 0.4911348836593272 0.4623301386057186 -0.46670105226929937
140 13.188248610074425 -3.533513286409903 -6.064985519834289 0.5297803784040286 0.5088167464898555 0.4862907462707898 -0.4732436785007916
141 13.149299562368144 -3.483505859433388 -6.088174498889587 0.023054112172494038 0.6918268811575873 0.7210184480614882 -0.03124855156174811
142 12.107257417515786 -3.4989885740080937 -6.060813898516724 -0.06597389921170545 0.744758313031117 0.6518600882286213 -0.1267317054585102
143 12.16671190407633 -3.536497073748519 -6.043844581150099 0.6247800291258315 -0.4456187282218298 -0.45808851122144356 -0.4485853097799859
144 12.334009222105689 -3.6334348721498295 -6.9718348814135105 -0.5094606631205991 0.5467354018890288 0.48294542681362485 0.45639231782948336
145 12.221323113877245 -3.7429861700026503 -7.970602926496674 -0.5233238582907745 0.48871415810184593 0.48131658852452713 0.50559366355362
146 12.237235594721174 -3.753945564506627 -8.94488151965057 -0.4909748372875964 0.4979279809908929 0.5047471349984515 0.5062032838767504
147 12.183239923074169 -3.6935830141911192 -9.966118929839546 -0.5250077737676917 0.4721422840570352 0.49132560974160966 0.5099486702609702
148 12.217527681214932 -3.6693356149621286 -10.928287762708658 -0.4863366068554505 0.48848025988716953 0.514244766882196 0.5103097689317412
149 12.258319767530725 -3.6705752365342295 -10.919430169085402 0.7126756162421073 -0.6941423512441468 -0.0988874603829726 0.02193473050180197
150 12.258311122294732 -4.66427335869921 -11.005096464863978 0.7091502625033621 -0.705001195928912 0.006468204850043648 -0.006114021281788543
151 12.286639007169873 -4.614599321782579 -11.021186216799888 -0.4920344177035048 0.4634148271590797 0.5112045798071219 0.5308659975441246
152 12.255348704526394 -4.655424299932823 -11.030086870607905 0.061118098138592244 0.7235613059634958 -0.025403475630583847 0.6870795281611937
153 12.158960326679239 -4.625279520398941 -11.976710137273969 -0.03755102967908257 0.6974153570429572 -0.08295074906019649 0.7108592780297919
154 12.175325679452744 -4.7359207932498855 -12.919813308254321 -0.050966624121954004 0.6764490837618756 -0.04644826890794387 0.7332541159917112
155 12.22909916828294 -4.777872772246225 -12.899743516043037 -0.42583463535194493 0.4255616645434075 -0.5939550727244624 0.5336473597710387
156 12.163589165142675 -5.774457979194909 -12.841763703110976 -0.42746719353497964 0.3518120310627956 -0.5519854969066011 0.6235479969140871
157 12.166457084803545 -5.782411089692545 -12.839594571775695 0.07573184865861086 0.7068191886318123 -0.6835849353299264 0.16547796793107272
158 11.258188100598375 -5.918260323110193 -13.215003944198358 0.0039090211488481165 -0.6888421655214908 0.7055445981343234 -0.16639714720149734
159 10.30905972730115 -6.104976127101029 -13.392445489585919 -0.020690589067936267 -0.6768149419773899 0.7288659914132629 -0.10123142003017652
160 9.304795169171632 -6.2119697084619165 -13.513543993423255 -0.04576395111263401 0.7153972718491912 -0.689245593171739 0.10513285168125436
161 8.333061268839428 -6.4344524312455675 -13.551087003893572 0.024432213368224445 -0.6760847121381925 0.7360724078099371 -0.022581838362457963
162 7.39560370634415 -6.531300097708311 -13.509677180764964 0.04978921431134353 -0.6761154478108432 0.733233527305513 -0.05251218720370998
163 6.35725763665642 -6.685789796535194 -13.515913008764329 0.02972153882490114 -0.6390265736854668 0.767044086333736 0.049041185488706486
164 5.354839449162219 -6.631150351209538 -13.460260395921567 -0.04265517804218879 -0.598848370977471 0.7942884023969217 0.09309725120305032
165 4.42305286019289 -6.450600523147342 -13.360200823914075 -0.04475964550761314 -0.586840384372876 0.8055439727142272 0.06865744990099262
166 3.4820136853606325 -6.337724057076426 -13.385557194161121 0.004942366686729404 -0.5542221814226496 0.8323157769256583 -0.00798712158988452
167 3.494699411234515 -6.361786746691486 -13.369649451355922 0.5205614734452525 0.5515510132638978 -0.5416431783527381 -0.36253261849938295
168 3.3317219153175457 -5.356909849337014 -13.578776608361453 0.5857274908541693 0.5614144714940814 -0.4503813195611328 -0.37268453770591686
169 3.340964369194281 -4.408722330722034 -13.652509714719763 0.557935151044248 0.5868798290923859 -0.4370280086506675 -0.39151877744056796
170 3.323810761378092 -4.365078460054218 -13.66611248149225 -0.7010827828928454 -0.14944242290314355 -0.04732629557081877 0.6956364823063872
171 4.259296895892719 -4.2520680792928225 -13.395864313699583 -0.7023903461729746 -0.16903620617997647 -0.02618246924742375 0.6909334562079038
172 5.223929306490753 -4.002230189977415 -13.140778379030165 -0.6138650812393512 -0.14906414357952003 -0.06480119517824467 0.7724961800794747
173 6.169923730018137 -3.942443566878808 -12.83981541825983 -0.6627466749386496 -0.07256716065769209 -0.09511046680318652 0.7392258458389592
174 6.172175624386304 -3.916217830444924 -12.80522492851637 -0.44496808154353296 -0.5626561022736188 -0.4642714602672073 0.5194935304342886
175 6.05946015537364 -3.896951039271643 -11.794675427049993 -0.5253592418508005 -0.508237719283783 -0.4572731911883182 0.5065504084685173
176 6.079082803250397 -3.7843778977760247 -10.770972856641395 -0.5174560014271348 -0.43563904062799513 -0.4530534937492067 0.5806896285188815
177 6.263396959218 -3.8281556794783866 -9.823720930540775 -0.46999230827954014 -0.5519544911337712 -0.4545224801746132 0.5175546202008513
178 6.232253668237431 -3.8067506540037366 -8.781404696222685 -0.4712199881055936 -0.49739408183271056 -0.4482400909273562 0.5741355859489936
179 6.2722849323062295 -3.7831763784258685 -8.838285317361452 -0.770282286692709 0.05547268808374217 0.0724310122353605 0.6311431914793794
180 7.307348942991996 -3.756616300010233 -9.004773791522911 -0.7330881715625192 0.012590357727217838 0.039394681466419404 0.6788750066688147
181 8.259990432992101 -3.6872690562026387 -9.05806322328214 -0.7044909160333153 -0.040920379255302654 -0.021835764951843504 0.7081957858933577
182 8.204854565270987 -3.6879999805373003 -9.038766178952056 0.9968194773112156 -0.019034305544422498 0.03216402365963827 0.07038537097620402
183 9.163027654854512 -3.6938221516478413 -9.020751535887792 0.9970621008864352 -0.0694346800876231 0.011722183249334245 0.03014270387550691
184 10.12193211798247 -3.7723318675378508 -9.014278200301021 0.999826176347523 -0.012456684348679484 0.012344572013894635 -0.006329269082814541
185 11.086514526360489 -3.846367833587695 -8.955330952841377 0.990730914534911 0.04421509900748011 0.013347724308721245 -0.1277463042923578
186 12.027552019510894 -3.770452557197777 -8.882186317716751 0.9964307306498833 0.0027082873879907625 -0.040542008470976755 -0.07399195730012023
187 13.071350898526568 -3.7465953251658295 -8.94327091303437 0.9940352444328516 -0.06342606093732588 -0.07425732102845067 -0.04854809875755329
188 14.029048747757576 -3.832666034784118 -9.09714553656125 0.9996393246941785 -0.01285966212841492 0.02304620852837061 0.004972110957736873
189 15.000297633486065 -3.8083787987941076 -9.031501582936812 0.9965805497851309 0.0020121211892905624 0.010323776681494434 0.08195473624700593
190 15.006543817648154 -3.818468695149749 -8.997334292806642 0.704256412492663 -0.7028552423680525 0.02059113705216742 0.09794599947731039
191 14.966284732498814 -4.857121405906894 -8.859140500291076 0.7664865625353082 -0.6410704260285065 0.01182738669824356 0.03724474792942782
192 15.191455431640536 -5.82226967654738 -8.842584845055125 0.7319412777342647 -0.6759578320737306 0.008669335100020638 -0.08525149755773405
193 15.219807096170175 -6.821626037901859 -8.902104194435875 -0.6999628254122009 0.7137094970071545 -0.023943934963320562 0.009873444243785343
194 15.23370655570742 -7.810940973737245 -8.93135208544389 -0.6863608827325728 0.719973691692171 -0.10145575882994273 0.015917001160732944
195 15.135963071685724 -8.810153354641768 -8.76919885944442 0.7206004073779465 -0.6933280347826821 0.005421785387903424 0.001375977590310718
196 15.179906276442809 -9.753393424348662 -8.775417015939587 -0.6984560667047287 0.7125033302652792 0.0005159179206006943 0.0670660948091107
197 15.180831177565116 -10.715850158320606 -8.81632368240341 0.712523963196518 -0.6973324751676369 0.007755156550985413 -0.07731027418250694
198 15.154136039464841 -11.721627377193737 -8.9026304303198 0.7395438501528963 -0.6724619452994625 0.02709384674188886 0.01165114989267356
199 15.294665662083744 -12.777541156259797 -8.800371657241412 0.7236330917204784 -0.6894915708371929 -0.030696834346266914 0.003771826167726348
200 15.29850715862102 -12.801179339383616 -8.831407923571685 -0.0004909251466387638 0.9999301583262684 -0.00010197964890069008 0.011807923706380414
201 15.271039847461452 -12.796216442064527 -8.879794787759016 -0.003139683024341818 -0.7102926725444472 0.011679643742972612 0.7038025629693389
202 15.249408141881043 -12.795597653966848 -7.8970783796829656 0.053676273740595526 -0.718493847395474 -0.0291301733524228 0.6928469397295705
203 15.265031202761 -12.95696269749854 -6.9044088104840515 0.0025110738385794055 -0.7308780438474354 0.009273783041334912 0.6824404563608658
204 15.150823832143749 -12.923136396810486 -5.897617380711062 -0.050153355845962796 -0.746485991172534 0.04353897661770957 0.6620782909865193
205 15.081390651544588 -12.816711422565191 -4.915748851988587 0.004017408301679115 -0.7379083355252538 -0.0051705857836453276 0.6748691827573267
206 15.096457263228624 -12.821129883813562 -4.869350167443295 0.46777962506044124 -0.5015850606697152 0.5209749724370607 0.50811389213982
207 15.120278201476335 -12.843617849805327 -4.867026527722192 -0.022866916969219657 -0.6978992329842034 -0.04507388992195448 0.7144103226827607
208 15.144007337686 -12.857816811358017 -3.877080027425462 -0.014014290983990355 -0.7101409010798917 0.0082238187553016 0.7038720544720707
209 15.08819637843688 -12.861611071117174 -2.91176691966313 0.027139323479554615 -0.7295145174373423 0.06878164698700938 0.6799566978911153
210 15.050112522852228 -12.797913082118098 -1.9144502073945486 0.05734458650433734 -0.7287456270233885 -0.04241498976914018 0.6810597463775251
211 15.013215325912158 -12.780880185082253 -1.866845110555172 -0.0012739303181358878 0.0020077341124340726 0.0079837762351947 0.9999653021091806
212 15.01115659011023 -12.789306964048594 -1.8230286121739647 -0.01607961634242263 0.04547377116064593 -0.716209829596165 0.6962162466249557
213 14.92968992722957 -13.797495058603365 -1.884515458147845 -0.039738449045183345 0.018207623099690675 -0.7598758323872947 0.6485969915766331
214 14.815891464798067 -14.825404850462407 -1.8843866545936152 0.03051409189998226 -0.022835887107462028 -0.7226973091620444 0.6901130427585587
215 14.817607857959487 -15.788496965289916 -1.9037146800164388 0.02664284969185217 -0.03856329130802199 -0.7176600081794647 0.6948144671663361
216 14.794435308124465 -16.824319930178994 -1.9050675189024278 0.0371804874881051 -0.10574812886055929 -0.6759089824755246 0.7284105930047539
217 14.910067171901831 -17.814182140791125 -1.8308465205227138 0.0384824765818139 -0.006849046880170878 -0.6775941523611525 0.7343965919303642
218 14.906075010316405 -17.823088125746384 -1.783679319956281 -0.44342513583288373 0.4829930360621504 -0.5214339902108027 0.546075516645729
219 14.952709713326417 -17.869395946948046 -1.7383699155505619 -0.01534709750255447 0.7747212278141764 -0.6278352950099874 0.07344608983509644
220 14.955832278787808 -17.924301816817685 -1.7099918021677374 -0.07728446451917259 -0.08527886494426568 0.9933543943994191 0.0012937794115241024
221 13.962511888129047 -17.94288856383062 -1.8582400605649387 -0.06910479729776951 -0.019948295761846122 0.9973916824066767 0.00603525911716763
222 12.948249359830733 -17.89499762816624 -1.9905175697928648 0.012406947966184304 0.025118484987827032 0.9995565483063379 0.010091387020635945
223 11.90419631475005 -17.915889733855725 -2.0189782335474975 -0.03142158458752261 -0.003992840497532104 0.9994490038877939 0.009921183118277945
224 11.919590795209011 -17.964077885776984 -2.0230499405656786 0.1112923631456022 0.6485718979210908 0.7524854574512815 0.027095007968957238
225 11.899838922051764 -17.97865229420448 -1.973710307978592 0.14588636696045285 0.9891232974116182 0.018450158412676897 0.003444140995230779
226 11.914875336513635 -18.031702792231094 -2.018496076798295 -0.6587890149774007 0.7454182170398098 -0.10077921776326254 -0.013865955333939459
227 11.769055888586452 -19.05289368331848 -1.828463298582701 0.7195722846194972 -0.6941744379585482 0.004501426963769724 -0.017813310969654283
228 11.77339778112709 -18.99887390630129 -1.8019157010299562 0.5210117839852744 -0.47735328582990444 0.521593480740727 -0.4781430772317515
229 11.770140189178713 -18.992291507440875 -1.8518285850468477 0.7432143300860684 -0.6646412016030275 0.05147340640874234 -0.05687724605746545
230 11.927873308753627 -19.942173945207234 -1.828402042111606 -0.6940221700829391 0.7172262463688974 0.016047344079379612 0.0605162928552914
231 11.844688189347146 -20.962725009475932 -1.9164946237960858 0.7187271096852739 -0.6948415696124236 0.025026718485090717 -0.00044531321966092706
232 11.826539171411197 -22.000850660403252 -1.8589903752812327 0.7072807813045094 -0.7069053595668854 -0.00446440347565056 -0.004333372185765492
233 11.850149741911688 -22.98007257984252 -1.9289332384165576 0.7362326020992137 -0.6746917765902007 0.003372489850358906 -0.052356360835998976
234 11.891066195762098 -22.986757648976596 -1.9340370212369304 -0.5344121328867988 0.5015397731019117 -0.45166228826449484 0.5087855202145054
235 11.935904468202951 -23.989094538611504 -1.9261445958277965 0.6144486111370336 -0.4647758641918135 0.45527286444437975 -0.4462767294371658
236 12.042965763242048 -24.964139421927626 -1.84389079374731 0.5406684950463184 -0.48875468034765 0.5272295684201396 -0.4368356934662376
237 12.094089673268073 -24.93376108806153 -1.8097577726123648 0.0036497408102327674 -0.03736737513109877 -0.7395147471755404 0.672092476804886
238 12.11781245804349 -24.90376532549082 -1.7766162503839589 -0.0002646348129399433 0.013811018006988633 -0.014551584043223629 0.9997986983147454
239 12.077093139214616 -24.918003270852267 -1.808549981775447 0.011157623594109543 0.7178417938077621 0.016219630998841456 0.6959278626904144
240 12.07001196783037 -24.864321015774777 -2.864830646558985 -0.023143107090940196 0.7089755038919731 0.013822004447644027 0.7047177333289902
241 12.100652125087198 -24.832731570419288 -3.815814544238951 0.01947562145169685 0.6856682146251972 0.010452972414498978 0.7275785421447413
242 12.205617652697782 -24.750493361835222 -4.764228136729155 -0.11147349384101636 0.6686568277433634 0.028301730177662944 0.7346228412947765
243 12.31953404696039 -24.821034132191876 -5.810500592468607 -0.09640763974480407 0.7138252089152914 0.0008732836184097284 0.6936558047703473
244 12.349053836576276 -24.959293881852695 -6.754909185479276 -0.04944545577592047 0.723930230333198 -0.048474136060497656 0.6863894132677328
245 12.296680713184136 -25.091885377358082 -7.769655698259216 0.0606793776045295 0.7611996747083537 -0.03773596169639211 0.6445688989955011
246 12.30913825736196 -25.102690634736916 -7.802967164126203 -0.5023557177526266 0.6456235273470411 -0.43474765504175655 0.37656801538752716
247 12.170635775565662 -26.040507244080263 -7.830536620555356 -0.6050600948386077 0.6168929729719235 -0.36948879412792585 0.3417943424716804
248 12.119165165069612 -26.987497734082304 -7.742444745553186 -0.5174730764967066 0.6284393699869557 -0.4500597613192548 0.3670582850075551
249 12.073861017080107 -27.02201508226665 -7.783192699726712 0.7604452415167644 0.00990425970938989 0.6468292091305425 0.0568938881574812
250 12.022208204782018 -27.004973589426662 -7.8326072940938625 0.4946163247437444 0.4959563149383715 0.5019422412803044 0.507381524484528
251 12.04642644360939 -26.99817986905446 -7.831197400799706 0.6973830709157733 0.013340053406267817 0.06725899415559641 0.7134109075984058
252 12.040092213003424 -26.993089558702266 -7.782048027204445 -0.4800551489410058 0.520624622618963 0.507956184034441 -0.4903851255893282
253 12.01882225577212 -27.973995751589975 -7.7073186429530365 -0.5135475970427186 0.5249032285382319 0.4843772535712842 -0.4755251228531789
254 12.055787015082972 -28.93481249663583 -7.65537979260216 -0.5146831441666532 0.5766957083845069 0.478128531893698 -0.41703288603034183
255 11.983261924679498 -29.930125841110467 -7.606995263389833 0.5505748439921332 -0.511933711147128 -0.48037837567427494 0.4516944019342192
256 11.988981703934995 -30.873069848839577 -7.6348987130568515 0.5324577554777961 -0.5015441297598032 -0.5009800805859849 0.46255938363748295
257 11.979278440622043 -30.035104670202124 -7.527203553116577 0.7415672808466831 0.032828904035515236 -0.040515738023584144 0.668848791588867
258 11.971124637729346 -29.974577880948612 -7.562144004596913 0.9967225038602262 0.017369884779454538 -0.003016659318992539 -0.07895211946428388
259 11.922824623539164 -30.016418031341985 -7.553576423310646 -0.6933006748517467 0.716983222300709 0.05928886090006177 -0.04188154919028286
260 11.92644457114466 -31.06330441527794 -7.614112275343723 -0.6423865042675069 0.7482261545049325 0.14592200404640596 -0.07876528159547042
261 12.097191598633193 -30.121468831642986 -7.583818011997899 0.7513382861675079 0.07269447057364418 -0.05259794733949534 0.6537887652924006
262 13.127308636248113 -30.07438396656686 -7.75480669801528 0.7089027326273709 0.04689189367232544 -0.06252347563960538 0.7009628242462035
263 14.131639125703519 -30.043906589544367 -7.8799017527171875 0.7154518048056213 0.04319066819825813 0.012200161747617044 0.6972190740608705
264 14.095021104058826 -30.071667980621278 -7.853407745199412 0.5478621206768073 0.45665630052874195 -0.45333733231931955 0.5346002086050081
265 14.08859589919012 -30.047503616862635 -7.896500400820616 0.7493210711988134 -0.02573294909557007 -0.6605959610387693 -0.038323933091107015
266 14.170178642010182 -30.021540816706153 -8.918855739940275 -0.6866087446675488 -0.061567327735514744 0.7234742151652236 0.03691823252302581
267 14.168819676733428 -29.92265793891417 -9.952737393906288 -0.6754154305417102 -0.05517379001538795 0.7333787177066649 -0.05408794224613105
268 14.133066283847317 -29.89650118155148 -9.896785563316648 0.48731621221899535 0.5177243712155742 -0.49204281757581225 0.5023726210991446
269 14.069256763402677 -29.898496437627898 -10.938686805873614 0.507410317993948 0.47584393310562145 -0.5134126305170413 0.5025084987793031
270 14.075282043901133 -29.90128948042576 -11.942327722701066 0.49570158147608884 0.5153328803679154 -0.5029760305215095 0.48551732951011894
271 14.025569815814864 -29.890619914426455 -11.894561761127864 -0.0299766810081694 0.01584348777906266 -0.6923554317474767 0.7207595567319902
272 14.117123788307612 -30.90878038794266 -11.917911893039854 0.005615660664474631 -0.08874571997696341 -0.7299926990813015 0.6776454241187416
273 14.246602333070665 -29.96972849497504 -12.055264882982197 0.6995194970609877 -0.012662259988199625 -0.018945264105357677 0.7142501084154712
274 14.194905053899106 -29.923337891566693 -11.99689036505198 0.408206314229783 0.49953546563992735 -0.543022900114794 0.5375481871811663
275 14.17483045624437 -29.91763735093293 -11.963851010729647 0.005788946582996391 -0.035088548932092345 -0.6992975564883612 0.7139455226561104
276 14.18044147443405 -30.975113858022564 -11.888580877288401 0.08844220163124537 -5.177555382057556e-06 -0.7138297883124594 0.6947121780000682
277 14.159949103653366 -29.960241934519452 -11.742753958320051 0.7421327159080767 -0.016766831810402016 0.030727780770229272 0.6693382618817499
278 15.202634676662361 -29.921376108533444 -11.679766857928476 0.7642968161870924 0.006950506292918087 -0.059998160183703714 0.642029818624585
279 16.240844773186954 -30.01289775680118 -11.788408469006448 0.6849215073678568 0.028614054858656642 -0.02303292027888833 0.7276903525490185
280 16.209226261806442 -30.04251029254725 -11.765666125651824 0.4858390364595198 -0.4615692249343005 0.522526376573117 0.5271436872722666
281 16.235440435688247 -29.980359904103498 -10.814494036126586 0.5681805518718751 -0.4111239406780314 0.4934753962839818 0.5144220049126034
282 16.232002756756913 -29.923443382771293 -10.761132139501075 -0.01375854939088447 -0.0008350684287263904 0.7090968606354322 0.7049763451466667
283 16.252541016760453 -28.959481390369184 -10.748054225687845 -0.013105498726458175 0.015530582401290158 0.6848015879883907 0.7284461764619169
284 16.361244254522774 -27.926136290042567 -10.815710571979459 -0.019398508478291946 -0.020700883489984435 0.6989740952133053 0.7145840646923863
285 16.40895407055521 -26.868603756530224 -10.768107354429594 -0.008517185393322264 -0.014338644521488987 0.7076496260396846 0.7063666665352757
286 16.356824458379897 -25.820751176017154 -10.753022025682275 -0.011817254382951918 0.03186160501352366 0.7224573145340047 0.6905799152170043
287 16.37940867177246 -25.776527239021256 -10.731322282316873 0.0015111972137151 0.05885031933155542 -0.03143935923706391 0.9977704760556498
288 17.36021373732404 -25.831387364439685 -10.853358522971202 -0.018672972270690796 -0.033281915785527756 -0.10641208153079555 0.993589504318814
289 18.369849779146612 -26.000739875717414 -10.775127095494046 -0.0035551095509278323 0.008042436929095603 -0.02618111117104185 0.9996185421560426
290 19.37188112515704 -26.077771308250373 -10.790769131087893 -0.014022930172276606 -0.07664544894146384 0.006643115916422328 0.9969376618409327
291 20.348717905935743 -26.00907489983097 -10.637391690466107 -0.010796248640888276 -0.0072317360055243005 -0.011311243586444279 0.9998515883760742
292 21.397312391919968 -26.06433460309051 -10.595405104832226 -0.01120082223848217 -0.11752360514587662 -0.03562295391005739 0.992367748855947
293 22.326766155256514 -26.141937955300655 -10.418344075027978 -0.014013549995631916 -0.06107627761781428 -0.01062566548240331 0.9979781580585457
294 22.37636787043753 -26.106618819715795 -10.391504840217893 -0.7144770389764775 -0.062858133923639 -0.06936417393097517 0.6933686084255007
295 22.368658976296746 -26.130960938097704 -10.398972845691757 0.9998459399916865 0.004943554635617824 0.01611333160340993 0.004900825883841157
296 22.33749061121435 -26.145803947193677 -10.41257407007275 -0.75031133022518 -0.012731337940595193 -0.031228887816574586 0.66022388425117
297 23.32364684376894 -26.18761668237022 -10.313741685262398 -0.7702001052282281 0.029952640553578068 0.06475227902458186 0.6337994790084776
298 24.290108211335212 -26.125155616975015 -10.39976071396788 -0.7805983677448822 0.007762288969409035 0.0892604255318981 0.6185778136805788
299 25.22402389624245 -26.036337588350868 -10.591738841164705 -0.7248688209979363 0.013893870102181202 0.03006346731154844 0.688090357912282
300 25.219317952961998 -26.04130237419916 -10.635454358320679 0.5063670191091718 0.504313661298794 -0.49585332898118606 -0.493345364956612
301 25.22811581730316 -26.074964030519148 -10.596011941107443 0.04591114229685774 0.7538227674491007 -0.6525924650204924 0.06137162933191555
302 25.24317933739565 -26.10571725114143 -10.648869924129079 0.07089084027063028 0.9888742939142904 0.10472700478396448 0.07832224505348133
303 24.30569982719958 -25.954721351524594 -10.794559858003257 0.01685367792185824 0.9885695540606684 0.04577287171954858 0.1426570521893061
304 23.32337845164892 -25.897488913274724 -11.028625112197892 -0.0057903703726316 0.9960519678621692 -0.055931741657675824 0.06869198791698486
305 23.27945083580307 -25.87022465608435 -11.041033596114076 0.704791258198535 0.7055454223381268 0.06617943814384261 0.03309412865760203
306 23.220329452311386 -24.88973752083587 -10.950410729994234 0.7531720212740435 0.6547142648824337 0.06123744414858667 0.018196515149202123
307 23.342024280654787 -23.9217256000156 -10.923586841615748 0.8002854434352729 0.5883290714616037 0.09818106352912434 -0.06142142511393055
308 23.3214478018162 -23.953428270685922 -10.978205173419035 0.5792652359782623 0.4345917898041828 0.4949062399025586 0.4802599049757921
309 23.32335564660906 -23.94596117713632 -10.983116152988828 0.6720632809612354 -0.05693592950388978 0.7377909464884137 0.027454791838192806
310 23.216097217191518 -23.931603986512364 -9.990700630992942 0.6982787077469284 -0.07095393991330189 0.7118706917258562 -0.024748797542712215
311 23.209778925696057 -23.98758425859778 -9.944352554911038 0.994653848850366 0.011651763994188165 0.09283139098831779 -0.043706866853508594
312 24.191346788232913 -24.024764815043206 -9.751234081863805 0.9876005899974164 -0.07276593598827934 0.12187639811510863 -0.06705472972872469
313 25.212235906456065 -24.18110070530069 -9.558435192806623 0.999033525506552 -0.027164738256728146 0.034323941168025174 0.003994868218995122
314 26.223212934854494 -24.19238163756245 -9.542676673749035 0.9961394988053532 -0.05541948097324226 0.06677974118603172 0.01323805935938983
315 26.17110740408377 -24.145207166291726 -9.545400503468743 0.7046690511648019 0.709355878994302 -0.005899488570858664 0.01486476711290268
316 26.110547250209382 -23.09867131748195 -9.540264380143226 0.7086682843464642 0.7051062113678422 -0.00617924506293548 0.024006465428690046
317 26.08668636290682 -23.058652310063966 -9.501802884100027 -0.5096228427629518 -0.45825839302969307 0.554196829698733 -0.47238721119853117
318 26.080418467459516 -23.11371352530572 -9.497277103405535 -0.6984397729319914 0.009131150873336134 0.7156099518901627 -0.0009499611544639748
319 26.11905363009397 -23.080266638324147 -9.555364146326362 -0.5221525546906269 -0.4740893968823357 0.4836964034494969 0.5182988931917739
320 26.09815280747665 -23.135684755139035 -9.583636947018055 0.7231674313566178 0.6873254481703337 0.056958162594098034 0.03699138056934168
321 26.0978296115722 -22.088124633352113 -9.572564640412253 0.7060578674076105 0.7035195734478938 0.05592550495699727 -0.05843659420957219
322 26.136593095981063 -22.034276889350544 -9.628155642945496 0.47690813512927793 0.582952542087865 0.4907982191405815 0.4379977995484043
323 26.160122288659444 -21.986137065229983 -9.663138033248648 0.7097598003942968 0.694361013070109 -0.0967704103442108 -0.06884255191603869
324 26.144506450463222 -21.037964079233017 -9.648191349425513 0.6650171933993407 0.7223692668443604 -0.09587637146505355 -0.16353133093294347
325 26.119508645031438 -20.09504177113962 -9.519402980485285 0.6694474789884267 0.7390717263906447 -0.037908053218625434 -0.06462225334330113
326 26.168660733097543 -20.08350597346958 -9.495580950442397 0.5115822513674024 0.5078174369127058 0.49541046658411725 -0.48474067340401394
327 26.115359464186252 -20.07256299015153 -8.447821848297723 -0.5449655624185957 -0.4668149747036243 -0.4678108033411707 0.5159935730680457
328 26.216917314625853 -20.09574083230547 -7.50140635921834 0.5099116901814459 0.40655242207044207 0.596874569592737 -0.46738201131242024
329 26.196794944413064 -20.196496007894844 -6.503070833368247 0.5218898884451078 0.5152513701656218 0.5329416533995648 -0.4220428461103687
330 26.11017791423408 -20.10583411639808 -5.539013005944553 0.48385037546103576 0.5303359932111822 0.5082980175049453 -0.47567391548356536
331 26.02668805313417 -20.0783532831958 -4.5399220090057595 0.5047336928605911 0.4956163713620883 0.5384614470452016 -0.45789472783072627
332 25.94983629342392 -20.11527592537944 -3.5954926915835657 -0.491876922536296 -0.47895463187446924 -0.5271557100630737 0.5007658245428802
333 25.985407016305327 -20.12899006500611 -2.6315222921667414 0.506913946169144 0.5094212700784145 0.4932965665043258 -0.49008848001760325
334 25.98188351855851 -20.153243630576142 -2.6750307870919783 -0.04550926911693624 -0.6704907797398113 -0.015782699571525012 0.7403525694576716
335 26.09016268523681 -20.108292459441508 -1.6974919772940624 -0.10910449078723167 -0.7181501243137406 -0.0716682026954283 0.6835351327917419
336 26.09822362025124 -20.030706033446094 -0.6501604112498953 -0.017647540595370846 -0.7669254453748268 -0.06409356572949229 0.6382835893077912
337 25.88349603028607 -20.1259085508139 0.2834796277270116 0.012957165973593318 -0.7408018476231738 0.024118852280113904 0.671165415805013
338 25.83405255906714 -20.094367141025508 0.30332591589656943 -0.46317939525555074 0.5236917415905339 0.5228718389908802 -0.48766468766035487
339 25.784337873022075 -21.049272436351085 0.2777135415169867 0.4397510857666186 -0.522417774582411 -0.47151281620769825 0.5580092432203316
340 25.842881218769698 -22.058216816190964 0.4400353718423687 0.4676389152295563 -0.45881413283122835 -0.5489272638954682 0.5191168417894838
341 25.763532694276023 -23.01445617553524 0.36112224513288715 0.5149374330724684 -0.44512871542332527 -0.4713844429448605 0.56079994086651
342 25.978624364999273 -24.050177249376755 0.3485579338842259 0.5369015993271589 -0.5288688831924832 -0.4355614066585339 0.4922607419450732
343 26.051112412246408 -24.998156622305764 0.40480841499750253 0.4958426863301518 -0.5423186378840232 -0.4565913737937821 0.5015524327461891
344 26.062363316182832 -26.0314490137706 0.541232851723937 -0.49406297599079685 0.531602998196279 0.5061119498030523 -0.465994337229968
345 25.96721396012785 -26.989762322636114 0.5299357683042458 0.551804835982416 -0.4799317769582167 -0.47775417162104705 0.48675236409372924
346 26.010415427573207 -26.942080815650492 0.5017120537279907 0.05334348250191514 -0.6889187551851603 0.07241653600001771 0.7192365862096107
347 26.053863814623412 -26.925780017359244 1.4680955589847264 0.09821067995342003 -0.7348604483310525 0.008208239959291442 0.6710196782647604
348 26.01780409543121 -26.896301432112406 1.4932682609832932 -0.038915287944497556 -0.022819307248836622 -0.03229737186862374 0.9984596934034242
349 26.963988447178306 -26.972535118808604 1.5602704370254052 -0.008466236475240066 -0.04092168862299917 0.0018545452611402312 0.9991247664341336
350 26.973863818798836 -27.040009252825225 1.5552062853870965 -0.7092765715004309 -0.006736625518901925 -0.00776487771925846 0.7048553537224629
351 27.963503094654932 -27.016609450393428 1.6013901578424592 -0.7056578004021429 0.013684517820070054 0.0042934208569630735 0.7084076292933232
352 27.95783367709931 -26.989219262046664 1.6056413820400528 -0.4850594138370895 -0.49206608359381465 0.4957724756511457 0.5261159442664727
353 28.02032010377889 -26.04097410262318 1.592858985420858 -0.48619381202375905 -0.4652313365734428 0.5165733234239244 0.5294595188932362
354 27.98361753521578 -26.022895702720806 1.6259171364988918 0.6787851274106066 0.7269290328780466 -0.04153663589991965 -0.09539203238882964
355 27.93283557003275 -24.975666349811153 1.7128928703651494 0.6798572636334066 0.7308709117289734 -0.04218981315160043 -0.042916560202204676
356 27.91021718809176 -24.030449312451804 1.6825346806086263 0.7246445055038686 0.6847049175762688 -0.008444169618173352 0.07744812773326601
357 28.028482763612352 -23.086366344872527 1.5536372945331802 0.6341184735734042 0.764844740878266 0.09427588808120903 0.06339038373676772
358 27.889243590044394 -22.092591566287815 1.5980859917927086 0.6693250438170051 0.7402573170572677 0.06109297088771143 -0.017051075351813126
359 27.744037861436627 -21.100847283324242 1.7193721733009129 0.6974158462038507 0.7138669171521949 0.04801159737667468 -0.0412316453313328
360 27.731338412157573 -21.13948933336677 1.6662802081363353 0.993176030678714 -0.042401536002606086 -0.07574967205909154 -0.07788112102964191
361 27.730212828424065 -21.08699459020021 1.6315095284719134 0.7895649703037533 0.048306469210730736 -0.06859416735054724 0.6079049949680538
362 28.75717639000476 -21.14764505597142 1.4973371973706076 0.707307926401264 0.005650517595998264 -0.007859065196137476 0.706839305638194
363 29.80370842058436 -21.150631131978336 1.5146667383423569 0.7278713906550862 -0.0260394769624939 0.02093044219078576 0.6848993363225345
364 29.811406639633166 -21.10263017268822 1.469760663867167 0.9980466664637934 0.005868975655793992 0.020738058384849576 -0.05863735686136965
365 29.8370527753272 -21.108000102801906 1.4900657245383169 -0.683740344579881 0.0020721924965328453 0.7293327768022704 0.02384424236441919
366 29.726000109498106 -21.07817765541536 0.446643862991167 0.7534664159020309 0.03499399282686054 -0.6524101786190423 0.0736528302786156
367 29.82473473115412 -21.110397712181513 -0.5553439710116046 0.7802206639862269 0.117675955809776 -0.6142937953597875 -0.00715666791278117
368 30.02420084915271 -20.97353771770959 -1.4661324881262416 0.7411661297108891 0.0379061142197746 -0.6692603708414054 -0.036420470828423264
369 30.182923100815575 -20.86064566859048 -2.495156152177479 0.7270794662952941 -0.018147709529901364 -0.685514672796655 -0.03310201974297069
370 30.192917295027193 -20.805852509853988 -3.4435327665337754 0.7081816685874405 0.014349609479948072 -0.7058427520214117 -0.007669576476000614
371 30.15112303227766 -20.82309139884242 -4.49625909799864 0.7341278278462917 -0.044583020221853856 -0.6771218168743328 -0.02397356465746013
372 30.10876722358144 -20.83136231328437 -4.518360304215521 0.988585160184162 -0.06868339531345374 0.12008461756548457 0.05967961876572608
373 31.03665892084746 -20.920213477993286 -4.308391579818578 0.9733582365651466 0.032928939251905875 0.2268905244366503 -0.0031809104661746353
374 30.193117368110244 -20.998760596169234 -4.73160755576255 0.9881985864064842 -0.02842303282896107 0.13283922899721234 -0.0707772863880553
375 31.152092434837748 -21.021722303091824 -4.477034154365643 0.9871939890567775 -0.1028158224046336 0.11593008333774053 -0.03790976669316736
376 30.15988912020581 -20.8009922670024 -4.7161178893316835 0.9886705347273994 -0.07131415596956636 0.1317579805122518 0.009203232666849442
377 31.118338052945866 -20.972122978516662 -4.448121858118598 0.996100062660787 -0.04461142248083614 0.06076922905618734 -0.04584306873813727
378 30.1569946794068 -20.838025710711083 -4.591444641918302 0.994771493984822 -0.09324607136740995 0.02023729556505881 -0.03640462605166955
379 31.106509102566772 -21.063320377750095 -4.560820882513898 0.9985175468009917 -0.045505336116397385 -0.011949044662500137 0.027371398340544213
380 30.072330606860444 -21.026494309672675 -4.533373207712419 0.9979984189424354 -0.012747735469090726 0.030946663283396753 -0.053655894927156854
381 31.109948072526272 -21.054264823557347 -4.513046622795227 0.998991616864619 -0.01331071292071348 0.0424291292229471 -0.006192200670149993
382 30.106318928226777 -21.01994795172577 -4.562217578754196 0.9998951011872349 0.013418369003627476 -0.0036191388256673236 0.004078704354674486
383 31.114927471856394 -20.986369247380768 -4.630727802449373 0.9963054542229153 0.01828532352589695 -0.067217617235144 0.05022828647737376
384 30.1317929305786 -21.009916176424554 -4.468793015452327 0.9912979828116454 -0.022141179735574897 -0.12827482061852002 0.019586930049548215
385 30.143777292100296 -21.050310881604883 -4.472649996691791 0.7108866718519777 0.6892242163967323 -0.13420310104749006 0.039995587066148815
386 30.10956816301217 -21.026897291632576 -4.435723726064043 0.0405192004004703 0.9966927047005852 -0.07025530882908328 0.005102781287521028
387 30.13178867415073 -20.98440957398198 -4.489705266143927 -0.659902402186715 0.7425712754955661 -0.11359494375492597 -0.014591406731564597
388 30.0766723073131 -21.014053807070653 -4.454095872064317 0.9775001258813679 -0.03701218586829673 0.13190743424627288 0.16038712788040466
389 31.085818160729023 -21.091708949950043 -4.159064286964206 0.9816786948382715 -0.004065311148348334 0.17068566275136943 0.08459797797241099
390 30.175572685095904 -21.12445484439941 -4.440356421986369 0.9759185174728866 -0.0021687952609176185 0.21146533283606428 0.05348604106840878
391 31.05650817393803 -21.054727331320816 -4.051331580729494 0.9710117890178891 0.0018507309912863625 0.19016935048291359 0.1448043456529635
392 30.10522902995926 -21.17051395662618 -4.48484460711677 0.9906676371431127 -0.025996080015131717 0.11629801991638566 0.0661559302304521
393 30.113809518394902 -21.132155622840614 -4.517825550831478 0.7217381798006316 -0.6920198994659016 0.010727303029175779 -0.009347915863721473
394 30.113858621276393 -22.15413841217186 -4.515447320528354 -0.6570955782058472 0.745437695205876 -0.10523531478760938 0.03838713573617527
395 29.974577900193637 -23.122808762416692 -4.411464776264511 -0.6904110710582425 0.7232616816570658 -0.012795393174261503 0.007833946663037765
396 29.964124036387027 -23.088109246920563 -4.388308069577573 0.5347531069316896 -0.48510544298255237 0.48236037912332563 -0.4960244837380595
397 30.020738904295058 -23.112929675925358 -4.419151521278647 -0.709768674644617 0.09223459348659055 0.06534827338853695 0.6953062716693444
398 31.002082300476996 -23.15264727422931 -4.608100919119911 -0.7338109562478954 0.004431578651559975 -0.005043831308835612 0.6793205439017228
399 29.974404884370465 -23.09964792775131 -4.583580207499592 0.9962600024491295 0.030183130271303794 0.0452571645124035 -0.06713251989447808
400 31.024257353440937 -23.084580227709907 -4.516760507932905 0.9999532112083714 -0.0010328570398915992 0.009354814252369848 0.0022351847137353784
401 30.060769783331324 -23.07689153632129 -4.551600615194102 0.999484634563547 0.016694890492135375 0.027040475570466457 0.004534157446811597
402 31.091519407740133 -23.005464032539557 -4.481751480858821 0.9959954755049654 -0.027820792483024895 -0.022216028332880357 -0.08200892856492453
403 30.061657394864827 -22.97990767120417 -4.448626839503254 0.9993968452029985 -0.0021402729828223855 0.03219487559085033 -0.012839587826030577
404 30.018155937297415 -23.025777686459783 -4.478238115478623 0.752518710157308 -0.6585248751597094 -0.0009717808929965087 0.007722389589195759
405 30.209285300627847 -24.013413162761175 -4.429018983376392 -0.7069530666211685 0.7071333398560508 -0.008182413616311337 0.010623058239711245
406 30.20398511583693 -24.971638292739797 -4.468474198326508 -0.6445918659058594 0.7544379628145275 -0.12338343554324462 0.010060542023935037
407 30.197407911301273 -24.9306573798528 -4.515060433231124 0.4912110128206538 -0.5199255653164807 0.5202560175814002 0.46660778345885734
408 30.07944607070488 -24.9703595251937 -3.476835827183669 0.5249187413668596 -0.49505495041011344 0.4885169290667528 0.4906445974954371
409 30.078207249048383 -24.9270697865067 -3.5294595848957004 0.7237148770662587 -0.01725163544033299 0.02118054949210606 0.6895582224227446
410 31.077951098574232 -24.904983665989512 -3.501905196231966 0.7225593499953932 0.03164544427559766 -0.0159401988664436 0.6904002184609545
411 30.035663225963813 -24.950443643265842 -3.4551671429353887 0.9983819666845613 0.05277498468111519 -0.0028218612445558445 0.020983009557537916
412 30.046872938943054 -24.9918208542463 -3.4259507717045636 0.706146811903666 -0.0062810663958952255 0.032492932335540084 0.7072916213214009
413 30.003100886712392 -24.99632027850686 -3.4446867397130663 -0.018346819961835178 0.014404128586940512 0.06723241981604372 0.9974646444875218
414 30.98465350774345 -24.885972326162435 -3.5259514888743775 0.06380867923400521 -0.051750357740771344 0.006712530397007586 0.9965968567398672
415 29.99915477197069 -24.914385292298405 -3.579526036039425 0.9923317266443377 -0.007712489711328614 0.06463540803273371 -0.10507390649424535
416 29.97683955584703 -24.951458200112715 -3.5985318337562036 -0.6975168465846159 0.00033711518659690945 -0.05120750923752073 0.7147362633039495
417 31.020664809677235 -25.029453457737876 -3.496219217455277 -0.7018458347553416 -0.021632651860211283 -0.016656805572164417 0.7118054533636309
418 29.998326132926465 -24.98199601662278 -3.5832215229076705 0.9979858771504997 -0.05447083485328513 -0.017012682550922847 -0.02770714332001236
419 30.014063803651222 -24.987334876807807 -3.6150640724650573 0.6870717089661927 0.012437929172112604 0.05811011458108704 0.7241553557349122
420 29.97579690269046 -25.012745412333555 -3.6234744310953517 0.9992603804583077 0.03224984478293118 0.009512104530444234 0.018659030660685177
421 31.031705486018367 -25.001925737514103 -3.5554192973629335 0.9963364921945547 0.02987836657760774 -0.009722096381838376 0.07953840816892588
422 30.068215196419498 -25.038400967646982 -3.5059416419218867 0.9994087654994883 -0.00670564882012293 0.033486809690826035 0.0039733227178335
423 31.02902040227837 -25.013720288858917 -3.3846058775049155 0.9963391930294007 0.06428780893998828 0.030811233554744882 0.047180058733038814
424 30.081145064300216 -25.095156071262856 -3.4807784796137886 0.9996184561263429 -0.021696872420369398 0.011227291043699497 -0.012889369052860342
425 30.03943567672789 -25.087347895314693 -3.4185425194348302 0.7871059574970956 -0.008160080512370606 -0.030312994056935095 0.6160184633190113
426 31.01602068082053 -25.10334139770168 -3.4480551087393656 0.7712453836299904 -0.02424054996990354 0.015859667863742065 0.6358784670845825
427 29.97024454145335 -25.12776948597753 -3.527415203622031 0.9990863724746128 0.010380857077285774 -0.01878551979139568 -0.036956222588716295
428 30.948605523870917 -25.074182617773413 -3.5519416889581277 0.9999663282884491 -0.0036777614144015104 0.005753863825882021 0.00455075942773286
429 30.000140921350063 -25.034164220628845 -3.4974042171087554 0.9999588073726688 0.0009271371585968997 0.0043823888412741485 0.007894215766164874
430 30.980082742772606 -25.082734187626187 -3.4586951226203912 0.9990911634281365 0.03666102469450028 -0.010108538786408093 0.01925185372283745
431 29.940517590436745 -25.121303848987 -3.4921106460423705 0.999881074910099 -0.008539424111412468 0.00907853900780714 0.009082642894754621
432 29.892747053105325 -25.095306433682296 -3.4499424747677088 0.680226574835714 0.07272116549173811 -0.0028490728954382906 0.7293800941624556
433 29.909023712173006 -25.100457768346477 -3.4040515730793994 0.5305259359461255 -0.4122581821523675 0.5733026990086906 0.4689450264650026
434 29.87591660835451 -24.949078023254913 -2.3951440290386143 0.5004389128814739 -0.4851872097936803 0.5004066289017156 0.5135635030625267
435 29.93077892364775 -24.96752304096455 -1.384567956108002 0.48709683586350616 -0.4904491146644326 0.5105497662848701 0.5114051960658003
436 29.915416801117363 -24.966240665802623 -0.44187703841508275 -0.4858771361536353 0.528332858285365 -0.5069710458056365 -0.47725062402672286
437 29.896130558380317 -24.991042817316924 0.5433249350427236 -0.49882436988270357 0.5403651124948116 -0.47730073450294713 -0.48100291272770973
438 29.948690883127707 -24.998769627187947 0.48651903927818185 -0.017691661844178405 -0.7208939890890306 0.03979613574556671 0.6916755953308001
439 29.853420215622894 -24.872294650760622 1.530717785022769 0.06166342905845601 -0.651432175304369 0.06278939349606281 0.7535855854243542
440 29.82739201576652 -24.896272518523197 1.5507066605633926 0.5583399020946648 -0.5021865259395939 0.4989063591332525 0.43261725775799215
441 29.814523502076806 -25.035272872338727 2.521115608955334 0.48277860540910816 -0.5092695485289934 0.5214531452625254 0.48544408781664206
442 29.745504509845905 -25.000109384414174 3.566143066955461 0.4854914078922095 -0.4970541212796993 0.5819067228468766 0.4226344274752286
443 29.56456354673254 -25.03679567043591 4.5608836514019915 0.42030427401528575 -0.5027842568004642 0.63127542869815 0.41478143820578006
444 29.5091831655926 -25.09307339089321 4.59653734414442 0.08686245249506158 0.7253499372025171 -0.6803583608672419 0.05860788125232537
445 28.547339263696035 -25.046981581839066 4.346011108192542 -0.0031429047852217164 0.7240248369192572 -0.6887409577557388 0.0376038665998863
446 27.560079541058286 -25.075761567999752 4.3167757603949015 0.020233274717113406 0.7052156441308125 -0.7050446859439979 0.07192705116653297
447 27.563804089388046 -25.117621490540294 4.338413340833787 0.49626822332458037 0.47743959138078956 -0.47774351186552966 0.5454634946270918
448 27.592645656113362 -25.171300790183096 3.384250522924227 0.6276566722619065 0.4534993686266887 -0.4138053436824525 0.4786967327652767
449 27.873522031576336 -25.039577246209685 2.4236786782821707 0.597429240979689 0.49013540753857 -0.45847469275086233 0.43891518589180156
450 27.86271094981689 -25.06188380518136 2.4257402749421413 -0.000534027995085423 0.7007738607748949 -0.00232209562040225 0.713379505411165
451 27.873030091280302 -25.0975427717788 1.4321806562236865 -0.020179237009500153 0.7131673169310014 -0.006235647253765864 0.7006755976616265
452 27.83114286994465 -25.093015325755545 0.4704572600820539 -0.006938054778207316 0.715598548969667 -0.032276474902550596 0.6977311869740859
453 27.856237444045195 -25.105392860324855 -0.576605931885798 0.000693859000261731 0.7130731216980986 -0.026724968492877987 0.7005797725673155
454 27.82250952201182 -25.153192626864303 -1.6267086411803569 0.01885900867840339 0.6808612371997391 0.010274559077755036 0.7320974982242919
455 27.847929680284697 -25.075049727820375 -2.6572101822394782 -0.0024312736963528164 0.6834812238165334 -0.023656296380440672 0.7295806228512565
456 27.965812023324663 -25.071616241564357 -3.691338810447018 0.03137087871035199 0.7059389653719857 0.02234188274573443 0.707224777149279
457 27.921481148999742 -25.014746436560856 -4.648370662896408 -0.0434079925883399 0.7035590810742163 0.04483862301934424 0.7078911381725187
458 27.887298015482322 -25.045393482899804 -5.686096523349886 -0.04804258134094842 0.6562649392187404 0.061796748469206284 0.7504594604700211
459 27.967219261991275 -25.03472761269494 -6.653092508850284 0.03954271057296406 0.6198849136887615 -0.028340092498468715 0.7831831886466908
460 28.149841448960107 -25.069541011858956 -7.594451224991319 0.009392901214301471 0.7070728846440243 0.017338934695391637 0.7068656665531192
461 28.146835042732196 -25.039766664279668 -7.543196296419442 -0.4731654614810536 0.5091813466944353 -0.4518597119373272 0.5591704596701975
462 28.09678302604533 -25.081505841119387 -7.5616433261602625 0.02172598412761556 0.793131067059979 -0.5991316176416034 0.10729583785097056
463 28.050140399652367 -25.128369776495408 -7.545420907540558 -0.008144433144372938 0.9994497238254025 0.027735995460320833 0.016267523164533802
464 27.06035902197804 -25.14492318783702 -7.613727983317278 0.016834313194782687 0.9995396038593097 -0.023506587097610863 -0.009199270571997263
465 26.10639215336061 -25.15993582872949 -7.647600487982104 -0.023223215383390138 0.9996473754636077 -0.00482140908843234 -0.011939891556428474
466 25.127216968216057 -25.14874987916052 -7.587905913684191 -0.02570974106768811 0.9976623211107208 -0.055983818727168476 -0.029575569156394123
467 25.07519144228175 -25.19399904888796 -7.6306321272136435 0.7408017308661686 -0.6680336244891805 0.05120786195347972 0.048183264435801586
468 25.19793487684442 -26.191579681288825 -7.509044735462438 0.7106887346261704 -0.6986839074264334 0.04874534136082337 0.06622848084019275
469 25.196008586698895 -27.138330089924548 -7.4084213857635905 -0.7015740145941125 0.7113816348361359 -0.04153988695097205 0.002123548037348531
470 25.14130353295868 -28.08995241017999 -7.401960239884436 -0.6629967224348613 0.7443135689860613 -0.07953934175123657 -0.010302920830682807
471 24.97930317445613 -29.029750718834972 -7.326700721896595 0.7331562680202665 -0.6768997510632219 0.055826003036683544 -0.034235523336033205
472 25.10816663165688 -30.00074938889259 -7.324796310184422 0.7194891880190571 -0.6892957089527574 0.02949928172671595 -0.07960230097553962
473 25.147710519241716 -30.976649751194028 -7.445657970471179 0.7567258659652911 -0.640917301597141 0.11910176618032987 -0.0490484004351462
474 25.04597909411614 -29.982798617268614 -7.542391033868556 0.6251486649471426 -0.02612783695523332 -0.004681180211211123 0.7800542092718149
475 26.055173982551377 -30.045138723126918 -7.462913259338721 0.7050376734045546 0.07065247884719038 0.021623916743705188 0.7053102243252269
476 26.08722524186205 -30.07880185033721 -7.464846043155798 0.9974592346234932 0.027606065076475138 0.016220036412634684 0.06363875276969007
477 27.10718082720531 -29.985049557945526 -7.394943800630323 0.9984767957394014 -0.027634208050568095 -0.0014384955830678621 0.047732270487096724
478 28.079785662878336 -30.06212182183181 -7.4351098696828055 0.9996405278665358 0.006625446412773176 0.021393846258430747 0.014738447978537645
479 29.120126757481138 -30.072178198931258 -7.439139982067068 0.9976662412451043 -0.05620555672240851 0.028393328122344484 -0.02639745047399027
480 30.143094308525395 -30.21284976655962 -7.32834049675488 0.9945577674452363 0.0014469367074409507 0.10210812389404936 0.020656345837278087
481 31.131055629589095 -30.22071125660356 -7.121460776386633 0.9998041966578738 -0.016280739905241006 -0.0078049920996564335 0.008098638883493142
482 30.162167951762626 -30.16686365945062 -7.156008024605186 0.9931185651700983 -0.049873294575956094 -0.03758375400834864 -0.09907386858937713
483 31.144741979072403 -30.210896245878136 -7.217328597577686 0.9940007256002271 0.003485141068988199 -0.0816855109735836 -0.07264907841765865
484 30.12097185796214 -30.18013137467988 -7.026987804591561 0.9973421318877704 -0.03503565338174076 0.04057650741613123 -0.049342902220890134
485 31.091416988698942 -30.219396792860138 -6.978989811282967 0.9975441608728532 -0.016429862694154612 0.05442271597798013 -0.04091301389419278
486 30.14402606978179 -30.155467842593893 -7.125403369395416 0.999337624032415 0.009933736987733343 0.034816117453359954 -0.0036704261578561106
487 30.18508041618732 -30.163215060478596 -7.16698291218978 -0.6998546821973777 0.7059404480078895 0.033991011507230114 0.10342204218416773
488 30.21883980520837 -31.187789656562195 -7.305723046950446 0.7656805879497607 -0.6382719173336754 0.0085934278712308 -0.07917291062936258
489 30.07904016550229 -30.24934166404496 -7.158584593266386 0.7224906306455237 -0.04716067974948035 0.040406773841633714 0.6885858345498491
490 31.07707349993336 -30.236470115184414 -7.02373136469756 0.6764388643876896 0.004332773693011846 -0.014037202753550162 0.736352257249798
491 30.058422807274304 -30.18756509182969 -7.0486040407011865 0.9970909913478625 0.0319700960031074 -0.04990207870485358 0.04792964088560762
492 31.016737033867322 -30.127243234155827 -7.152640450856399 0.9965120541053946 0.0727376109237965 -0.03962945637285784 0.010122853715108057
493 30.020960156685334 -30.28688699949153 -7.060525622247312 0.9992142792072093 -0.007140734707389787 0.007496616119998841 0.03825748139912865
494 31.036323979895688 -30.320853452122677 -7.061028076857918 0.9996032628537922 -0.013917672526186973 -0.005286093479099149 0.023909673758471823
495 30.033906944097495 -30.263220084820706 -7.097365102883661 0.9991469797346968 0.03573064324603706 -0.01834905287131479 0.009588862236135356
496 31.049156423715115 -30.209734640158818 -7.14214809468714 0.9955167834713603 0.0036943337202411065 0.01224343346825406 0.09371650901579895
497 30.058037055230876 -30.16793213770907 -7.2152152854505065 0.999341233811335 0.002028818535633887 0.035811532302377914 0.005524169977889405
498 30.067882964097734 -30.131988606439634 -7.258507926028125 -0.7133875651508225 -0.034215479057657046 -0.0045071161333300955 0.6999194016350713
499 30.029490873750465 -30.082025313909277 -7.214786927903411 -0.06619352281339479 -0.044578438210080513 0.08194572940407847 0.9934364991365761
