# time x y z qx qy qz qw
0 4.009022915142204 3.178838459717941 -8.996194714202867 0.0 0.0 -0.7071067811865475 0.7071067811865476
1 3.988261493706706 2.2333641125122736 -8.949392997983333 -0.027718332601131206 -0.04863142133278817 -0.7650520557110547 0.641531005446545
2 5.370127437881729 4.1421847036610675 -9.306531619543707 -0.43391906388449125 0.6242153567810552 -0.417802056546237 0.4975046491260577
3 3.8097068681524244 1.6568159008069299 -7.720183988510382 -0.5822674624618913 0.4924364510366403 -0.3570856421457169 0.5394078123479574
4 3.636517734286646 -0.20743207741518543 -8.54055866138217 0.49173136163493614 -0.3264689795542462 0.6824389306706803 -0.4311558642515715
5 5.545961361163314 -1.5073313051924502 -9.164366119530492 -0.4877597625342539 0.47873992550387445 -0.48643832150255256 0.5443126465137956
6 2.8937527489283124 -0.4107173874434048 -9.223341187019834 0.6486243642405203 -0.5465819365247598 0.3090893779612354 -0.43011437689289184
7 5.37143616128031 -0.1865692835169317 -9.324515854673157 -0.16814659069110696 -0.5422071467758933 0.8152828451077033 0.11424542221546918
8 3.2798430030670565 -2.0820256701617645 -8.20224839800533 0.6050824316620661 0.41388071171727114 -0.5631245912740194 0.3814035947192882
9 2.321895313887828 -1.1333168336462778 -8.177200908538236 0.5344492352719926 0.4858272554421581 -0.33899999475988807 0.6028390302058404
10 3.8065309404655125 -1.3595096127308701 -12.038435891415705 0.519665754661358 0.3768037836720111 -0.35044777510799413 0.6820210912901112
11 2.4626930898929587 -0.17880415098539634 -8.992558788053785 0.8181306960659726 0.10981276521589974 -0.4672628513903869 -0.3166524095293924
12 3.7954486021941607 -3.8394433225226736 -12.5700739983168 -0.5659354738559007 -0.10401310008941841 0.8163145725190438 -0.05028750475353288
13 5.038547703230673 -0.7891418541184024 -12.544356564247462 0.9495811004123151 0.20539062825695018 0.21665948909515223 0.09575536198552906
14 5.333773444757813 -2.119361114105869 -12.283677663410606 0.9911688344296017 0.0824923316399518 -0.09303813298317798 0.04607887462898211
15 4.643188441983514 -2.2202208779077943 -11.705136766526472 0.9892561219156611 0.05865976559678052 0.07524988265679305 -0.11076467086872123
16 6.315661835642462 -2.4445050407769324 -13.306128495454809 0.7256646674660282 0.671364944836322 -0.017093387799200516 -0.14962525632354695
17 6.308360466258525 -0.5999003337683004 -13.706571843968804 0.6636414849177447 0.739115786051879 0.10187242746121582 -0.05394295902379909
18 4.289210439924587 1.2219614918690338 -11.85508326760732 -0.006492101431288439 0.9993957728042773 0.0047582195912531326 0.03381273822494514
19 4.951639003514813 0.4538834715648207 -12.909831734530638 -0.1946126009633835 0.9667799329371499 0.10124891897920787 -0.13119128485478135
20 4.014769001762747 -2.1525741800825644 -11.133776616929103 -0.23096157048841276 0.6429155271681104 0.7297658593960042 -0.027534856885191573
21 4.516426643076652 -0.8087223596905712 -10.64524204642651 -0.09168770853391067 0.7985327439971264 0.5949098004726204 -0.004598931381026905
22 2.8204654207502777 -0.7756122773694155 -11.797307738820207 -0.006965854918694921 0.8164463116363111 0.5452515026529706 0.18991497027720827
23 1.5831059441956354 0.13872734303464934 -12.746742338349682 0.013485579517074183 0.6162186661248932 0.7874338102148578 0.006378808263104778
24 0.5070002689829188 -0.016555975464433437 -10.332468631092013 -0.05358929554617687 0.7811490009688076 0.6207060480137766 0.040723797065323565
25 1.8238603730310778 -1.0178637118976468 -11.97828474481878 0.6424103883089312 0.4320610678020141 0.4130221340333821 -0.47962990261352834
26 0.5072012140611002 -1.283339423487568 -11.458831438768536 0.39483122902347506 0.5142279669773194 0.6464825325770805 -0.4021669226066573
27 0.4296993856288203 0.5290094619212997 -10.020010291141794 0.5391319674614281 0.5170297424730983 0.5164837694166677 -0.41864242855749995
28 1.5106816422704237 -1.407894539512231 -8.652932745308457 0.6696107484800851 0.3512834125163327 0.46236676902719964 -0.4630749188956021
29 1.635882226436839 -0.6244736940322557 -8.779216395438356 0.4052892174274022 0.5420486546779634 0.6448191301709858 -0.35515094757641774
30 1.8952651415181359 -0.5886241839742747 -8.025935222687075 -0.5873540557143025 -0.48840933992763125 -0.3176809144000617 0.5617386995154922
31 2.271632278430984 -0.35840507648698255 -5.301164395847525 -0.5339930768356861 -0.5176836437074623 -0.4385477174307162 0.5045105930162725
32 1.6976951281344215 0.2531715728828522 -3.4089131031601663 0.5698753618647546 0.3641545409764269 0.6002774482314472 -0.42696665838271836
33 1.0356458748927968 0.0003999668798493339 -3.8377020763688043 0.6111751659820301 0.5122477423465372 0.3555914921940609 -0.48746472449492634
34 1.1827809854661002 0.549700851020192 -3.6118791936080616 0.72911551541176 -0.045099461214046406 0.665212646036919 0.1544303705124317
35 2.440647066709571 -1.0950511355748946 -4.0484496068529365 0.5139451942764182 -0.0498573293623369 0.8547861992059188 0.052106982604345715
36 0.039986257727106934 -0.9509466781389936 -4.826236224633132 -0.3986168851212001 0.5555980665639135 -0.3554434440914744 0.6372403984204895
37 -0.8097278007208619 -1.0229868003022848 -2.365858552776078 0.6081689020066907 -0.5320844853785031 0.37294426278957554 -0.4559926138697967
38 -0.848690118252551 -1.9243445156797532 -3.3126406657096306 -0.05319999672830622 0.7755940029515432 -0.6064905117788052 0.16671221327782995
39 0.8152118198000944 -0.8401445907987785 -3.2730513938278585 0.0298547654783359 0.9904996301832936 0.1337073627186363 -0.011896080859646233
40 2.348480479854782 -1.6296726418977636 -2.5255036541273017 0.8077853021622023 -0.5759148040824642 0.08252232447976264 0.0948425538027776
41 0.2671674734060906 -4.828943720623222 -4.362425012797765 0.7559935441466983 -0.6427112436081966 0.1121591737646865 0.053069183982253784
42 1.0645555855934967 -3.542076201017127 -4.455888145603738 -0.6308595784993162 0.7544218667131289 -0.04557830827140203 -0.17546069946247217
43 0.5827345175438254 -2.6250726765025454 -2.327722161659192 0.31412487554803126 -0.5688871692735544 0.6591566604097572 0.3784249572046117
44 0.681392582467728 -4.3554086472766995 -2.0167769282462427 0.549254174573203 -0.456713682925545 0.41172419337514055 0.5658760042024084
45 1.4988927597943764 -4.655641825512247 -2.2957107824274585 -0.020396619615159442 -0.06315304378376436 0.6520744121689889 0.7552447497093826
46 1.0837668303785435 -1.6833901416675605 -3.787248194051169 0.022017734749216634 0.049749633317576175 0.6432629435988114 0.7637100095807782
47 1.1954620936897238 -0.7734850937492158 -1.5275077263017787 -0.1142597298644363 -0.00954776676428088 0.6415345020243529 0.7584767873794732
48 0.08194470135630369 -2.4257009191401937 -2.981033551766713 0.3942322898939926 0.6080805625191474 0.48904085417524856 0.4854461597735422
49 -0.3656569684176111 -0.39747227184916945 -0.7391080301067687 0.38092019072394745 0.4558328376993306 0.5035633373890427 0.6273278230808962
50 1.022500458135002 2.0155223442346037 -2.042174564647021 0.34264684418953245 0.43078942661572855 0.5491800916199681 0.6288201945320535
51 0.9717095877590457 1.0516813097402005 -1.6366987618666955 0.40406342557593733 0.4851952409217797 0.5088313260578826 0.5851572505924129
52 1.4115072345708677 3.3233090774512037 -2.2270417168233583 0.36444987217218333 0.4930821650341565 0.5673166738609278 0.5497254412507048
53 1.0702489810470905 2.6047880735478786 0.04260705495053919 0.7440607803263217 0.14509373756731805 0.6370355901878376 -0.13966753142002905
54 1.4144466181316986 2.1876752562163806 -2.2226962392020395 0.9648962881732498 -0.16764336970782096 -0.15997346686138988 -0.12360964186842252
55 2.2053010723840094 0.160358251456565 -1.6227085254233438 0.9877740712001876 -0.0016084437534930936 0.14144014923163092 -0.06553229248723592
56 2.356192106392482 2.5809238346639702 -3.3397561130229687 0.6379052236124634 -0.018239363199274043 -0.04409182313129458 0.7686352596979771
57 2.5817937515015883 0.4067818781064116 -2.3630035378260392 0.7263929965362167 -0.04455019048300653 -0.3267770993642915 0.6029802836263585
58 2.2512498917068315 2.1707362644144776 -2.1620118540632696 0.3519398733837167 0.5705846072797371 -0.5288515732090365 0.5204685821184684
59 2.094519104489741 2.789412387724357 -4.208757121634726 -0.021686231965032214 -0.6847072677109187 0.7282395950135017 -0.019306919525867293
60 0.6561735125927345 0.9490931281435014 -2.9192585530081465 -0.30069164302197793 0.7413473074509758 -0.5998292409405221 -0.01391356405270577
61 2.3615754011607812 0.9156735235058099 -3.236739865528983 -0.4585704334211967 -0.5286952443108767 0.48431492615905686 0.5250081413983078
62 0.43340757023153975 2.7443127836606878 -4.557178613160874 -0.7267511922222173 0.05420367723456738 -0.049898475135490825 0.6829383633659698
63 2.9513755113878073 2.1485545772051506 -0.23871620508476676 -0.7779273438935287 -0.1329229957045358 0.0756973041243234 0.6094509356658673
64 4.199662823426593 0.363837074631355 -2.777654412672329 -0.31872827704381673 -0.4194117213221269 0.6368604050556903 0.5629519676691715
65 2.59467572458264 2.819146653463534 -1.9263084871687854 0.4448770369564491 0.5579811677888726 -0.5574323331743926 -0.4242765988286052
66 2.229255124746664 5.633491043107706 -1.6144544688736269 0.6342789192085313 0.422122997349135 -0.5279902914388653 -0.3751382143996288
67 5.074146941323675 3.0245388434254634 -2.48147489874487 -0.630586278100652 -0.005526433014498502 -0.08252673178880408 0.7716992568025204
68 2.9375721680109006 3.671827058745847 -0.3083532680283016 -0.7825196388949083 -0.005721341269557381 -0.05982980168347489 0.6197182229274654
69 4.440016431307105 6.408575693323035 -2.2776756074483737 -0.6541972424241455 -0.18296128981793175 0.06731071111881898 0.7307669961085281
70 5.558640230917661 4.173335057106806 -2.1853992446807755 0.99204982508607 0.05347953139003934 0.076472744282199 0.08443342733153342
71 5.408024635358261 3.59679653802534 -2.744060155135071 0.6516378018947702 0.0527235463826873 0.7566839039980091 -0.004227555903423099
72 5.004229087700249 4.372661915439038 -1.8254370529668442 0.6432575995527791 -0.13424931198073237 0.753711711636078 0.010744235333900983
73 7.173483433610968 5.2831697509812185 -1.688634683297781 0.7079652373097985 -0.01087446199673563 0.6926531183404985 -0.13747227535159867
74 3.1104945603774175 3.749637397606871 0.7164222485951665 -0.4268809913419305 0.6144580946204249 -0.4448636185444923 -0.4922501702202529
75 5.4393267743707945 2.7623942677379922 0.4942020921338011 0.6055933737685428 -0.2898513869984657 0.5266469555945041 0.5214267189795128
76 4.0761982951630005 2.9486036152232247 2.2203327863162885 -0.6073287332683329 0.7113197435475705 0.06069250419742155 0.3485576740230326
77 3.961145904324512 3.47980657286143 0.9842607429866673 -0.6506154301378358 0.7220833761726925 0.1998677614045713 -0.12388719817935166
78 5.146179635081589 3.3985531087800593 0.0692091037912336 -0.5951157416925469 0.7847820789926261 -0.113741612807498 0.13044994441428653
79 6.508916330263742 1.344813638743876 1.2519427623952166 0.7962083196125986 -0.5904627028972691 -0.12609724784085702 0.03880196327371717
80 3.019456302719757 0.017415847736029333 -0.09210602572491064 -0.5661898844339542 0.8111696410088097 0.034096246038552054 -0.1423737134318787
81 5.717822697009529 -2.0386351138914596 0.8611162701797933 0.7478748002445881 -0.6576073806461887 0.06449789115555507 0.06384229096188797
82 5.218159474148339 -2.984234697268728 1.485167354106716 -0.6229958079378225 0.7742238991816114 -0.11150262526293776 0.004554315249832012
83 5.113190560000225 -2.4919422878385453 0.498618456907612 -0.04032055560994344 0.981019948534146 0.12332034982912508 0.1441048392365413
84 4.696729585265622 -0.7963313571802245 1.1886830318097947 0.2061893092275895 0.7643800405040085 0.5850220473965991 -0.17594978402723638
85 3.823820805057572 -2.5552841239192903 -0.5633912558039084 0.06271847914084326 0.6535673533425439 0.7541925471314861 0.010474200227369496
86 3.605815499337934 -2.6619216752155284 0.22451816409789283 0.2208191781175819 0.612827268740921 0.7372217476832201 0.17940380153697202
87 3.197398313383646 -2.451668553130704 1.8046673061897442 -0.05019067544218986 0.7695112070874129 0.6340912294379288 -0.057111391293027905
88 2.530019687040215 -1.8479099070980882 -0.5400751073682839 0.006865718926161616 0.7811048724274475 0.5918249082118281 0.19892540861787628
89 -0.6687174460093531 -3.059818941348447 1.252136621546067 -0.08297487574716907 0.7914918855439508 0.5923478642141814 -0.1256175659441035
90 -1.2602316429501335 -1.3886842378053752 1.1095997193186835 -0.002812721073350397 0.7753176429085096 0.5962930400024866 0.20810874955068387
91 -1.0634972830925773 -1.9532374205442113 0.8633818302610695 -0.151826936953529 0.7162152548229165 0.6787253162433288 -0.05758676119254546
92 -3.1937788161164997 -2.6795814918342007 0.2263095221220564 -0.450017236075662 0.5505983788953359 0.5407197126992077 0.4493863646030396
93 -1.8572942313094223 -0.7931583342005049 -0.30930194345517137 -0.5414310444645536 0.532144270278691 0.38812375011499284 0.52252737181535
94 -4.071488901195644 -2.599515052292489 0.9920072279874091 -0.6201325840134987 0.7760396715793045 -0.01292078068800992 0.1141536675111164
95 0.44874004104445675 -1.9934531068302568 0.9631373608992749 -0.2491477977168087 0.9317731656859214 0.10381153045748269 -0.24279066856981085
96 -1.4261139124452613 -1.7987416845252493 0.7959533643926302 0.7558244668482313 -0.6517644097309687 -0.03357277180604649 -0.05296601282792465
97 -2.9257465171496406 -1.4740097817542872 0.5192429826553928 -0.6846219243572866 0.7092413174477871 -0.14529862435311042 -0.08460427929689315
98 -3.9496859662656845 -0.9200196687490684 -1.6997039987299485 0.6477947134326918 -0.4950585696496208 0.443054388811805 -0.37280266954479585
99 -2.1788038390462083 -4.3429529766170445 -2.0045836157306707 -0.3058346900356442 0.6826439807317225 -0.5013944265241393 0.43481716501545636
100 -2.740634074302187 -5.1148947669519425 0.038799735311396424 -0.6205190528952724 0.3548602900839238 -0.41082670883933564 0.5659078501132031
101 -1.0998336195736893 -5.796981240941695 1.245365922859585 -0.6567237494545886 0.09423973698469623 -0.15251874149937328 0.7325099469405241
102 -0.32598424747264854 -4.933081052572248 0.6087843563372048 -0.7875134412736727 0.02919055543208433 0.04484416507320179 0.6139702697572184
103 -0.08536352742605358 -5.314781237216927 1.6346138367306875 0.8483345338888004 -0.0024523701549684527 0.2427306948984386 -0.47053619865682594
104 0.19354171569523582 -5.921890364825476 0.11150248803804293 0.9865539720344283 -0.1385895564611753 0.07838500579115175 -0.03687798760925388
105 1.7661933997268138 -7.477276573543289 1.4783531569481545 0.6530857777752835 -0.14013526786430558 -0.03544999791221394 0.7433601894211689
106 0.3740403497017639 -5.089146810237807 1.979289099021591 0.5763735490063351 0.033092677859625774 0.09281680243875796 0.8112234265989644
107 2.0356960288134838 -4.334338541956337 0.04609325139140905 0.6993456829006058 0.0707915534720764 0.056047443738516126 0.7090577238953633
108 2.737987393863496 -3.1984208455110616 0.5360673401036782 0.5565609651881016 -0.12175509361565696 -0.23395449090738005 0.7878330314170636
109 4.181606322720842 -5.422448792063961 -1.2367361388254159 0.6996448673795057 0.05592378965922338 -0.050809724659002665 0.7104843145205538
110 4.9996733979883485 -4.404673236284103 2.1122239439983486 0.3081104631241231 0.4685359080754439 0.5703940103179073 0.600160577138163
111 4.4564335929568495 -2.938362525201847 1.3702157699866964 0.6375650220352652 0.4455700139949958 0.4228366387861245 0.46495954899939784
112 3.8011620454510813 -3.6135859076933174 2.376128191295698 -0.05173820213301832 -0.089803934580653 0.7509370054424631 0.6521901759693893
113 3.280198564933318 -1.5597329394262716 -0.7363646790357904 -0.20114763127640575 0.014909190009512402 -0.0556562597425717 0.9778648818914701
114 6.213659934180044 -3.4975862288989465 -1.0899105757662202 0.10390225312796712 0.2552986576503445 -0.1091066440369705 0.9550511281726513
115 6.620641005606959 -2.866802771331499 -0.2482536422406766 0.14497753934134203 -0.010761665892472108 0.021309118281622488 0.9891469158379903
116 5.431438166309944 -5.132423470047041 -0.5512756860787572 -0.04353103810151988 0.008567413322663244 -0.07400513188804327 0.9962704896788803
117 8.70022846450395 -5.51258258735448 -0.39273287253552025 -0.09819973445110791 0.054349195970289754 0.10744209643193067 0.9878558462475315
118 7.839988895407238 -4.731980984350193 0.038008297367301075 0.3063931173458124 -0.09335261087984337 -0.08906114101771978 0.9431207032218376
119 9.60833893381295 -3.9339141699867706 1.2837173697745496 -0.14454502974884342 -0.2118055193586617 0.22744416250641014 0.9394223274363194
120 11.388531914041511 -4.4351194867896355 0.1829029043373513 -0.04725132740469421 0.18094998725677736 0.11205180215362992 0.9759450844204249
121 9.640847751383813 -1.6725095242712438 0.19554541898810096 -0.016765746948428126 0.6945417660875853 0.037878707105822154 0.7182589007016833
122 12.238203354817095 -3.6174783364244845 -0.6598529254617831 -0.4106072285063677 0.5683117862522393 0.49807516739060914 0.510239693804711
123 13.279130903052716 -3.34792421893431 -2.400277277897742 -0.4471096234819882 0.4840513216832313 0.514246868286603 0.5489421290299487
124 11.606993504955328 -4.2153899662239365 -3.0211134674930546 -0.4052160263508151 0.5915319212645137 0.5285492132349177 0.45445097348593944
125 11.409114808808752 -2.3641513074263174 -5.305797326643022 -0.6119259665099349 0.37281620935548526 0.36612060310126576 0.5937258538563519
126 11.59559084745681 -4.777541840300787 -4.907792375206594 -0.5349175700852757 0.355437740222165 0.45826962860909987 0.6144234317913847
127 11.03687125486361 -4.169792648150589 -4.773928058021593 -0.54318915403395 0.3260333969541115 0.5632204805959635 0.5305001953323835
128 11.132352719894204 -3.3902795109892816 -6.446971279477915 -0.6381923690130344 0.23416749163597567 0.4799432453892635 0.5545543861513201
129 11.768554216466592 -2.325466735350868 -4.3993266225448755 0.8554854789027044 0.10543604259184798 0.1134204562940794 -0.4941291697554631
130 12.632995990186132 -4.180084405582968 -5.962145487817241 -0.5991942799334129 0.02911173933551136 0.08550427068408574 0.7954921377504134
131 13.598043423925407 -4.314523647851261 -6.613967663312876 -0.5369427560142206 0.35939284587301057 -0.5182196263443375 0.560337111006122
132 11.802185253208128 -3.6097333299282233 -4.301838990886366 0.06154444740133091 0.7244681445497737 0.10488431536811396 0.6784964767163018
133 11.962364464503466 -3.4943269627348172 -6.57236441709106 -0.1693819528581383 0.7985553637491773 0.1752054957183577 0.5503836110781888
134 12.677136030534275 -4.006849642146758 -7.568878134090942 -0.4483134774666068 0.4718480947283038 0.5814733244263428 0.48812208964934667
135 11.726618997834622 -2.132264785274032 -8.825437852595273 -0.4852294018475714 0.6238611392371453 0.41052465935514376 0.4547738015692224
136 13.02789164145318 -3.402329070898228 -9.3596575511814 -0.7067546397537169 -0.13248518493171113 0.00986828048126311 0.6948727739669668
137 13.923405313944654 -4.91605040501533 -7.6959235790874505 -0.7853681715514684 -0.04178495494649213 -0.10302869714635564 0.6089630039816437
138 11.023754722471228 -2.2906380237314607 -6.698291879703803 -0.5349207860992197 -0.5630908369644279 -0.367068949922957 0.5119070696211869
139 13.059147489245202 -2.437134862169616 -6.519924347500514 0.4468169725148055 0.6680054937302203 0.364323536361406 -0.47052270324827833
140 13.800220292637958 -2.4604105482873546 -5.719615902585045 -0.46056950801009694 -0.49301745797463303 -0.44064195420728053 0.5921521617084219
141 12.313561685882174 -3.8334521910024004 -5.190663612627187 0.010247390472955465 0.5836281358842589 0.8058145938768636 -0.09967963828097096
142 11.804889477611788 -4.206940668306649 -4.9832508221891185 -0.027955674815378063 0.5905357681527929 0.7964775229153896 -0.12692337163963366
143 11.87199695908493 -5.224038852489905 -5.05641499190334 -0.5379253891780778 0.5740142690113857 0.3662233757460654 0.49701542602427773
144 11.92311332568463 -3.93634784966657 -6.583366836068403 -0.39156816921318943 0.5656080360038568 0.4696724324510187 0.553326056374028
145 11.568917053761625 -2.731628129677874 -8.99806857582039 -0.4626901074570757 0.3770676012167349 0.48681697439601596 0.6377672945627787
146 11.446695044327763 -2.9910065569457776 -9.398901202772873 -0.5271872451555765 0.531811650559454 0.4306730486784546 0.5037565900477219
147 12.065892304310307 -4.680229756415499 -11.155794135108891 0.6102352282304448 -0.5040395953819313 -0.49178662157543723 -0.3629090400543551
148 10.573175134052507 -3.2345056166137525 -9.896998940730182 -0.354693337875575 0.5331882700177281 0.5393952928226349 0.5467683447886952
149 11.934433605620523 -3.921046738342217 -11.568761904419453 0.7309322933938149 -0.6712914561737726 -0.12072838871450503 0.023030838034111725
150 12.05159991092848 -3.2253323154046893 -11.071079911621338 -0.6270617728576983 0.7720446220093063 -0.09504363921262936 -0.041319986595922745
151 12.23774132851028 -5.503032053330759 -11.506237228762435 -0.58849236355061 0.3673202436978863 0.633671699076644 0.34236348286822477
152 11.349965646968618 -5.381165679219821 -10.826360865785325 0.05490146720693445 0.6498134704552649 0.13818048081614087 0.7454089060608483
153 11.937707638496885 -5.581993784835802 -11.647000315265238 -0.001313380457729713 0.5435844936772058 -0.04006886771872879 0.8383964808521134
154 12.574473989426224 -5.35619135129995 -10.651447273986314 0.13109038004777188 0.6123720296954328 0.06717307883203637 0.776726198210059
155 11.193486532119616 -3.5211078871635437 -11.976078956590683 -0.39905457373583625 0.5144556867642798 -0.5155036245243406 0.5570877907822706
156 11.724313855505347 -4.16878586352655 -12.619159694838084 -0.5130510446690049 0.3245109057058354 -0.5750262488766739 0.5484670552957966
157 12.660485284770168 -5.9494402870708445 -12.684390599377194 0.06081111352056303 0.7025881166324675 -0.6778088642008354 -0.2079593480707349
158 11.05556466308999 -4.73429875074059 -13.051137766515641 0.09458755102583753 0.7329028589916744 -0.6698806468872525 0.07187846269002006
159 8.126170956722493 -7.758925315158723 -12.705228767668906 0.030986452000820758 0.7856458296632322 -0.6167473709232192 0.037724668116092756
160 8.412302156718235 -6.957345193548325 -14.3160279370735 -0.040464607161826066 0.7468557928214843 -0.660816649904398 -0.06237303508215319
161 9.85658246038512 -7.868497909257276 -14.533328872006962 -0.019827482666424985 -0.596264521658243 0.7983187195869563 0.0822357166918484
162 7.1074417211073255 -5.186884050814094 -14.122308661979577 -0.039489775172548536 -0.6355542738350288 0.767386148144033 -0.07503214180279646
163 6.334680498955413 -5.7221483972326865 -12.791983747081362 0.10439690583165184 -0.5970315758210801 0.762576317337769 0.22612373550987813
164 3.8534176549462194 -5.587557747472957 -13.166724366817103 -0.18441523286694814 -0.6333534454169066 0.7437180007729102 0.10834191428763083
165 3.802791957285745 -5.64440671107803 -13.704802466269992 -0.009314905157350858 -0.5663431226288299 0.8169497486837356 0.10845187005541637
166 1.7134643040941637 -6.031925070551054 -13.879369185151617 -0.1151616339866822 -0.66156575044078 0.7108262750634314 -0.2092715044641575
167 2.1729560694377335 -5.711681042190872 -13.817554057517944 0.3516412349331622 0.5911635165557372 -0.5664009853905275 -0.45394279632655826
168 2.4256254838041076 -6.153864973352904 -13.337801989370291 0.5647359429034958 0.5239376037284347 -0.4190624692674046 -0.4805718978921997
169 3.2296433092012604 -3.6111850073537672 -13.118131945645912 -0.36124611752497787 -0.3273590521985754 0.6530763930753428 0.5795071339720335
170 1.6611918343547798 -2.4992884928388044 -13.934719394802203 -0.7006318480163516 0.10316581438220998 0.08940583248834515 0.7003416490578821
171 3.9534098086179625 -4.258369687126934 -13.638382729130017 -0.8274497720570285 0.07771427021307221 -0.12294825732011651 0.5423754169852907
172 4.775183890531313 -2.87964179758836 -14.280585307345545 -0.5831183406270029 0.033564234888260866 -0.04803461854091038 0.81027101539078
173 6.754546978517464 -4.809205941919506 -12.791182421492724 -0.6860281635112577 0.1825554486619668 -0.2044069796764677 0.6739856479872127
174 8.034038130016196 -2.460646517241012 -12.781544590919625 -0.3852606419820639 -0.5375300786426553 -0.40964397852938056 0.6283529765574515
175 7.649837242656857 -3.796824733165726 -11.941011934342582 0.6430221839468953 0.28638034634854814 0.5439022330509714 -0.4568141077720977
176 4.586659691526842 -3.8286058486486154 -11.49310919369412 -0.4789177966448655 -0.3407592808139194 -0.5908781618516831 0.5526154670679997
177 6.26868484558013 -4.039654896586519 -8.675717017451568 0.46953214139470384 0.6257765573206404 0.5223445476450889 -0.33926308677879863
178 4.591368847780278 -3.5647399637276576 -8.245644783350686 -0.4194195520331775 -0.39843617608621795 -0.5753773631319407 0.5781667086173468
179 6.763466985206244 -3.7241906527381103 -9.013866462785817 -0.7677208443744042 -0.024245199809575665 0.036665480388269445 0.6392749939948715
180 7.887702836873187 -3.8172864831882887 -8.682494637272672 -0.5925697264000681 0.03522836161399012 -0.0993231118546996 0.7985956432035184
181 8.812365058566849 -2.11208638457641 -10.30495911448704 -0.6319955116980981 -0.06296028945407019 -0.15042024398330986 0.7576222180911278
182 7.970223367599532 -5.09837881671679 -10.504772484490067 0.9945529047299668 -0.08090077469734618 -0.046185708090421364 -0.046759648359895774
183 9.008741915011106 -3.498854394231141 -10.447867073054912 0.9525826296585991 -0.25318823803120044 -0.15538888683166058 -0.06585091984613209
184 8.480923625657276 -5.76393308199841 -9.53439074968713 0.9749400945488348 0.13375081503172523 0.10799344668403521 -0.14120887717406666
185 12.733621276823408 -5.820273317424029 -7.514806721095719 0.9919284658682237 -0.00935729899024483 -0.02697373549947228 -0.1235426126853562
186 13.397457697723349 -4.072201707701166 -9.285104773871808 0.9870780513527532 -0.10992429836620896 0.11645029336197656 0.005735707651003748
187 13.422366192724057 -1.268338400433564 -6.892247880119906 0.9424667828934056 0.16879773842197618 -0.2085785129745615 0.19939581382642177
188 13.980448863361698 -3.6854000366594883 -8.709887049467255 0.9688114549719633 -0.004678148811412909 0.11071708555952922 0.22163981276839612
189 13.987448999508779 -5.907581837021444 -9.338465285204961 0.9872606878239717 0.05963013702270232 -0.12482725801864075 -0.07860494063059761
190 15.075663954071949 -4.022204362172599 -9.270940438477904 0.8259444238065197 -0.5601001072035944 -0.03967847758971484 0.05029211776810417
191 13.90023445459389 -3.5915266261507375 -9.308773068445216 -0.6127854162738876 0.7661921402731715 -0.14138203723853116 0.13211645367605682
192 14.938168393537447 -5.8013653232070705 -10.031659147392038 -0.6589184631840402 0.7193399088823602 0.016935610430826132 0.21929372873758954
193 15.55295579120949 -6.198876202551442 -8.149364210219902 -0.4989260912484248 0.815171836464235 -0.14612618667548438 -0.2553718270968365
194 14.227363001936588 -8.415888228078487 -7.799159598515612 -0.5798437035639007 0.7834310369013613 -0.10281738071139743 0.1986093554709964
195 15.302720053697962 -7.7721698290662005 -10.207476249307938 -0.603662703960326 0.7269352273655824 0.32724277649593697 -0.008287357448976573
196 14.491611149196219 -9.781115982782765 -10.461545624945638 -0.4454816945625551 0.8885087940123423 0.05412543649470073 0.09575291064330906
197 14.510296178077908 -11.25005312871703 -7.915332644857876 -0.6920906057271186 0.7134498827484754 -0.023419839816735087 0.10701107126561807
198 15.879233497256783 -13.655986736783792 -7.043385511425859 -0.6642943588971499 0.7388399726855404 -0.10699555846293363 -0.037154407122972896
199 16.83329712418123 -12.941830497379208 -6.961266764839032 0.763098588562835 -0.646067535285394 -0.011320473392301996 -0.01221191491288441
200 14.559223823731239 -14.617095326593208 -9.82304877362005 0.15332754811030797 0.9805636343029546 -0.11667488048459253 0.03704854028121554
201 15.528372187382654 -13.638928212665467 -7.1392501532216315 -0.033207715191214 -0.6104933731224104 -0.032032150613248926 0.7906763119965659
202 14.726141005017935 -12.82826502657644 -10.037871363466808 -0.0448899716597314 -0.7307030374998162 -0.14685288768427343 0.6652008650112542
203 15.511009598172281 -12.548286874212211 -6.116147221445926 -0.1115496202153872 -0.6506620699885315 0.1315546154156017 0.7395193953311132
204 15.654499800505198 -13.559827475950256 -5.82778960780283 -0.08696955742592649 -0.7074084333973 0.014844384670829817 0.7012768702041017
205 16.4903413451161 -12.789640402883794 -5.52877082440191 -0.03631054933919695 -0.691618352404459 -0.26380859617531555 0.6713796416395394
206 15.801457909367345 -12.5302417279963 -4.540519347190637 0.49312028323863233 -0.40492822889504004 0.6311295041155515 0.44106809535199337
207 16.125888795002307 -11.460394138373246 -6.392423103894876 0.1766452083869772 -0.6822333758192884 -0.19524200654482246 0.6820811169886544
208 13.93613713204052 -12.31688274880228 -5.176071288160059 -0.10115588468281736 -0.6533763055948184 0.11750038651118618 0.7409862005807023
209 16.333035048739 -13.761597564402026 -1.9927645051480662 -0.005142205040768495 -0.7604925750858048 0.2406767066062711 0.6030748907588834
210 16.14763226953336 -12.576132258297168 -2.8672193306053164 0.06260799846471823 -0.7230972884611282 -0.09215042672014191 0.6817029036198258
211 15.716686902825941 -14.049862678625557 -1.0246896975705098 -0.11422501940830947 0.04054877362530238 0.07683209859908015 0.9896490643271061
212 15.860478629070432 -12.750860662739743 -2.822464370191358 -0.038266966249818735 0.13510994461152684 -0.6982148161266354 0.7019807780148644
213 14.051208883798795 -14.549673139511503 -1.1179930469891655 0.09106255395516474 -0.030206354453423404 -0.7352952190079605 0.6709218496381172
214 15.66027043111082 -15.073188491325373 -2.409917806668951 0.024440231732185715 0.14819998902756656 -0.6350941245451582 0.7576904983522792
215 15.390151705650009 -14.097353367405697 -3.540427862176045 0.07401995074264744 -0.04076253647605536 -0.6492431032773394 0.7558722480412311
216 14.891292906501171 -18.265080190078955 -2.714728560975812 -0.0488690175323746 0.013716460895847783 -0.6787434811905622 0.7326192493834913
217 16.45899635271587 -17.709778719726614 -3.3866301518655915 0.05566282694388917 0.1075642869478024 -0.6740234286427325 0.7287139298179505
218 16.436639432462034 -17.277985400824093 -3.062676679391426 0.33621164710390805 -0.5380856365296525 0.6328048932644837 -0.44382828117717044
219 14.323698065696423 -17.7718153129574 -2.1022096572506412 -0.0938863658603739 0.7641558128446342 -0.6040618247988374 -0.20581680160275315
220 16.6481178684759 -15.62549447431663 -1.1810300241037752 0.06551959769641048 0.13549735978461785 0.9752995112183854 0.16167408953285253
221 14.175655046745197 -17.568640009880163 -2.4226819739445458 0.2555410487182854 0.04124199683041129 0.9644660149001202 0.05294503017357082
222 11.555334195880977 -17.535818305713843 -2.5651472441757233 -0.09301293088229814 -0.14732622114640437 0.9634754436411578 -0.20336825895866764
223 11.926124986109778 -19.02827794594963 -3.9723743054852383 -0.1635856237516578 0.05598959338767188 0.9826253662122465 0.06747072558015534
224 13.299264768922715 -17.715602022965786 -1.922526201740522 0.1323978892870124 0.4086109295854096 0.9018979097277138 0.04569537793335381
225 12.28667878124339 -18.307352603638467 -0.9001280988239605 0.11178266013181526 0.9759755758118144 -0.17083580827835682 0.07610150407536577
226 13.677988862869583 -18.210245866598395 -2.108464485644551 0.7486158215830689 -0.6609021058676603 0.01903209861320997 0.049198956874873995
227 9.935494013545428 -19.37145195207474 -0.2366053848078949 0.6942190118221988 -0.6566518436117909 -0.2048204766597938 -0.21193605697639287
228 12.084396179421864 -17.757583078046192 -2.4677298098334033 -0.46552926289671936 0.5303036431185691 -0.4099302015567209 0.577942714577904
229 12.959604633881913 -19.225454556527136 -2.0979102157568392 0.8658084734546769 -0.46351109055725515 0.024419435756916463 -0.18691401066217558
230 13.165827287607291 -20.14701471470734 -2.264624352500049 0.6922538536793725 -0.6697114770145081 -0.2136965124168146 -0.16311020876080706
231 11.901627205390211 -21.16323310137958 -0.7636404259439148 -0.7015805500794859 0.7108890296806101 0.047717720107511886 0.012022413138293593
232 12.28430683566478 -22.374160580254387 -0.4876035164188137 0.7190390077559947 -0.5994520334611899 -0.28460174261739646 0.2064994261581862
233 11.423611143132018 -22.800664521378696 -3.475563721378972 0.7911929061279777 -0.6105622243866695 -0.015872829753371027 -0.03123473579827254
234 11.640826107216247 -23.153786292271423 -1.028921205000887 0.4275000692797225 -0.5756295574015027 0.6025135357693078 -0.3505306586111261
235 14.296187699383346 -23.91513424031917 -2.622963757103866 0.733556065580986 -0.42538831192708526 0.40154032518677163 -0.34598504299184774
236 12.869670342110306 -27.751751098678437 -2.5983470458436964 -0.4868782087214741 0.43422555098770826 -0.5662011142293366 0.5037996417099243
237 10.641974282872342 -24.55668275629262 -2.254799349742158 0.10284537397960916 -0.04267953898474202 -0.6840491708881553 0.7208869660427157
238 13.743031213434058 -25.723772557128488 -1.739496359444169 0.14190571565726845 -0.04563058504090274 0.06989843186918741 0.9863543109830524
239 12.443368545970362 -25.79482297757564 -2.2028408624750013 -0.12943355526402073 0.46651857213179626 0.30571640480593887 0.8198444099098054
240 14.328540495144239 -24.53576286800247 -1.9388005420665928 -0.11700571821908577 0.5251924145933315 0.08658240891409162 0.8384426492159706
241 11.482606101159112 -25.470179804387048 -4.689341316507686 0.11560785350243621 0.7245552660242133 -0.04641483638725546 0.6778644065359127
242 11.089101244491935 -24.930185429667002 -4.027538074371812 -0.2179638645594534 0.5772621730657165 0.03528018827912155 0.7861395840490064
243 11.234752776587763 -23.56673708511067 -7.717677089559 -0.14687838513795823 0.7709942197013931 -0.03485190570310979 0.6186921672650844
244 12.525820838612878 -24.890779702830084 -7.274375819309889 0.0863672042708663 0.7862028464212631 0.006614477578734963 0.611867664607224
245 12.362748516881267 -25.905713181341497 -9.137964749885956 0.0907804303707505 0.7804980377615136 0.03872747244188503 0.6173183209579896
246 12.550688088243536 -25.197877814570315 -9.260473376782574 -0.38804472705735377 0.5726428085646547 -0.4899728792585438 0.5304979558803788
247 11.514377241998107 -25.94075887075645 -6.745433282170868 0.6358847222575854 -0.5298061016237682 0.43502042469982727 -0.35456077726618423
248 11.36599211290058 -27.713405249911098 -5.631137543847331 0.3679788187308213 -0.47237146924800766 0.6311796770631328 -0.49302028281646526
249 12.968382101154727 -26.028176024040157 -8.4724580293898 0.6279267608484294 0.0611466871340671 0.7689336947586664 0.10348931697385014
250 13.118315647048137 -26.60532811708778 -6.6882764213652175 0.48600794638863953 0.24845606842587611 0.6411592311756646 0.5394262677954089
251 13.007810488103509 -27.253945401170466 -8.58046386185761 0.7344195636422537 0.039390597826798206 0.1299349877207607 0.6649760779970774
252 11.420744333495621 -26.0649024525225 -8.442691814808798 0.5003429480103078 -0.6168172968866629 -0.28633683385858294 0.5359147079653883
253 10.518719150629796 -26.29555882133931 -8.977232847027743 0.4931862725781421 -0.421869235175032 -0.5264794094623859 0.549193117551057
254 10.403977305737035 -30.375824038704593 -9.345903662705085 0.6415361065211518 -0.42160984747716435 -0.5691609696361865 0.29450356735150024
255 11.443753712547933 -26.917767767204197 -9.832802867038339 0.6127780932858464 -0.29542951896071173 -0.5085547089986804 0.5278224281620398
256 11.350107989075399 -32.6268655418787 -8.500398973404815 0.48889141140581027 -0.48159135036377143 -0.4647032336427709 0.5595586329870947
257 11.939132088760728 -29.73353847124683 -7.145482625978093 0.7991081019932531 0.19577921827165853 -0.011938261220571546 0.5682906095834319
258 11.587938664391194 -31.09303014680857 -9.973411854839853 0.9933477444462065 -0.08253824749232852 -0.05123928784732261 -0.06182419983653779
259 11.641801090949789 -29.46243848104742 -8.272309084869294 -0.6404679372655045 0.7258381418383555 -0.17048432964155175 -0.18410569392113815
260 12.41818778112131 -31.44427411965086 -7.254577165212172 -0.6618961217587299 0.712345038249981 0.1887079189303454 0.13728580339701527
261 12.36867709046946 -29.79333786202395 -7.985987565131084 0.8150480819213822 -0.12672299772388979 0.0443741454603138 0.5636211859208399
262 12.532051498869292 -29.33024162102952 -9.383127438517933 0.7748703397964231 0.12576204860181056 -0.08042951683351143 0.6142401455922425
263 14.517567878021646 -30.18638066450452 -9.101466903959631 0.8074486922695827 0.01931016151111174 0.09357320259705502 0.5821492787681575
264 14.886879968064227 -29.71629489045153 -8.123431102641083 0.5199024640872241 0.23850715898617564 -0.6172386386625943 0.5402149811790888
265 14.271942242131713 -32.624344592270944 -7.959697200461243 -0.6061153090462046 0.01728793469604458 0.7929744705082838 0.059303023328291994
266 13.491102764460384 -31.324697798433334 -7.251522880693277 -0.5864963594755881 -0.0491184102548218 0.8070282758738158 0.048111994721244715
267 14.095129335021188 -28.60323874049069 -9.2455964258391 0.8047863322368985 0.12260596186657678 -0.5732942900630482 0.09284607983408591
268 14.435958221386906 -29.940817453583122 -9.979334881724137 0.564894230225021 0.5370504773572697 -0.4758480977020179 0.40747991526231137
269 15.02464714749994 -30.197287251845932 -11.304048304205233 0.600614707428064 0.40956199524203474 -0.42349308109181744 0.5405317340747202
270 13.44020221977321 -30.948436275256675 -11.549904867834154 0.5924462818974711 0.4638385413556853 -0.489414776567263 0.4408337408780191
271 14.469788839518776 -29.83407316480462 -10.263207604690761 -0.04160393957993769 -0.11839896914310917 -0.4308365742380782 0.8936613690968603
272 14.177174537730892 -29.773593114571742 -11.819085294251702 0.14425012338327514 0.03952930582369239 -0.7784616568176457 0.6096119952475779
273 14.204523140856267 -31.93780469130525 -9.721842320518652 0.7769342306319093 0.14397277606160358 -0.014351177817425396 0.6127308419859174
274 15.426206584080827 -30.022816151057405 -13.209987873030618 0.29663551256044357 0.4052376906689637 -0.6499506160824302 0.5703980920404259
275 13.759516964626053 -29.004779171699507 -12.75277091662687 0.07427177518804999 -0.02717718856318984 -0.7515828595781603 0.6548803776420026
276 13.666585115957503 -30.5292988156748 -10.996595199544593 0.05587288140709473 -0.029869901767094736 -0.7318857175603092 0.6784757228692301
277 15.137673973644493 -30.127658339622513 -13.680951351927181 0.4639839673839851 0.016787689189214777 -0.004307277684593079 0.8856740364610737
278 15.393157073255706 -28.38755270940569 -12.368685832672197 0.7935986167707099 0.14858296676887325 -0.3605525971743669 0.4670397864385802
279 16.463082648392202 -32.18494533258091 -13.18254376268589 0.5906060402476594 -0.07043714822586997 0.0556131587953211 0.8019540447816155
280 16.6871468799933 -29.461914714030918 -11.319143181290737 -0.5613052224969279 0.5911857286282837 -0.4574549065824688 -0.35520541931049454
281 14.46406039424105 -29.793821846776062 -11.925297236888348 -0.4575637518089852 0.6096272701659404 -0.5238484173846479 -0.38022735317715967
282 16.625044111473382 -30.989999903200236 -10.646269909422834 -0.026853146810591935 -0.1245859904762132 0.7600057805428712 0.637297774219282
283 16.469446719289298 -28.59410327203871 -12.130855497995494 0.21100409818161134 0.20092001231114495 0.6289187235352688 0.7208118051129729
284 16.578202632736456 -27.72195092929558 -10.39313632142802 -0.16984076268464116 -0.04487119627683863 0.6734660685553224 0.7180418828870796
285 16.384186604716902 -25.55358091658642 -10.914286164881718 -0.15201899780912265 -0.03764258557189691 0.6656744009022286 0.7296237743111387
286 13.849406749247809 -25.38084743780377 -10.021731337372177 0.008567620207876481 -0.03700086653090867 0.7038268296519615 0.7093555706569198
287 13.89546866248844 -25.370167246272825 -10.061988497490749 -0.016476809818651093 -0.03704740565118221 -0.036633412181667976 0.9985058825989183
288 16.803549888406344 -25.651364639584507 -10.970159219525396 -0.1030176761285602 -0.10905288710113988 -0.03606710042681454 0.9880252985054478
289 18.65164838514636 -25.373417045741245 -9.415475037244763 0.006038514231686821 -0.07713454184090535 0.0639458379455267 0.9949496110910903
290 19.779162474115306 -26.31752912200911 -10.155670018505772 0.03498554877750787 -0.16693900476183138 0.09447221699157982 0.9808070046051679
291 19.56987750765637 -25.133094935323548 -9.881049438246468 -0.015533434616528959 -0.10701678109012094 0.036116761567488394 0.9934795923963412
292 18.790710146848546 -27.591101825578296 -11.00114792800954 -0.24900007642672756 -0.13625054368484724 0.13722631922810924 0.9490014165406564
293 21.776108902235755 -27.295753496629914 -12.090470481222297 -0.11483557606645671 0.35288221530750846 0.15870870196607256 0.9149308610542081
294 22.0200731980263 -25.90852243626426 -11.195762429041718 -0.6295075740052641 -0.08108648996857767 0.03793066534141519 0.7718202252087853
295 22.047237255941155 -26.7080389974483 -9.304645164842377 0.989475658705461 -0.00676194158782597 -0.0849563786762824 -0.11693849108642174
296 23.10592917490397 -26.689315440399515 -12.377052237868085 -0.730050771779346 -0.2819620952562493 -0.02105130383085632 0.6221576087054694
297 25.19675872915824 -26.195792681882505 -10.994644798073404 -0.6210620890469113 0.11911752678916773 0.05437591616297373 0.7727458547942885
298 22.02761082003506 -24.752016575792602 -11.677165217097157 -0.7405648299281141 -0.12547597516731276 -0.09522977238286998 0.6532616648642886
299 25.46746084707682 -26.086891348313237 -10.723017546531283 -0.6381511946084948 0.015597148567996539 0.07457992817444989 0.7661315918886211
300 25.750168329589222 -25.42097679070624 -10.340639451602424 -0.4973617520476797 -0.5329645016562333 0.26180166061039895 0.6324871683093838
301 23.276976454459565 -25.909084956359077 -10.351991717814228 -0.007953881587272785 0.7814429512512986 -0.6183512895551395 0.08321858213675788
302 24.440179591758476 -25.747183863382155 -10.414586348767294 0.2058192656689113 0.965561259955768 0.1525503002763358 0.04536837045497234
303 22.381830302383307 -25.93025759152099 -10.169858886352637 -0.10516172446215978 0.9927919305297813 -0.04113658777609364 -0.04016186660545578
304 22.617960335818097 -26.811678545545295 -10.75452631279753 -0.16673480847903704 0.9734200925935682 -0.030936053266072183 -0.15393436128722748
305 23.08168875604644 -26.803632039739316 -10.823670890178247 0.6452138791697204 0.7616481868398739 -0.0012804301673556859 -0.059912019736281165
306 23.566661156848014 -23.755755172740653 -12.3288234181426 0.7241887959219881 0.6682998064163531 -0.08329858989429433 0.14828115701783595
307 23.911366756088665 -25.1847507226622 -13.557657632939682 0.8028156275699609 0.5846287199464877 0.04366748273681474 -0.10857936679964125
308 22.631537362232404 -24.37462241625769 -11.053141141623957 0.46932441730830315 0.4808797681902855 0.5726686307233144 0.46961673655116143
309 23.33879894244482 -25.964815993690642 -10.808068666923903 0.582806687242993 -0.1201290613880055 0.8008578293429366 -0.06732095583846635
310 23.519063888811896 -24.476554494805956 -9.99598835373449 0.6798783033482075 0.04478956583686307 0.7318861108761974 -0.010104857001586075
311 23.454120485379736 -23.83723005910347 -10.49835697168143 0.9947412888634984 0.004662961444408 0.0475740577840887 0.09057998700987933
312 21.288453985658453 -22.686576970942404 -9.153099996684164 0.9931042415887434 0.10641811992503682 -0.04822216083802349 0.009683609563542897
313 26.625297741006417 -25.17018519192345 -10.340419867460257 0.9986937016305508 -0.016093039253625246 -0.048310522143966306 0.004242388622817438
314 25.526162139024184 -23.547845044830012 -10.171740225475878 0.9906720728960023 -0.10389139866729061 0.07312697086585272 -0.049273394432254085
315 26.206710811704898 -22.249409482829986 -10.155338921715844 0.5538955467560593 0.829965420237646 0.05663129402011628 0.03391196000176098
316 25.49345302816867 -22.360040819227965 -8.932071894087136 0.8595653924561105 0.48640622062860184 -0.11452494542896564 0.10695962556060692
317 24.7430600262634 -22.1517507023249 -11.44730297687223 -0.6113895421537698 -0.23400762656011248 0.6246263624376218 -0.42577595728816275
318 24.992406333469322 -24.04815344792117 -9.480452618667305 -0.6612693778062748 -0.04620645254800481 0.7401859649073967 -0.11274977194095391
319 26.322116981494137 -22.95762788024782 -11.478088540731477 0.6152492728110854 0.49799012416953925 -0.43038115189296117 -0.43387352146717284
320 24.731560688161522 -23.322736222120607 -11.294518053248856 0.549788491413857 0.8312030453899197 -0.07051884246171797 -0.04314168403363149
321 26.038323812055538 -22.364989953625347 -10.653718842166635 0.6680421396664519 0.6954908390155262 0.04417711341468637 -0.2608842178547682
322 26.434743161259725 -22.707148473897934 -9.030744385996767 0.5206156094444376 0.629785288261863 0.3905154233010348 0.42406082353329055
323 25.311694153766858 -21.756083705073067 -8.5340897230046 0.7886795192835975 0.5939900767661284 0.10834716204168625 0.11585032172365858
324 24.85926793597377 -20.59403547799537 -10.209638145209652 0.6003503742046663 0.7679105046630903 0.07108756381345312 -0.2117532604033837
325 26.17521327306533 -20.575024175019173 -9.747280835571745 0.6937227616409386 0.7157507091602079 -0.07220450917861759 0.03515908377935789
326 27.01162297191916 -20.38995459530913 -10.023500790588445 0.412877339252527 0.6889080312910364 0.37422539857037657 -0.4635659372940434
327 27.18836208477108 -18.377195018329658 -9.27209403872652 -0.5346432158463051 -0.2507893703485193 -0.6075134457137213 0.5312143980981273
328 27.09039389206299 -21.728875344324877 -9.556230843943947 0.4746853684078355 0.5979419460391139 0.43254711076272523 -0.4796271751655591
329 26.572676116906248 -21.19368891998757 -6.394850215264375 0.3921796741877429 0.6170052415873858 0.49296258805268844 -0.47168582953919974
330 25.361876527232383 -19.840504781341593 -6.959240137212922 -0.3162656819651943 -0.6240410373761915 -0.47672076310276257 0.532246292714432
331 26.527934558804702 -18.565203715926874 -5.37315785614461 0.5197137681278642 0.39561195611918526 0.597534360044333 -0.46512521750631597
332 24.792799803121966 -20.815780268784504 -4.816068013130549 0.4680021538839413 0.5172741121936267 0.5170818472119073 -0.4960119354392679
333 24.958172162306802 -20.296599243250977 -3.7551038559427203 0.497640077016965 0.5074479024548526 0.52060241495652 -0.4731005237601819
334 26.930765837670684 -21.518173383319837 -5.2492482149233854 -0.027165474364686203 -0.6525890265086717 -0.12495941125665908 0.7468431863660503
335 26.72055623067273 -19.47957516320279 -0.911718479823741 -0.2702768309163376 -0.6758758441539066 0.022675949087929248 0.6852941553026899
336 26.08719605752393 -19.72006471562835 -3.2563928082563 0.1429955271475354 -0.771567001776036 -0.0813425491285587 0.6145079581969667
337 25.949148461912426 -19.994001748239437 -1.1873444567948033 0.021658264975386296 -0.5491073971349001 0.19819579166441667 0.8116220882507487
338 27.33898554931735 -19.831520037812577 -1.1627327087577277 -0.3034641051438818 0.4496560580442894 0.6847405363605311 -0.486671721202276
339 26.703808639008138 -22.054005718457045 0.29381710267715194 0.5578690504901719 -0.5333308695748407 -0.21889434719942757 0.5970138782539942
340 27.565518959747518 -21.386646361645322 0.10276541404771271 0.2973175350317279 -0.25418524634568723 -0.7189821735434325 0.5745056814598103
341 26.18257566414939 -25.539545427360203 0.14574368968251838 0.6118270672662535 -0.37741411755267096 -0.48381351706925 0.4991499818024605
342 25.944059665010577 -24.34389522049741 -0.402161733207555 -0.4324841049321412 0.7598018689007112 0.3932608156449184 -0.2846129826173164
343 25.956955976396003 -22.33467216091637 0.03160549291830847 0.3582556529542176 -0.662834785896621 -0.40497427653606094 0.51797564525354
344 25.38993592379439 -25.227780226667868 0.32573829969330453 0.4923216637945401 -0.49715510534602764 -0.47604271710403095 0.5327659073919494
345 25.819850423069127 -27.374702331371637 0.753549849138025 0.6082568031284836 -0.2775179763174947 -0.4079081614671931 0.6217864312422826
346 26.41662708607701 -26.492211898382944 -0.7638293896720184 -0.0018864268656134902 -0.7386744084964253 0.011751823373236677 0.6739573089399217
347 25.521939345913367 -28.184489172584044 0.22935674403731066 -0.26853292588222005 -0.6933605391046195 -0.049974547225999595 0.6668161479442755
348 26.300005496248033 -26.961498954736456 0.011911161326940783 -0.03792928163606457 0.15041531921381743 -0.09499090384704821 0.983317512061439
349 27.074390949649427 -26.11440036137963 0.4065008419631539 0.03411296240153361 0.11154600313239027 -0.002265399875132412 0.9931710139471379
350 26.324656426481642 -28.94342014268599 2.782866890722928 -0.7407949733282245 0.1663390624898284 0.07511186256245768 0.6464613924156947
351 27.857402098233333 -29.49947894840552 2.1298064802487957 -0.7610322002127572 0.17858135406813716 0.14079293933112838 0.6075492066104786
352 27.291526078402438 -27.65557573920701 0.4878405887978258 -0.4534857885189887 -0.4735471806979468 0.46891236233940287 0.5917980261116266
353 28.77153900680352 -27.72911271991237 -0.8344842630658338 0.5709867688419538 0.48101872293351905 -0.5682946522422103 -0.3458847875055174
354 28.05823050485772 -26.07344271764739 1.3515094851275495 0.5578004998722557 0.7821456666998233 -0.19601327407803718 -0.19668643773824074
355 28.344091626405366 -25.2019761726629 0.9659319999584255 0.7373254682101752 0.6635784013742407 -0.08222388460543108 -0.096198191036244
356 28.219749219028742 -23.105803201025196 1.134163428842536 0.7202872040348234 0.6872490023181619 0.056328477992027726 0.0755132775311025
357 27.68065594709118 -23.894562227224657 1.5778183025096255 0.664476917855781 0.734590506885886 0.11024294519799542 -0.08181507113051134
358 28.667969437730527 -21.82293797578248 0.9032247198530592 0.7815830078184808 0.6223100280212704 0.038134829881898744 0.020098897070762206
359 28.332994939484298 -20.203812415184224 -0.348909577247426 0.6888201375417675 0.6832932750255348 -0.12630275054555964 -0.20660284031553247
360 26.61479874262508 -19.57585600512437 0.05593411773897601 0.9786450808761281 -0.0027988659032942564 -0.10008578556095583 -0.17952383561872245
361 28.818962019363706 -22.414964764645138 2.201505753998401 0.7618166212914242 0.17806243330476815 0.11798962790330147 0.6115616510842908
362 28.82330811106677 -22.725756767266233 2.1396028401562295 0.5153441280027825 0.008680289808790981 0.0917983459687897 0.8520083015905898
363 27.594383845598088 -20.67672784474316 -1.0213281952618274 0.681510934150759 -0.20207894322917447 0.23700233796115738 0.6622211406601916
364 30.958041967144656 -21.63223855276866 0.11471723141092016 0.9872582492661083 0.10792007240027802 0.02216353719015807 0.11481805105626092
365 29.861254774634062 -20.79988015032628 -0.8098346452090844 0.7063801243351647 -0.13447594647877606 -0.6942520905171705 0.030941470155977868
366 31.406487387339308 -21.258295077155925 -0.8695709168514368 0.8023185779700989 -0.1380397472866831 -0.5806757438601928 -0.006753377338689581
367 29.106421585574424 -21.202613540851466 -1.7788976970612285 0.7222604572373655 0.07048307177059086 -0.6493414298674345 -0.22743719124797743
368 29.22486993839091 -22.529925120021502 -3.553971377447837 -0.626785526761396 0.2105095412339629 0.7433548001419482 -0.10123871590370002
369 29.277343457203017 -21.982078987839845 -3.4873824773492053 -0.628261391824526 -0.012396720790419074 0.7745508931425303 -0.0721447072796221
370 28.54581981067488 -20.454147611385377 -4.084185228144464 -0.6780437277328425 0.03934865786724268 0.7322795774721045 -0.04974944043377555
371 31.642792152215222 -20.550223194106536 -5.267624778586581 0.7353876607952904 -0.008908966878508359 -0.6770478055982091 0.027053421111537728
372 31.41453970845483 -23.10538169293552 -5.199157012765611 0.9562613379190076 -0.011504475334078541 0.12635366985614846 0.2635652685057738
373 30.850606304934352 -21.578627906695015 -5.630773690944029 0.9908429434151526 -0.0660204152285579 0.1149530051565647 0.025639283588281648
374 31.79135932858077 -19.270447698205164 -5.3997588773969465 0.9704441845303414 -0.22606952089587146 0.06819391384971711 0.04980207372197601
375 30.666594406592317 -20.46119242787527 -5.479498481273798 0.9920044847690707 0.03454050118685416 0.028489055014097524 0.11799334608449481
376 28.625569029823705 -20.229382319578274 -3.8347425636222106 0.9803548010020292 -0.020131766614622737 -0.10142774006689245 0.16796306043344467
377 30.497063507098886 -21.202342069627818 -6.571947744778316 0.9691293252147272 0.12275365046494392 -0.12004123877798015 0.17694630060847824
378 28.924520526702917 -21.33704070658135 -4.37613277644296 0.9911774289311953 0.08116402778943177 -0.10281139439904768 -0.02023665367754891
379 31.30280955743505 -19.97575697130525 -3.7974402310650284 0.9941016735636619 0.04379271937034187 0.03249785073160088 0.09374406672373348
380 29.590580093994216 -20.680971353815675 -6.298478551879284 0.9987568306114724 -0.001276127144661162 -0.023409211509408032 -0.04399060834934202
381 30.835407888499116 -21.5824092767846 -5.33628701341439 0.9952939134258686 -0.004918351963036158 0.012337771609809355 0.09598757785823886
382 30.835861252928925 -21.583643849941925 -4.887796300859874 0.9788482405501469 -0.00522919331326166 -0.2038217278749745 0.016896175757675467
383 31.058381252293287 -20.979526741154455 -4.773863853619775 0.9664952082917491 -0.14908445522687852 0.20784306220186288 0.021496489326077638
384 27.434999996308186 -22.254817566165734 -4.812365227304137 0.994010129210005 0.08766034024697471 -0.016647394711870912 -0.06310619640733349
385 30.18743329407741 -21.215416019072844 -2.565473036426304 0.7509473931160892 0.5796591678301216 0.2190114726790746 0.2282700960651306
386 29.551552686252922 -22.22872020590538 -5.281562889189697 -0.12324129418413263 0.9916049283094394 0.03858682441401153 0.006504347922261965
387 30.598321450245415 -20.98372884325909 -3.902419630037093 -0.645884523274362 0.7050439627789022 -0.2878166756624626 -0.05392359737889428
388 29.218532825786966 -21.594018869582317 -3.905625606652232 0.9920621128835898 -0.08482070511892628 0.0814431404159026 -0.044555886740938314
389 32.74596976313457 -18.748850165171163 -5.969667323825831 0.9948597513704837 0.07198519802138624 -0.03894817716737702 -0.05962588250264993
390 29.779188430138035 -19.446971969612687 -5.1879054051939395 0.9479625157142795 -0.30064379356439613 0.03365789239445509 -0.09923469388992165
391 31.947537273713348 -21.900862849649073 -5.480186360393291 0.9240406589863601 -0.13033078808612797 -0.3593685420753712 0.004122764063626459
392 29.132687521929213 -21.331295323725556 -4.7653995055593485 0.976999487011361 -0.20358190028447506 -0.009918998409172475 -0.06267396370629771
393 30.390804633594954 -19.315249817661776 -5.485715262761091 -0.6458013644474216 0.7420532740401654 -0.005266176943888994 -0.1796379791261168
394 30.45231815383192 -22.755882617339253 -4.568177902560654 -0.6491315624925289 0.7551595960074028 -0.0914277436109137 -0.0017795595413536882
395 30.94791149142722 -21.69427472739136 -4.437248758237259 0.7521929331008177 -0.6395539713518079 -0.11683551816886821 -0.10735907421141277
396 31.83749428732629 -23.068562369522763 -5.855670791313832 0.4110034095457673 -0.5390266349538397 0.5567491968575842 -0.4801633221629172
397 31.029876641631848 -24.110650213087915 -3.095963877958648 -0.6667516685116613 0.2470705127666777 -0.006577221756920565 0.7031039143768769
398 32.27040582092613 -22.609976869991975 -4.325172017739135 -0.7050971518946765 -0.22661359152000535 -0.043255991796227765 0.6705320318240913
399 30.06954836632703 -22.849444758170105 -5.072708043856136 0.9846965283833564 -0.011160546385367056 0.09862298613803192 -0.14325395561506593
400 30.56405923610775 -23.41722409911131 -4.377274421637781 0.9964491040108479 0.002021543399227494 -0.05934495915959484 0.059693151203546506
401 30.596313252064167 -22.999277304888473 -4.692917037413048 0.9943004337725628 0.02333756965763781 -0.09933170590619433 -0.030906592240712356
402 31.077181722925143 -22.728242580673463 -4.986795903624274 0.9899598450193801 -0.0561943666938914 -0.1136525270805133 0.06248841083985732
403 29.4894340999056 -24.258718584944972 -4.563378003787557 0.9790269686512537 -0.07028583894405034 -0.18209854390265393 -0.05836279470691266
404 27.4825652619339 -23.43321943218852 -5.808504906952827 -0.5995106758031226 0.7908607279583445 -0.0862635725217608 0.08766330262466543
405 30.90893005039656 -24.324537200156005 -5.131389082005574 -0.6673684580575819 0.7303446669528808 0.13039917211540222 -0.0649004202987066
406 29.359136809168596 -26.30403841652339 -4.475866275373357 -0.625483304987438 0.7584873987742409 0.14377634289055236 -0.11311880616279386
407 29.78325672531214 -24.514379347297087 -5.755910865766588 0.6807171583577645 -0.3533157401507008 0.5475553839605365 0.3346270156083068
408 29.226857658886118 -23.675639971416558 -4.29664175533037 0.5376376188013967 -0.4542861805983912 0.3304970858059317 0.6287619050488639
409 29.674139808376342 -23.886914425978983 -3.5995102861972303 0.8015554107531795 -0.09102591475479482 0.04107292189495836 0.5895220279365014
410 31.588113747112963 -25.581189422640822 -3.8818957437358814 0.6044839754402612 0.09906862979277464 0.0018461510243787034 0.7904309721622218
411 30.371681525329077 -24.973385538055453 -2.5191466057307017 0.9765954656790382 0.15531938137330578 0.1316261156406883 0.06936679224456224
412 29.99900463311624 -24.575951322539332 -5.545866251561032 0.7151597492361523 -0.003599592184236596 0.08085082871145131 0.694259835728139
413 31.623456591745967 -26.577783532823048 -4.955595949446615 0.03652822420833311 -0.05008912306216321 0.055602582392175935 0.9965265282060335
414 31.153759088713915 -23.99183729760146 -4.905547998271373 0.02137838122576496 -0.07108416089565252 0.007086909630010284 0.9972160160154985
415 31.44551053310473 -23.95580598121097 -4.108071122811177 0.9796706464748589 -0.18877382765044956 0.04700328666612459 -0.04899548420326503
416 29.145896802469416 -24.754122445770886 -3.332690378007001 -0.7292074428895963 0.034799897470095605 -0.017113320202416255 0.6831929497895426
417 31.05876197201842 -25.771798793653506 -5.775445851154503 -0.7191180406109564 0.04116935290411534 0.08113788081997707 0.6889056338464351
418 30.71528455203967 -26.98610623005039 -5.054546918974044 0.9507279763989126 0.26811517036459065 -0.15378259457014046 0.024113977690771393
419 29.98452559550209 -24.743462291076156 -4.06843660637038 0.6870460001534783 0.008076613496224632 0.05800639343854019 0.7242498327979044
420 31.294196672427322 -25.197799191023655 -4.446871963164479 0.9661449561083216 -0.1367212844174459 -0.1916230289885697 0.10560222031254367
421 31.165514164463936 -26.22315950443825 -3.4626899742928114 0.9799349462992808 -0.15795032317864763 -0.027369476748951047 0.11844875757759164
422 30.69564132799709 -26.075470362245785 -3.6871948443262643 0.9783520602454411 0.07169797928928956 -0.0925716820744383 -0.17063742162035397
423 29.071056833175213 -26.69597505652151 -5.948374019326584 0.9910658134243843 -0.09179958728058954 -0.06730488651037711 -0.0695085713304615
424 29.244678268978575 -25.65782051562892 -5.187442888898726 0.979011715830843 -0.05967907828624165 -0.04280177387438637 -0.19011174617592452
425 30.950262399616093 -22.82016793635976 -2.490770526101235 0.7635938141535192 0.15309809773407615 0.05945270078231688 0.6244604357574436
426 31.969511216595567 -24.084474616058383 -3.1234518904944144 0.5463427798150582 0.059493579978827045 0.046494221394596365 0.8341512861958363
427 28.970333653211124 -24.96398009295172 -4.280173601857847 0.9933318035449763 -0.05684151245176226 0.09929692162862114 -0.014180686984775351
428 30.299530311254166 -24.552201292020676 -4.419404421638214 0.9712411790855294 0.06826245726860487 0.03131013113252579 0.22594354309133677
429 30.03439827568037 -26.222585065241617 -2.5274827165618814 0.95957301326877 -0.22134121302600054 0.17377132644787419 -0.005587998480473648
430 31.14948928906897 -26.74906054691181 -5.094381346134617 0.9604533792302745 0.01243673431442364 -0.015950315859737555 0.2777052779273626
431 28.914534061507542 -26.618395517087865 -4.328794454004177 0.9784395401201291 -0.15499521759282903 0.1105762400860413 -0.08003401765059523
432 30.542262074023572 -24.28272991210601 -3.0145576778575522 0.7759337579134042 -0.09110719362419767 0.08023835177919147 0.6190218812805117
433 33.33363477883561 -24.96605657963319 -2.874701481076027 0.5272543296900501 -0.3360116539007224 0.6870959195237158 0.3701327297603611
434 29.49856355060645 -24.324897571375608 -2.9708721251301986 -0.34525018168101407 0.7651539543488755 -0.36075305126782187 -0.40644676674130664
435 29.7260406789639 -26.152896598304956 -3.6973315304609446 0.5877466020998332 -0.5137409579714756 0.23077881869767655 0.5808315561874684
436 29.420217122523237 -23.151369717568492 0.1819127940679638 0.6606794653978576 -0.4984298897641709 0.4024932176406025 0.3912409727323967
437 31.566490660442707 -24.765291206758242 -0.0340827558102168 0.7314247374166659 -0.44698613407495796 0.295675035726347 0.42166043528876224
438 30.45732195773663 -24.161837567301834 0.027130781432809843 0.0643652960118388 -0.6475560418910279 0.09342623163381888 0.7535249302594028
439 30.788114052104536 -23.352141995224525 0.7567604813451145 -0.01709526920636184 -0.6308446012447448 -0.052291509664799354 0.7739563546273763
440 29.929676990557866 -25.200585976540363 1.8946900714612496 -0.5176173984589951 0.6148424612807434 -0.4235589036236351 -0.41789811172093555
441 31.163486256036734 -24.199838356750785 3.3304762686550866 0.4475627005402213 -0.4311485549474941 0.5436118259235319 0.5641672937772229
442 30.67486462637219 -25.30555314547271 3.478762716854715 0.4816974340769302 -0.5177856750497601 0.5214290895204826 0.4774696653388634
443 29.986978956376635 -25.926926303005008 2.948125151526698 0.42491405596981324 -0.4056713061933657 0.5725496850536036 0.5718965767651266
444 29.748579854048877 -24.16328276816951 5.279504990123842 -0.11769215716098702 0.8347073889666801 -0.5331658151068696 -0.07173802721463883
445 27.6888984247592 -25.17764950697802 4.669182978339389 -0.07767950919344833 0.7745351858692372 -0.6267122270529688 0.03595725468218046
446 27.243435802573902 -24.58906668743208 3.765360571196803 0.013817382437601911 -0.4602703875219334 0.8824424119390373 -0.09620623641010359
447 26.858042372704382 -24.915416873732823 5.097933908409936 -0.5303249819606725 -0.3857236903253749 0.6186894311058833 -0.43266157221096624
448 28.149946711642144 -25.521837449106943 3.5149878045262963 0.6892269961126046 0.4498580864455563 -0.459419842112398 0.33395697112436107
449 29.001696305963517 -25.430401318621357 1.523113759553273 0.41130424870006277 0.5276017458203803 -0.5392865362233147 0.5115029273198967
450 27.119994753306987 -25.311593768855428 1.45428628478004 -0.17449492112712658 0.6921900135950678 -0.06920526721034205 0.6968752675841229
451 28.59646271143925 -26.20675882157272 -0.24206265278934536 -0.056421168402428334 0.8078318062315748 0.014110686379104466 0.5865367108090054
452 27.970470104014037 -26.787941228410304 0.74695855715472 0.11748650080588978 0.6826521588820924 -0.18565498269078645 0.696932693668542
453 28.39746278784095 -23.717736314975603 -1.8946575522609213 -0.08863506052306877 0.6782823181546176 0.07615700596277818 0.7254495388155233
454 28.60761659530054 -26.130414908255666 -2.8403666330701327 -0.1669336179971701 0.5308781437643368 0.13012823052440936 0.820590157920684
455 28.093270158047474 -25.27778588889913 -2.520343795504542 -0.09331814629010703 0.5884368578936642 -0.1734619410829573 0.7841841255986649
456 28.77001929575656 -24.75911323288748 -4.738831265038524 0.09785528801037034 0.7698044888583432 0.17373716851517887 0.6063338913653769
457 28.153890006837507 -24.693252627064357 -3.718572804358938 -0.26010869494221056 0.7143244201286167 0.13323082712295578 0.6358723427917813
458 29.586938145916818 -24.56624538806434 -7.252741463876897 -0.047105283270468666 0.4135126796908715 0.16188628480389863 0.8947520253205771
459 29.5847613917403 -26.245575417212834 -6.786491589734486 0.25666054538343497 0.5682488580180293 -0.06038249017241445 0.7794694058686727
460 27.33691453998597 -26.718082283961966 -7.898908997109086 -0.01948564627569636 0.8075597075611602 0.004097797253003733 0.5894496046063862
461 29.206283315536307 -26.008873912964678 -8.249626788292803 -0.6342286812970708 0.40547802225818 -0.15567018742220623 0.6396157800068013
462 27.421974487961815 -25.415043655631862 -6.875187523283507 0.11869899574796713 0.7022668806794062 -0.7019405418692067 0.0033544581686188782
463 26.130963337126886 -25.504721803337837 -6.796286979932516 -0.016790953305929873 0.9912660120595579 -0.10764564910626916 0.07431131442188584
464 27.49779111590131 -24.365270644237143 -9.436109110778752 -0.14588630389477011 0.9774997763075823 -0.15234529041708714 -0.0015119994321077172
465 25.86275483719802 -26.715831930555193 -8.012087784389605 0.06673018766236409 0.992934316910519 0.002037492683572342 0.09810388870758896
466 23.53852980598399 -23.8120816906833 -8.345352985000169 -0.15752311363629656 0.9799402352882711 -0.11721290278839687 0.03412827791453779
467 25.540796442917266 -26.909104041300882 -9.072904799691917 -0.6778308115545458 0.7131001478799404 -0.1272878974383773 -0.12582273708130037
468 26.005900844465025 -26.191627984070017 -8.331718509757096 -0.616337563087652 0.7871795731812151 -0.015965528451786462 0.014880517285026118
469 24.861668085967107 -25.683761944226234 -6.999500004236863 -0.6488354697886122 0.7509698612410266 -0.08153343854782703 -0.091701139853287
470 24.866727140215904 -27.70751877228583 -6.892751822351516 -0.5658884051855749 0.7429029193843744 -0.3553240909688907 -0.040129236521917126
471 24.852325927808796 -28.115358012935474 -8.68806215197769 0.7222081309049484 -0.6654012220654695 0.08684369929578731 -0.16767468867179564
472 23.74617811209047 -30.7945351524159 -8.548694891871937 0.7736606864601823 -0.6214052985472391 0.06893644526892088 0.10272469847636986
473 26.477424248780267 -31.177146331088892 -7.855379981618634 -0.6584692856972117 0.7350565395678201 -0.11779449590804192 -0.11060985564476523
474 24.41115973532751 -30.844628686630006 -5.586461832040883 0.5676381571853802 0.01500328730044332 -0.08449934020568838 0.8187928220143171
475 25.119654774954217 -30.71619737130026 -7.725589504393341 0.8429501994165656 0.12591025728685495 -0.00970131893973713 0.522960278438391
476 26.361054842939716 -29.83065003464459 -7.210669142073024 0.9798630361977336 -0.1452142190633582 0.07640010926119589 0.11377295012460255
477 27.528991341414603 -28.822902851506292 -5.864815060001473 0.9614731875069027 -0.18515195698785145 0.18055814480142282 -0.09320310549951423
478 27.412237492112002 -31.91360894569997 -6.62664344356326 0.9818355252588329 0.010211097098760813 0.1778482275961564 0.06530499809859337
479 28.29365217726693 -29.130695353255664 -6.007863484556434 0.9722015241444106 -0.18323899240338656 0.1424544305850192 -0.03089341873238894
480 30.591493499046727 -31.050246990406485 -7.874275814707081 0.9747202913750914 -0.010993192428959091 0.019991764322471246 0.22226073126207313
481 29.268524111790004 -29.40382588916023 -6.499383414631124 0.9923640200531045 -0.08736088762125553 -0.0733660033153013 0.04689516580210677
482 30.016642415804792 -27.252321514744906 -7.528458710873134 0.8945053166658654 -0.39848510925248887 -0.14962567015352948 0.13668216778950726
483 31.156965040340477 -30.902151505357402 -6.411829586099959 0.9872357687831764 -0.10805388241492188 -0.08920388864505586 -0.07571368159555728
484 29.807067382299955 -30.151901279070863 -9.63068355224427 0.9890402443349898 -0.08028576419524623 0.10551169474636639 -0.0649682493616562
485 29.300724030941787 -29.697686268018316 -9.412027536366839 0.98807893413661 0.03988654521470337 0.004269822295012479 0.1486299163824876
486 29.682762908917546 -30.351309846154294 -7.83585407263787 0.968030391495793 0.09253774250049736 0.07287296340015616 -0.2214575773341091
487 29.891016095145023 -29.29247039214236 -7.803727165260165 0.7323576469347031 -0.669777984464328 -0.0732776233116858 -0.09838759284055035
488 28.60116485660047 -29.775604285753722 -8.626339953476824 0.710185456210206 -0.6936007405881931 -0.11526492522441711 0.03561779690016372
489 30.36950159941441 -29.951556300421146 -10.357192331394668 0.6339684343294193 -0.025751891387952912 -0.04990137994890433 0.7713175199896882
490 30.857049394455245 -29.96761520380511 -5.996143748827738 0.6533315426951527 0.07692659586070984 -0.049323107446298524 0.7515367091770673
491 28.324420549980704 -28.593671053433763 -9.893451041384187 0.9889981572533174 -0.08724461820344845 0.11881669236592284 -0.0123941582730957
492 32.64582859479186 -29.731554944209854 -9.77760626266805 0.9858998537477861 -0.05441144153511952 -0.11899248081666051 -0.10431520943400735
493 30.135555978373123 -30.769223899620414 -8.592641625449696 0.9866870365112461 -0.09414037363393583 0.09222692348495569 0.09529153486652295
494 30.588373386658162 -28.284969442298685 -7.632014981636962 0.9712733412823219 -0.21786123720886752 -0.09070537956644889 -0.03061228436105652
495 30.380927715311817 -30.384837557000434 -7.8147528702844555 0.979175881878372 -0.1615986628079651 -0.07734240819348713 0.09549144684851098
496 30.89575999979062 -31.211096124262305 -9.345807149036482 0.9910903762673641 0.027384737561394038 -0.07431723487389995 0.10708356932604406
497 30.793896112917896 -31.415412596147377 -8.136577007171864 0.9548746467242369 -0.02342612024400889 0.27199730092734686 -0.11697475890898518
498 29.642034243718683 -31.504214441291232 -7.4086189384842855 -0.6035273005074633 -0.08452028877297553 0.03877730322929443 0.791901154868567
499 29.202917985964532 -30.56788684169827 -7.894447423191462 -0.02527043569566071 0.2914121366125816 -0.032699162580780344 0.9557045236270242
